1002
   0  301.4256    2.3708    11     5     3   621   301
   1  693.0394    5.3151    12     4     3   704   692
   2 1012.2534    5.6937    13     4     4   641   990
   3  281.6047    5.9916    14     4     4   675   279
   4  293.1556    7.6714    14     4     5   741   292
   5  390.5356    8.0732    17     5     5   901   386
   6  889.1967    9.7688    17     4     5   836   866
   7  352.2485   12.2229    15     4     5   814   345
   8  601.1682   14.6944    14     4     4   788   594
   9  176.7350   16.2224    16     4     5   794   176
  10  504.7435   16.2235    15     4     5   725   507
  11  482.1684   16.8848    15     4     4   714   466
  12   20.0054   16.9961    14     4     4   787    28
  13  915.8333   17.8889    16     5     5   826   891
  14  407.0947   18.2062    14     4     4   705   399
  15  815.5237   18.5791    16     5     5   792   802
  16  420.6590   19.2778    13     4     4   652   411
  17  450.7000   23.0900    13     4     4   730   441
  18  993.4647   24.1645    14     4     4   763   970
  19  317.9321   25.4589    16     4     5   720   319
  20    6.6071   25.4643    13    10     2   270     8
  21  805.8902   26.5587    17     4     5   885   794
  22   47.8036   27.2732    13     4     4   690    55
  23  584.8927   27.4290    16     4     5   794   579
  24  326.9281   27.6545    16     4     5   723   327
  25  694.2696   28.5317    13     5     3   729   696
  26  305.7226   30.5305    17     5     5   826   305
  27  559.7530   31.7113    17     4     5   842   555
  28  746.5029   34.1476    14     4     5   821   738
  29  899.1910   34.5491    16     4     5   791   876
  30  498.0930   34.9702    15     4     4   720   497
  31  385.2691   35.1315    18     5     5   834   382
  32  231.6480   35.3645    15     4     5   792   226
  33  166.7058   36.3748    18     5     5   875   169
  34   69.9759   36.4518    15     4     5   793    82
  35  542.2576   36.8720    17     5     5   826   541
  36  927.2542   38.7366    14     4     4   681   908
  37  309.5016   40.7812    16     5     5   786   312
  38  910.3103   41.0459    15     5     4   793   883
  39  747.3408   41.2979    11     4     3   669   740
  40  339.7677   41.4798    12     4     3   714   334
  41  994.3668   41.7167    14     4     4   763   973
  42  268.8144   44.5595    17     5     5   876   265
  43  858.1863   45.1542    13     4     4   691   839
  44  951.2241   46.7414    14     5     4   865   930
  45  894.9159   48.0935    14     4     4   782   874
  46  476.8466   48.1947    17     5     5   871   461
  47  272.2931   49.8054    16     5     5   769   268
  48  796.1880   50.9928    14     4     4   765   783
  49   98.1766   53.5706    17     5     5   878   107
  50  426.6381   53.9144    17     5     5   807   418
  51  206.9336   54.6229    13     4     5   732   197
  52 1003.8549   54.8741    14     4     4   712   984
  53  494.4023   55.6475    13     5     3   652   488
  54  849.6016   56.7000    15     5     4   760   833
  55  925.5183   57.0365    16     5     4   872   903
  56  190.5568   61.0440    12     3     4   666   188
  57  758.7560   64.5000    13     5     3   712   748
  58  252.4161   67.0164    12     3     4   668   252
  59  620.2686   67.5230    14     4     5   706   616
  60  367.0783   68.6565    13     4     4   756   364
  61   91.2624   69.3598    13     4     4   715   100
  62  701.3330   69.6093    10     4     3   585   703
  63  882.9742   70.2637    16     4     5   799   864
  64  838.9956   70.8681    14     4     4   705   824
  65  659.7592   72.4823    17     5     5   849   654
  66  764.9696   72.6778    16     4     5   835   753
  67  570.5181   73.4946    15     5     3   702   565
  68  214.3505   74.4377    15     5     5   792   206
  69  646.0630   75.0368    16     4     5   771   638
  70  347.5119   75.0440    13     3     5   801   340
  71   30.1862   76.0805    17     5     4   766    37
  72  573.9216   79.4930    16     4     5   734   570
  73  537.4344   79.8085    17     5     5   841   533
  74  997.2849   79.9478    14     4     4   763   979
  75  903.9177   80.9099    14     4     4   784   881
  76  675.8787   82.3016    14     4     4   750   673
  77  261.7640   82.5094    12     4     3   654   260
  78 1014.1214   87.3929    13     4     4   690   995
  79   79.9356   87.5215    12     4     3   726    90
  80  249.4580   87.7026    10     4     3   648   249
  81  807.7255   88.2818    18     5     5   863   796
  82  426.0506   89.0026    15     4     4   733   416
  83  204.0573   89.9198    14     4     4   795   195
  84  236.9265   90.3185    14     4     4   691   231
  85  697.6892   90.5260    14     4     5   716   700
  86  851.5230   93.0292    15     5     4   715   834
  87  374.5233   94.5376    15     3     5   709   372
  88  836.6361   95.6518    13     4     4   703   819
  89  144.2912   97.0611    14     4     4   705   152
  90  924.4793   97.1681    17     5     5   845   901
  91  584.8177   97.3462    14     4     5   738   578
  92  556.8460   98.2023    19     5     5   872   552
  93 1012.5247   99.3349    11     3     4   637   991
  94  261.3161  100.4636     9     3     3   612   258
  95  668.0617  101.1296    15     4     5   798   663
  96  324.4472  101.8461    12     3     4   669   323
  97  662.0404  102.5699    16     4     5   804   659
  98  717.7120  102.8053    16     5     5   825   712
  99  208.3072  104.6553    13     4     4   716   199
 100  247.8530  105.9383    14     4     4   715   247
 101  446.8541  106.2911    16     4     5   787   435
 102   43.7959  106.9525    14     4     4   772    50
 103    7.8411  107.0321    14     4     4   700    15
 104  309.8370  108.0691    18     5     5   904   313
 105  477.4570  108.3883    11     3     4   692   463
 106  936.7112  109.1014    14     4     4   727   917
 107  497.3704  109.2458    15     5     4   752   495
 108    7.7758  110.3754    12     4     3   682    13
 109  877.5263  110.7854    12     3     4   614   861
 110  651.9360  111.3794    17     5     5   858   644
 111  853.4010  111.4529    18     5     5   796   837
 112  941.0815  112.2709    16     5     5   841   922
 113  262.3896  112.7825    14     4     5   756   261
 114  832.4463  114.5749     9     3     3   611   818
 115  342.1231  115.6669    15     4     5   755   338
 116  445.6507  117.9977    14     4     4   797   434
 117  954.1230  119.0672    13     4     4   703   933
 118  427.5321  119.5604    14     4     5   670   420
 119  923.7653  119.7419    13     4     4   684   900
 120  807.1988  119.9488    18     5     5   864   795
 121  801.9200  123.0277    14     4     4   771   790
 122  687.2058  123.5866    12     4     3   674   683
 123  892.5696  124.0253    15     5     4   782   870
 124  619.3285  127.1731    13     5     4   754   614
 125   34.0293  127.5275    12     4     3   666    44
 126  738.3171  128.8088    15     4     4   817   732
 127  319.1781  130.1781    14     4     4   696   321
 128  569.0015  130.7833    15     4     5   810   564
 129 1014.5194  131.1066    14     5     4   811   996
 130  313.6335  132.6459    14     5     3   702   318
 131  516.7006  133.6353    18     5     5   838   513
 132  225.9613  133.8081    14     4     4   760   220
 133  133.5202  133.9646    16     5     4   754   137
 134  340.4382  134.9564    17     5     5   801   335
 135  422.1384  135.9024    15     4     4   811   412
 136   92.0741  140.1707    15     5     5   885   101
 137   19.3310  140.2189    11     3     4   601    27
 138  823.5780  140.2858    11     3     4   661   809
 139  950.8530  142.5270    16     4     5   752   929
 140   93.7511  142.5928    13     4     4   787   103
 141  310.0672  143.2035    14     4     5   683   314
 142  203.8017  143.2309    15     4     5   856   194
 143  269.1381  144.5420    14     4     5   712   266
 144  921.7221  144.9262    14     4     4   811   897
 145  841.4080  148.1256    12     3     4   729   828
 146  288.3744  148.2402    12     3     4   709   287
 147  276.0925  148.9354    14     4     4   751   272
 148  456.1768  149.6328    15     5     4   775   445
 149  566.1171  151.9763    14     4     4   772   561
 150  163.2112  152.9296    12     4     4   681   165
 151  240.4231  153.0090    14     5     4   751   236
 152  279.4293  153.3700    10     3     4   623   278
 153  620.2712  153.7216    14     4     4   695   617
 154    7.1604  153.7736    16     9     2   266    12
 155  284.7808  153.9269    14     4     4   749   285
 156  959.3509  154.9053    15     5     4   794   939
 157   48.4071  155.5116    16     5     5   763    56
 158  541.9621  155.6534    14     4     4   668   540
 159  916.4173  156.1141    16     5     5   813   892
 160  495.6892  156.1862    14     4     5   790   491
 161  488.8373  156.7288    18     5     5   945   482
 162  797.6797  158.0990    14     4     4   741   786
 163  103.7715  158.6301    14     5     4   755   117
 164  189.8111  160.1585    15     4     5   841   187
 165  361.6264  161.0961    12     3     4   729   357
 166  445.3689  161.3350    15     4     5   768   433
 167  714.3810  161.6458    17     5     5   842   709
 168  852.9118  161.7167    18     5     5   923   836
 169   60.4353  162.5816    22     6     6  1580    73
 170  657.0089  163.3914    14     4     4   812   649
 171  398.8530  164.3576    17     5     5   830   391
 172  335.7684  167.6342    14     4     4   669   331
 173  756.1784  169.9868    14     4     4   709   745
 174   61.0593  170.0512    16     4     4   775    74
 175  517.9753  170.1480    14     4     4   748   516
 176  796.2332  170.5309    15     4     5   701   784
 177   88.3714  171.1243    15     5     4   850    96
 178  460.0618  172.8419    14     4     4   763   452
 179  411.4953  173.1630    16     5     5   795   401
 180  244.1578  173.8386    14     4     4   707   243
 181  927.3189  176.2210    14     4     4   753   909
 182  520.8573  176.3923    13     5     3   743   520
 183    1.8262  176.3961     6     2     3   339     0
 184  981.8340  177.9004    13     4     4   657   962
 185  607.2495  178.7808    13     3     5   657   601
 186  270.7773  180.3207    13     4     4   671   267
 187  816.5128  181.5064    15     5     3   775   804
 188  245.1222  182.0863    14     5     4   725   244
 189  184.8148  182.5383    16     5     5   735   182
 190  993.9574  182.9574    16     4     4   735   972
 191   70.4617  184.1997    16     5     4   786    84
 192   22.9033  185.3262    13     4     4   740    32
 193  624.1061  190.5586    12     4     3   615   619
 194  768.7584  190.6007    13     5     3   726   757
 195  381.5097  190.6102    14     5     3   757   378
 196  545.5967  190.9562    12     3     4   668   544
 197  917.9561  191.4912    16     4     5   844   894
 198  180.9378  191.5226    16     4     5   779   178
 199   14.9783  192.5000    12     4     5   672    22
 200  725.5973  192.5944    16     4     5   859   718
 201  188.6588  192.8349    17     5     5   806   185
 202  366.8002  193.1520    13     4     4   653   363
 203   31.1937  196.1598    18     5     5   859    40
 204  600.0043  196.8305    17     4     5   872   592
 205 1007.5116  197.5598    15     3     5   752   988
 206  431.3645  198.6745    17     5     4   812   428
 207  549.4890  199.9644    12     3     4   667   547
 208  274.7734  200.6988    18     5     5   864   271
 209  399.0683  201.4228    16     4     5   885   392
 210  915.1956  201.9068    18     5     5   883   890
 211  678.2465  202.8269    15     4     5   722   675
 212   66.6471  203.4481    15     5     3   728    79
 213  128.5311  203.6986    15     5     4   729   131
 214  763.0316  204.2702    14     4     4   710   751
 215  255.1394  205.6401    17     5     5   855   255
 216  112.7721  206.6714    14     5     5   706   119
 217  136.9362  207.9498    14     4     4   798   143
 218  180.9404  207.9530    16     4     4  1032   179
 219  201.7290  208.5608    13     5     3   689   193
 220  656.3483  209.5082    16     4     5   773   648
 221  250.3638  209.5166    17     5     5   831   250
 222  966.0673  210.2250    18     5     5   871   946
 223  419.5446  211.6171    13     3     5   668   408
 224  615.4007  211.8316    16     5     5   754   606
 225  870.9695  212.0198    16     5     4   816   852
 226  323.6485  212.3049    17     5     4   857   322
 227  208.7138  214.2701    15     4     5   833   200
 228  121.5865  214.8899    17     5     5   806   123
 229 1012.7309  216.1067    11     3     4   621   992
 230  502.0740  217.1513    15     4     4   758   504
 231  760.6219  218.6467    14     3     5   665   749
 232   98.3900  218.8706    16     5     4   751   108
 233  325.0008  219.8687    16     4     4   773   324
 234  277.8841  221.8043    14     4     4   830   276
 235  867.7211  224.0821    15     4     4   765   847
 236  917.4290  224.9067    12     3     4   683   893
 237  132.0292  224.9935    14     4     4   756   135
 238  872.1517  225.7042    14     4     4   806   856
 239  284.9024  226.6256    12     4     3   709   286
 240  427.0337  227.8592    15     4     4   832   419
 241  677.9632  229.4138    15     4     5   707   674
 242  165.6179  229.8338    17     5     5   823   167
 243  308.9772  232.1578    15     4     4   787   310
 244  214.2630  232.3987    18     5     5   851   205
 245  380.6608  234.9657    16     5     4   757   376
 246  399.8514  235.5757    12     4     3   675   394
 247  216.6252  236.2281    13     4     5   689   208
 248   58.0734  237.1573    18     4     5   895    68
 249  102.7995  237.1793    15     5     5   811   115
 250  135.4252  239.3850    11     5     3   658   140
 251  935.5317  239.4665     9     3     3   657   916
 252  658.9958  239.8211    15     4     4   860   652
 253  151.6503  240.0759    15     5     4   782   158
 254  476.6433  240.5866    17     5     5   805   459
 255   33.6915  240.7034    11     3     4   695    43
 256  223.0008  241.7385    16     4     5   789   216
 257  748.1976  242.3647    16     5     5   818   743
 258  872.1750  243.2821    27     6     6  1596   857
 259  408.2274  245.6346    16     5     5   747   400
 260 1019.3630  246.5320    17     5     5   827   997
 261  189.7637  248.3505    14     4     4   762   186
 262  957.3248  248.8723    14     4     4   688   936
 263 1020.4056  252.3012     9     3     3   588   999
 264  814.4908  252.7661    12     3     4   665   800
 265  449.3797  253.2406    17     5     4   810   439
 266  940.7226  257.0565    14     4     4   715   920
 267  217.9748  257.4701    12     4     3   655   210
 268  614.2188  257.4757    13     5     3   706   604
 269  812.3999  259.1370    16     5     5   879   797
 270  626.8812  259.6794    17     4     5   839   624
 271  711.9589  260.0286    15     4     4   710   708
 272  127.8285  260.7010    15     4     5   777   130
 273  220.3951  261.2107    12     5     3   635   211
 274  844.1764  261.5947    13     4     4   711   829
 275  368.4424  264.0857    19     6     5   919   368
 276  363.3519  265.2002    14     4     4   707   360
 277  135.4058  265.6821    17     5     5   796   139
 278   51.6547  266.4264     9     3     3   620    60
 279  527.3571  267.9804    13     4     4   690   523
 280   30.7639  270.0628    16     5     4   789    38
 281  659.4733  272.5833    19     5     5   826   653
 282  494.0098  272.6652    15     4     5   713   486
 283  593.1860  273.3521    16     4     5   816   586
 284  221.1484  273.5411    14     4     5   797   213
 285  350.5373  274.2069    16     5     4   723   344
 286  800.4338  275.5321     9     3     3   619   788
 287  303.4349  277.0397    16     5     4   790   302
 288  681.3149  277.8111    16     5     5   819   678
 289  518.4422  277.8414    13     3     5   666   517
 290  972.5705  278.0503    12     3     4   716   954
 291  571.4384  278.3995    15     3     5   767   567
 292  299.1557  278.6483    15     4     5   757   296
 293  716.5316  278.7982    15     5     5   814   711
 294  693.2993  279.0829    12     4     4   693   693
 295    6.4858  281.4716    14    10     2   281     6
 296  355.2554  283.1033    14     4     4   745   349
 297  971.4024  283.9658    12     3     4   704   952
 298  458.8361  284.6244    13     5     3   725   450
 299  396.7167  285.0987    14     4     4   763   390
 300  696.6020  285.7412    14     5     4   679   699
 301  264.7958  289.1428    14     4     4   823   262
 302  988.1117  289.6593    12     4     3   666   966
 303  769.1714  290.2406    16     4     5   796   758
 304  458.4340  290.6353    16     5     5   781   448
 305  734.7026  291.0177    14     4     4   762   728
 306  981.0655  291.2365    15     4     4   799   960
 307  673.1016  294.2813    15     5     4   790   671
 308   14.7722  294.6815    13     4     4   692    21
 309   35.4390  295.4144    17     5     5   859    45
 310  256.5366  297.3153    14     5     3   741   256
 311  238.8363  297.6489    15     5     4   721   233
 312   88.4929  298.6070    15     5     3   711    97
 313  706.2600  301.3980    13     4     4   630   705
 314  889.7111  301.8108    14     5     4   732   867
 315  669.4888  302.2885    17     5     4   794   666
 316  729.0468  302.5792    12     4     3   751   721
 317  480.6797  302.6971    15     5     4   779   465
 318  767.5402  302.7981    15     5     4   821   756
 319  939.9346  306.0794    14     4     4   713   919
 320   15.3915  308.2596    14     4     5   739    23
 321  346.5263  308.6445    15     5     5   759   339
 322  963.5811  308.8228    25     6     6  1644   943
 323  419.4071  309.0051    13     4     4   722   406
 324  602.9710  309.5048    15     4     5   770   597
 325  487.3448  311.7048    14     4     4   765   477
 326  939.5246  313.4155    16     5     5   811   918
 327  819.5180  316.3759    11     3     4   666   807
 328  124.9013  319.5844    16     4     5   788   128
 329 1005.5291  320.9092    18     5     5   901   986
 330  724.1017  321.3800    13     4     5   705   717
 331  272.4498  324.3871    14     5     3   698   269
 332   32.6252  326.6582    15     4     5   757    41
 333  363.8298  329.5035    13     5     3   700   361
 334  921.5841  332.7487    14     4     5   711   896
 335  246.8852  336.9426    16     5     5   822   246
 336  648.3022  338.5899    11     4     3   666   639
 337  179.5869  339.1918    16     5     5   770   177
 338  680.0468  339.4509    16     4     5   791   677
 339  311.7709  341.7555    16     4     5   747   317
 340  824.8157  341.9551    14     4     4   764   810
 341  875.9799  342.1232    13     4     4   751   859
 342  436.2960  342.5652    11     4     4   708   429
 343  960.4034  342.6218    16     5     4   833   941
 344  458.6981  343.0096    16     5     4   786   449
 345  934.6869  343.5791    14     5     3   734   915
 346  479.5823  343.6278    14     5     3   711   464
 347  419.4060  344.4251    15     4     5   831   405
 348  136.0097  344.8378    15     4     4   819   142
 349  709.3719  345.1835    17     5     5   865   707
 350  625.7183  345.5960    15     4     5   796   623
 351   67.0166  346.3126    14     4     4   711    80
 352  603.5606  347.1852    12     3     4   714   598
 353  418.5568  348.1947    11     4     3   585   403
 354  389.9035  348.8443    14     4     4   715   385
 355  788.7322  349.6542    16     4     5   750   773
 356  552.7254  351.2979    14     5     3   699   549
 357  769.2773  352.7695    11     4     3   622   759
 358  230.7636  354.6030    15     4     5   810   223
 359   76.2439  355.9921    16     5     4   855    86
 360  744.6695  356.7290    16     5     4   815   736
 361  494.1802  356.9240    14     4     4   706   487
 362    9.9560  357.6226    15     4     5   786    17
 363  910.5766  358.1877    16     5     5   826   886
 364  388.0270  359.3986    16     4     5   752   384
 365  292.2742  361.2960    14     4     4   738   291
 366  359.9570  363.0867    17     4     5   833   352
 367  602.2573  364.6898    14     4     4   688   596
 368  538.4216  364.9057    17     5     4   833   535
 369  209.2880  365.5668    14     5     3   739   201
 370  325.0739  366.2029    13     4     4   719   325
 371  171.5953  370.0234    14     4     4   717   174
 372   70.0594  370.4598    13     4     4   702    83
 373  816.6862  373.0776    18     5     5   921   805
 374  985.3608  374.1832    14     4     4   765   965
 375  651.7869  374.2491    16     5     4   742   643
 376  147.8986  375.6395    15     5     4   702   154
 377  488.3711  376.1165    17     5     5   814   481
 378  545.9544  382.5031    15     4     5   786   545
 379  829.4714  383.5286    15     5     3   710   815
 380    2.1881  383.9948    10     3     4   581     1
 381  283.5931  384.9889    17     5     4   890   283
 382  695.4918  385.3511    17     5     5   902   698
 383  310.8868  385.7849    16     4     5   827   316
 384  828.2020  388.6371    12     4     3   667   813
 385   59.0073  389.0363    13     4     4   749    69
 386   31.1163  389.9050    13     4     4   693    39
 387  585.3228  390.8278    14     4     5   744   580
 388  624.3680  391.1904    14     5     4   731   620
 389  116.0197  393.8774    14     4     4   723   121
 390  158.1929  394.0607    14     4     5   700   162
 391  859.2578  395.3962    16     4     5   767   840
 392  599.8494  397.7896    11     4     3   628   591
 393   21.8418  397.8045    13     5     3   639    31
 394  910.3112  399.2840    18     5     5   805   884
 395   27.2736  400.8243    14     4     4   732    34
 396  719.5750  402.4250    17     4     5   850   714
 397  442.7135  405.4794    10     4     3   634   431
 398   48.8359  405.7535    14     4     4   783    58
 399  506.8778  407.2433    19     5     5  1008   511
 400  138.8519  409.2138    15     5     4   744   145
 401    7.0500  409.8000    18    10     2   300    11
 402  496.5535  413.5193    16     5     5   833   493
 403  520.3342  414.4284    14     5     3   713   519
 404  779.5553  415.8836    13     4     4   654   767
 405  927.0450  415.9758    14     4     4   718   907
 406  476.4114  416.0334    15     5     4   793   458
 407  947.5437  416.7474    18     5     5   843   927
 408  225.2426  420.8328    14     4     4   750   219
 409   66.0513  422.4311    15     4     5   774    77
 410  931.2443  422.8094    15     4     5   764   913
 411  572.0685  424.1130    13     4     4   714   568
 412  728.7416  424.6573    12     4     3   654   720
 413  577.4871  425.7203    16     5     5   782   574
 414  142.3091  426.3223    18     5     5   861   150
 415  492.2085  426.3233    16     5     5   805   484
 416  301.0638  427.9362    14     4     4   743   299
 417  672.3238  428.5467    15     5     3   814   668
 418   59.3408  430.1881    14     3     5   762    70
 419  239.1672  431.8185    16     4     5   788   234
 420  419.5117  433.4850    11     3     4   709   407
 421  649.8116  434.1109    14     4     4   708   640
 422  450.6778  435.0761    13     4     4   715   440
 423  575.2362  435.8707    15     4     5   730   572
 424  730.8651  436.7320    14     4     4   696   722
 425  931.7920  437.8007    13     4     4   702   914
 426  718.1161  438.0827    16     4     5   819   713
 427  101.3829  439.3343    16     5     5   860   111
 428  242.8462  440.9630    15     5     5   852   242
 429  789.3947  441.0309    17     5     5   882   774
 430  653.0313  441.2319    14     4     4   748   645
 431   78.9645  441.3953    12     4     3   712    89
 432  303.9710  441.5946    12     4     3   638   303
 433  419.8173  442.0544    14     4     4   701   409
 434  764.0769  442.4064    12     4     4   718   752
 435  352.6283  443.5580    15     3     5   719   346
 436  837.4005  443.6378    16     4     5   813   821
 437  544.6301  443.7293    15     4     5   765   543
 438  739.4084  443.9973    16     5     4   717   733
 439  951.8012  444.6571    17     5     5   864   931
 440  642.4860  447.6182    17     5     5   813   635
 441  310.5175  448.1333    15     5     4   780   315
 442  299.9152  449.0283    13     4     4   749   298
 443   25.6014  449.8213    16     5     5   742    33
 444  995.7058  450.0856    15     5     4   845   975
 445  426.2612  450.1899    14     5     4   743   417
 446  281.9044  450.5436    12     4     3   716   280
 447  289.6888  451.8489    11     3     4   666   289
 448  500.2754  452.3431    15     4     5   800   499
 449  941.1637  453.6691    14     5     5   696   923
 450  670.1425  457.5066    14     4     5   747   667
 451  405.4836  458.0985    12     3     4   668   397
 452  102.0714  459.1902    13     4     4   753   113
 453  848.0926  459.6556    13     4     4   670   832
 454  534.6445  459.9900    15     5     4   752   530
 455  385.0914  460.4078    14     4     5   769   381
 456   47.1984  461.0434    16     5     4   863    54
 457  738.3108  462.2889    14     4     5   732   731
 458  719.9493  462.6793    14     4     5   692   715
 459  619.3895  463.9520    16     5     4   848   615
 460  498.2590  466.0324    15     5     4   706   498
 461  233.3188  469.0638    15     5     4   746   228
 462  747.3165  470.7645    14     4     5   745   739
 463  910.3114  471.5510    17     5     5   817   885
 464  301.1351  472.0628    13     4     4   711   300
 465  958.8546  474.1879    15     4     5   762   938
 466  815.4594  474.1966    15     5     5   717   801
 467  745.0167  474.9896    13     4     4   757   737
 468  899.4175  475.7404    13     3     5   700   877
 469  539.6523  476.1738    16     5     4   718   537
 470  159.0433  476.3830    16     4     5   784   163
 471  994.5151  477.5094     9     3     3   621   974
 472  877.1582  477.6075    14     4     4   810   860
 473  137.8116  477.8623    14     4     4   692   144
 474  657.6829  477.9817    14     4     4   796   651
 475  636.3003  479.7096    17     5     5   776   634
 476  594.4505  480.0817    12     3     4   665   587
 477  911.0706  480.7618    17     4     5   850   888
 478  494.8566  480.9976    14     4     4   771   489
 479  661.8498  481.4573    14     4     4   749   657
 480  870.4405  483.7226    18     5     4   836   850
 481  976.6183  483.8031    12     3     4   661   959
 482    2.6797  484.7114    13     4     4   603     2
 483  966.2763  485.2449    12     4     4   661   947
 484   53.5742  486.0476    18     5     5   894    63
 485  792.1766  486.2190    17     5     4  1373   776
 486  606.7658  488.0487    14     5     4   787   600
 487  772.6970  488.7135    17     5     5   779   764
 488  528.4789  489.5257    15     5     5   812   524
 489  485.8424  489.6920    14     5     5   692   470
 490  922.7925  490.0561    12     4     4   708   899
 491  623.3544  490.3026    15     5     4   768   618
 492  142.0405  490.7061    12     4     4   712   148
 493  132.8205  491.0490    14     4     4   814   136
 494  338.2666  491.0674    14     4     4   667   332
 495  792.2715  491.6220    12     4     3   702   777
 496  568.4232  492.1992    15     5     5   775   563
 497  731.1727  492.2056    16     5     5   768   723
 498  588.6184  492.2072    17     5     5   795   581
 499  974.6672  493.1863    17     5     5   798   957
 500  516.8376  494.8504    15     5     4   775   514
 501  669.2508  495.0365    15     5     4   780   664
 502  485.8437  496.4984    14     4     5   751   471
 503  157.5751  496.7070    14     5     4   686   161
 504  812.8240  497.6488    15     4     5   795   798
 505  735.0141  498.6913    16     4     5   761   729
 506  832.0223  501.2134    16     4     5   788   817
 507  241.0319  503.1717    16     5     4   818   238
 508  187.1756  503.6961    16     5     5   869   183
 509  237.6072  505.5451    16     5     5   869   232
 510  601.3756  507.0332    16     5     4   747   595
 511  501.3173  507.3137    15     5     5   692   501
 512  747.9192  509.3777    14     4     4   753   742
 513  825.1899  509.5819    13     5     3   704   811
 514   76.7504  510.5746    16     5     5   763    88
 515  689.7252  510.9504    14     4     4   704   686
 516   54.8803  512.4239    16     4     5   791    64
 517  453.0000  512.6315    16     4     5   738   443
 518  553.7958  513.4261    12     4     3   715   551
 519  981.6863  516.9250    13     4     4   683   961
 520   13.8161  519.9426    16     5     4   761    19
 521  298.5446  519.9482    12     3     4   680   295
 522  629.9992  520.1203    17     4     5   831   626
 523  469.5337  521.4206    12     3     5   624   454
 524  692.0721  522.1341    14     4     4   785   691
 525  974.0674  525.1064    14     4     4   704   956
 526  183.4096  526.1843    17     5     4   889   181
 527  625.6610  527.8576    13     4     4   720   622
 528  380.9643  528.7853    14     4     4   771   377
 529   46.5399  529.2352    15     3     5   777    53
 530  224.0739  529.2465    17     4     5   813   218
 531  360.7487  530.5904    14     4     5   715   353
 532  216.9588  531.7581    14     4     4   698   209
 533  204.9439  533.0966    14     4     4   782   196
 534  415.0417  533.3837    14     4     5   716   402
 535  197.5645  533.6907    17     5     5   899   191
 536  597.9783  535.3718    12     4     3   674   588
 537  990.0698  535.5739    14     4     4   749   968
 538  453.3013  535.9858    16     5     4   759   444
 539  304.8399  536.2637    14     4     4   796   304
 540  483.1952  536.2968    15     5     4   780   467
 541  590.0069  536.3247    14     4     4   716   583
 542  342.0433  536.8221    14     4     4   764   337
 543    6.4708  537.4854    12    10     2   257     5
 544   88.9378  538.7620    17     4     5   773    98
 545  358.8237  539.2126    16     5     4   849   350
 546  235.3067  541.1011    14     4     4   704   230
 547  159.5000  541.9633    12     3     4   651   164
 548  277.7401  542.4014    17     5     5   799   275
 549  996.5259  543.4094    18     5     5   875   977
 550  901.9695  546.4661    16     4     5   750   880
 551   59.9991  549.2140    14     4     4   717    72
 552  486.7133  549.7372    13     4     4   716   474
 553  791.0936  551.1311    15     4     5   871   775
 554  716.3701  551.4018    17     5     5   832   710
 555  531.3867  552.0616    12     3     4   729   528
 556  192.5894  553.0282    16     5     4   887   189
 557  667.1569  553.0603    15     5     4   730   662
 558  801.5523  554.1779    12     3     4   713   789
 559  965.3928  555.7402    18     5     5   917   945
 560  889.7804  555.7500    15     5     4   774   868
 561  155.8762  557.9662    16     4     5   782   160
 562  685.9956  559.9973    14     4     5   705   682
 563  361.6301  560.1827    13     3     5   691   358
 564  252.9498  560.6069    15     4     5   777   254
 565  530.2011  561.0690    14     4     4   662   526
 566  278.0615  561.0692    13     4     4   650   277
 567  672.9560  562.5480    13     4     4   755   670
 568  955.3416  563.9026    16     5     4   766   934
 569  252.6583  564.3640    11     4     4   691   253
 570   57.1304  565.1691    19     5     5   888    67
 571  369.0549  568.5298    15     4     5   788   369
 572  845.7880  568.7536    14     4     4   692   831
 573  308.4732  571.3821    15     5     3   710   308
 574  775.0168  571.4312    12     4     3   716   766
 575  361.4964  572.6896    10     4     3   659   356
 576  871.9006  573.2531    17     5     5   814   855
 577   18.2091  576.2500    15     4     4   786    25
 578  656.2350  579.1425    14     4     4   691   647
 579  804.4130  579.5290    16     5     5   746   792
 580  829.8686  580.7116    14     4     4   745   816
 581  447.5138  582.2580    16     5     5   813   437
 582  632.7944  582.2632    16     5     5   785   632
 583  813.6938  585.6166    14     4     4   749   799
 584  240.4441  585.7500    13     4     4   702   237
 585    4.4100  586.1339    13     4     4   608     3
 586  944.4874  587.6343    14     3     5   773   925
 587  828.7802  587.7020    16     4     5   863   814
 588  589.9977  587.7527    14     4     4   797   582
 589  168.4228  589.4803    11     4     3   667   172
 590   55.3452  589.7428    14     4     4   799    65
 591  901.2997  591.5957    17     5     5   839   879
 592  600.2690  592.9356    16     5     4   766   593
 593  992.2477  593.0844    14     5     4   691   969
 594  425.0095  593.8952    14     4     4   770   415
 595  732.5647  595.6178    18     5     5   876   726
 596  781.7670  596.3626    15     5     5   783   768
 597  531.2016  596.4361    15     4     5   760   527
 598  539.1551  597.1464    14     4     4   717   536
 599  592.8132  598.3950    13     5     3   692   585
 600  773.9713  598.6687    14     4     4   715   765
 601  222.0721  598.6934    14     4     4   750   214
 602  212.5074  600.8732    12     3     4   664   204
 603  475.8403  602.8985    15     4     4   820   457
 604  616.8173  603.3396    14     4     4   701   610
 605  188.2260  604.0323    16     5     4   795   184
 606  669.3782  605.8570    16     5     5   751   665
 607  422.6981  606.3654    15     5     5   685   413
 608  215.2965  606.3798    16     5     5   784   207
 609  645.8298  609.0907    17     5     4   837   637
 610  106.0920  611.1136    14     4     4   787   118
 611  519.0199  611.1993    14     4     4   742   518
 612  766.5398  611.2022    17     5     4   798   755
 613  930.3085  611.3729    13     4     4   720   911
 614  326.1645  612.3065    16     5     4   780   326
 615   35.9575  612.6005    12     4     3   697    46
 616  130.3435  612.8578    15     5     4   776   133
 617   92.8500  615.0328    14     4     4   720   102
 618   62.3629  615.0939    16     5     4   751    76
 619   50.3766  615.5460    14     3     5   683    59
 620  825.8386  616.6316    13     4     4   700   812
 621  175.2977  617.1069    17     5     4   867   175
 622  349.2010  617.6294    13     5     3   702   342
 623  446.9739  617.8415    14     4     4   714   436
 624   71.6713  618.8469    17     5     4   859    85
 625  900.0321  621.2228    14     4     4   764   878
 626   11.4848  621.2871    12     4     4   646    18
 627  430.4894  621.3088    14     5     4   799   426
 628  222.3173  622.2827    15     4     5   785   215
 629  376.0893  622.4984    15     4     5   788   373
 630  367.6559  623.4551    17     5     5   927   366
 631  689.7291  624.0417    14     4     4   703   687
 632  144.7122  624.1025    14     4     4   696   153
 633 1004.6489  624.4669    18     5     5   845   985
 634  220.4603  624.8322    13     4     4   735   212
 635  875.0595  625.4135    12     4     3   733   858
 636  496.9918  625.6754    12     4     4   730   494
 637   14.5049  626.2977    14     4     4   758    20
 638  261.5075  627.7453    14     3     5   670   259
 639  429.1623  630.3188    14     4     4   747   425
 640  283.6413  631.8005    16     5     4   719   284
 641  307.9345  632.0736    24     6     5  1476   307
 642  929.4211  633.1055    16     5     4   743   910
 643  124.2935  633.8952    16     5     5   780   127
 644  250.7649  635.3788    14     5     4   759   251
 645  867.6951  636.9634    14     4     4   714   846
 646   41.1333  637.2084    15     4     5   709    49
 647  565.6271  637.5408    15     5     5   811   560
 648  695.1320  637.9706    17     5     5   833   697
 649  140.5127  639.0047    12     3     4   752   147
 650   18.7464  639.7710    14     4     4   627    26
 651  463.5587  641.3630    16     4     5   824   453
 652  941.0439  641.4615    17     5     5   819   921
 653    6.2278  641.7142    12     4     4   671     4
 654  116.8270  645.9664    17     5     4   751   122
 655  630.3697  646.3470    16     4     5   866   628
 656  361.1100  648.3382    14     4     4   758   355
 657  921.2986  650.6806    15     4     5   726   895
 658  439.4945  650.8791    17     5     5   898   430
 659  723.1568  651.0039    14     4     4   781   716
 660  782.3221  652.0906    12     3     4   716   769
 661   45.2253  652.8260    14     4     4   686    51
 662   87.8608  653.0364    14     4     4   772    95
 663  867.2595  656.5605    17     4     5   831   845
 664 1001.0237  656.7162    14     4     4   709   982
 665  362.6236  656.9235    15     5     4   797   359
 666  102.0728  658.5256    15     4     5   775   114
 667  957.4255  658.8162    14     4     4   744   937
 668  525.5063  659.0364    17     5     5   802   522
 669  699.4725  660.7920    18     5     5   834   702
 670 1020.3050  661.4768     9     3     3   608   998
 671  259.7504  665.0008    16     5     4   807   257
 672    7.0053  665.7316    17    10     2   265    10
 673  273.2005  665.9272    16     5     4   771   270
 674   53.0452  666.1110    16     5     4   813    61
 675  926.2202  668.4836    14     4     5   812   904
 676  630.0703  669.5371    15     4     5   797   627
 677  390.8378  672.9797    18     5     4   772   387
 678  662.0355  674.5919    14     4     4   717   658
 679   28.4048  675.6667    11     3     4   656    36
 680    7.9209  675.9545    13     4     4   636    16
 681  101.5455  677.3803    18     5     5   840   112
 682  123.4131  677.7744    15     4     5   806   125
 683  516.3238  682.2713    16     5     5   807   512
 684  563.2660  683.5288    14     4     4   764   558
 685  786.2069  684.4464    12     4     3   717   771
 686  371.8972  685.7819    14     4     4   704   370
 687  476.6456  685.9730    16     5     4   826   460
 688  543.6533  688.9783    15     5     4   750   542
 689  380.2165  693.0937    14     5     4   775   375
 690  567.9104  693.7278    14     4     4   715   562
 691  988.6087  695.4973    17     5     5   906   967
 692  868.5965  696.0819    14     4     5   793   849
 693  283.2104  697.6961    15     4     4   813   282
 694  871.8203  697.7729    13     4     4   742   854
 695  501.8240  698.6180    12     4     3   654   502
 696  484.3395  698.7343    15     5     4   773   469
 697  143.2345  698.7622    15     5     4   745   151
 698  665.2941  699.5541    15     4     5   723   660
 699  956.7231  700.7231    15     5     5   791   935
 700   53.1495  701.6662    16     5     5   822    62
 701  367.4472  701.7354    17     5     4   871   365
 702  427.7315  701.9418    14     4     4   801   422
 703   69.6090  702.6471     9     3     3   668    81
 704  683.3628  705.2076    14     4     4   694   679
 705  241.4946  706.1962    15     5     4   703   239
 706  726.6635  706.4936    15     5     3   774   719
 707   82.8728  706.9013    13     4     4   763    92
 708  967.4268  710.4161    12     4     4   680   948
 709  420.1638  712.5505    16     5     5   734   410
 710  605.4413  713.2039    17     5     5   886   599
 711  459.7552  713.5089    16     4     5   834   451
 712  495.4363  713.9634    12     3     4   748   490
 713  503.5433  715.1196    14     5     4   671   505
 714  487.6886  715.3523    11     4     3   672   479
 715  402.9250  715.4500    12     4     3   720   395
 716  612.5672  715.5058     9     3     3   611   603
 717  288.4953  717.1567    13     4     4   765   288
 718  880.6631  719.2842    15     5     4   757   862
 719  403.8431  719.8394    14     4     4   688   396
 720  354.8670  724.2994    14     5     4   843   348
 721  611.5331  724.6969    14     5     4   714   602
 722  792.6745  725.4406    10     3     4   656   778
 723  679.7713  725.4695    14     4     4   763   676
 724  581.7610  725.4781    10     3     4   602   577
 725  837.3403  727.6714    15     4     5   745   820
 726  536.6983  731.3152    24     6     6  1501   532
 727  708.6603  731.5239    17     5     5   881   706
 728  578.4161  732.7081    17     5     5   814   575
 729  771.7210  732.9007    21     5     5  1323   761
 730  473.3672  733.7934    14     4     4   750   456
 731  598.0057  734.2229    13     4     4   747   589
 732  154.9438  734.6920    14     4     4   692   159
 733  295.3275  736.1927    18     5     5   922   294
 734  505.4607  738.8052    12     4     4   654   508
 735  599.2789  739.4842    14     4     5   710   590
 736  733.1968  740.8921    14     4     5   770   727
 737  501.9384  741.2324    14     4     4   708   503
 738   95.7016  741.8456    15     4     5   775   106
 739  456.8555  743.2811    15     4     4   721   447
 740 1020.9545  743.4882    14     4     4   734  1000
 741  996.2355  743.9653    18     5     5   872   976
 742  925.1223  744.5832    16     4     5   761   902
 743  570.6271  745.2519    18     5     5   833   566
 744  614.4474  745.3684    17     5     5   854   605
 745  181.8977  745.4042    14     4     5   756   180
 746  101.1326  745.5481    17     5     5   815   110
 747  140.2865  746.4395    11     4     3   672   146
 748  405.5741  748.1082    15     4     5   811   398
 749  241.5944  751.4633    15     5     3   722   240
 750  497.4340  754.6240    16     5     5   781   496
 751   20.7358  755.7491    14     4     4   670    29
 752  123.0244  756.8880    14     4     4   756   124
 753  635.6399  760.8638    12     3     4   656   633
 754  299.8229  762.4731    17     4     5   876   297
 755  223.7442  763.0349    17     5     4   858   217
 756  488.1563  765.6332    12     4     3   728   480
 757  653.0367  765.8003    14     4     4   766   646
 758  394.0201  766.0134    14     4     4   738   388
 759  399.3095  766.2158    17     5     5   821   393
 760  574.9508  766.3354    15     4     5   709   571
 761  234.7056  766.6272    16     4     5   836   229
 762  993.6814  768.4259    17     4     5   804   971
 763  926.2285  769.6211    11     4     3   622   905
 764  428.6275  770.4677    12     3     5   677   423
 765  471.6743  771.0378    16     5     4   768   455
 766   17.1250  771.5839    17     5     5   778    24
 767  126.2904  773.4536    11     4     3   692   129
 768  795.3709  774.9605    15     5     4   847   782
 769  860.8519  777.1341    13     4     4   704   842
 770  456.2936  778.5235    14     5     3   736   446
 771  163.8606  780.9872    15     4     4   774   166
 772   55.9735  782.9783    14     4     4   763    66
 773  386.4129  782.9791    16     5     4   734   383
 774  130.7205  784.1547    15     5     5   735   134
 775  229.9522  784.6342    15     4     5   694   221
 776  338.8352  785.4515    14     4     5   841   333
 777  736.3580  785.5526    18     5     5   884   730
 778  618.2857  786.4363    16     5     5   804   611
 779  983.0132  787.8814    14     4     4   709   963
 780  894.2862  788.2935    14     4     4   692   873
 781  550.4747  788.4612    15     5     5   743   548
 782  368.1020  788.7320    14     4     4   640   367
 783  685.7848  789.0960    16     4     5   806   681
 784  505.7093  791.7685    14     4     4   680   509
 785  771.7979  792.9422    16     5     4   791   762
 786    6.4858  793.4716    14    10     2   281     7
 787  944.7532  793.9663    15     4     4   774   926
 788  477.2090  794.2775    15     4     5   851   462
 789  632.7920  794.5530    17     5     5   831   631
 790  361.0152  794.7787    16     4     5   849   354
 791  910.6413  795.8717    16     5     5   811   887
 792  685.6093  798.3966    18     5     5   857   680
 793  135.4417  799.6341    16     5     5   846   141
 794   48.6369  800.3718    14     5     3   717    57
 795  318.5821  800.6733    16     5     4   818   320
 796  615.9795  802.9064    14     4     4   701   609
 797  794.9136  803.9182    16     5     5   808   781
 798  150.2295  805.5360    12     4     3   704   156
 799  505.9606  806.1909    14     4     4   774   510
 800  428.8989  807.8904    16     4     5   867   424
 801  793.6386  808.0574    16     5     4   831   780
 802  786.2037  808.5035    16     4     5   727   770
 803  491.2186  809.1991    14     4     4   808   483
 804  373.3419  809.4333    11     4     3   635   371
 805  674.0508  811.5477    16     4     5   810   672
 806  500.9526  812.3902    14     4     5   805   500
 807  753.7544  813.5095    16     5     5   789   744
 808  572.4936  813.6955    15     4     5   774   569
 809  267.1576  813.9514    13     4     4   717   264
 810   82.2538  814.2402    13     4     4   715    91
 811  769.7447  815.1064    14     4     4   704   760
 812  198.9455  816.7409    16     4     5   820   192
 813  366.2397  817.2855    18     5     5   814   362
 814  418.9312  817.3641    16     4     5   756   404
 815  591.9383  822.1171    14     4     4   772   584
 816  891.0249  823.7039    14     4     4   763   869
 817  377.4069  824.1091    15     5     4   741   374
 818  926.3736  824.8095    11     3     4   656   906
 819  305.7293  825.0991    16     5     4   836   306
 820  799.7193  826.4067    16     5     5   803   787
 821 1012.8166  828.6914    11     4     3   669   993
 822  240.0714  830.2243    15     4     5   752   235
 823  657.1921  830.9985    15     4     4   806   650
 824  536.5911  831.6803    13     3     5   679   531
 825  815.7509  832.0959    14     4     4   682   803
 826  943.2327  832.7389    13     4     4   695   924
 827  230.0572  833.1092    14     4     4   813   222
 828  521.1968  834.9629    14     4     4   760   521
 829  427.5790  836.1168    12     4     4   715   421
 830  922.7606  836.1440    13     4     4   675   898
 831  123.6815  837.2832    12     3     4   715   126
 832  803.1850  840.5258    14     4     5   759   791
 833  504.1383  842.4148    13     4     5   658   506
 834  973.3576  843.1173    17     5     5   865   955
 835  838.6878  845.0374    16     5     4   815   823
 836  517.7172  845.2255    14     4     4   803   515
 837  962.5416  846.6109     9     3     3   667   942
 838  690.9915  848.2127    18     4     5   890   689
 839  765.9174  850.5534    12     4     3   719   754
 840  329.4530  850.5602     9     3     3   622   329
 841  242.4739  851.7696    16     5     4   735   241
 842  804.4429  852.4459    17     5     5   835   793
 843   61.9846  862.0324    14     4     4   726    75
 844 1021.7612  862.8755    12     3     4   610  1001
 845  422.8918  864.0877    13     4     4   717   414
 846  486.4113  864.6717     9     3     3   620   473
 847  689.6645  865.0594    13     4     4   677   685
 848   28.3621  866.4045    16     4     5   820    35
 849  644.1565  866.6038    16     4     5   815   636
 850  758.5403  867.5596    17     5     5   791   747
 851  999.8009  868.5154    12     4     3   705   981
 852  732.2154  871.4560    17     4     5   806   725
 853  308.9194  874.5087    16     4     5   737   309
 854  731.5192  876.6852    18     5     5   909   724
 855  487.5810  877.0889    16     5     4   790   478
 856  295.1980  877.6997    14     5     4   746   293
 857  698.4723  878.6186    12     4     4   626   701
 858  265.7670  878.6371    19     5     5   883   263
 859  984.9577  879.1178    14     4     4   802   964
 860   59.6686  879.4449    15     4     5   749    71
 861  171.0166  880.3986    15     4     5   781   173
 862  839.9564  881.9174    14     4     4   679   825
 863  231.3787  884.6135    16     5     5   803   225
 864  895.7974  885.9122    14     4     4   715   875
 865  672.9212  886.4707    12     4     3   666   669
 866   33.5911  887.3550    13     3     5   668    42
 867  691.2874  888.8112    16     5     5   809   690
 868  532.4626  890.6633    14     5     4   728   529
 869  894.0402  891.0232    14     4     4   786   872
 870  212.5073  893.0192    12     3     4   667   203
 871  208.1488  894.2837    14     4     4   681   198
 872   89.6900  895.4381    14     5     3   819    99
 873  964.1147  895.5197    12     4     3   678   944
 874  327.5757  895.8323    14     5     4   787   328
 875  245.1360  896.0719    14     5     4   717   245
 876  856.5788  897.0542    16     5     4   833   838
 877  690.0154  897.4648    16     4     5   841   688
 878   76.3127  897.9470    15     5     4   716    87
 879  817.9508  901.9611    16     4     4   739   806
 880  167.5918  902.3404    16     4     5   868   170
 881   38.7463  902.6202    18     4     5   862    48
 882  859.5121  903.1915    12     3     4   697   841
 883  444.2684  904.2781    14     5     4   753   432
 884  702.1531  904.5408    12     4     3   659   704
 885  232.3726  904.7343    15     5     4   786   227
 886 1005.8919  905.5202    15     4     5   793   987
 887  451.4153  908.1593    12     4     4   710   442
 888  631.5640  908.6337    15     5     4   681   629
 889  341.0911  909.6457    12     4     3   614   336
 890  496.5262  909.6735    13     5     4   741   492
 891  625.5088  913.5335     9     3     3   658   621
 892  840.8972  914.8067    15     4     4   802   826
 893  659.8049  915.4746    17     5     5   839   655
 894  248.6443  917.8409    14     4     4   715   248
 895  952.5555  917.8835    15     5     4   781   932
 896    7.8032  917.9472    14     4     4   737    14
 897  615.8544  918.8382    15     5     4   830   608
 898  650.3479  919.3183    17     5     5   847   641
 899  772.2813  920.3469    18     5     5   866   763
 900  959.8029  920.7516    15     4     5   774   940
 901  347.8072  921.0744    22     4     6  1470   341
 902    6.9196  921.7589    18    10     2   292     9
 903  947.7560  923.7247    15     5     4   822   928
 904  758.4524  925.0252    17     5     4   884   746
 905  971.6973  928.9841    14     4     4   799   953
 906 1003.0551  929.3333    15     4     5   858   983
 907  541.7384  931.1344    14     4     4   698   539
 908  212.4525  931.1380    12     3     4   667   202
 909  693.7270  931.9575    14     4     4   717   695
 910  354.2312  936.9594    16     5     4   800   347
 911  150.9103  939.0417    13     4     4   693   157
 912  618.9527  939.2032    14     4     4   743   612
 913  309.1916  939.5811    15     5     5   779   311
 914  629.6562  940.6504    12     5     4   818   625
 915  394.4717  940.8532    14     5     4   811   389
 916  562.1040  941.5487    14     4     5   736   557
 917  632.4054  941.7420    13     4     5   754   630
 918  743.7615  942.6804    16     4     5   814   735
 919  882.5312  943.1404    12     3     4   729   863
 920  277.4985  943.1810    17     5     4   819   274
 921  904.2595  943.8131    15     4     5   728   882
 922  557.2276  944.8419    14     4     4   687   553
 923  870.8091  948.0095    16     5     4   794   851
 924   86.6295  949.6349    11     4     3   666    94
 925  129.4577  950.4985    18     5     5   865   132
 926  165.8293  951.1482    16     5     5   828   168
 927  449.1472  952.5861    16     4     5   741   438
 928  931.0076  952.7530    14     4     5   729   912
 929  493.7911  953.0884    13     5     4   769   485
 930  851.5355  956.3640    17     5     5   817   835
 931  382.7652  956.9373    16     5     5   933   379
 932 1013.5983  958.2949    15     5     4   740   994
 933  548.4491  959.4857    16     5     5   789   546
 934  484.1759  960.8445    16     5     5   845   468
 935   99.9869  964.8309    16     4     5   846   109
 936  142.2362  965.7362    15     5     5   768   149
 937  349.4369  966.6426    16     5     4   826   343
 938   85.9036  966.9457    14     4     4   757    93
 939  841.3076  967.4138    11     4     3   609   827
 940  688.2181  969.2121    15     4     5   817   684
 941  291.8658  969.5082    17     5     5   900   290
 942  486.1234  971.2420    14     4     4   764   472
 943  384.1378  971.7468    14     4     4   764   380
 944  538.3359  972.6829    15     5     4   735   534
 945  861.8079  972.9968    16     5     4   790   843
 946  845.4394  973.5471    14     3     5   734   830
 947  868.3883  974.0951    13     4     4   703   848
 948  563.8712  974.3892    16     4     5   855   559
 949  168.1155  974.7475    15     4     5   756   171
 950  797.4535  976.8184    13     5     4   711   785
 951  996.5278  976.8448    14     5     4   752   978
 952  581.6159  978.7180    14     3     5   718   576
 953  276.7317  979.6070    16     4     5   721   273
 954  787.5099  980.2917    11     3     4   715   772
 955  747.6222  981.6241    10     3     4   632   741
 956  575.5196  982.7365    15     5     5   763   573
 957 1011.3040  983.0862    12     3     4   671   989
 958  792.7632  983.5811    17     4     5   873   779
 959  822.8101  985.0244    13     4     4   704   808
 960   66.6355  988.1612    17     5     4   775    78
 961   95.6486  989.2063    13     4     4   702   105
 962  970.6391  991.8941    17     5     5   817   951
 963  837.6161  993.7434    12     3     4   654   822
 964   38.5760  994.3752    12     4     4   633    47
 965   45.4542  994.4223    12     5     3   622    52
 966  113.4086  994.9776    12     3     4   656   120
 967  528.8983  999.8124    14     4     4   745   525
 968  864.3488 1000.3694    15     4     5   732   844
 969  553.6576 1000.3704    15     4     5   721   550
 970  661.1412 1000.3741    15     4     5   738   656
 971  967.8589 1002.9608    14     4     4   739   949
 972  888.3885 1003.1176    15     5     4   796   865
 973  541.7334 1003.1755    14     4     4   667   538
 974  559.4532 1004.2050    15     5     5   706   554
 975  619.0112 1004.4087    16     4     5   784   613
 976  133.7058 1007.3773    13     5     3   684   138
 977  969.2828 1007.4635    13     5     3   678   950
 978  561.7354 1008.3831    14     5     4   739   556
 979  487.0714 1009.7317    15     4     5   724   475
 980  693.3510 1013.5099    15     4     5   754   694
 981  431.1420 1014.1302    16     4     5   836   427
 982   21.3921 1014.1880    16     5     4   753    30
 983  976.3292 1014.9395    13     4     4   651   958
 984  666.5398 1015.6034    12     3     4   623   661
 985  195.3771 1015.8430    13     4     4   716   190
 986  282.7300 1016.8403    13     5     4   756   281
 987   94.0526 1018.4404    16     4     5   730   104
 988  871.5317 1018.6587    12     2     9   246   853
 989  999.2027 1018.6892    16     2     8   271   980
 990  615.5699 1018.6958    15     2     9   293   607
 991  359.5699 1018.6958    15     2     9   293   351
 992  231.1643 1018.7357    17     2     9   310   224
 993  103.5317 1018.7698    13     2     9   256   116
 994  487.1642 1018.8139    16     2     8   297   476
 995  743.0500 1019.1083    17     3     8   290   734
 996  893.2261 1021.3826    13     4     4   590   871
 997  331.9158 1021.4104    13     4     4   599   330
 998  650.9736 1021.7731    11     4     3   564   642
 999  914.4883 1021.7793    11     4     3   622   889
1000  150.0410 1022.0925    10     4     3   527   155
1001  762.0000 1022.1831     9     4     3   456   750
