996
   0  715.8509    4.0527    14     4     4   690   710
   1  258.0907    5.0533    14     4     4   675   254
   2  374.3125    6.3788    13     4     4   658   368
   3  269.6039    6.5599    14     5     3   708   271
   4 1014.5202   10.1713    14     5     4   785   988
   5  332.1361   10.8027    15     4     4   771   334
   6  904.4444   12.9063    13     3     5   706   874
   7  616.1414   13.0327    16     4     4   832   607
   8  505.4367   14.0883    13     5     4   730   504
   9  479.0548   14.8890    14     4     4   834   461
  10  393.0820   16.4006    15     4     5   784   383
  11  408.3439   17.2756    16     5     5   775   398
  12  156.4804   17.8870    17     5     5   834   159
  13  836.3905   19.8850    12     3     4   668   814
  14  442.6736   20.8389    14     4     4   739   432
  15  928.3984   21.3349    16     5     5   790   902
  16   15.9136   21.3986    15     4     5   781    22
  17  295.1584   24.1368    14     4     4   787   289
  18  597.6832   25.3036    15     5     5   756   591
  19    6.5368   25.4779    13    10     2   266     8
  20  304.9156   26.3788    17     5     5   863   306
  21  717.1254   27.2148    15     5     4   732   713
  22  827.3889   27.6621    13     3     5   679   810
  23  996.3197   28.5345    14     5     3   778   971
  24  568.9907   29.0941    14     4     4   788   558
  25  282.7743   29.0965    15     5     4   839   282
  26   40.2186   31.6172    18     5     5   905    50
  27  497.6916   31.7217    17     5     5   833   492
  28  368.7749   32.6460    15     5     4   732   360
  29  548.7881   33.4463    15     5     4   820   541
  30  769.5245   33.6434     9     3     3   620   755
  31  208.8232   35.9357    13     4     4   752   199
  32  913.2155   38.7912    14     4     4   734   882
  33  287.1191   38.8069    14     4     4   694   283
  34  319.1876   39.1028    16     4     5   797   316
  35  147.0702   39.1246    18     5     5   878   149
  36  770.3467   40.9983    13     5     4   730   756
  37   59.7338   41.7253    13     4     4   716    69
  38  473.0245   43.1633    14     4     5   731   453
  39  245.8293   43.8570    14     4     4   717   243
  40  937.9848   44.3569    16     4     5   754   915
  41  923.1530   46.3881    12     4     3   656   896
  42  415.7054   48.7197    15     4     5   778   402
  43  249.4364   48.7909    15     5     5   779   246
  44  996.9308   48.8993    16     5     4   731   972
  45  875.9696   49.3612    15     4     5   791   853
  46  493.3639   49.6648    17     5     5   868   481
  47  817.7295   53.0752    17     5     4   815   802
  48  959.1763   53.9939    16     5     4   818   934
  49  909.2154   54.0881    14     4     4   776   879
  50  185.3428   56.7470    11     3     4   689   182
  51   85.0288   60.2923    15     4     4   776    97
  52  867.6075   61.5645    14     5     5   698   840
  53  636.0771   61.9178    15     4     4   734   628
  54  349.8511   63.4811    16     5     5   741   339
  55 1005.9404   64.1621    15     4     4   813   981
  56  170.0712   64.3767    13     4     4   706   168
  57  936.3399   65.0290    14     4     4   796   913
  58  780.7463   65.1132    16     5     4   765   768
  59  580.3318   65.8159    11     3     4   645   573
  60  722.7186   67.0710    17     5     4   783   718
  61  230.4617   67.0847    12     3     4   616   223
  62  678.8113   68.0550    15     5     4   786   669
  63  663.9147   69.6616    12     4     3   677   652
  64  328.8940   69.9427    14     4     4   777   331
  65  542.6963   70.8805    17     5     4   827   534
  66  583.9734   71.1878    17     5     5   753   576
  67  786.2721   73.5515    12     4     3   664   772
  68  857.1661   76.2329    15     5     4   704   829
  69  193.5162   76.8348    16     5     5   841   192
  70  695.4205   77.9399    17     5     4   786   685
  71  897.8180   78.0033    16     4     4   770   869
  72   79.1794   78.2980    15     5     4   833    88
  73  415.9521   79.6342    15     4     5   776   404
  74  240.5267   82.0961    14     4     4   702   234
  75  359.0919   86.8012    15     4     4   721   347
  76  717.6827   87.0102    14     4     4   775   714
  77  564.0597   87.5048    13     4     4   750   552
  78  595.4197   87.5702    13     5     3   728   587
  79   25.4464   87.6759    14     5     3   737    32
  80  228.5227   87.9426    15     5     4   812   219
  81  916.1786   90.6201    15     4     5   766   885
  82  216.3953   91.5659     9     3     3   606   206
  83  999.3162   92.6235    16     4     5   840   976
  84  826.6278   92.7348    17     5     4   796   809
  85  184.7452   93.5096    17     5     5   798   181
  86  439.8988   94.4527    17     5     5   847   429
  87  685.7709   95.3516    12     4     3   659   676
  88  474.4519   95.8597    15     5     4   795   455
  89  679.4308   96.2271    12     3     4   655   670
  90  496.7500   96.5690    11     4     3   646   490
  91  306.0358   96.5832    12     4     3   721   307
  92   69.6586   98.9078    13     3     5   748    80
  93  241.0542   99.9066    14     4     4   777   235
  94  737.3003  100.1896    13     4     4   726   728
  95  867.8093  100.7226    14     4     4   751   841
  96 1016.1622  101.1306    14     4     4   741   990
  97  853.7423  102.4420    14     5     5   726   826
  98  291.1950  103.3899    16     5     5   796   286
  99  668.0668  103.7685    16     5     5   834   657
 100  438.8417  105.2266    15     4     4   706   427
 101  128.6906  105.6282    12     4     3   713   132
 102  228.1602  106.3984    16     5     5   731   218
 103  418.7520  107.0712    14     4     4   779   406
 104  325.6127  108.2850    11     3     4   589   327
 105  189.5816  108.5374    14     4     5   728   188
 106  934.1980  109.5700    12     4     3   663   910
 107  243.4141  112.0448    12     3     4   667   240
 108 1014.3060  114.6323    14     5     3   707   987
 109  631.8589  116.3067    17     4     5   822   621
 110  576.5000  117.1729    12     3     4   710   567
 111  704.1494  117.9123    16     4     4   776   694
 112  518.3362  118.2747    13     4     4   716   512
 113  868.2561  120.8333    13     4     4   745   842
 114  890.6156  121.7801    14     4     5   754   863
 115   38.1000  122.1259    14     4     4   720    48
 116  413.4055  122.1468    14     5     4   743   399
 117  848.2075  122.1471    14     5     4   752   820
 118    5.9990  123.0696    12     4     4   601     5
 119  944.7922  123.4026    14     4     4   797   921
 120  302.6437  123.8642    11     3     4   618   302
 121  823.8027  125.6108    15     4     5   791   806
 122  325.3522  126.5464    14     4     5   722   325
 123  297.3265  126.7182    12     3     4   702   292
 124    5.8910  126.8797    14     4     4   672     3
 125  948.5716  127.2801    13     4     4   703   924
 126  755.7143  127.6771    14     4     4   812   738
 127  818.6827  128.1378    14     4     4   764   803
 128  451.3971  133.2943    15     4     5   743   437
 129  932.6215  134.4146    16     5     5   769   907
 130  960.2921  135.2784    15     5     4   732   936
 131  572.3598  136.2795    13     4     4   715   562
 132  209.1862  136.8086    16     5     4   740   201
 133  294.4540  137.1460    14     5     4   705   288
 134  903.7864  137.1464    15     4     5   775   872
 135  495.1550  138.4666    14     4     5   798   486
 136  545.8669  138.8354    15     4     5   785   537
 137  487.4461  139.0219    14     5     4   734   473
 138  630.8418  140.9478    14     4     4   810   620
 139  252.9666  142.6784    15     4     5   733   249
 140  440.0401  144.2837    14     4     4   764   430
 141  272.7111  144.3200    15     5     4   761   274
 142   29.7236  145.4376    11     4     3   687    35
 143  260.3693  146.1504    16     5     5   795   259
 144  121.2702  146.1505    15     4     5   768   124
 145  837.7114  148.1258    12     3     4   716   815
 146  188.7341  148.8659    15     5     5   765   186
 147  349.9821  149.4267    12     4     3   734   340
 148  389.9068  149.4785    12     4     3   678   381
 149 1016.3434  149.8540    14     4     4   753   991
 150  269.7923  150.1034    14     5     4   725   272
 151  264.2753  150.2897    13     4     4   753   266
 152  519.2902  151.2410    16     5     5   770   514
 153  668.8758  153.0268    17     5     5   766   658
 154    6.7720  153.7960    18    10     2   305    11
 155  456.4984  154.4819    15     5     3   758   442
 156  225.2989  154.4868    10     4     3   632   215
 157   83.3418  155.8822    16     5     4   754    96
 158  403.9165  157.0908    16     5     4   837   393
 159  522.4182  157.1964    12     3     4   670   516
 160  728.1874  157.3531    13     4     5   661   723
 161  323.4592  158.0719    14     5     4   752   322
 162  853.9783  158.4296    12     4     3   674   827
 163   85.0435  158.4787    11     4     3   673    98
 164   16.8283  159.6057    12     4     3   650    24
 165  956.2885  160.7068    15     5     5   793   931
 166  929.4156  161.6415    19     5     5   925   904
 167  150.6499  163.1380    12     3     4   667   152
 168  615.0980  163.4447    12     4     3   717   604
 169  811.0244  163.5398    12     4     3   673   790
 170  176.7715  167.7547    13     4     4   664   175
 171  768.9253  170.7233    15     5     5   759   754
 172  548.6603  171.3142    14     5     4   689   540
 173  923.8304  173.3945    16     4     5   738   897
 174  863.6536  173.5568    16     4     5   759   837
 175  963.6804  174.7024    15     4     5   743   939
 176  231.4197  174.8622    14     5     4   775   225
 177   95.3988  175.1457    12     3     4   614   105
 178   43.9146  175.2545    14     4     4   755    51
 179  373.5419  175.4295    16     5     5   756   366
 180  631.9111  175.8931    16     4     5   829   622
 181  808.1184  176.1119    15     4     4   771   788
 182  258.6607  177.6047    11     4     3   645   257
 183  358.2404  178.9875    17     5     4   771   346
 184  426.6343  179.6393    15     5     5   753   416
 185  606.0838  179.8696    16     4     5   739   596
 186  552.3528  180.0174    15     5     4   782   544
 187   55.4315  182.2848    23     5     6  1559    60
 188  233.3560  182.9053    16     5     4   799   229
 189  392.6580  184.2465    14     4     4   716   382
 190  735.7293  189.0257    16     5     4   801   726
 191   82.1035  189.5018    14     4     4   710    94
 192  826.5130  189.9443    16     5     4   851   808
 193   56.4809  190.3139    14     5     4   715    62
 194  174.4837  191.5015    17     5     5   844   173
 195  414.9788  192.4316    15     4     5   764   400
 196  778.8116  192.9009    15     4     4   811   767
 197  686.4888  193.0481    16     5     4   784   678
 198  501.8750  195.0565    16     4     4   832   499
 199  932.8316  195.2487    15     4     4   711   908
 200  620.9093  195.3716    14     4     4   763   615
 201  663.4207  197.0474    17     5     4   813   650
 202  265.1037  197.2676    15     4     5   748   267
 203  984.2427  200.2920    16     4     5   809   960
 204  171.7254  200.8578    14     4     4   699   169
 205  179.3394  201.5029    17     5     5   855   178
 206  315.7955  202.1538    15     4     4   722   312
 207   66.1130  204.7293    15     5     4   765    76
 208  246.1486  204.7699    15     5     4   739   244
 209  771.3853  205.7019    17     5     5   789   758
 210  995.4212  206.0103    16     5     4   744   970
 211  423.6809  207.5800    13     4     4   705   413
 212   21.3991  208.2861    15     5     4   725    29
 213  318.2293  209.1937    17     5     5   787   313
 214  242.0287  209.4270    16     4     5   735   236
 215  922.8209  210.5113    14     4     5   757   895
 216  193.9765  215.5132    16     5     5   842   194
 217   14.3691  216.2455     9     3     3   640    18
 218  396.2042  216.9575    14     4     4   752   388
 219  270.7770  217.5669    12     4     3   658   273
 220  173.7063  217.5908    15     5     3  1163   172
 221  376.4594  217.8458    14     5     4   756   370
 222  475.5145  217.8484    14     5     4   760   456
 223  683.0349  218.9668    15     5     4   752   674
 224   29.8344  219.5133    16     4     5   761    36
 225  767.1201  219.5155    17     5     5   878   750
 226  122.6540  220.0779    13     4     4   708   125
 227  201.7239  220.1650    16     5     4   754   196
 228  919.6262  221.2555    16     5     4   802   890
 229  278.4749  221.4569    15     5     3   707   278
 230 1008.6377  221.5096    10     4     3   623   983
 231  131.4152  223.1336    12     3     4   674   136
 232  303.4629  223.3516    15     5     5   743   303
 233  107.9501  224.6817    16     4     5   771   114
 234   63.6745  225.3436    14     5     4   690    73
 235  405.4269  226.1673    12     3     4   667   394
 236  662.5902  226.6165     9     3     3   622   649
 237  875.9288  227.1924    15     4     5   810   852
 238  447.8442  231.0712    16     4     4   834   436
 239  117.2122  232.1628    14     4     4   748   121
 240  968.1849  233.3292    16     5     5   763   944
 241  209.5076  237.5321    16     5     5   814   202
 242   95.3152  238.7607    13     3     5   763   104
 243  871.1987  239.4274    13     5     3   681   845
 244  615.5449  239.4677    15     5     3   707   605
 245 1013.8870  240.4518    16     4     5   824   986
 246  212.4025  241.0529    12     3     4   715   203
 247  751.3464  241.1790    14     4     5   791   735
 248  128.2089  241.2997    14     4     5   724   131
 249  875.3133  241.3830    16     5     5   835   851
 250  161.4383  241.9753    16     5     4   808   166
 251  627.9485  242.9107    16     4     4   742   617
 252  527.2496  244.7935    14     4     4   767   522
 253  919.6942  244.8430    15     5     4   768   893
 254  219.5148  245.5312    18     5     5   854   209
 255  366.8476  247.6532    16     4     5   767   355
 256  493.6037  249.0167    16     5     4   787   482
 257  362.0323  249.2323    13     4     4   765   352
 258  592.8807  253.3639    14     5     4   794   583
 259  712.9142  253.5255    12     4     3   668   706
 260  149.0854  253.9240    13     4     4   663   151
 261  517.9767  254.4448    16     4     5   848   511
 262  132.9852  255.5414    16     4     5   836   138
 263  100.9635  257.1111    13     4     4   760   109
 264  571.0117  257.1237    13     4     4   728   560
 265  187.4471  257.1495    15     5     4   849   184
 266  659.0034  259.1161    18     5     5   925   648
 267  873.5332  259.1445    28     7     5  1515   850
 268  350.0382  259.6872    16     4     5   801   342
 269   57.4192  261.0213    16     5     4   841    65
 270  936.6161  261.1733    11     3     4   713   914
 271  815.4048  261.3147    14     5     3   739   799
 272  458.5520  261.7148    15     5     4   746   444
 273  216.6241  262.0175    16     4     6   732   208
 274  219.7500  265.2038    14     4     4   724   210
 275  397.0313  266.1790    14     4     4   763   389
 276   34.2393  266.2694    16     5     4   793    44
 277  679.9763  267.0167    13     4     4   699   671
 278  812.2943  267.3509    15     5     5   787   795
 279  458.6068  267.7260    16     5     4   722   445
 280  355.8168  267.8230    14     4     4   784   343
 281  303.8113  268.4930    18     5     5   890   305
 282  691.6505  269.4812    16     5     5   851   682
 283  299.8792  270.4883    11     4     3   706   297
 284 1019.9935  270.9804    12     4     4   655   993
 285  957.5863  271.8553    12     4     4   711   933
 286  714.6228  272.6920    17     5     5   748   707
 287  843.5114  273.9465    18     5     5   881   816
 288 1020.8728  276.5827    14     4     5   757   995
 289  693.9690  276.7345    14     4     4   673   684
 290  222.0000  277.3127    15     4     5   748   213
 291  127.8573  277.8183    16     4     5   801   130
 292  940.5467  278.9381    12     3     4   677   917
 293  480.4842  279.4874    15     5     4   783   463
 294    6.5552  281.4586    14    10     2   285     9
 295  797.9718  281.7332    14     4     4   689   781
 296  136.1270  281.9028    15     4     4   721   142
 297  669.7974  282.2360    16     5     5   819   659
 298  267.3687  285.9809    17     5     4   825   268
 299  730.7028  287.4465    18     5     5   890   724
 300  420.9945  288.5864    13     4     4   674   408
 301  487.0737  288.6456    14     4     4   717   472
 302  665.3804  289.8393    13     4     4   690   654
 303  599.5703  290.5556    15     3     5   762   592
 304   52.8070  290.9098    15     4     4   782    55
 305  764.8160  291.6335    16     4     5   834   747
 306  701.2966  293.6580    11     4     4   705   690
 307  350.0351  294.6877    14     4     4   710   341
 308  260.3843  295.4080    18     5     5   854   261
 309   32.0908  296.3412    15     4     5   761    41
 310  723.5211  298.0759    16     5     4   825   719
 311  242.8834  298.4824    13     4     4   756   239
 312  971.5913  301.4504    12     3     5   624   948
 313  761.5488  303.9709    13     4     4   663   743
 314  970.1086  307.0872    16     4     4   768   947
 315  987.1190  313.0238    16     5     5   748   963
 316  369.0567  314.3098    16     4     5   812   361
 317  979.8339  314.4055    16     5     5   795   955
 318  716.0601  316.2078    14     4     4   797   711
 319  884.6072  318.2616    17     5     5   879   857
 320   15.5954  319.6698    12     3     4   644    20
 321   91.7163  319.7917    15     4     5   774   103
 322  279.7321  320.2664    14     4     4   812   280
 323   37.2879  320.8426    14     4     4   753    47
 324  460.3338  322.0030    16     5     4   816   448
 325  480.0200  322.2233    17     4     5   770   462
 326  439.0814  322.4229    17     5     5   870   428
 327  811.5634  324.4431    15     5     3   765   793
 328  640.5185  324.6414    15     5     4   744   634
 329  423.3828  325.2327    13     3     5   736   410
 330  936.3288  326.6997    16     4     5   791   912
 331  670.9709  328.9658    13     4     4   714   661
 332  422.8199  329.2058    13     4     4   752   409
 333  597.1707  329.6304    14     4     4   723   590
 334  618.2804  329.9110    16     5     4   834   610
 335  960.7885  330.5154    23     6     5  1530   937
 336  548.8754  331.1079    16     5     4   818   542
 337  395.4721  332.0194    16     5     4   805   387
 338  320.2882  332.4424    17     4     5   812   319
 339   16.2938  332.6750    15     5     5   727    23
 340  935.3815  333.4503     9     3     3   613   911
 341  130.9880  335.8744    15     4     4   775   134
 342  494.1150  336.0009    14     4     4   727   483
 343  256.1882  336.0449    14     4     4   775   252
 344  698.6623  338.4102    10     4     3   679   688
 345 1004.1986  342.6962    15     5     4   777   979
 346  394.5569  343.2917    16     5     4   880   385
 347  535.1422  345.1000    15     4     4   695   528
 348  189.0289  347.7678    12     4     4   725   187
 349  594.7142  348.1216    14     4     4   761   586
 350  368.4176  349.4366    19     5     5   821   358
 351  813.8752  349.7936    17     5     5   783   796
 352  915.0545  350.7591    15     4     5   810   883
 353   34.9035  350.9783    15     4     4   725    45
 354  776.3265  352.6254    14     5     3   722   764
 355  756.3686  353.5866    16     4     5   807   739
 356  731.5152  354.2831    17     5     5   894   725
 357  303.6165  354.7784    17     5     5   831   304
 358  866.6041  355.5875    17     5     5   833   839
 359  242.3598  355.9068    15     5     4   799   237
 360  335.6601  356.2624    15     5     4   756   335
 361  488.6471  356.6697    16     5     4   867   477
 362  144.6813  358.6067    16     5     5   844   145
 363  928.1214  361.7794    14     4     4   795   901
 364  955.6642  362.2855    18     5     5   856   929
 365  640.5017  362.2876    16     5     5   758   633
 366  541.6378  364.5194    13     4     5   696   533
 367   71.9756  367.0563    16     5     5   755    82
 368  222.0675  369.6222    14     4     4   762   214
 369  901.2966  373.7786    15     5     4   789   871
 370  577.2440  375.1368    15     4     5   775   569
 371   82.5073  375.3516    13     3     5   676    95
 372  324.0973  377.7782    16     4     5   746   324
 373  680.6588  377.9946    13     4     4   684   672
 374  613.2941  378.0310    15     5     4   796   603
 375   10.4297  378.0820    12     3     4   675    16
 376  184.0829  378.4697    12     4     3   681   180
 377  801.8307  379.0335    14     4     4   766   783
 378  297.6381  379.9243    12     4     4   721   293
 379  590.2879  383.5741    12     4     3   714   581
 380  159.9462  386.4069    14     4     5   763   162
 381   76.7492  388.9875    15     5     4   788    87
 382  447.5844  389.9678    16     5     4   859   435
 383  813.8787  390.4050    18     5     5   885   797
 384  505.5575  390.9643    17     5     5  1109   505
 385  981.3079  392.0764    13     4     4   765   956
 386  811.9777  395.1787    14     4     4   722   794
 387  496.1677  397.8930    14     4     4   766   488
 388  702.2990  397.9369    12     4     4   722   693
 389  517.5982  398.8807    13     4     4   700   510
 390  478.0717  400.9190    12     4     4   657   460
 391    1.9469  401.3093     6     2     3   427     1
 392  172.4944  402.7574    12     3     4   660   170
 393  843.7121  404.5000    15     5     5   744   817
 394  127.7819  406.6433    12     4     3   762   129
 395   65.1113  406.8966    14     4     4   778    74
 396   34.1106  408.6355    16     5     5   802    42
 397    7.2692  409.7692    16     9     2   264    14
 398  563.8457  411.1543    15     4     5   772   551
 399  898.1730  411.8893    15     4     4   728   870
 400  492.3162  412.1108    15     5     4   705   479
 401  568.6972  413.0689    14     4     4   713   557
 402   23.7815  415.6066    12     4     3   692    31
 403  760.0552  417.1756    16     4     5   758   742
 404   30.0265  418.5861    13     4     4   734    37
 405  153.3135  418.7230    13     4     4   677   156
 406  655.2226  421.4061    17     5     5   873   646
 407  709.2584  421.7576    18     5     5   867   700
 408  427.5833  421.8585    14     5     4   776   417
 409  243.5017  422.0412    13     4     4   725   241
 410   54.2884  422.4950    15     4     5   755    58
 411  455.5595  422.5865    14     3     5   695   441
 412  318.2300  422.8033    17     5     5   770   314
 413  566.2352  424.2460    14     4     4   699   554
 414  633.9828  425.9236    15     4     4   759   625
 415  915.4002  427.9992    15     5     4   761   884
 416  937.9878  429.7253    14     4     4   757   916
 417  428.1378  431.1432    14     4     4   695   418
 418  258.4048  431.8111    16     5     5   790   256
 419  538.7541  432.2475    14     5     4   750   531
 420  636.4967  433.7301    14     5     4   744   629
 421  710.2807  434.0216    14     4     4   742   701
 422  919.6344  434.3248    17     5     5   832   891
 423  158.3049  434.5276    17     4     5   821   160
 424  697.7706  434.7642    15     4     5   782   686
 425  367.4484  435.9663    16     5     4   857   356
 426   74.3250  436.3175    13     4     4   667    84
 427  321.9392  436.8587    14     4     4   823   321
 428  626.5747  440.0847    12     3     4   669   616
 429  434.1108  440.1492    14     4     4   713   423
 430  262.6329  440.6179    14     3     5   742   264
 431  499.3905  441.6061    11     3     4   713   494
 432  718.0055  442.2665    14     4     4   684   715
 433  742.4632  442.2698    12     3     4   663   729
 434  767.7560  442.6775    15     5     4   736   751
 435  328.4657  443.3300    15     5     5   791   330
 436   66.7685  443.3376    17     5     5   792    77
 437  318.5788  444.9742    16     5     4   820   315
 438  301.3325  447.8498    14     4     4   749   301
 439  919.6825  448.1426    16     5     5   812   892
 440  817.0659  448.2902    17     4     5   785   801
 441  308.9816  448.7071    16     4     5   812   308
 442  114.2085  449.2037    15     4     4   771   118
 443  415.9087  449.8285    15     4     5   774   403
 444  529.6413  450.6049    15     5     4   865   523
 445  651.4646  452.3385    16     5     5   810   642
 446   89.2400  452.3459    17     5     5   793   102
 447  397.5917  453.0647    12     3     4   676   390
 448  941.7233  454.7600    16     5     4   787   918
 449  604.7873  456.9719    14     4     4   763   595
 450  497.7294  457.1477    16     5     5   827   493
 451  991.2160  460.0617    16     5     4   808   966
 452  698.0502  460.2675    14     4     4   798   687
 453  715.8077  460.8743    14     4     4   816   709
 454   28.4807  461.5685    15     3     5   719    34
 455  929.6405  462.3520    18     5     5   849   905
 456  827.5402  464.2049    14     4     4   811   811
 457  115.9579  467.0530    14     4     4   782   120
 458  533.8276  469.0627    14     4     4   778   526
 459  320.7753  469.0666    14     4     4   703   320
 460  254.8869  469.5885    14     4     4   750   251
 461  724.3990  469.7343    11     3     4   635   721
 462   53.7482  470.8745    18     5     5   877    57
 463  639.2795  473.8194    13     4     4   706   632
 464  494.7150  474.1906    16     5     5   774   484
 465  721.8627  474.4190    16     4     5   728   717
 466  581.8930  474.5786    14     4     5   738   575
 467  619.6038  475.2112    17     5     5   873   613
 468  792.7451  476.3949    12     3     5   634   777
 469  894.6540  477.6037    14     4     4   796   866
 470  642.7932  477.7508    15     5     4   764   635
 471  178.5532  480.0180    16     5     4   743   177
 472  948.9350  481.0234    14     4     4   717   925
 473  882.3729  481.0525    12     4     4   710   855
 474  858.0784  482.0439    14     4     4   835   831
 475  155.6519  482.3757    13     4     4   637   158
 476  592.8569  483.6931    17     5     5   890   582
 477  989.4098  484.2150    14     3     5   761   965
 478  523.9890  484.2386    18     5     5   861   518
 479  486.8216  484.2552    12     4     4   745   470
 480  895.2311  485.8426    14     4     4   750   867
 481  607.5000  486.4630     9     3     3   657   599
 482  768.2640  487.3938    23     6     5  1463   753
 483  850.5086  487.5864    10     3     4   679   821
 484  558.7208  487.6058    13     4     4   678   548
 485  576.5869  487.9645    12     3     4   684   568
 486  356.0338  488.3631    16     4     5   810   344
 487  748.5256  489.0792    16     5     4   785   734
 488  968.8604  489.6787    17     4     5   847   946
 489  513.7916  490.3027    12     4     3   703   507
 490    1.9233  490.9550     8     2     4   458     0
 491  956.9991  490.9613    14     4     4   721   932
 492  707.6429  491.4126    12     4     4   715   698
 493   61.0393  492.1948    17     5     5   845    70
 494  486.8652  492.1955    15     4     5   810   471
 495  649.1458  492.5694    15     4     5   726   639
 496  768.2473  492.8118    13     4     4   688   752
 497  160.9165  494.1186    14     4     4   709   164
 498  908.1678  494.4597    14     4     5   736   878
 499  150.6983  494.6500    15     4     5   750   153
 500  966.5361  497.8612    13     4     4   656   943
 501  711.3077  498.2993    14     4     5   738   703
 502  789.0282  499.0532    13     4     4   732   773
 503  177.6567  499.2641    10     4     3   668   176
 504  809.0899  502.9132    14     4     4   774   789
 505  263.6849  503.3746    17     5     6   792   265
 506  500.4339  504.6603    11     3     4   609   495
 507  209.1071  505.0085    13     4     4   718   200
 508  587.7523  505.0820    15     4     4   796   579
 509  260.3762  505.7590    11     4     4   635   260
 510  723.7197  509.3788    16     5     4   779   720
 511  667.9986  510.3116    17     5     5   892   656
 512  458.6236  510.8376    16     5     4   791   446
 513  801.6947  510.8861    12     3     4   726   782
 514  545.8258  511.8288    16     4     5   826   536
 515   88.2850  513.1945    16     5     4   746   100
 516   63.0411  514.7579    14     5     4   772    72
 517  974.4458  518.5940    14     5     3   693   949
 518  613.1309  519.7794    15     5     4   719   602
 519  319.6719  519.8958    16     5     4   736   318
 520  472.9592  521.0917    14     4     4   691   452
 521   15.2754  521.5527    14     4     5   652    19
 522  670.1729  522.2240    13     4     4   717   660
 523  965.8087  525.8534    15     5     5   866   941
 524  205.3476  526.6421    15     5     4   734   197
 525  609.2871  528.3565    16     5     5   794   600
 526   53.2196  529.1988    16     5     5   834    56
 527  395.1131  529.3377    17     4     5   780   386
 528  246.9973  529.6250    18     5     5   924   245
 529  376.9983  531.4801    12     4     3   724   372
 530  239.7678  532.0983    14     4     4   745   232
 531  227.7058  533.4903    18     5     5   899   217
 532  220.1025  533.9851    14     4     4   711   211
 533  425.3279  534.7112    15     5     5   737   414
 534  984.0218  534.7131    15     4     5   746   959
 535  584.5167  536.8639    14     5     4   739   577
 536  325.4111  537.2270    15     4     5   780   326
 537    6.4858  537.4716    14    10     2   281     7
 538  458.8231  537.6800    16     5     5   810   447
 539  102.3537  537.8066    18     5     4   891   110
 540  577.4308  537.9686    16     5     4   796   570
 541  484.7296  538.1256    18     5     5   829   467
 542  359.7622  538.1938    16     5     5   774   349
 543  375.1361  540.7803    14     4     4   750   369
 544  180.0635  541.4875    14     4     5   699   179
 545  991.4658  541.5785    18     5     5   881   967
 546  258.3004  541.7348    14     4     4   681   255
 547  299.5995  543.7192    16     5     5   753   296
 548  884.6183  544.9870    14     5     4   715   858
 549   69.0047  546.5794    16     4     5   802    79
 550  766.7145  551.2978    18     5     5   912   749
 551  214.7282  552.3463    16     5     5   791   204
 552  955.8880  552.7256    16     4     5   745   930
 553  693.2960  553.0987    13     4     4   728   683
 554  871.2568  553.7345    17     5     4   865   846
 555  487.6964  553.7818    14     4     4   690   475
 556  777.5353  553.9815    16     5     4   783   765
 557  647.3419  555.8535    14     4     4   703   638
 558  175.8052  556.2159    17     5     5   786   174
 559  526.3653  556.3446    14     3     5   719   520
 560  944.6655  559.9982    13     4     4   692   920
 561   65.4299  560.4119    17     5     5   840    75
 562  275.2838  561.6221    17     4     5   776   277
 563  664.9441  562.9126    14     4     4   838   653
 564  299.5952  562.9984    16     5     4   790   295
 565  377.4469  564.2516    16     5     5   800   373
 566  274.8696  565.6107    12     4     4   680   276
 567  652.7609  565.9859    15     4     4   790   644
 568  525.4318  566.6136    14     5     5   756   519
 569  824.1780  566.8118    13     4     4   717   807
 570   19.7038  569.7229    14     4     5   768    27
 571  852.2428  570.1309    17     5     4   831   824
 572  751.4151  571.7937    12     3     4   709   736
 573  383.7368  573.5588    17     4     5   816   377
 574  328.0526  574.8410    18     5     5   922   329
 575  376.8138  578.0691    17     5     5   836   371
 576  781.5405  578.6647    16     5     5   852   769
 577  807.8114  578.7061    17     5     5   854   787
 578    4.1024  579.0786    12     4     4   540     2
 579  932.9648  581.1804    15     4     4   804   909
 580   62.8696  581.3944    14     5     4   784    71
 581  791.3714  584.2573    11     3     4   592   776
 582  638.0222  584.4911    15     4     5   713   630
 583  806.9691  585.3494    11     4     3   628   786
 584  987.0838  585.3545    13     5     3   673   962
 585  885.0920  585.8621    14     4     4   836   860
 586  187.9948  586.3310    16     4     5   734   185
 587  261.7727  586.7764    14     4     4   690   263
 588  616.7047  588.7504    16     4     5   795   608
 589  453.1139  590.6139    12     4     3   726   439
 590  578.6104  595.8375    17     5     4   813   572
 591  759.3262  596.2429    17     5     5   843   741
 592  710.7427  598.3996    12     4     3   668   702
 593  242.6958  598.6681    15     5     4   727   238
 594  751.5549  598.9263    12     3     4   758   737
 595  232.8619  599.8390    14     4     4   665   228
 596   40.1181  600.8819    13     4     4   693    49
 597  587.7697  601.5915    17     5     5   804   580
 598  207.7361  601.5959    17     4     5   869   198
 599  119.5948  602.7017    16     5     4   740   123
 600  917.9039  602.8877    14     4     4   759   888
 601  433.3205  603.3029    14     4     4   764   422
 602   56.7457  603.6142    11     4     3   688    63
 603   70.3740  603.7576    16     5     4   684    81
 604  104.6840  605.4397    16     4     5   774   112
 605  235.2906  605.4414    15     4     5   747   230
 606  145.8492  606.0361    15     4     4   760   146
 607  526.6199  607.1318    12     4     4   712   521
 608   80.8822  607.6201    14     5     4   781    91
 609  533.7839  607.6613    13     4     4   750   525
 610  581.3757  607.9078    14     4     4   655   574
 611   12.2476  609.5208    15     5     5   776    17
 612  745.1280  611.9940    15     4     4   822   732
 613  603.2872  612.4339    11     4     3   655   594
 614  651.4738  612.5671    15     5     3   761   643
 615 1001.0832  612.8360    15     4     4   769   977
 616  885.0323  612.8554    14     4     4   790   859
 617  193.4780  613.1283    15     5     4   785   191
 618  805.7591  613.1296    14     4     4   715   785
 619   15.5976  613.6555    11     3     4   663    21
 620  477.7692  614.4414    15     4     5   815   459
 621  430.5982  617.3696    15     5     4   710   420
 622  160.7148  617.3742    13     4     4   726   163
 623  629.9109  617.4213    14     4     4   763   619
 624  858.4707  618.2797    16     5     5   809   832
 625  342.5402  619.1571    12     3     4   642   338
 626  918.0395  622.4947    16     4     5   729   889
 627   45.8770  622.5000    15     4     5   715    52
 628  240.4177  622.8839    25     6     6  1417   233
 629  516.1060  624.0353    15     4     4   716   509
 630  138.1377  624.7738    15     4     5   749   143
 631   20.3878  625.1888    14     4     4   728    28
 632  363.6954  626.4754    15     5     4   841   353
 633    6.2480  628.1325    14     4     4   755     6
 634  851.4066  629.4953    16     5     5   792   822
 635  931.2972  629.5385    14     4     5   712   906
 636  279.4722  630.5208     9     3     3   666   279
 637  671.8886  630.6714    11     4     3   635   663
 638  452.0698  630.7658    13     4     4   811   438
 639  155.1584  630.7989    14     4     4   702   157
 640  387.8228  633.0947    15     4     4   720   380
 641  379.9790  633.7691    16     4     5   803   375
 642  437.3617  634.2695    11     4     3   609   425
 643  129.2907  635.2564    15     5     4   819   133
 644  300.5563  636.6479    17     5     5   792   299
 645   50.1000  636.6736    15     4     5   755    54
 646  268.3946  637.2991    17     5     5   872   269
 647  909.8904  638.6408    15     4     5   775   880
 648  323.8075  638.9062    22     6     5  1446   323
 649   97.2750  639.3851    14     5     3   749   107
 650  496.6523  640.2467    15     4     5   754   489
 651  997.9194  641.9432    18     5     5   893   973
 652  435.8235  644.2652    14     5     4   783   424
 653  949.9570  644.6408    12     4     3   667   926
 654  677.9729  644.8791    14     4     4   694   667
 655  112.3837  645.6826    16     5     5   779   116
 656 1017.3589  646.1946    16     5     5   805   992
 657  852.3567  647.9879    15     5     4   771   825
 658   58.7296  648.8061    16     5     4   748    68
 659  764.3619  651.2304    12     3     4   721   746
 660  558.4415  652.3736     9     3     3   620   547
 661  916.5684  654.9718    16     5     4   745   886
 662  706.0928  655.8958    12     4     4   734   697
 663   31.0568  656.7126    14     4     4   695    39
 664  466.4209  657.3766    16     5     4   881   450
 665    8.1628  658.5655    14     4     5   659    15
 666  618.0239  658.6507    15     4     5   860   609
 667  372.4005  660.1219    16     5     4   763   364
 668  110.6238  662.8849    13     4     4   647   115
 669  133.9648  665.4094    14     4     4   736   141
 670    6.8596  665.7632    18    10     2   294    12
 671  444.3331  667.1616    17     5     5   829   433
 672  274.4573  668.0751    15     5     4   736   275
 673  684.3288  668.1877    15     4     5   816   675
 674  373.2699  669.3953    18     4     5   858   365
 675  287.5163  670.4755    15     5     3   762   284
 676  522.6220  677.0471    12     3     4   661   517
 677  985.5651  677.2637    14     3     5   724   961
 678   57.4214  681.6500    18     5     5   880    66
 679  771.9405  682.7266    18     4     5   886   760
 680  951.2997  683.2508    15     5     4   804   927
 681  619.6068  683.5226    17     5     5   835   614
 682   74.9092  683.7585    14     4     4   790    86
 683  857.5492  684.9248    15     6     4   861   830
 684  650.0791  686.1020    16     5     5   773   640
 685  861.1439  686.5358    15     5     5   793   835
 686  153.0080  687.4331    15     4     5   778   155
 687  398.4273  688.4785    15     5     3   755   391
 688   88.9394  688.8392    15     4     4   719   101
 689  963.1946  691.8139    15     4     5   854   938
 690  379.4306  700.6577    15     4     5   784   374
 691  558.2961  702.4118    11     4     3   620   546
 692  514.5983  702.5517    10     4     3   680   508
 693  293.5427  703.9110    12     3     4   682   287
 694  872.6093  706.1045    14     4     4   762   848
 695  477.5537  706.4480     9     3     3   667   458
 696  251.5670  707.0561    16     5     4   802   248
 697  540.1781  709.0588    14     4     4   752   532
 698  386.9893  709.0616    15     4     4   759   379
 699  655.8383  711.7400    14     5     4   740   647
 700  715.7746  711.8859    13     4     4   669   708
 701  562.9926  713.1840    16     4     4   834   550
 702  674.0091  715.7099    12     4     4   725   665
 703  373.9132  717.0331    14     4     4   774   367
 704  828.9879  718.9380    13     4     4   751   812
 705  501.0786  719.9498    14     4     4   738   497
 706  484.6129  720.2323    14     5     4   831   466
 707  431.2008  721.5032    16     4     5   785   421
 708  783.6339  722.2071    14     3     5   775   770
 709 1020.1024  722.5090    16     4     5   824   994
 710  995.2030  722.9284    16     5     5   830   969
 711   99.8113  723.2624    15     4     4   815   108
 712  161.0422  723.5094    16     4     5   800   165
 713  296.2425  724.4273    13     5     3   763   291
 714  920.9783  726.3555    16     4     5   783   894
 715  105.0162  727.5433    16     4     5   807   113
 716  599.7978  731.2416    16     4     5   872   593
 717   22.0584  731.7234    16     4     5   751    30
 718  423.4332  732.2911    12     3     4   704   412
 719  763.9544  732.5271    21     5     5  1317   744
 720  144.6041  732.8317    14     4     5   755   144
 721  607.1310  733.2052    13     4     4   710   598
 722  406.8681  734.2674    14     4     4   716   395
 723  461.0669  734.9819    14     4     4   858   449
 724  495.0467  736.0700    14     4     4   740   485
 725  672.7350  736.9701    17     5     4   838   664
 726  502.8376  737.3901    15     5     4   769   500
 727  487.6901  737.4467    10     4     3   663   474
 728  186.8962  737.5038    11     4     3   630   183
 729  407.2250  738.7265    16     5     4   840   397
 730  359.7701  739.1941    14     5     5   699   350
 731  701.5813  739.5912    16     4     5   763   692
 732  126.2721  741.0623    14     4     4   750   127
 733  606.7634  742.6675    16     5     4   775   597
 734  300.4397  744.3737    17     5     5   867   298
 735  727.0130  745.6744    18     4     5   874   722
 736  578.1092  745.6857    16     4     5   833   571
 737  993.4036  746.4112     9     3     3   619   968
 738   18.2230  747.4756    12     4     3   694    26
 739  924.1065  750.4738    15     4     5   798   898
 740  245.2800  752.0076    15     5     4   741   242
 741  575.2952  753.1677    14     4     4   760   566
 742  594.4650  753.5950    16     4     6   760   585
 743  534.9911  753.7843    24     6     6  1531   527
 744  473.5672  756.5756     9     3     3   566   454
 745  127.6836  757.6621    12     3     5   632   128
 746  596.0329  758.8428    15     4     4   818   589
 747   56.8087  760.1420    15     4     4   759    64
 748  226.1584  760.6388    14     4     4   702   216
 749  504.7711  762.0038    16     4     5   813   502
 750  611.4811  763.6972    15     5     5   784   601
 751  859.1857  764.3118    12     4     3   715   833
 752  501.3822  764.4705    13     4     4   741   498
 753  983.0719  765.6331    12     4     3   676   958
 754  457.2156  765.8084    15     5     4   818   443
 755  236.5909  765.8519    14     5     4   734   231
 756  568.4848  766.6061    15     5     5   744   555
 757  406.8963  768.0364    13     4     4   665   396
 758  131.1023  768.8604    14     4     4   756   135
 759  164.1576  769.7669    14     4     4   762   167
 760  793.6429  770.6291    15     5     4   731   778
 761  301.2240  771.1627    16     4     5   747   300
 762  893.9739  771.7500    17     5     5   822   864
 763  944.8688  773.4839    14     4     4   761   922
 764   48.9567  777.1961    14     4     4   775    53
 765  633.9763  777.2455    14     4     4   753   624
 766  910.9739  777.6394    16     4     5   734   881
 767  497.0017  778.2174    12     4     4   718   491
 768  651.4629  780.3826    17     5     5   843   641
 769  229.0784  783.0621    16     4     4   836   221
 770  133.9052  784.8496    14     4     4   715   140
 771  394.1195  785.2002    17     5     5   827   384
 772  399.2852  785.5442    17     5     5   803   392
 773  574.1608  787.7056    14     5     4   709   564
 774  487.7435  789.3036    15     4     5   766   476
 775  737.0240  789.3990    16     4     5   784   727
 776  773.3063  791.6850    12     3     4   693   761
 777  428.2512  791.9799    14     4     4   763   419
 778  147.5610  792.6830    14     5     3   812   150
 779    6.5552  793.4586    14    10     2   285    10
 780   80.5840  793.9060    17     5     4   872    89
 781  471.0151  794.3473    16     4     5   756   451
 782  337.1829  798.9913    14     4     4   714   336
 783  797.6269  799.2941    16     4     5   767   780
 784  687.1415  799.9374    14     4     4   723   679
 785  455.4730  801.3651    11     3     4   666   440
 786  384.8339  801.4210    13     4     4   750   378
 787  797.0236  803.6706    13     4     4   722   779
 788  619.2083  804.3067    15     5     4   750   612
 789  789.8162  805.1589    15     5     4   792   774
 790  365.9384  805.4384    12     4     3   704   354
 791  928.9828  805.5821    12     4     3   729   903
 792 1013.8794  805.8951    15     4     4   722   985
 793  894.4460  807.6745    16     5     5   882   865
 794  688.3145  808.9198    14     4     4   776   681
 795  193.8323  810.3925    15     5     4   773   193
 796  358.1336  810.5537    13     5     3   744   345
 797  550.7386  810.6963    11     4     3   701   543
 798  634.6248  810.9629    14     4     4   773   626
 799  314.7432  811.5669    16     5     5   818   311
 800  945.9238  812.6569    17     4     5   833   923
 801  774.4390  813.9665    14     4     4   796   762
 802  758.3262  814.5510    14     5     3   767   740
 803  505.4270  815.1068    14     4     4   702   503
 804  476.1649  817.5088    16     4     5   730   457
 805  926.4286  817.5125    15     3     5   710   899
 806  261.5304  817.5152    16     4     5   753   262
 807  618.2815  820.6892    16     5     5   810   611
 808  805.5662  821.1620    12     3     4   694   784
 809  975.6683  821.6641    16     4     5   873   952
 810  118.3741  822.0094    12     3     4   652   122
 811  678.3666  823.1592    15     5     4   772   668
 812  822.2344  824.3168    14     4     4   686   805
 813  965.3715  825.8279    17     5     5   847   940
 814  369.3104  826.0705    12     3     4   716   362
 815  426.3794  828.7847    17     5     4   883   415
 816  505.7099  829.2608    16     4     5   808   506
 817  232.3651  829.6965    18     5     5   862   227
 818  221.8762  831.2937    14     4     4   746   212
 819  490.4985  832.1473    14     4     4   795   478
 820  361.1637  832.9664    13     4     4   799   351
 821  298.6519  833.6926    11     3     4   650   294
 822  574.8845  834.4296    17     5     5   880   565
 823  811.2492  834.7417    16     5     5   822   792
 824  846.4094  834.9159    13     4     4   671   819
 825  500.6324  835.1434    12     3     4   664   496
 826  415.4010  837.3652    13     4     4   716   401
 827  371.9580  840.6766    16     4     5   732   363
 828  595.5000  841.2496    15     5     4   741   588
 829   57.7898  842.4890    16     5     5   795    67
 830  663.6095  843.8343    17     5     5   864   651
 831   26.1422  845.7248    14     4     4   794    33
 832  814.0900  846.6262    12     4     3   659   798
 833 1001.3270  847.2704    17     5     5   771   978
 834  775.9503  849.7051    14     4     4   764   763
 835  231.6459  851.4204    14     4     5   743   226
 836  538.1645  853.1774    15     5     4   773   530
 837  423.3832  855.6657     9     3     3   621   411
 838  522.0226  856.5359    14     4     5   781   515
 839  700.3670  856.7018    18     5     5   864   689
 840  987.5179  859.2976    15     5     4   822   964
 841  319.5222  861.0633    15     5     4   782   317
 842   54.5210  861.0687    15     5     4   769    59
 843  503.9407  863.7173    14     4     4   798   501
 844  518.5891  866.3770    14     3     5   701   513
 845  770.7789  867.3220    13     4     4   675   757
 846   30.1679  868.5161    13     5     3   690    38
 847  158.4246  871.5485    15     3     5   707   161
 848  905.1440  871.9051    15     4     5   782   875
 849  852.0590  872.6705    13     4     4   740   823
 850  701.3224  873.2346    13     4     4   665   691
 851  745.3286  874.3365    19     5     6   820   733
 852  904.1252  877.5165    12     4     3   667   873
 853  968.8503  877.9308    14     4     4   711   945
 854  653.9420  879.0768    14     4     5   778   645
 855  745.0866  879.6702    14     4     4   798   731
 856   80.9587  880.3955    15     4     5   791    93
 857  251.3054  881.0374    17     5     4   879   247
 858  416.7554  881.7369    16     5     4   810   405
 859  295.7881  881.9108    13     4     4   668   290
 860   68.5962  882.2917    14     4     4   764    78
 861  216.4023  882.6820     9     3     3   612   207
 862  281.3890  883.4431    16     5     5   881   281
 863  484.8567  884.6052    17     5     5   826   468
 864  711.6117  885.2254    11     3     4   638   704
 865   34.2376  885.5664    15     5     5   737    43
 866  869.5315  886.8799    15     5     4   816   843
 867 1007.5217  887.8580    12     3     4   673   982
 868  197.0221  889.2119    13     4     4   741   195
 869  192.5247  889.9794    18     6     5   908   189
 870  872.8069  892.9621    14     4     4   694   849
 871  152.8594  894.2760    15     5     4   726   154
 872  686.1149  895.2638    13     4     4   748   677
 873  705.5359  895.6779    16     5     4   829   696
 874  833.1960  895.6788    15     5     4   821   813
 875  228.5232  895.8118    14     5     4   743   220
 876  486.2520  895.8680    14     4     4   765   469
 877    5.9124  901.7988    14     4     4   739     4
 878  215.0151  903.1689    14     4     4   738   205
 879  959.4042  903.2864    14     5     4   683   935
 880  312.9386  904.1725    15     4     4   834   310
 881  705.2048  904.2032    14     4     4   743   695
 882  965.8683  905.8746    14     4     4   770   942
 883  856.4780  907.0575    16     5     4   795   828
 884  535.6254  908.1593    13     4     4   720   529
 885  718.4495  909.6534    14     5     3   694   716
 886  955.1337  909.6997    13     4     4   736   928
 887 1005.1549  914.5293    16     5     5   809   980
 888  976.6647  914.8141    12     3     4   709   953
 889  229.8462  917.7244    14     4     4   764   222
 890  325.7859  918.2919    14     4     4   808   328
 891  791.0198  918.6007    13     4     4   736   775
 892  644.4322  919.6215    15     4     5   784   636
 893  438.0840  919.8077    17     5     5   872   426
 894    7.0229  921.7569    17    10     2   279    13
 895  445.6282  923.1587    15     4     5   774   434
 896  675.2239  923.8788    15     4     4   773   666
 897  638.3733  924.4740    16     4     5   736   631
 898  777.8535  924.4781    16     5     5   754   766
 899  495.7619  925.8063    15     4     5   780   487
 900  192.7876  927.9102    17     5     4   855   190
 901  665.4619  928.0484    14     5     4   822   655
 902  332.0029  929.4563    24     4     7  1636   333
 903  628.2080  930.0402    16     5     4   732   618
 904  133.6087  931.7500    16     5     4   804   139
 905  917.4267  934.2467    12     3     4   720   887
 906  897.6129  934.6411    17     5     5   914   868
 907  712.4045  936.6640    15     5     4   705   705
 908   74.4725  939.9330    16     5     4   742    85
 909  887.3659  940.5447    13     5     3   667   862
 910  112.8678  942.9657    17     5     5   885   117
 911  764.9661  943.0252    16     4     4   735   748
 912  941.7779  943.0780    14     4     4   723   919
 913  289.7695  943.9035    15     4     5   829   285
 914  546.6764  944.2791    12     5     3   636   538
 915  337.8918  944.7311    14     4     4   750   337
 916  256.4966  945.0497    16     5     4   744   253
 917  146.3412  945.5389    16     5     5   777   147
 918 1015.7781  947.7334    15     5     5   754   989
 919  632.8408  948.3140    16     5     4   832   623
 920  646.0284  949.4653    27     8     5  1538   637
 921  870.1531  950.5890    17     5     5   833   844
 922  381.3482  950.6667    18     5     5   918   376
 923  569.8313  953.1112    16     5     4   803   559
 924  564.5669  956.0510    16     5     4   788   553
 925   85.4355  957.5377    15     5     4   786    99
 926   72.8877  959.5145    15     4     5   769    83
 927  123.5919  960.1919    14     3     5   760   126
 928  861.4302  962.7543    15     5     4   795   836
 929  442.0490  963.1870    14     4     4   763   431
 930  492.5847  963.9696    15     5     4   776   480
 931  367.7577  964.5798    20     5     5  1240   357
 932  880.9331  968.1115    15     5     5   778   854
 933  886.7871  969.1306    13     4     4   750   861
 934  554.8760  969.1368    15     4     5   775   545
 935  865.8934  969.2046    17     4     5   803   838
 936  999.0743  969.2900    16     4     5   860   974
 937  481.8867  970.9123    13     4     4   717   464
 938  146.8168  971.0416    14     4     4   705   148
 939  269.4025  971.2430    17     5     4   816   270
 940  331.0099  971.7901    15     4     4   805   332
 941  709.1667  972.3199    16     5     5   865   699
 942  820.7879  974.4790    17     5     5   837   804
 943 1013.5245  976.6176    14     5     3   752   984
 944  368.4624  978.1107    17     5     5   861   359
 945  811.2478  978.1986    16     5     5   850   791
 946  483.8660  980.0429    14     4     4   711   465
 947  253.3470  980.0973    14     4     4   813   250
 948  771.8134  981.0668    15     5     4   801   759
 949  543.7991  981.1376    14     5     4   725   535
 950  816.6304  981.6973    15     5     4   733   800
 951  572.8894  981.9851    13     4     4   736   563
 952  845.3933  982.1293    12     3     4   673   818
 953   55.4939  983.2747    15     3     5   807    61
 954   80.9457  984.9608    14     4     4   739    92
 955  593.2647  985.4654    12     4     3   698   584
 956  976.8737  987.5136    14     4     5   801   954
 957  586.1170  989.1579    14     4     4   751   578
 958   31.3197  990.4282    14     5     4   739    40
 959   37.2681  990.4715    13     4     4   656    46
 960  859.5643  991.5675    15     3     5   757   834
 961   96.2237  992.0098    14     4     4   701   106
 962  884.0466  998.3225    13     4     4   699   856
 963  974.6659 1000.4906    16     5     6   799   950
 964  905.3467 1001.0833    16     5     4   760   876
 965  681.6066 1002.6929    12     4     4   711   673
 966  533.2021 1004.7350    16     5     5   828   524
 967  561.6244 1004.9113    16     5     4   763   549
 968  975.5943 1005.7990    13     4     4   809   951
 969  114.9969 1005.9379    14     4     4   784   119
 970  548.2446 1007.4610    10     4     3   562   539
 971  635.6363 1007.4644     9     3     3   567   627
 972  568.5475 1008.3746    14     5     4   730   556
 973  571.1508 1011.6601    14     4     4   727   561
 974   16.8927 1013.4176    16     4     5   682    25
 975  716.0629 1013.5755    15     4     5   706   712
 976  981.6921 1014.3136    14     4     5   671   957
 977  172.9792 1015.2887    15     4     5   751   171
 978  258.7782 1016.0423    14     4     4   708   258
 979  687.8000 1016.6596    13     4     4   700   680
 980  420.4761 1016.6621    15     5     4   736   407
 981   80.6364 1018.3981    14     5     5   719    90
 982  743.2018 1018.5614    16     2     8   274   730
 983  359.5699 1018.6958    15     2     9   293   348
 984  871.5699 1018.6958    15     2     9   293   847
 985  231.1643 1018.7357    17     2     9   310   224
 986  103.5394 1018.7520    13     2     9   257   111
 987  615.5643 1018.7714    15     2     9   290   606
 988  999.1696 1018.8565    16     2     8   275   975
 989  908.1056 1021.6713    12     4     3   622   877
 990  785.1475 1021.7880    10     4     3   534   771
 991  310.2354 1021.8924    10     4     3   546   309
 992  764.0022 1022.0437    10     4     3   558   745
 993  927.0304 1022.1204    10     4     3   511   900
 994  131.5685 1022.1530     8     4     3   518   137
 995  671.0676 1022.2378     8     4     2   450   662
