997
   0  759.0327    2.3170    11     4     3   722   750
   1 1000.7500    2.4948    13     4     4   702   974
   2  339.8783    3.4777    16     4     5   834   332
   3  215.6719    4.3702    16     5     5   730   216
   4  226.6233    5.3160     9     3     3   601   228
   5  291.0584    8.3746    17     5     5   872   284
   6  648.2306    9.8581    14     4     4   760   640
   7  506.8372   10.0631    16     5     4   762   507
   8  472.3449   10.8832    12     3     4   668   453
   9  362.5812   13.2948    17     5     5   823   358
  10  381.3388   14.0884    17     5     4   877   367
  11  424.8133   17.1284    14     4     5   689   415
  12 1018.4379   18.0261    16     5     4   869   989
  13  927.9969   18.8649    15     4     5   794   900
  14  123.2147   21.9920    14     4     4   764   125
  15  251.9152   22.0530    15     4     4   716   252
  16  625.4622   22.1108    12     3     4   675   624
  17  871.0375   23.4286    12     4     3   680   838
  18  261.8333   24.1233    13     4     4   799   258
  19  589.3953   25.0181    12     3     4   674   583
  20  760.2905   25.4472    17     4     5   757   752
  21    6.5303   25.4848    12    10     2   252     9
  22  496.4285   26.9260    14     5     4   755   493
  23  239.5151   27.2872    12     3     4   651   239
  24  947.3479   28.2696    16     5     4   811   921
  25  563.4080   28.3376    11     4     3   621   555
  26  333.6008   29.0088    14     4     4   765   325
  27    9.8657   29.4203    13     4     4   707    16
  28  863.0289   31.2292    17     4     5   879   835
  29  810.6021   34.6426    15     3     5   816   789
  30  464.4354   35.7553    14     4     5   806   447
  31  277.7564   35.9208    17     5     5   833   277
  32  244.4889   36.7857    13     3     5   760   243
  33  169.6263   38.5122    17     5     5   827   170
  34 1000.4551   38.5730    17     5     5   882   972
  35  490.9626   40.3863    16     4     5   802   481
  36  391.5635   41.1003    13     5     4   728   379
  37   28.6875   41.7105    14     4     4   748    38
  38  811.2449   42.3305    16     5     4   744   791
  39  204.0626   44.2421    16     4     5   823   201
  40  115.1864   46.4442    14     5     3   749   120
  41  935.0207   49.0676    15     4     4   705   909
  42  207.5923   49.3418    15     4     5   757   204
  43  669.8035   53.9901    15     5     4   809   661
  44   44.1130   54.1973    15     5     4   814    52
  45  602.2616   54.6682    14     4     4   681   599
  46  313.9448   56.2900    15     5     4   793   316
  47  554.5993   57.1916    13     3     5   704   543
  48  954.6702   57.1933    14     4     5   704   930
  49  942.8590   59.1026    15     5     4   774   918
  50  606.3962   59.1063    14     5     4   747   604
  51  854.0593   59.4366    12     4     3   719   826
  52  904.0645   59.8563    13     4     4   812   873
  53  716.9827   62.2028    16     4     5   796   709
  54  700.6567   62.6874    17     5     5   853   693
  55  291.1423   63.5894    17     5     5   841   285
  56  149.2101   63.6111    16     4     5   781   150
  57 1000.7480   64.7577    14     5     4   753   973
  58  763.0370   64.9014    15     4     4   718   753
  59  393.4536   66.0105    17     5     4   838   380
  60  931.2472   67.7448    15     4     5   771   903
  61  819.4340   68.8073    14     4     4   716   800
  62  191.1715   69.9423    15     5     4   774   186
  63  971.1735   70.2670    16     4     5   748   946
  64  580.9992   71.2176    14     4     4   735   571
  65  733.8617   72.8936    14     4     4   798   726
  66  619.3617   73.0504    14     5     4   805   617
  67  896.3516   73.5037    13     5     3   669   869
  68  136.4774   73.5565     9     3     3   621   140
  69  326.4515   75.9441    17     5     5   850   321
  70   64.9046   76.0814    15     4     4   721    74
  71  467.1553   76.5273    16     4     5   746   448
  72  423.8348   76.7573    16     4     5   844   413
  73  495.6144   76.8402    16     4     5   842   489
  74  823.5489   78.6654     9     3     3   622   804
  75  952.8215   82.7789    14     4     4   703   928
  76  755.6928   84.0179    15     4     4   793   746
  77 1009.4335   84.3779    15     5     5   797   980
  78  202.2894   84.6149    17     5     5   849   199
  79  158.4293   85.0879    12     3     4   615   158
  80  423.1706   85.3716    14     4     5   732   411
  81  714.5128   87.8712    16     5     4   785   706
  82  721.5708   87.9115    14     5     4   733   713
  83  398.6555   88.2709    16     5     5   758   387
  84  886.5227   89.8164    13     3     5   702   854
  85  269.5082   90.3141    14     5     4   748   268
  86  191.8481   92.3361    14     4     4   683   189
  87  701.3171   93.6538    15     4     5   735   694
  88  522.4245   94.1529    12     3     4   676   519
  89  920.5769   95.9419    15     5     4   761   893
  90  594.2268   96.0219    14     4     4   711   591
  91  180.7216   97.9451    14     4     4   686   175
  92   61.0525   98.5939    17     5     5   894    68
  93  291.9019   98.6013    17     5     5   802   287
  94  255.1775   98.9558    17     5     5   815   255
  95  773.9750   99.5535    16     4     5   739   763
  96  659.2684  100.4624    13     5     3   769   649
  97  393.6224  100.9337    16     5     4   748   381
  98  204.9882  102.8081    16     4     5   793   202
  99  152.0350  104.4605    12     4     3   677   151
 100  858.2576  104.8106    14     4     4   697   830
 101  440.1380  107.6036    17     4     5   855   425
 102  493.5277  110.5641    17     5     5   856   484
 103  484.2412  111.0541    18     5     5   891   468
 104  587.4956  111.5192    15     5     5   827   580
 105  737.5028  111.5563    17     5     5   881   729
 106  193.8201  111.7713    16     5     5   816   192
 107  555.5283  111.9205    17     5     5   912   544
 108  934.8088  112.5447    17     5     5   863   908
 109   18.2853  113.4623    11     4     3   641    24
 110  208.9032  114.8760    14     4     4   765   206
 111  294.4341  115.2896    15     5     5   787   292
 112  270.0245  116.6273    15     4     5   802   270
 113  427.0814  117.4413    14     4     4   668   419
 114  893.1225  119.2248    18     5     5   874   863
 115  880.7720  119.3610    16     5     5   829   851
 116  264.8960  120.1040    16     5     5   814   262
 117  158.5602  120.2530    14     4     5   804   159
 118 1002.6072  120.3453    15     4     5   719   976
 119  522.9062  121.2277    17     4     5   820   521
 120  654.9743  121.5497    16     4     5   744   644
 121   54.8184  124.3640    14     4     5   743    60
 122  447.4052  124.9638    16     5     4   740   435
 123  104.7655  126.0960    15     4     4   843   112
 124  526.3714  126.2898    11     3     4   600   525
 125  369.0438  126.6515    13     4     5   724   362
 126  787.3849  130.1086    12     3     4   728   773
 127  263.8951  130.5629    16     4     5   732   260
 128 1019.1513  130.9720    15     5     4   758   992
 129  386.0536  131.4768    12     4     3   680   372
 130  324.3921  132.2349    12     3     4   667   320
 131  948.5295  137.1498    16     5     5   771   924
 132  694.6299  138.2653    17     5     5   809   687
 133  633.9920  139.1203    14     4     4   701   632
 134  556.8460  139.3686    18     5     5   865   547
 135  851.2024  140.2545    15     5     4   822   821
 136  873.5709  140.4770     9     3     3   612   844
 137  243.2046  141.5587    11     4     3   655   242
 138  891.0269  141.9662    14     4     4   717   858
 139  846.0070  141.9868    14     4     4   783   817
 140  223.3567  143.9433    16     5     4   830   224
 141  297.6310  144.5612    14     4     5   728   293
 142  231.4423  145.7815    12     4     4   692   236
 143  910.3059  146.2950    16     5     5   799   880
 144  180.9401  146.7147    14     4     4   699   176
 145  560.4958  146.9280    17     5     4   885   552
 146 1017.3703  147.4703    15     4     5   790   986
 147  241.3752  147.7783    17     5     5   867   241
 148  414.4768  148.5960    14     3     5   744   406
 149  235.7929  149.0777    14     4     4   758   237
 150  354.2328  151.6922    16     5     5   800   347
 151  621.5209  152.4075    15     3     5   723   619
 152  650.7771  152.6322    17     5     5   881   641
 153  754.9678  153.6702    13     4     5   735   744
 154    7.5482  153.7410    14     8     2   223    14
 155  956.3542  154.3276    16     5     4   798   932
 156   29.9576  154.6902    11     4     3   641    40
 157  376.9466  156.6615    18     5     5   892   364
 158    3.4031  157.4427    12     5     3   574     3
 159  338.4523  157.4852    15     3     5   758   331
 160  501.7453  158.3491    13     5     3   713   500
 161  959.2443  159.1139    14     5     4   715   935
 162  402.7642  161.0372    14     4     4   704   395
 163  199.0168  161.5705    15     4     5   746   195
 164    3.6379  162.2757    13     5     3   558     4
 165  163.9442  163.5420    12     4     3   667   163
 166  919.9779  165.6849    16     4     5   771   892
 167  945.0512  166.0206    15     4     4   707   920
 168  860.1216  167.1409    14     4     4   761   832
 169  635.3855  168.4026    13     4     4   715   636
 170  968.6858  169.5978    18     5     5   896   942
 171  103.4315  173.1667    16     5     5   802   108
 172  414.1712  173.5691    14     4     5   733   405
 173  791.5767  175.8131    15     4     5   776   776
 174  235.9910  177.0494    14     4     4   808   238
 175  680.3180  177.4565    14     4     4   761   675
 176  832.5892  177.9283    11     3     4   682   810
 177  705.1405  178.5502    16     4     5   758   697
 178  472.3977  178.9327    12     3     4   677   454
 179  209.1803  180.6142    14     5     4   753   208
 180  872.7039  180.9382    14     4     4   763   842
 181   24.5491  182.7779    12     3     4   649    32
 182  385.4588  185.6573    15     5     4   805   370
 183  755.3550  185.8450    12     3     4   665   745
 184  156.9701  185.9644    16     4     4   862   154
 185  132.4221  186.4462    13     4     4   669   132
 186  298.4503  186.8996    11     3     4   633   296
 187  212.7830  188.2280    15     4     5   786   212
 188 1018.9726  189.2609    13     4     4   678   991
 189  364.5374  189.5816    14     5     4   728   359
 190   71.8662  189.7571    18     6     4   950    83
 191  827.3830  190.1508    12     3     4   667   807
 192   73.5982  192.4860     9     3     4   589    84
 193  396.7052  192.5000    16     4     5   779   386
 194  442.6754  192.7142    15     4     5   743   429
 195  302.4941  193.1568    12     3     4   627   306
 196  246.7531  194.4438    13     5     3   699   245
 197  939.8668  196.4095    15     4     5   758   916
 198  963.6144  198.3912    11     4     4   643   936
 199  878.7926  199.1507    14     4     4   704   847
 200   14.1457  199.7105    11     4     3   604    20
 201  796.1868  200.1835    16     4     5   773   782
 202  695.6914  201.9334    18     5     5   833   689
 203  528.3352  203.6929    16     5     4   694   526
 204  673.0945  204.6906    14     4     4   754   665
 205  230.1577  206.6616    15     4     5   781   233
 206  492.5276  207.2772    15     5     4   765   482
 207  622.1308  207.8178    14     4     4   763   621
 208  841.5035  208.4635     9     3     3   666   815
 209  933.3924  208.6526    14     5     3   828   906
 210   84.8545  209.1053    17     5     5   816    93
 211  290.8583  209.9226    15     4     4   725   283
 212  785.9633  211.0017    15     5     4   722   771
 213  159.5931  211.1077    12     3     4   668   161
 214  227.1961  212.1520    15     5     4   762   230
 215  518.3258  212.4549    12     4     3   763   513
 216  257.3802  212.4566     9     3     3   666   257
 217  634.4161  213.2701    12     3     4   668   634
 218  265.8542  214.0329    15     5     4   788   263
 219  969.5028  214.6771    17     5     5   887   944
 220   39.0597  215.6751    16     4     5   771    48
 221  596.6422  217.6185    14     5     3   773   593
 222  573.3610  218.5921    15     5     5   704   565
 223  360.0673  218.9198    15     4     4   767   356
 224  166.2463  220.1678    14     4     4   751   166
 225  456.1818  220.5031    16     5     5   798   439
 226  159.2561  221.4568    12     4     3   653   160
 227  355.3844  221.4615    10     4     3   671   349
 228   50.0519  222.6542    22     5     6  1452    54
 229  778.1991  223.3650    15     4     5   735   766
 230  456.5768  226.3214    16     5     4   759   441
 231   74.7696  226.9809    14     4     4   689    85
 232  183.1287  230.7261    13     4     4   736   177
 233   51.7756  231.1596    14     4     4   804    56
 234  393.8113  231.5944    14     4     4   744   382
 235  191.5667  233.3000    16     5     5   775   188
 236  939.2492  233.4855    15     4     5   772   915
 237  345.3433  233.8411    16     5     5   849   335
 238  662.4440  234.6904    14     4     4   765   654
 239  479.5856  236.8767    16     5     4   744   461
 240  164.5288  237.9336    19     5     5  1267   164
 241  757.2070  240.2102    15     5     4   778   748
 242  352.7055  240.5600    11     3     5   660   344
 243  716.8913  241.9969    15     4     4   794   708
 244  986.9655  243.8818    16     4     4   841   963
 245    2.2484  243.9624    12     3     4   585     1
 246   62.2068  245.5935    16     5     5   791    71
 247  486.4619  245.7670    12     3     4   723   470
 248  681.3267  246.9489    17     5     5   845   676
 249  927.6536  248.0649    12     3     4   667   899
 250  203.2708  248.3276    12     5     3   613   200
 251  420.8378  250.5932    17     4     5   771   410
 252  997.5709  250.6433    15     5     5   785   970
 253  206.8870  251.0407    14     4     4   693   203
 254  117.2256  252.0041    14     4     4   745   123
 255  692.0205  252.0550    13     4     4   739   683
 256  302.1067  252.7168    15     6     4   745   305
 257  214.6594  253.3703    15     5     4   790   214
 258   21.6829  253.4204    14     5     4   818    29
 259  125.8411  253.5844    13     5     3   687   126
 260  597.9765  254.8826    14     4     4   715   595
 261  298.6021  255.7768    12     3     4   698   297
 262  880.1062  256.8392    18     4     5   858   849
 263  923.1549  258.4434    14     4     5   705   895
 264  104.0855  259.3860    15     4     5   799   110
 265  667.8293  259.5961    16     4     5   743   660
 266  692.5874  259.7655    13     4     4   725   685
 267  713.5778  260.7504    15     5     5   793   704
 268   15.5978  261.7485    12     3     4   631    21
 269  158.3766  265.1497    12     3     4   671   157
 270  114.0256  265.4107    16     4     5   765   119
 271   30.4037  265.5066    17     5     5   772    41
 272  661.7505  266.1512    13     4     4   669   653
 273 1010.2856  266.5598    13     5     3   699   981
 274   62.3907  267.5975    17     5     5   847    72
 275  352.4734  267.9516    12     3     4   647   343
 276  873.4260  268.0579    14     5     4   762   843
 277  216.0943  270.1248    13     4     4   687   217
 278  876.8692  270.9462    12     4     4   678   846
 279  126.3359  272.4333    14     4     5   725   127
 280  219.9226  272.5357    16     4     5   832   222
 281  186.8640  273.2794    17     4     5   909   182
 282   94.0914  276.3011    14     4     4   698   102
 283  813.8686  276.4418    15     4     5   717   795
 284  969.4053  276.4941    18     5     5   856   943
 285  695.2896  278.0476    16     5     4   759   688
 286  725.0667  279.3698    12     4     3   750   719
 287  271.1881  279.3734    12     4     3   665   272
 288  149.1163  279.9813    14     4     4   755   149
 289  480.3946  280.4429    15     5     4   833   463
 290  461.8114  281.0305    17     5     4   777   443
 291  809.3723  281.4514    14     3     5   696   787
 292    6.4858  281.4716    14    10     2   281     7
 293  919.9245  282.2644    17     4     5   832   890
 294  441.5411  283.2192    12     3     4   704   428
 295  225.3872  283.5657    14     4     5   734   226
 296  374.4934  284.3198    11     3     4   715   363
 297 1014.8775  285.0990    14     4     4   736   984
 298  133.9585  285.2978    14     4     4   694   134
 299  427.1458  287.7660    15     4     5   774   420
 300  871.5548  287.8259    27     7     5  1565   840
 301  715.4489  287.9416    12     3     4   668   707
 302  266.7641  290.2359    16     4     5   781   264
 303  791.6508  291.5623    16     4     5   770   777
 304  544.7769  291.5629    17     4     5   885   537
 305  427.0095  291.9302    14     4     4   770   418
 306  756.8151  292.4563    14     4     5   689   747
 307  102.6465  293.4370    15     5     3   785   107
 308  589.8040  294.7428    14     4     4   696   584
 309  493.7939  294.9367    18     5     5   915   485
 310  838.3389  295.3357    17     5     5   803   814
 311  631.0494  296.2239    17     5     5   869   629
 312  250.7475  297.9848    14     4     4   734   250
 313  609.6173  297.9913    16     5     4   791   605
 314  401.9536  298.5550    12     4     3   702   392
 315  934.5000  300.1477    17     5     5   837   907
 316  750.4618  303.4801    16     5     5   762   741
 317  703.8426  303.7554    13     4     4   635   695
 318   59.9992  304.5411    16     4     5   817    67
 319  531.2056  305.7318    16     4     5   751   528
 320  658.5785  306.6004    16     5     4   708   648
 321  133.0534  308.0925    14     4     5   805   133
 322  291.4955  309.6276    15     5     5   824   286
 323  141.8130  310.1430    13     4     4   721   143
 324  402.8177  310.6751    14     4     4   694   396
 325  332.2133  312.6804    15     5     4   743   324
 326  954.7788  312.7521    13     4     4   729   931
 327   37.0099  313.2514    15     5     5   854    45
 328 1019.8835  314.0733    13     4     4   662   994
 329  585.1817  314.1284    15     4     4   769   578
 330  936.4505  317.5649    16     4     5   807   912
 331  488.9660  317.5725    16     4     5   808   478
 332 1020.3994  319.3149    11     3     4   607   995
 333  379.8192  321.1910    15     4     5   836   366
 334  682.2854  322.0662    17     5     5   827   680
 335  536.0534  327.5146    15     4     5   768   531
 336  272.8953  331.2176    17     4     5   772   274
 337  351.1106  334.0077    14     4     4   723   341
 338   57.5636  334.1528    15     5     4   873    63
 339  794.2971  335.6525    18     5     5   934   780
 340  624.3691  336.0336    15     5     4   761   623
 341  321.4690  339.1241    16     5     4   740   319
 342  967.2666  341.7609    14     4     5   757   939
 343  566.5749  342.3469    14     5     3   741   559
 344   35.7860  342.3952    13     5     3   693    43
 345  870.9937  345.5056    16     4     5   877   837
 346  709.6558  345.8008    17     5     5   908   702
 347  965.0027  346.6925    14     4     4   701   937
 348  597.9529  349.4400    17     5     5   903   594
 349  733.4571  350.5411    15     3     5   710   724
 350  983.4511  352.6341    14     5     3   692   958
 351  577.1088  352.9570    14     4     4   779   569
 352  975.2766  353.8810    13     4     4   676   950
 353  263.9541  354.0085    14     4     4   728   261
 354  102.4469  354.2860    17     5     5   885   106
 355  752.7652  354.4048    15     4     5   791   743
 356  503.8541  356.7431    15     5     4   952   502
 357  454.3825  357.4305    14     4     5   744   438
 358  209.4141  359.0928    16     5     4   742   209
 359  344.6624  359.3907    16     5     5   782   334
 360  657.8538  359.8538    16     4     5   844   647
 361  790.8009  360.0645    16     5     4   858   775
 362  925.4000  360.6567    16     5     4   760   897
 363  146.7646  361.2045    15     4     4   766   146
 364   17.9168  361.9217    13     4     4   737    22
 365   42.5121  363.7003    14     3     5   799    51
 366  495.8100  365.1743    13     4     4   701   490
 367  513.9295  366.3846    15     4     5   774   511
 368  952.2689  366.5431    25     6     6  1548   927
 369  320.8418  366.5680    16     4     5   792   318
 370  923.4703  366.7360    16     5     4   766   896
 371  480.6858  368.9016    17     5     5   805   464
 372  247.0203  372.1931    16     4     5   727   246
 373   18.8674  373.5923    13     4     4   726    26
 374  844.5579  375.9496    17     5     5   844   816
 375  165.4820  378.9048    18     5     4   847   165
 376 1000.8026  378.9316    16     5     4   811   975
 377  898.4666  379.4348    16     5     4   789   871
 378  492.8043  382.2228    14     4     4   692   483
 379  552.1596  383.1352    15     5     4   764   540
 380  673.9242  385.0554    18     5     5   866   666
 381  772.6981  385.1296    17     5     5   791   762
 382  556.0504  385.5582    15     4     5   855   546
 383  210.5094  388.9561    16     5     4   798   210
 384   41.0348  390.0190    16     4     4   792    49
 385  911.9448  390.6206    16     4     5   848   881
 386  943.3614  393.6536    14     5     4   674   919
 387  462.6730  395.9198    17     5     5   806   446
 388  439.3937  396.3760    14     5     3   761   424
 389  879.9902  397.6417    13     4     4   744   848
 390  782.9086  398.2292    15     4     5   752   770
 391  553.3768  398.9667    12     3     4   615   541
 392   85.3775  399.2535    16     5     5   805    95
 393  186.5018  401.1246    14     4     4   702   181
 394  779.9328  402.3541    16     4     5   763   767
 395  628.6202  403.8112    17     5     5   819   627
 396   98.4363  404.7326    17     5     5   845   104
 397  609.8782  406.5996    12     4     3   662   607
 398  530.4137  407.1058    15     5     4   741   527
 399  440.5077  407.7442    17     5     5   821   426
 400  346.3206  409.2421    13     4     4   665   336
 401    6.6917  409.7083    15     9     2   270    10
 402   11.2241  410.6085    13     4     4   757    18
 403  676.3562  411.7054    17     5     5   803   669
 404  202.2087  413.6068    16     4     5   778   198
 405  724.5017  414.8513    12     3     4   715   716
 406  611.2599  416.0950    14     4     4   698   611
 407  811.6887  416.3187    18     5     5   853   792
 408   92.7204  417.0430    14     4     4   698   100
 409  390.4014  418.2976    15     5     4   728   378
 410  498.4720  418.2990    15     5     4   722   495
 411  446.1536  418.3101    14     4     4   677   433
 412  277.1031  419.7523    14     5     4   790   276
 413  971.4967  420.3545    13     3     5   728   947
 414  602.2591  422.5803    14     4     5   688   598
 415  664.2016  424.3281    14     4     4   780   656
 416  351.4063  424.4016    12     3     4   750   342
 417  154.0202  424.5623    12     4     3   762   152
 418  675.5436  425.1007    12     3     4   671   668
 419  292.8746  427.5257    15     4     5   772   288
 420 1022.2660  428.1596     7     2     4   352   996
 421  522.5777  429.8328    12     3     4   712   520
 422  871.3891  430.1231    16     5     5   818   839
 423  431.5883  431.1378    16     5     4   726   421
 424  357.7913  431.1417    13     4     4   638   353
 425  183.8599  431.4357    16     5     5   813   178
 426   80.2317  433.0501    14     4     4   729    87
 427  349.2360  433.7256    14     5     4   765   339
 428  681.5461  434.9894    16     5     4   724   677
 429  298.1789  436.2637    14     4     4   741   294
 430  416.9853  436.3173    14     4     4   649   407
 431   41.7029  437.3474    14     4     4   756    50
 432  497.2757  437.6997    15     5     4   841   494
 433  704.1853  438.1717    15     4     5   811   696
 434  622.0563  439.0064    16     5     4   861   620
 435  334.3885  439.0894    13     4     4   695   326
 436  341.3804  439.1366    16     5     5   804   333
 437  582.8653  441.3911    12     4     3   662   574
 438  728.5940  441.6949    13     4     4   715   721
 439   28.5341  443.1315    13     3     5   746    37
 440  191.1783  444.6626    14     5     5   712   187
 441   36.6618  445.3255    14     5     4   690    44
 442  889.7759  445.6002    14     5     4   709   857
 443   67.6509  446.6477    15     5     3   793    75
 444  916.5000  448.5907    17     5     5   898   885
 445  894.0928  451.3099    14     4     4   808   865
 446  661.6738  452.4589    15     4     5   685   652
 447  525.5000  453.2010    17     5     5   782   523
 448  777.8605  453.3056    16     5     5   762   765
 449  677.6173  454.9491    17     5     4   818   671
 450   93.0641  455.8240    12     4     4   728   101
 451  495.0655  459.4513    12     4     3   654   488
 452  353.5534  461.0856    15     5     4   787   346
 453  563.4536  461.6277    15     4     5   839   556
 454   84.2352  462.2271    17     5     5   793    91
 455  893.1157  462.6685    16     4     5   795   862
 456  142.6338  462.6721    18     5     5   860   144
 457  609.9462  463.7348    14     4     4   698   609
 458  593.8918  464.2689    14     4     4   750   589
 459  684.5464  465.4054    13     3     5   669   681
 460  293.5380  467.2264    12     3     4   672   290
 461  112.7697  467.4665    16     5     5   757   115
 462  612.7643  468.7000    13     4     4   705   612
 463  787.1800  469.0664    14     4     4   765   772
 464  919.3083  469.4085    14     5     4   719   889
 465  681.9281  470.0428    15     4     4   769   679
 466  488.9124  472.3381    13     4     4   729   476
 467  517.5762  472.5571    13     4     4   655   512
 468  571.7860  473.5692    12     4     3   655   564
 469  904.1810  475.0402    15     4     4   846   874
 470  981.0610  475.1949    16     4     4   832   956
 471  145.8563  477.4076    12     4     3   715   145
 472  544.6942  477.4089    12     4     3   702   536
 473  583.3541  477.4573    14     5     3   702   576
 474  750.0550  477.8845    14     4     4   785   739
 475   35.3973  478.1324    16     5     4   832    42
 476  558.6934  478.3443    14     4     4   750   550
 477  509.6374  480.0788    12     3     4   666   508
 478  384.6902  481.3434    13     4     4   724   369
 479  488.9625  482.6243    12     4     3   667   477
 480  217.5741  483.9827    12     3     4   727   220
 481   68.6731  484.5210    16     4     5   778    77
 482  861.4370  485.8415    15     5     5   721   833
 483  617.3864  486.7063    13     4     4   702   615
 484  724.7500  487.1514    22     7     4  1396   718
 485  705.5958  487.6989    15     5     4   693   698
 486  819.2029  487.6993    14     4     4   692   799
 487  192.7083  487.7048    15     5     4   731   190
 488  667.8239  487.8106    13     4     4   732   659
 489  846.8557  488.0710    15     4     5   805   818
 490  927.3569  490.9622    14     4     4   748   898
 491  810.4841  492.0136    14     4     4   767   788
 492  724.6035  492.6621    13     3     5   642   717
 493  861.6489  492.8807    16     5     4   751   834
 494  978.1248  494.2601    15     5     4   771   954
 495  671.0422  495.7727    14     4     4   756   663
 496  199.0372  497.9249    15     4     4   809   196
 497  951.9740  498.2594    15     4     5   707   926
 498  499.3519  498.9132    12     3     4   667   496
 499  187.7511  498.9813    17     5     4   839   184
 500  936.9563  499.0568    13     4     4   737   913
 501 1018.7562  499.6098    13     4     4   731   990
 502  745.0257  499.9571    16     4     4   801   734
 503  567.1758  500.0515    14     4     4   800   560
 504   78.7062  500.5728     9     3     3   667    86
 505  876.6985  500.5809    12     4     3   664   845
 506  217.5256  501.8187    12     3     4   666   219
 507  304.0195  502.4397    17     5     5   784   308
 508  765.1807  504.4761    12     4     3   665   754
 509  948.8459  504.6738    14     4     4   750   925
 510  301.0976  505.2530    13     4     4   786   303
 511  250.7427  506.0161    17     5     5   821   249
 512  467.2202  506.9767    14     4     4   719   449
 513  632.6767  508.3542    15     5     4   733   630
 514  534.1584  508.3564    13     4     4   736   530
 515  681.8490  508.4407    14     5     3   713   678
 516  757.4164  511.9823    17     5     5   792   749
 517  113.6656  516.3066    15     4     5   760   118
 518   81.5765  517.9642    15     5     4   764    89
 519  587.1357  518.8132    15     5     4   795   579
 520  354.6072  519.5784    18     5     5   805   348
 521  478.0708  520.2231    15     4     4   800   458
 522  958.5583  521.0986    12     3     4   703   934
 523  634.4159  522.0704    12     3     4   667   633
 524   18.2116  523.3034    13     4     4   664    23
 525  947.6541  526.6714    15     5     4   786   923
 526  247.1264  527.2736    15     4     4   755   247
 527   69.0025  529.2008    14     4     4   735    78
 528  584.1471  529.6334    17     4     5   867   577
 529  288.5179  530.4263    12     3     5   622   282
 530  417.3112  530.8666    15     5     4   791   408
 531  281.6079  533.0250    15     5     4   771   279
 532  402.7230  533.2888    16     4     5   837   394
 533  970.8318  533.7176    17     5     5   818   945
 534  269.6117  534.2129    18     5     5   887   269
 535  261.9735  534.5787    16     4     5   783   259
 536  131.4646  536.2677    12     3     4   714   130
 537    6.5140  537.4650    14    10     2   283     8
 538  441.3921  537.8417    12     3     4   676   427
 539  980.4519  539.1053    12     3     4   723   955
 540  359.6994  539.6947    15     5     5   797   355
 541  564.4706  540.4817    15     5     3   695   557
 542  220.4693  541.0956    16     5     4   746   223
 543  388.6387  541.3029    12     3     4   668   374
 544  558.8158  541.7895    15     4     4   758   551
 545  467.2296  541.7958    13     4     4   681   450
 546  487.2858  542.3929    17     5     5   861   473
 547   89.3060  542.6873    15     5     5   748    99
 548  848.4863  543.0099    16     5     4   815   819
 549  298.8460  543.3080    15     4     5   702   298
 550  401.1731  544.8285    13     4     4   751   390
 551  336.9061  546.2328    15     4     5   805   330
 552  935.4350  548.1183    12     3     4   720   910
 553  833.3798  550.9192    17     5     4   869   811
 554  722.8455  552.7102    17     5     5   798   715
 555  256.0169  552.8093    17     4     5   878   256
 556   84.4343  553.2388    13     5     3   754    92
 557  921.5854  553.9913    14     4     4   714   894
 558  215.1250  554.6003    12     4     3   728   215
 559  733.5486  554.8435    11     3     4   666   725
 560  655.0686  557.4833    15     4     5   748   645
 561   24.3554  559.4824    14     4     5   707    31
 562  615.9828  562.3825    12     4     3   673   614
 563  489.6872  562.6535    15     5     4   743   479
 564  782.2694  564.9185    12     3     4   727   768
 565  314.0912  565.3956    18     4     5   860   317
 566  519.3095  566.0504    16     5     4   874   516
 567  812.9358  566.5158    15     4     5   781   794
 568    3.3794  567.7911    14     5     4   621     2
 569  335.9827  568.0124    16     4     4   767   329
 570  313.4158  569.5962    16     5     4   825   315
 571   80.5879  569.7277    17     5     5   864    88
 572  630.9278  570.0704    15     4     4   704   628
 573  908.0886  571.4365    12     4     3   718   876
 574  975.8832  573.1723    14     4     5   735   951
 575  402.1537  573.5932    16     5     5   804   393
 576  620.9037  574.2213    15     4     4   742   618
 577  709.2136  574.7592    17     5     5   795   701
 578  765.7994  577.4029    16     4     5   778   756
 579  851.1215  578.0719    15     5     4   755   820
 580  518.6672  579.2167    13     3     5   716   514
 581  739.2043  579.3803    16     5     5   745   731
 582  360.1798  583.2825    16     4     5   822   357
 583  226.2670  583.5847    15     4     5   811   227
 584   50.6895  583.5878    15     4     5   799    55
 585  765.6350  583.7878    13     3     5   745   755
 586  749.5274  583.9993    17     5     5   863   737
 587  406.8367  585.1487    14     4     4   826   400
 588   71.8521  586.5986    17     5     5   880    82
 589   89.1044  587.8430    14     4     5   691    98
 590  891.2697  590.1586    13     4     4   751   859
 591  400.9245  590.2160    14     4     4   809   389
 592   14.0778  590.8989    13     4     4   689    19
 593  299.4181  591.2002    16     5     5   807   301
 594  148.5640  591.2639    17     5     5   873   148
 595  101.6285  591.7197    15     4     5   687   105
 596  130.7791  592.1657    17     5     5   840   129
 597   18.3260  593.7010    14     5     4   732    25
 598  994.3202  594.7517    13     4     4   714   969
 599  178.4367  597.0427    16     5     4   792   174
 600  609.6686  597.0900    17     5     4   870   606
 601  719.2856  599.3027    13     4     4   713   711
 602  245.0467  600.2025    15     5     5   792   244
 603   57.2129  600.7202    18     5     5   793    62
 604  279.9812  601.3754    16     4     5   850   278
 605  853.5904  601.4433    18     5     5   921   824
 606  270.3626  601.5931    15     3     5   805   271
 607   24.2807  602.2116    14     4     4   719    30
 608  712.0949  602.9735    13     4     4   715   703
 609  592.3726  603.5087    15     5     3   723   587
 610    5.9963  606.4317    14     4     4   682     6
 611  892.9580  606.5367    16     4     5   732   861
 612  674.1179  606.6733    16     4     5   864   667
 613  272.0373  607.5114    13     4     4   746   273
 614  824.1997  608.8632    15     5     4   786   805
 615  193.4507  608.9063    14     5     4   748   191
 616  229.1099  609.4830    16     4     5   806   232
 617  462.0076  609.5000    16     4     5   751   445
 618  767.4140  610.5959    17     5     5   879   759
 619  909.2903  611.4170    16     4     5   823   877
 620   61.9242  612.1065    15     4     4   704    70
 621  167.5316  612.5158     9     3     3   659   168
 622  561.7292  614.7604    16     5     5   832   553
 623  707.5193  617.1039    15     5     4   824   700
 624  991.0390  618.2883    16     4     5   826   966
 625  119.0084  619.6198    17     5     5   821   124
 626  818.1460  619.9009    15     4     5   811   798
 627  185.8420  620.2708    14     4     4   681   180
 628  156.4753  620.5643    17     5     5   777   153
 629  569.5827  620.9686    15     5     4   803   562
 630  885.2808  621.1169    14     4     4   683   853
 631 1011.6039  621.7709    13     4     4   717   983
 632  933.2023  622.5469    17     5     5   852   905
 633   71.7961  622.7910    16     5     4   751    81
 634  445.4246  624.1033    14     4     4   750   432
 635  274.5702  625.7735    27     7     6  1495   275
 636   37.4319  626.6815     9     3     3   619    46
 637  135.9174  626.9487    14     4     4   715   139
 638  623.7185  629.0804    18     5     5   926   622
 639  564.6909  629.1125    14     5     4   669   558
 640  520.4396  630.3051    16     5     4   822   517
 641    8.5690  630.8103    14     5     4   691    15
 642  526.0542  631.1322    14     4     4   730   524
 643  582.9929  633.1731    14     4     4   706   575
 644  894.6372  634.2002    16     5     4   787   866
 645  368.4513  635.6930    14     5     3   736   361
 646  821.8799  636.2991    17     5     5   857   801
 647  605.8641  636.7948    15     5     4   713   602
 648  310.6718  639.5274    13     5     3   677   313
 649  481.2000  639.7255    12     4     4   630   465
 650  442.6769  641.2408    15     4     5   721   430
 651  131.9623  641.5279    15     4     5   760   131
 652  299.0492  644.8593    14     4     4   730   299
 653  385.8639  646.3355    17     5     5   857   371
 654  643.5154  647.2945    12     3     4   704   639
 655  157.8112  647.6021    14     5     4   757   156
 656  977.9551  648.0007    16     4     4   839   953
 657  329.1486  649.5511    15     4     5   816   322
 658   68.3412  649.7445    12     3     4   668    76
 659  512.2504  651.4772    16     4     5   773   509
 660   88.5924  653.7026    16     5     4   777    97
 661  732.2701  654.2057    15     4     5   833   723
 662  938.2504  654.8817    16     5     4   773   914
 663  349.4261  655.3335    22     5     5  1343   340
 664  398.9706  656.3971    14     4     4   752   388
 665  405.6005  656.7270    14     4     4   717   399
 666  459.5491  658.8113    12     3     4   711   442
 667  104.1377  660.4082    14     4     5   750   111
 668  953.0243  661.3811    12     4     3   717   929
 669  447.0401  662.0352    14     4     4   751   434
 670  651.1140  662.0365    16     4     4   831   642
 671    6.8106  665.7955    18    10     2   312    12
 672  833.7042  669.0689    14     4     4   713   812
 673  678.1561  669.3061    15     4     5   810   673
 674  837.7012  669.7074    14     3     5   791   813
 675  174.4159  670.9794    17     5     4   800   172
 676  496.3625  671.3290    13     4     4   668   492
 677  445.3143  673.8625    13     4     4   690   431
 678  299.4492  677.9238    17     5     5   800   302
 679  311.1532  683.0677    14     4     4   783   314
 680  548.5951  683.6681    14     5     4   729   538
 681  746.0062  683.9346    14     4     4   782   735
 682  853.8322  685.2315    15     5     5   746   825
 683  600.4902  685.6452    17     5     5   783   596
 684  389.1910  685.7868    15     5     4   781   375
 685  660.7981  686.1740    16     5     5   841   650
 686 1017.4758  686.7753    16     5     5   821   987
 687  991.9549  687.0741    14     4     4   727   968
 688   25.0492  689.8254    14     4     4   770    34
 689  470.5663  690.9975    16     5     4   763   452
 690  111.5160  692.8702    16     5     4   784   114
 691  909.5594  696.0025    12     3     4   709   878
 692  388.6367  696.2567    12     3     4   720   373
 693  116.6093  697.7202    15     5     4   754   122
 694  450.9615  701.2809    14     4     4   738   436
 695   20.6728  705.0938    14     4     4   684    27
 696  811.0271  705.8265    16     5     5   843   790
 697  175.8915  705.9034    15     5     5   740   173
 698  991.0520  708.2531    16     4     5   881   967
 699  157.1266  710.7352    14     4     4   697   155
 700  633.0504  711.2440    15     4     4   775   631
 701  269.4048  712.0909    16     5     5   864   267
 702  605.1577  713.1099    19     5     5   900   601
 703  519.0069  714.1545    14     4     4   716   515
 704  136.5815  714.2241    12     3     4   660   141
 705  916.7201  717.4175    16     5     5   778   886
 706  309.8844  718.6647    17     5     5   862   312
 707  766.8249  719.3917    12     4     3   674   757
 708   61.6546  719.5888    15     5     4   758    69
 709  408.4050  720.5681    14     5     3   698   401
 710  198.9455  725.1955    14     4     4   764   194
 711  699.0386  725.3366    12     4     4   677   692
 712  981.3276  725.9332    14     4     4   784   957
 713  134.9207  730.1009    14     4     5   834   135
 714  389.7472  731.3220    17     5     5   805   376
 715  750.0204  733.9671    19     6     4  1316   738
 716   51.8874  734.9862    13     4     4   747    57
 717  941.7450  736.5778    17     4     5   864   917
 718  643.1520  737.6070    13     4     4   719   638
 719  660.8021  738.2727    15     5     4   779   651
 720  307.7030  739.8713    12     3     4   726   311
 721  552.1551  740.4305    17     4     5   889   539
 722  395.1195  741.2854    14     4     4   755   383
 723  135.9172  741.4655    16     4     5   740   138
 724  852.1099  741.8434    16     4     5   824   823
 725  889.0463  742.4057    12     4     3   682   856
 726  512.5455  742.9860    16     5     4   841   510
 727  907.3403  745.1897    15     5     4   701   875
 728  478.6920  746.7591    14     4     4   692   460
 729  381.9867  747.8405    13     4     4   732   368
 730  536.1901  748.8784    15     4     4   705   532
 731  168.6611  750.2953    13     4     4   726   169
 732  557.7819  751.7834    16     5     4   834   548
 733  252.3617  754.1333    12     3     4   720   253
 734   81.6778  755.9667    16     5     4   835    90
 735  692.3157  756.1734    14     4     4   688   684
 736  718.0053  756.1743    14     4     4   708   710
 737  231.4422  757.6071    15     5     5   738   235
 738  135.5482  757.6113    15     5     5   752   136
 739  664.2765  759.8493    17     5     5   774   657
 740  434.7323  759.9684    14     5     4   678   423
 741  306.9968  760.7676    14     4     4   764   310
 742  500.2617  761.7591    14     4     4   715   498
 743  484.9093  761.8005    15     5     4   729   469
 744  789.0272  763.3289    15     4     5   793   774
 745 1015.1866  764.2579    14     4     4   743   985
 746  240.0765  765.3114    14     4     4   702   240
 747  594.1810  766.8273    15     4     4   755   590
 748  601.2524  767.5361    17     5     5   808   597
 749  364.6154  768.2463    16     5     4   775   360
 750  147.1034  768.4907    15     4     5   793   147
 751  930.0736  769.6260    11     4     3   626   902
 752  426.1578  770.5019    14     4     5   666   417
 753  410.3393  770.5516    11     4     3   614   403
 754  947.4242  774.5921    14     5     3   694   922
 755  409.9880  775.2825    14     4     5   724   402
 756  462.0068  776.7542    16     4     5   750   444
 757  896.3387  777.1406    17     5     4   796   868
 758  602.5258  777.4742    13     5     5   712   600
 759  494.4551  778.7193    15     5     4   729   487
 760  228.3078  779.7347    16     5     4   748   231
 761  501.9295  780.0737    15     4     4   781   501
 762  487.4696  780.0897    13     4     4   754   474
 763  977.8686  780.5992    16     4     5   765   952
 764  929.2917  781.7051    18     5     5   804   901
 765  575.3498  784.0380    15     5     4   769   567
 766  967.9120  785.8154    12     4     4   751   940
 767  301.1697  787.4234    12     4     3   668   304
 768  775.1236  788.6322    15     5     4   793   764
 769  800.7983  789.9807    15     4     5   797   783
 770  592.2207  790.3395    16     5     5   783   586
 771  113.3644  791.4284     9     3     3   621   117
 772  573.6635  792.2437    16     5     4   839   566
 773    6.8689  793.4836    11     9     2   232    13
 774  801.3978  794.3003    14     4     5   776   784
 775  594.6140  795.2271    12     3     4   699   592
 776  533.9165  796.0486    26     6     6  1463   529
 777  739.5982  796.2321    15     5     4   751   732
 778  187.1920  797.0960    16     5     4   806   183
 779  794.9276  797.4496    14     4     5   755   781
 780  610.5976  797.8874    16     5     4   795   610
 781  473.1387  799.1719    15     4     5   781   455
 782    1.8743  799.3684     8     2     5   422     0
 783   53.9837  803.5610    17     5     5   875    58
 784   25.2473  804.5212    15     5     5   716    35
 785  405.5375  804.6746    15     4     5   763   398
 786  504.1632  805.2440    15     6     4   732   503
 787 1003.5675  805.5830     9     3     3   668   978
 788  568.4314  806.1029    15     5     4   762   561
 789  653.4944  806.9718    12     3     4   652   643
 790  635.3303  807.4030    15     4     5   810   635
 791  456.1830  807.6262    18     5     5   893   440
 792  500.6287  807.6370    12     3     4   726   499
 793  830.9827  808.4218    16     4     5   825   809
 794  814.2649  809.2929    10     4     3   636   796
 795  782.4587  809.9000    12     3     4   750   769
 796  856.1990  813.8127    14     5     4   738   827
 797  767.1237  814.7195    14     5     4   714   758
 798  693.4033  818.1615    11     3     4   627   686
 799  990.7400  819.2783    14     4     4   740   965
 800  390.0527  819.4741    13     4     4   709   377
 801  395.4003  820.6389    15     5     5   762   384
 802  496.2574  821.0446    14     4     4   779   491
 803  822.9773  821.2770    16     4     5   864   802
 804  250.5502  821.6269    15     5     5   867   248
 805  329.7113  822.0774    13     4     4   660   323
 806   48.9590  823.4933    12     4     3   717    53
 807  208.6195  824.8070    11     3     4   654   205
 808  218.9295  826.0042    14     4     4   729   221
 809  576.4477  826.1288    12     3     4   675   568
 810  696.8184  826.4026    16     5     5   807   690
 811  304.4123  828.9091    15     5     4   766   309
 812   26.5694  830.2397    17     5     5   804    36
 813  424.1355  830.2765    16     4     5   876   414
 814  486.6653  831.8895    14     4     4   751   471
 815  828.6571  832.5517     9     3     3   612   808
 816  378.1524  833.4846    14     4     5   724   365
 817  357.7837  833.7596    13     4     4   627   352
 818  468.7496  835.7448    15     4     5   771   451
 819  625.6176  835.7623    15     4     5   779   625
 820  348.7761  837.2112    14     4     4   687   338
 821  642.9868  839.5818    17     5     5   891   637
 822  974.8890  841.5053    13     5     3   693   949
 823  451.9363  841.5942    11     4     3   683   437
 824  917.5775  841.8592    14     4     4   811   888
 825  690.1672  841.9724    14     5     4   828   682
 826  793.6220  844.3590    16     5     5   791   779
 827  283.0721  846.1825    14     4     4   792   281
 828  212.7064  846.8993    13     4     4   726   211
 829   69.6629  848.2780    14     3     5   766    79
 830  917.4237  848.3631    15     3     5   727   887
 831   58.7346  848.9337    16     5     4   778    65
 832   28.6945  849.6222    15     4     5   772    39
 833  554.2809  849.9814    14     4     4   811   542
 834 1010.3007  850.7614    15     5     4   762   982
 835  627.6268  851.1212    15     5     4   781   626
 836  140.0589  851.3956    13     4     5   724   142
 837  869.7895  851.6628    14     4     4   748   836
 838  357.2005  853.6876    14     4     5   721   350
 839  505.4368  855.8983    12     4     4   705   505
 840  473.3600  857.5949    15     4     5   793   456
 841  347.5131  858.6888    12     3     4   655   337
 842  792.8656  863.1259    13     4     4   718   778
 843  888.2392  864.0130    16     5     4   854   855
 844  418.3051  864.2195    14     4     4   689   409
 845  679.6410  864.2869    14     4     4   764   674
 846    3.6890  867.0702    15     5     4   748     5
 847  357.5654  867.4288    14     5     4   660   351
 848  720.5599  868.5165     9     3     3   574   712
 849  505.7948  868.7495    12     4     4   673   506
 850  582.7030  869.4258    17     5     5   830   573
 851  892.5000  870.0033    16     5     4   772   860
 852  405.1624  870.8217    14     4     5   768   397
 853  968.3834  871.2185    17     5     5   813   941
 854  488.7452  871.3838    16     5     5   788   475
 855  606.2108  873.0168    14     4     4   707   603
 856  974.0633  873.9789    16     4     4   776   948
 857  500.2571  874.1841    14     4     5   811   497
 858  130.3435  874.5835    18     5     5   851   128
 859  190.9575  874.9485    15     4     4   703   185
 860  769.7760  875.6558    17     4     6   786   760
 861  298.1955  876.2676    14     4     4   695   295
 862  167.1817  877.2722    14     5     4   715   167
 863  171.3810  877.4655     9     3     3   611   171
 864  965.3418  879.4550    17     5     5   859   938
 865  857.5879  879.4576    13     5     5   767   829
 866  225.0490  880.3957    15     4     5   773   225
 867  770.7759  880.6100    14     4     4   749   761
 868 1008.3533  882.4282    15     5     4   777   979
 869  725.2671  883.7688    15     4     5   734   720
 870  983.5639  883.9105    17     5     4   796   959
 871  880.5677  887.8581    16     5     4   780   850
 872  411.8312  887.9120    13     4     4   749   404
 873  543.2537  889.0731    16     5     4   830   535
 874  254.0035  889.1101    14     4     4   712   254
 875  199.5057  890.3640     9     3     3   612   197
 876  269.0493  890.5132    12     4     3   728   266
 877  524.8693  892.5705    17     5     5   893   522
 878  738.5767  892.8475    12     3     4   707   730
 879  185.2353  895.1912    14     4     4   752   179
 880  676.6050  897.9413    15     5     4   712   670
 881  504.2158  899.1534    13     4     4   707   504
 882  521.1968  901.0816    14     4     4   704   518
 883  734.4499  903.6578    15     4     5   809   727
 884  714.0581  906.9566    15     4     5   761   705
 885  401.3831  909.8774    11     3     4   632   391
 886  823.4443  910.9093    12     3     4   677   803
 887  735.7893  911.6246    17     5     5   844   728
 888  936.3894  912.0042    12     4     4   717   911
 889  196.4077  912.8558    15     5     4   757   193
 890  107.1127  913.7384    13     4     4   667   113
 891  919.9760  914.3739    16     4     5   723   891
 892  282.6459  914.4481    17     5     5   883   280
 893  750.4546  914.5454    15     5     5   745   740
 894  481.5525  916.7941    16     5     5   789   466
 895  159.6443  917.4258     9     3     3   575   162
 896   57.1118  917.9459    15     4     4   861    61
 897  812.1627  918.9110    16     5     4   744   793
 898  957.0262  921.0040    13     4     4   759   933
 899    6.8106  921.7955    18    10     2   312    11
 900  912.2948  922.4391    11     4     3   685   882
 901 1019.4647  923.8263    16     5     4   727   993
 902   88.0016  924.7453    15     4     5   790    96
 903  482.7996  926.2004    13     4     4   674   467
 904  294.1000  929.3078    15     4     5   790   291
 905  115.9026  931.2214    15     4     4   771   121
 906  707.3412  934.4964    15     4     5   698   699
 907  672.6275  935.1029    14     5     4   689   664
 908  543.0568  935.5313    12     4     3   727   533
 909  899.4120  935.8289    12     3     4   643   872
 910  697.1911  939.5698    12     4     4   693   691
 911  803.5584  939.6023    17     5     5   786   785
 912  666.3892  940.1950    14     4     4   799   658
 913  299.2207  940.2271    23     5     6  1483   300
 914   64.3096  940.4038    11     4     3   609    73
 915  749.2186  940.5922    14     5     3   769   736
 916   54.1586  941.9000    13     4     4   710    59
 917  423.4277  943.5958    14     3     5   693   412
 918  217.0263  943.8956    13     4     4   719   218
 919  655.5306  946.0320    16     5     4   878   646
 920   94.7597  946.3286    14     5     5   706   103
 921  432.4910  946.9345    12     3     4   677   422
 922  251.3228  947.2735    16     5     5   809   251
 923  494.4032  950.4770    17     5     5   821   486
 924  893.6187  951.0832    17     5     5   861   864
 925 1003.2577  952.0751    15     4     4   769   977
 926  303.6337  954.6684    12     4     4   696   307
 927  910.3056  955.8923    16     5     4   731   879
 928  915.3089  956.9023    14     5     4   836   883
 929  898.0539  958.2402    15     4     4   762   870
 930  112.7700  960.8106    16     5     5   849   116
 931  677.9538  960.8580    30     8     5  1490   672
 932  662.7554  961.1528    14     4     4   739   655
 933 1017.7614  961.7159    15     4     5   743   988
 934  558.4929  964.1201    13     3     5   696   549
 935  352.7702  964.5357    16     4     5   804   345
 936  859.8492  967.3574    14     4     4   750   831
 937  587.6371  970.1531    16     5     4   751   581
 938  226.7864  970.8408    14     4     4   765   229
 939   38.9867  971.7904    15     4     4   787    47
 940  851.9160  972.2334    14     4     4   789   822
 941  581.3782  972.7600    11     4     4   660   572
 942  750.7479  974.1662    18     5     5   890   742
 943  882.1703  974.9195    13     4     4   776   852
 944   58.4395  975.0764    16     5     4   821    64
 945  335.4476  975.0962    18     5     4  1173   328
 946  857.2054  975.5982    13     4     4   741   828
 947  986.1866  976.7730    15     5     4   769   962
 948  815.6542  977.5988    15     4     5   727   797
 949  293.0670  977.8037    14     4     4   759   289
 950  209.1126  977.9635    16     5     4   844   207
 951  425.9357  978.8026    17     4     5   831   416
 952   20.7292  980.8523    14     4     4   668    28
 953  490.3519  980.8601    12     3     4   667   480
 954   25.0246  981.0662    15     5     4   800    33
 955  570.0184  983.7624    17     4     5   795   563
 956   70.0565  984.5205    13     4     4   714    80
 957  895.1926  985.3689    14     4     4   758   867
 958  476.3305  985.9325    15     5     4   846   457
 959  335.2649  986.5528    16     5     5   747   327
 960  915.4742  992.9964    16     5     4   857   884
 961  478.6884  993.0544    14     4     4   793   459
 962  593.2557  993.2487    11     4     3   679   588
 963  555.9745  993.4051    12     4     3   668   545
 964  984.7393  994.5729    12     4     3   655   960
 965  618.5808  994.8203    17     5     4   863   616
 966  932.1672  996.1910    15     5     4   820   904
 967  609.9412  998.3535    12     4     3   707   608
 968  985.4201 1001.5965    16     4     5   823   961
 969   85.0897 1002.4487    12     4     3   705    94
 970  722.6431 1004.2030    16     5     5   803   714
 971  670.8251 1011.3422    12     4     3   646   662
 972  579.7398 1011.6134    14     5     4   678   570
 973   10.2550 1011.6728    14     4     4   736    17
 974  543.1071 1011.8537    15     4     4   738   534
 975  760.1717 1011.9673    14     4     4   737   751
 976  989.5378 1012.8157    11     3     4   639   964
 977  562.4214 1013.7967    11     3     4   619   554
 978  588.6234 1014.0506    17     5     4   802   582
 979  214.6525 1014.1225    16     5     4   809   213
 980  135.5695 1014.1540    14     5     4   744   137
 981  730.0000 1016.3468    14     4     4   708   722
 982  591.9639 1016.7216    13     4     4   712   585
 983   59.7557 1018.5213    14     4     5   750    66
 984  231.2103 1018.6589    16     2     8   267   234
 985  479.9606 1018.6646    16     4     5   731   462
 986  359.5699 1018.6958    15     2     9   293   354
 987  871.5699 1018.6958    15     2     9   293   841
 988  487.1891 1018.7605    16     2     8   279   472
 989  615.5388 1018.7868    13     2     9   259   613
 990  999.1692 1018.8383    16     2     8   293   971
 991  743.1829 1018.9472    16     2     8   283   733
 992  103.4745 1019.2643    14     3     9   297   109
 993  396.6073 1020.5451    12     4     4   586   385
 994  806.1207 1020.6303    13     4     4   652   786
 995  267.2581 1020.9104    13     4     4   688   265
 996  825.8175 1021.0570    13     4     4   656   806
