996
   0  720.5658    3.7864    14     3     5   793   715
   1  253.4378    4.9960    13     4     4   757   251
   2  370.8784    5.9718    14     4     4   761   364
   3  264.9121    6.3310    13     4     4   710   265
   4  327.8078   10.4757    13     5     3   705   330
   5 1015.0022   10.8358    15     4     4   829   988
   6  619.2443   12.7328    16     5     5   813   613
   7  505.5937   13.5123    15     5     5   801   505
   8  907.1672   13.5127    16     4     5   791   876
   9  478.3538   14.4160    13     5     3   725   460
  10  389.9624   16.0054    15     4     4   708   381
  11  405.6741   16.9107    14     4     4   812   395
  12  152.6375   18.4268    18     5     5   849   154
  13  840.3641   20.2725    16     5     4   793   814
  14  441.0215   20.5448    15     4     5   731   432
  15  930.7313   22.0480    14     4     4   702   906
  16   15.1965   22.0531    14     4     4   677    19
  17  290.5818   23.9845    15     5     4   761   287
  18  600.2781   24.9145    16     5     4   809   593
  19    6.5368   25.4779    13    10     2   266     8
  20  300.2108   26.2047    15     5     5   807   296
  21  721.8675   27.1025    14     4     4   774   719
  22  831.3947   27.9591    16     5     4   844   812
  23  570.9568   28.4856    12     4     3   676   558
  24  277.9951   28.7977    14     4     4   748   277
  25  996.8931   29.4544    15     4     5   786   971
  26  497.5872   31.0538    16     5     4   745   492
  27  365.3209   32.2283    11     4     3   618   355
  28   38.7481   32.6324    15     4     4   807    49
  29  550.1010   32.6715    14     4     4   764   542
  30  774.2242   33.7670    14     4     4   818   761
  31  204.4646   36.0605    14     5     4   677   197
  32  282.4634   38.5759    18     5     5   891   282
  33  314.8373   38.6476    15     5     4   814   313
  34  915.8216   39.7607    16     5     5   816   887
  35  143.3422   39.8156    17     5     5   867   146
  36  774.8549   41.0954    13     4     4   733   762
  37  472.2926   42.2776    13     4     4   728   452
  38   57.8353   42.9566    17     5     4   838    66
  39  241.0872   43.6639    18     5     5   851   236
  40  940.0806   45.7343    14     4     5   810   917
  41  925.6086   47.6294    16     5     5   786   898
  42  413.2427   47.7492    14     4     4   754   400
  43  493.1900   48.4149    17     5     5   828   481
  44  244.7218   48.8457    13     3     5   671   241
  45  879.2281   50.3847    14     5     3   721   854
  46  997.2377   50.4308    12     4     3   669   973
  47  821.9095   53.5706    17     5     5   822   804
  48  911.9009   55.3426    13     4     4   816   881
  49  960.7274   55.4932    13     5     3   715   936
  50  181.1470   57.4150    16     4     5   854   178
  51  639.5260   60.6979     9     3     3   666   634
  52   82.5559   61.8622    12     3     4   675    95
  53  346.2542   62.3593    16     4     5   750   339
  54  871.0947   62.7824    17     4     5   772   844
  55  582.4799   64.5000    15     5     3   697   576
  56  166.1875   65.0263    14     4     4   748   168
  57  785.0604   65.2037    18     5     5   892   771
  58 1006.3477   65.9899    14     4     4   685   981
  59  727.0124   66.6334    16     4     5   767   722
  60  938.2802   66.7833    16     5     5   806   915
  61  682.8567   67.0717    17     5     4   756   672
  62  226.1709   67.0755    14     4     4   696   220
  63  667.7712   68.8056    15     4     4   762   657
  64  543.8054   69.1558    15     5     4   795   534
  65  325.0052   69.2094    14     4     4   811   325
  66  586.3318   69.6159    12     4     3   655   579
  67  790.5581   73.9688    15     5     4   856   776
  68  699.5313   77.2527    16     5     4   799   689
  69  860.7115   77.4369    11     4     3   649   834
  70  189.4526   77.4745    11     4     3   658   188
  71  413.8840   78.0700    13     4     4   716   402
  72  900.5901   79.8730    12     3     4   675   871
  73   76.8681   80.2044    16     4     5   725    87
  74  236.1998   82.2096    15     5     4   763   229
  75  355.8076   85.3099    16     4     5   807   344
  76  565.8297   85.4859    15     4     5   787   553
  77  597.8295   85.8295    15     5     5   757   590
  78  721.7897   86.4502    12     4     3   662   717
  79  224.4591   88.2693    17     5     5   855   215
  80   24.5399   90.3308    11     3     4   636    32
  81  212.4016   92.0354    12     3     4   699   204
  82  438.5177   92.1292    15     5     4   773   428
  83  918.5980   92.7181    11     3     4   651   890
  84  473.6540   93.5352    14     3     5   822   455
  85  830.2986   93.8390    17     5     5   875   811
  86  496.7090   94.0938    14     4     4   652   490
  87  689.6121   94.1563    12     3     4   664   681
  88  180.9399   94.4189    16     4     5   801   177
  89  683.0580   95.0439    14     4     4   778   673
  90  999.6856   95.4052    10     4     3   585   976
  91  302.2404   95.6463    13     4     4   704   300
  92  237.1040   99.8991    14     4     4   784   232
  93  741.2819   99.9078    14     4     4   704   730
  94   67.7453  101.4581    15     5     5   794    78
  95  671.3730  102.4365    16     4     5   774   662
  96  870.7850  102.4486    17     5     5   812   841
  97  437.3305  102.7404    15     4     5   799   426
  98  287.3474  102.8100    16     5     5   802   285
  99  856.9902  104.0668    15     4     4   764   830
 100 1016.4309  104.2319    11     3     4   703   990
 101  416.7607  104.7338    14     4     4   773   405
 102  224.2491  106.7825    14     5     4   678   214
 103  322.1242  106.8931    17     5     4   806   320
 104  125.6758  107.6682    15     5     5   810   127
 105  185.9626  109.6059    12     4     3   762   183
 106  239.5219  112.0410    12     3     4   669   234
 107  936.0451  112.3958    15     4     5   726   913
 108  634.6204  114.2913    14     4     4   763   626
 109  578.1587  114.4691    15     5     4   862   572
 110  518.5878  115.0663    12     3     4   678   512
 111  707.6316  116.9173    14     4     5   763   700
 112 1014.6597  117.9109    16     5     4   805   987
 113  411.5448  119.5282    15     5     5   753   399
 114  871.0385  122.7275    14     4     4   751   843
 115  299.2376  122.8163    15     5     4   817   294
 116  851.3947  123.8234    16     5     4   834   824
 117  893.0160  124.0929    15     4     4   774   865
 118  322.2058  124.9592    17     5     4   758   321
 119   36.8742  125.2894    17     5     5   830    47
 120  293.6698  125.8260    14     4     5   729   290
 121  946.3245  126.4937    15     5     5   788   922
 122    5.6245  126.6302    12     4     4   650     5
 123  827.1505  126.9142    14     4     4   758   808
 124  759.1905  127.6265    12     4     3   721   741
 125  821.9094  129.4604    17     5     5   827   803
 126  450.4428  130.1154    12     3     4   627   437
 127  949.8892  130.3469    15     4     5   777   926
 128    5.6245  130.4157    10     4     3   598     4
 129  573.8612  133.1009    15     4     4   784   562
 130  495.0498  135.2897    14     4     4   682   486
 131  546.8202  135.5377    14     4     5   724   537
 132  487.0746  135.6027    14     4     4   763   472
 133  291.1786  136.2700    13     4     4   743   288
 134  934.1346  137.7007    14     4     4   753   910
 135  206.0072  137.7026    14     4     4   767   198
 136  633.1999  138.5659    18     4     5   893   621
 137  961.4048  138.7500    17     5     5   842   937
 138  905.8146  140.0026    14     4     4   709   873
 139  438.7332  141.0336    14     4     4   706   429
 140  249.7151  142.5251    14     4     5   698   248
 141  269.3994  143.7238    18     5     5   886   273
 142  257.2252  145.7852    13     4     4   705   255
 143  387.8280  146.8139    14     4     4   707   379
 144  347.3552  147.2033    14     4     5   858   340
 145  519.6396  147.7518    18     5     5   875   514
 146  118.8238  148.8000    16     4     5   790   122
 147   29.0941  149.2087    14     4     4   751    35
 148  266.6005  149.5073    11     4     3   657   268
 149  261.3617  149.8252    12     3     4   655   260
 150  840.5408  150.0372    15     5     4   714   816
 151  185.7589  150.1205    14     4     4   812   182
 152  455.5937  150.8457    11     3     4   729   441
 153  671.5327  151.1215    14     5     4   782   664
 154  522.6903  153.5336    13     4     4   666   517
 155    6.9038  153.7500    17    10     2   274    12
 156 1016.6068  153.9288    12     3     4   710   991
 157  402.1455  153.9291    12     4     4   670   393
 158  222.0689  154.8317    14     4     4   764   212
 159  320.7627  156.1051    13     4     4   758   316
 160  731.0222  156.6583    18     5     5   900   725
 161   81.9128  159.4419    14     4     5   811    94
 162  616.8097  160.3142    16     4     5   838   609
 163  856.2750  160.6475    17     5     5   841   829
 164   83.5370  162.0040    13     4     4   751    98
 165   16.4412  163.6563    15     5     4   745    24
 166  957.3208  164.7211    14     4     4   737   932
 167  813.6678  164.8374    16     5     4   732   797
 168  930.9288  165.1301    15     4     4   761   907
 169  148.4417  165.4858    19     5     5   825   150
 170  549.4379  167.4868     9     3     3   621   540
 171  174.5000  169.6396    17     5     5   872   173
 172  771.3866  170.9920    16     5     4   786   755
 173  371.5144  172.5576    15     5     3   706   365
 174  633.7928  172.8440    16     5     4   785   624
 175  228.8015  175.1864    17     5     4   830   222
 176  425.6055  176.0844    14     5     4   756   414
 177  553.1425  176.0890    14     4     4   775   544
 178  865.5819  176.2218    17     5     4   817   838
 179  356.4204  176.4394     9     3     3   668   345
 180  607.4507  176.4924     9     3     3   617   600
 181  925.0820  176.9566    16     4     4   782   897
 182  256.2028  177.2598    14     4     4   702   254
 183  810.4569  177.4609    11     3     4   621   791
 184   93.9459  178.5178    17     5     5   845   105
 185  964.6090  178.8190    18     5     5   923   940
 186   43.1772  179.5861    16     5     5   764    51
 187  391.2884  181.1438    14     4     4   693   383
 188  231.0706  183.1737    15     4     4   809   226
 189   54.5640  186.5707    22     5     6  1549    58
 190  737.9571  188.3267    15     4     5   802   727
 191  413.8667  188.7300    15     5     5   750   401
 192  501.8816  190.6530    12     4     3   728   499
 193  688.3900  191.2750    14     3     5   740   677
 194  828.4880  191.7582    14     4     4   721   810
 195  622.1441  192.1538    16     5     5   781   615
 196  780.8809  193.3610    15     4     5   704   767
 197  172.5480  193.4164    15     3     5   796   172
 198   80.9712  193.4471    15     4     5   774    93
 199   55.7133  194.6581    13     4     4   655    62
 200  665.0115  194.7082    12     4     4   730   654
 201  263.0127  196.8005    16     4     5   749   263
 202  933.7595  199.3928    14     5     4   849   908
 203  314.1197  200.3035    17     4     5   801   312
 204  169.9864  203.0481    14     4     4   691   170
 205  177.7122  203.3987    10     4     3   623   175
 206  422.8083  203.6517    15     5     4   763   410
 207  244.4789  204.6719    10     3     4   670   239
 208  984.6130  204.9801    12     4     4   722   960
 209  773.3090  206.0676    12     3     4   675   757
 210  316.6563  207.3964     9     3     3   621   314
 211   65.4400  209.1904    15     5     5   767    74
 212  240.3465  209.4865    14     5     5   733   235
 213  995.8207  210.8041    17     4     5   831   970
 214   21.3202  212.9983    15     5     4   734    29
 215  395.3455  213.3455    16     5     5   788   385
 216  475.1415  213.4167    14     4     5   776   456
 217  923.5848  214.6488    18     5     5   852   895
 218  375.4409  214.6513    15     5     5   725   369
 219  269.3752  216.9566    16     5     4   793   272
 220  684.2537  216.9584    14     4     4   753   674
 221  192.5700  217.0183    15     5     4   750   192
 222  172.4737  219.7868    15     5     5  1102   171
 223  768.3533  219.9529    14     4     4   692   751
 224  277.1809  220.3822    17     5     5   781   275
 225   14.3616  221.0556    12     3     4   633    18
 226  200.4033  221.4554    13     5     3   668   196
 227  302.2483  221.7014    13     4     4   706   301
 228  404.8011  222.2005    15     5     4   781   394
 229  121.7777  223.4891    17     5     5   811   125
 230  663.5059  224.1540    17     5     5   852   651
 231   29.7396  224.4566    16     4     5   736    37
 232  920.1635  225.3231    14     5     4   773   894
 233  130.4631  226.5184    15     5     3   747   135
 234 1008.7998  226.5711    11     4     3   687   983
 235  447.3949  226.5725    14     5     3   692   435
 236  107.0989  228.3438    17     5     5   868   113
 237   63.3936  229.9315    17     5     5   856    71
 238  876.7015  230.4634    12     4     3   666   852
 239  116.5207  235.7367    15     5     4   826   119
 240  615.9701  235.7598    14     4     4   725   606
 241  968.3877  238.1187    16     5     4   792   945
 242  208.6083  238.6872    16     4     7   705   199
 243  628.3941  239.4635    15     5     3   726   618
 244  527.2923  240.0735    14     4     4   766   522
 245  751.8133  240.9506    14     4     4   788   737
 246  211.6481  242.0593    13     4     4   670   201
 247  871.7905  242.3823    17     5     5   824   846
 248   94.8267  242.8544    15     5     5   799   106
 249  493.5227  244.2974    16     5     4   777   482
 250  366.4285  244.3732    16     5     4   775   358
 251  160.9185  244.5344    12     4     3   672   161
 252  875.8321  244.5808    12     4     3   677   851
 253  127.5801  244.6309     9     3     3   602   129
 254 1013.9393  245.4121    16     4     5   786   984
 255  361.6277  245.9942    12     3     4   723   351
 256  218.8067  246.3374    17     4     5   822   208
 257  919.9788  248.8693    14     4     4   706   892
 258  592.9638  249.4291    14     4     5   761   583
 259  517.9761  249.7080    14     4     4   789   511
 260  713.2881  252.3581    14     5     3   711   704
 261  571.1091  252.6174    12     4     4   716   559
 262  659.1031  256.4845    15     4     5   795   649
 263  349.7888  256.8523    17     5     5   769   341
 264  148.7322  256.9263    14     5     4   717   151
 265  458.4332  257.2179    14     5     4   739   444
 266  132.7383  258.7139    11     3     4   685   139
 267  187.1328  258.7782    15     5     4   779   185
 268  100.7625  261.0803    12     4     4   718   108
 269  873.8398  262.1804    21     6     4  1399   849
 270  397.0288  262.2885    14     4     4   764   388
 271  216.3506  262.6775     9     3     3   659   207
 272  815.4646  262.8541    14     5     4   733   798
 273  458.4630  263.2239    16     5     5   754   445
 274  679.7966  264.8031    12     4     4   737   670
 275  355.7965  264.9162    13     4     4   673   343
 276  936.5708  265.4673    12     3     5   671   914
 277   57.6380  265.8592    18     5     5   890    65
 278  219.5182  266.1682    14     5     4   800   210
 279  303.7428  266.5764    12     4     3   709   302
 280  691.4361  267.7245    14     5     4   688   682
 281  299.8483  268.9810    14     4     4   720   295
 282  812.1160  269.0096    17     5     4   847   794
 283  714.4380  271.3365    15     5     4   731   708
 284   34.4392  271.5411    15     5     3   759    43
 285  480.4589  274.8715    16     5     4   841   463
 286  693.6695  275.0503    14     4     4   736   684
 287 1020.0448  275.7384    12     4     4   678   994
 288  843.1671  276.4612    17     5     5   891   817
 289  957.4081  276.5936    14     4     5   706   933
 290  222.2750  278.0482    14     4     4   700   213
 291  669.2827  279.8935    17     5     4   851   660
 292  128.1422  281.2394    13     4     5   675   131
 293 1020.9668  281.3636    14     4     4   712   995
 294    6.5552  281.4586    14    10     2   285     9
 295  797.4540  282.9286    15     5     4   780   780
 296  940.4482  283.2145    12     3     4   719   918
 297  487.0744  284.0072    14     4     4   765   471
 298  421.2568  284.4863    13     5     3   714   408
 299  136.2569  285.0972    14     4     4   716   141
 300  267.7266  285.3022    14     4     4   696   270
 301  729.8969  286.6976    13     4     5   702   724
 302  599.0116  286.7575    14     4     4   742   591
 303  664.6181  287.3673    18     5     5   798   653
 304  350.4893  291.8196    16     5     5   814   342
 305  764.0631  291.9306    14     4     5   774   750
 306  700.3408  292.1640    15     5     4   778   690
 307  261.3097  294.7910    11     3     4   646   259
 308   53.0873  295.8210    15     4     5   717    55
 309  722.5090  297.1502    16     5     4   829   720
 310  243.6767  298.5532    12     4     3   703   237
 311   32.3731  301.6642    13     3     5   666    41
 312  760.4244  304.1029    13     3     5   752   743
 313  971.3000  306.1614    11     3     4   615   948
 314  369.9354  311.1790    14     4     4   813   360
 315  969.7118  311.5494    13     5     3   758   947
 316  714.4415  315.1070    14     5     4   738   709
 317  986.8689  317.4773    16     4     5   732   963
 318  480.2615  317.6789    16     5     5   747   462
 319  460.5320  317.7090    15     4     5   681   448
 320  439.4938  318.2407    17     5     5   818   430
 321  979.4549  318.9493    15     5     4   771   955
 322  281.0194  319.2377    14     4     4   708   281
 323  423.8182  321.2975    17     4     5   896   413
 324  883.5033  321.5682    16     5     5   761   858
 325  639.1964  321.7079    14     4     4   746   631
 326   92.6227  323.8352    16     5     5   861   103
 327   15.6843  324.3927     9     3     3   649    21
 328  423.3919  325.2982     9     3     3   645   411
 329  809.7945  325.8151    14     4     4   724   790
 330   37.6392  325.8373    11     3     4   620    48
 331  596.1392  325.9725    13     5     4   712   588
 332  617.0165  326.6352    16     4     5   737   610
 333  669.4061  326.6545    16     5     5   788   661
 334  548.2745  326.9860    14     4     4   712   539
 335  396.4196  328.6828    13     3     5   677   387
 336  321.7010  330.4101    15     4     5   762   318
 337  935.4324  330.6473    11     3     4   687   911
 338  493.9895  331.6898    18     5     5   944   483
 339  959.9296  334.7587    24     6     6  1469   934
 340  258.0829  335.7155    15     4     5   795   256
 341  696.8227  336.9121    15     5     4   810   687
 342   16.5390  337.3115    15     5     4   739    25
 343  934.1264  337.3595    14     4     4   745   909
 344  132.3876  338.7624    13     4     4   717   138
 345  395.7807  339.8895    15     5     4   720   386
 346  534.5154  341.0246    16     5     4   810   527
 347  593.4079  344.7105    15     4     5   682   584
 348  369.9400  346.6037    16     4     5   835   361
 349 1003.7946  347.1704    14     4     4   768   979
 350  191.0344  349.2837    17     5     5   896   190
 351  811.4361  351.2664    17     5     4   812   793
 352  488.6811  352.5801    14     5     3   764   477
 353  305.7385  353.2721    14     5     5   706   308
 354  773.6630  353.2806    15     4     5   788   760
 355  753.8545  353.5555    17     5     5   909   738
 356  728.9556  353.6441    16     4     5   757   723
 357  337.5088  353.9496    16     5     4   845   337
 358  913.5363  354.2069    14     3     5   802   883
 359   35.5652  355.5904    17     5     5   845    45
 360  244.7998  355.9051    14     4     4   767   242
 361  864.3587  358.0698    13     4     4   753   836
 362  638.4020  359.5700    16     5     5   803   630
 363  540.7351  360.6567    13     4     4   717   533
 364  146.7646  361.2045    15     4     4   766   148
 365  926.6484  365.2996    13     4     4   669   899
 366  954.4896  365.9365    14     4     4   715   929
 367  224.7628  370.0901    15     5     4   755   217
 368   73.2471  370.9226    13     4     4   731    84
 369  575.8904  371.7315    15     4     5   798   569
 370  611.3116  374.9446    14     4     4   745   603
 371  326.5739  376.0569    17     5     5   847   327
 372  678.0719  376.2600    17     4     5   845   667
 373  899.3728  376.7687    14     3     5   769   869
 374  300.2936  378.6604    15     5     4   867   297
 375   84.0046  378.9404    14     4     4   794    99
 376  186.7574  379.9000    13     4     4   705   184
 377  798.7701  379.9344    16     5     4   793   783
 378  588.7511  380.6195    16     5     5   821   581
 379   10.4321  381.9268    12     3     4   694    16
 380  448.4287  386.7109    16     5     5   805   436
 381  505.2273  387.4078    16     4     5   941   503
 382  162.6527  388.4437    15     5     4   772   164
 383  810.6024  391.7121    12     3     4   667   792
 384   78.2183  392.5336    12     4     3   656    90
 385  496.0787  394.6003    17     4     5   818   488
 386  980.4000  395.4738    15     3     5   760   956
 387  517.1518  395.5806    16     4     5   743   510
 388  808.4982  396.4199    15     5     3   712   789
 389  698.9161  396.7686    14     4     4   784   688
 390  478.3591  397.5962    12     4     3   702   461
 391  175.5315  404.2865    17     5     5   868   174
 392    1.9069  404.3549     7     2     4   387     1
 393  840.4047  406.1202    16     5     4   842   815
 394  562.3821  408.4071    14     3     5   700   549
 395  130.4065  409.0055    15     5     4   781   134
 396  492.4098  409.2429    14     5     4   739   479
 397    7.2547  409.7736    16     9     2   266    14
 398   66.4216  410.2345    15     5     4   813    75
 399  567.0791  410.3678    14     4     4   715   555
 400   34.9073  412.2696    17     4     5   769    44
 401  895.5260  414.3391     9     3     3   668   868
 402  755.9667  417.2800    15     4     5   750   740
 403   24.2990  418.9271    14     4     4   737    31
 404  428.8878  419.3365    14     4     4   764   418
 405  652.0549  419.6914    14     4     4   814   646
 406  456.3719  419.9109    15     5     4   790   442
 407  156.3881  420.5472    16     5     5   732   158
 408  705.2651  420.8312    14     4     4   753   696
 409  321.4574  421.4820    17     5     5   780   317
 410  564.6246  421.8435    16     5     5   818   552
 411   30.5799  421.9826    17     5     5   858    39
 412  247.2483  422.0759    14     4     4   720   245
 413  630.9266  424.0461    14     4     4   801   620
 414   55.4964  425.5507    15     3     5   702    61
 415  429.6686  428.7431    13     4     4   640   419
 416  537.6769  429.6750    14     5     4   677   530
 417  912.9197  430.1455    14     4     4   738   882
 418  262.3336  431.4151    16     4     5   761   261
 419  935.7995  431.9799    13     4     4   751   912
 420  633.3881  432.1780    14     5     4   730   622
 421  706.1963  433.4162    12     4     4   693   697
 422  693.8711  433.7131    13     4     4   712   686
 423  370.0887  434.2479    15     4     5   753   362
 424  325.3405  435.6509    15     4     5   733   326
 425  161.6366  435.9699    16     5     4   841   162
 426  917.0775  436.5326    13     4     4   743   888
 427  435.6458  437.8511    15     5     4   788   423
 428  623.4505  438.4925    17     5     5   836   616
 429   76.0220  438.7830    14     4     4   709    85
 430  499.3523  439.2776    15     4     5   739   494
 431  266.6993  440.3877    16     4     5   712   269
 432  713.7901  441.6636    14     5     4   788   706
 433  738.1722  442.0639    14     4     4   805   728
 434  331.9150  442.3127    14     4     4   834   334
 435  763.4952  442.7343    15     5     4   773   748
 436  322.1180  443.9350    17     5     4   793   319
 437   68.4416  445.8488    12     3     4   702    79
 438  305.2321  447.0944    17     5     5   853   306
 439  312.8176  447.7868    13     4     4   681   310
 440  417.8622  447.8518    14     4     4   717   406
 441  528.6728  448.5000    19     5     5   896   523
 442  812.9322  449.1525    18     5     4   888   796
 443  917.1156  449.8274    14     4     4   754   889
 444  647.9913  450.9860    13     4     4   702   641
 445  116.9617  451.0583    14     4     4   740   120
 446  400.0057  451.4005    13     4     4   743   392
 447   91.5062  454.3344    10     3     4   583   102
 448  497.7638  455.3010    14     5     4   758   493
 449  602.2086  455.5000    12     4     3   652   595
 450  939.4667  456.6350    14     3     5   651   916
 451  693.7445  459.5942    11     4     3   609   685
 452  711.4138  460.4840    11     3     4   609   703
 453  990.2766  462.0079    14     4     4   713   966
 454   29.0923  463.6380    14     4     4   763    34
 455  926.9721  464.0209    13     4     4   704   900
 456  823.2432  464.8180    13     4     4   718   805
 457  532.7294  467.6046    14     4     5   685   524
 458  118.9296  468.4561    12     4     3   667   123
 459  324.4930  468.4577     9     3     3   658   324
 460  259.0963  469.4572    15     5     5   804   257
 461  719.7375  469.6855    13     4     4   669   714
 462   55.2453  472.5957    13     4     4   715    60
 463  494.8459  472.6377    14     4     4   750   484
 464  635.6404  473.1704    12     3     4   654   628
 465  579.7434  473.2968    15     5     4   721   574
 466  717.3531  473.8703    16     5     4   800   712
 467  616.4538  474.0908    13     3     5   714   608
 468  788.0978  476.8464    12     4     4   657   773
 469  639.2119  476.9284    14     4     4   796   632
 470  891.2398  478.6877    13     4     4   668   863
 471  182.6138  480.6815    16     5     5   810   180
 472  878.6920  482.0464    14     4     4   786   853
 473  946.8314  482.2197    15     5     4   835   924
 474  590.2183  482.5746    12     4     3   656   582
 475  854.0403  482.7844    14     4     4   773   825
 476  523.0866  482.9787    14     4     4   798   518
 477  159.5407  483.0065    13     4     4   744   160
 478  487.0719  483.0588    14     4     4   752   470
 479  988.2264  485.5375    16     4     5   774   965
 480  604.6629  485.6518    16     5     5   786   596
 481  557.0772  486.5491    12     4     3   690   546
 482  891.6852  486.7796    12     3     4   703   864
 483  574.2539  487.0712    14     4     4   786   564
 484  763.5234  487.4451    22     6     5  1458   749
 485  359.4513  487.6494    16     5     4   776   347
 486  846.4012  488.0772    14     4     5   788   818
 487  743.6431  489.0872    14     4     4   685   732
 488  513.2546  489.2582    14     4     5   686   507
 489  967.2133  490.6923    13     4     4   702   944
 490  702.9177  491.1161    13     4     4   750   694
 491  487.0775  491.3021    14     4     4   701   473
 492  954.9681  491.8423    13     4     4   726   930
 493    1.8390  491.9863     8     2     4   372     0
 494  645.3708  492.1342    16     5     5   756   637
 495  763.4775  492.8806    16     5     4   738   747
 496   62.8362  493.2671    16     5     5   847    70
 497  164.8304  494.6268    16     4     5   720   167
 498  904.7397  495.3173    11     4     3   619   872
 499  154.5365  495.3713     9     3     3   665   155
 500  706.5453  498.0302    12     3     4   716   699
 501  964.6947  498.6898    17     5     5   776   941
 502  784.3377  499.3014    13     5     3   709   770
 503  181.8002  499.6030    13     4     4   703   179
 504  804.2179  503.1946    13     4     4   644   787
 505  268.2093  503.2771    17     5     4   834   271
 506  500.3304  504.2203    13     4     4   702   495
 507  585.1821  504.5155    12     4     3   702   577
 508  213.5927  505.1708    13     4     4   777   206
 509  265.1070  505.8044    12     4     4   662   266
 510  718.9494  509.3718    14     5     4   772   713
 511  663.8752  510.1263    17     4     5   847   652
 512  459.5662  510.4054    17     4     5   804   446
 513  796.9064  510.9448    15     4     4   775   779
 514  544.3731  511.3165    14     3     5   723   535
 515   90.7101  513.5185    12     4     3   715   101
 516   64.7690  515.3866    15     4     5   741    73
 517  972.7671  518.8303    13     4     4   684   949
 518  609.9452  519.7750    14     4     4   769   601
 519  323.5237  519.8983    16     5     4   750   323
 520  473.5657  521.0943    12     3     4   714   453
 521   15.4456  521.8632    12     3     4   690    20
 522  665.9261  522.2026    14     4     4   715   656
 523  963.9689  526.0705    13     4     4   740   939
 524  209.8627  526.7657    14     4     4   697   200
 525  606.2553  528.5042    17     5     5   877   599
 526   54.8797  529.2324    17     5     5   839    59
 527  397.6495  529.3282    15     4     5   732   389
 528  251.6956  529.7580    17     5     5   891   249
 529  380.0290  531.6293    13     4     4   803   373
 530  244.5849  532.3132    12     3     4   650   240
 531  232.3731  533.6117    17     5     5   895   228
 532  224.5685  534.0048    16     5     4   788   216
 533  982.6760  534.7124    17     5     5   829   958
 534  427.3099  534.9369    14     4     4   703   416
 535  581.9379  537.2345    16     4     5   804   575
 536  329.5054  537.4478    15     3     5   706   332
 537    6.4858  537.4716    14    10     2   281     7
 538  105.3793  537.6273    16     4     5   765   111
 539  459.7109  538.1741    13     4     4   756   447
 540  575.2324  538.3411    16     4     5   758   567
 541  363.2608  538.5417    17     5     5   818   352
 542  484.9389  538.5526    17     5     5   874   468
 543  990.3714  541.1846    15     4     5   819   967
 544  378.3664  541.2894    12     3     4   704   370
 545  184.4222  541.4768    16     5     5   764   181
 546  262.6831  541.7314    11     3     4   689   262
 547  303.9019  543.9111    14     4     4   787   304
 548  880.7778  544.6714    15     5     4   780   855
 549   70.9216  546.0226    15     4     4   724    81
 550  761.8120  551.3070    16     4     5   849   745
 551  953.8415  552.0634    15     4     4   718   928
 552  219.1563  552.3560    16     5     5   806   209
 553  688.8443  553.3791    12     4     3   666   679
 554  867.2764  553.3821    11     4     3   602   839
 555  772.7284  553.9874    14     5     4   696   756
 556  487.7935  554.6007    11     4     3   696   476
 557  179.9550  555.9658    18     5     4   824   176
 558  643.5420  556.3726    15     4     5   817   636
 559  525.4017  557.2734    17     5     4   801   520
 560  942.3233  559.1701    16     5     4   839   919
 561   67.2365  559.3782    17     5     5   876    77
 562  279.6530  561.9042    15     4     6   771   280
 563  660.8952  563.4563    15     5     4   813   650
 564  303.7478  563.5086    12     4     3   701   303
 565  380.5064  565.1312    17     5     5   791   374
 566  279.2905  565.9341    11     3     4   702   279
 567  819.7548  566.4498    12     3     5   638   801
 568  648.9006  566.7276    14     4     5   764   643
 569  524.4887  567.8192    15     5     4   858   519
 570   20.1080  568.4655    14     4     5   691    27
 571  848.1199  569.6775    18     5     5   935   821
 572  746.6178  571.9903    14     4     4   709   733
 573  386.4575  574.5776    18     5     5   863   378
 574  331.8448  575.5866    17     5     5   840   333
 575    3.9704  577.7628    12     4     4   626     2
 576  803.2532  578.4244    17     5     5   871   786
 577  776.8787  578.4249    17     5     5   809   765
 578  379.6888  579.1367    12     3     4   676   372
 579   64.5000  579.9613    12     3     4   662    72
 580  930.5269  580.0341    14     5     4   771   905
 581  786.8661  583.9322    13     4     4   720   772
 582  985.8317  583.9563    12     4     4   738   962
 583  881.6843  584.8913    14     4     4   715   856
 584  802.7166  585.0927    16     5     4   737   785
 585  634.4640  585.5549     9     3     3   618   625
 586  192.0239  585.8567    15     4     4   862   191
 587  265.8593  587.0831    14     5     4   730   267
 588  613.7311  590.1033    14     4     4   750   604
 589  454.3229  592.3524    15     4     5   726   439
 590  755.0097  596.4359    16     4     5   831   739
 591  576.5000  597.7633    15     3     5   788   570
 592  246.9049  598.6626    13     4     4   745   244
 593   41.1399  598.7347    14     4     4   762    50
 594  706.4470  599.0093    12     3     4   762   698
 595  747.2282  599.2812    13     4     4   715   734
 596  237.0412  599.8539    14     4     4   674   231
 597  211.8323  601.1693    17     5     5   814   203
 598  122.4932  601.1876    12     3     4   709   126
 599  915.1178  601.2266    17     5     5   832   885
 600   58.1623  601.4971    17     4     5   860    67
 601   72.2465  601.8164    15     4     5   722    82
 602  585.5556  603.4598     9     3     3   612   578
 603  107.2203  603.7653    14     5     4   762   114
 604  149.3274  604.7735    11     3     4   695   152
 605  434.8448  605.2586    18     5     5   876   422
 606   82.6950  605.6580    14     4     5   735    96
 607  239.4628  605.6684    14     3     5   704   233
 608   12.3042  607.3059    14     5     3   753    17
 609  526.0304  609.2827    16     4     5   818   521
 610  579.1913  609.9469    14     4     4   762   573
 611  532.7388  610.0561    14     4     4   764   525
 612 1000.3732  610.9121    17     5     5   864   977
 613   15.7762  611.2341    13     4     4   713    22
 614  881.7492  611.4888    16     4     5   786   857
 615  740.8937  612.2571    13     4     4   760   729
 616  197.2679  612.5149    15     5     3   822   195
 617  801.5936  612.6109     9     3     3   667   784
 618  648.1778  614.1762    13     4     4   760   642
 619  600.6270  614.4437    18     5     5   802   594
 620  163.9622  616.2100    14     4     4   709   165
 621  854.8766  617.0176    14     4     4   764   827
 622  478.2756  617.0201    14     4     4   813   459
 623  626.9205  619.2370    16     4     5   795   617
 624  432.2508  619.8136    14     4     5   730   421
 625   46.8526  619.8740    12     4     4   727    52
 626  915.4736  620.5627    17     5     5   776   886
 627  345.6700  620.8417    15     5     4   750   338
 628   20.7278  622.3552    12     4     4   638    28
 629  244.2492  622.9407    25     6     6  1498   238
 630  141.0372  623.1030    14     4     4   732   143
 631    6.2762  625.5310    12     4     4   701     6
 632  515.6055  626.6360    14     5     3   699   509
 633  929.0905  627.2926    16     4     5   729   902
 634  847.9340  628.0739    15     4     4   786   820
 635  366.4031  628.3465    14     5     5   759   357
 636  158.3840  629.3498    10     3     4   626   159
 637  283.2120  631.3569    17     4     5   736   283
 638  668.4809  632.1516    17     5     5   902   658
 639  132.0196  633.3944    16     4     5   747   137
 640  453.0485  633.6667    17     4     5   788   438
 641   51.3101  633.7825    14     4     5   756    54
 642  390.0232  635.5821    12     4     3   680   382
 643  382.5236  635.8829    14     5     4   691   376
 644  907.5196  636.5605    14     5     5   752   877
 645   99.3653  636.9610    14     4     4   756   107
 646  438.4920  637.0231    16     5     4   787   427
 647  271.8150  637.9067    15     4     5   804   274
 648  303.9985  637.9111    16     4     5   824   305
 649  997.2317  639.1033    14     4     4   755   972
 650  326.8735  640.4451    24     6     5  1442   328
 651  948.3768  642.0571    14     4     4   700   925
 652  114.6287  643.3272     9     3     3   657   118
 653 1016.6902  643.3333    11     4     3   662   992
 654  496.5898  643.4240    10     4     3   679   489
 655   59.9126  645.6146    16     4     5   858    69
 656  849.2491  646.3993    16     4     5   746   822
 657  674.6225  646.6194    15     4     5   795   666
 658  437.1475  647.2904    14     4     4   679   425
 659  760.7159  651.3920    16     4     5   762   744
 660  914.3634  652.4217    13     5     3   679   884
 661   31.5899  653.0361    16     5     4   783    40
 662    8.2062  655.2663    15     5     5   749    15
 663  557.2199  655.4083    17     4     5   759   547
 664  702.6044  657.1162    12     3     4   714   693
 665  112.7712  660.3480    16     5     5   798   117
 666  466.9256  660.7946    16     5     5   832   450
 667  615.9855  661.4275    12     4     3   672   607
 668  374.5734  662.5885     9     3     3   621   366
 669  136.3848  663.0451    13     4     4   807   142
 670    6.8596  665.7632    18    10     2   294    11
 671  277.3997  668.8146    17     5     5   828   276
 672  681.3267  670.1227    16     5     4   812   671
 673  445.3251  670.8370    14     4     4   689   434
 674  290.2450  671.6542    15     5     4   805   286
 675  375.1357  671.9977    15     5     4   795   367
 676  984.9573  673.9891    14     4     4   737   961
 677   58.3621  677.8455    16     5     5   820    68
 678  950.1656  679.7320    15     5     4   775   927
 679   76.3016  680.0457    16     5     4   805    86
 680  522.2185  680.9536    13     4     4   734   515
 681  769.1733  682.6396    15     4     5   802   753
 682  855.0537  683.0261    14     4     4   754   828
 683  858.7137  684.4266    14     4     4   767   832
 684  154.9053  685.3432    15     4     5   794   156
 685   90.2549  685.3899    16     4     5   723   100
 686  617.6312  686.2700    14     3     5   727   611
 687  962.3000  688.2392    11     3     4   620   938
 688  647.9183  688.6458    14     4     4   764   640
 689  399.7003  691.8041    15     5     5   834   391
 690  870.8159  703.5601    16     5     5   809   842
 691  380.9563  703.8515    14     4     4   655   375
 692  295.4051  705.4678    18     5     5   802   291
 693  557.2952  706.3948    12     4     3   662   548
 694  514.4434  706.7024    13     4     4   713   508
 695  253.5791  707.4116    13     3     5   775   252
 696  477.7085  710.5889    13     4     4   715   458
 697  388.0289  712.5273    16     4     5   782   380
 698  539.5125  713.1364    15     5     4   788   532
 699  713.8528  713.1603    16     5     5   846   707
 700  654.0221  714.4011    15     4     5   807   647
 701  562.3832  717.1248    13     3     5   695   550
 702  827.3382  717.1456    13     3     5   748   809
 703  672.0976  718.0051    16     4     4   744   665
 704 1019.9627  718.4026    15     4     5   766   993
 705  994.8994  718.7539    16     4     5   861   969
 706  100.7662  719.5904    13     4     4   716   109
 707  375.1370  720.2954    14     4     4   702   368
 708  162.4227  721.3864    17     5     5   804   163
 709  781.9171  721.7986    14     4     4   773   769
 710  919.9804  722.7157    16     4     5   772   893
 711  105.9117  724.1983    13     4     4   730   112
 712  500.9886  724.4506    12     4     3   646   497
 713  484.7944  724.6097    14     5     4   833   467
 714  431.8282  725.5374    14     5     4   728   420
 715  297.7220  725.9317    14     4     4   784   293
 716   22.1667  727.0122    14     4     4   755    30
 717  145.8085  730.1879    14     4     4   704   147
 718  762.2961  732.5355    21     5     5  1279   746
 719  599.0120  735.0154    14     4     4   724   592
 720  188.0650  735.9506    15     4     4   727   186
 721  423.7855  736.3948    13     4     5   729   412
 722  606.0972  736.9063    14     4     4   711   598
 723  127.2303  737.9572    14     4     4   748   128
 724  407.4861  738.2043    14     5     4   786   397
 725  671.4442  739.1970    15     4     5   777   663
 726  461.3276  739.5591    16     5     5   769   449
 727  494.8466  740.8298    15     5     4   802   485
 728  700.3501  741.2249    17     5     4   817   691
 729  487.7023  742.0501    13     4     4   659   474
 730  502.7986  742.1051    12     4     4   743   500
 731  993.2943  742.1374    13     4     4   723   968
 732  360.5069  742.4636     9     3     3   667   350
 733   18.4417  742.6709    13     5     4   645    26
 734  407.7017  742.7150    14     5     4   740   398
 735  301.2886  746.2996    12     4     4   664   298
 736  606.0365  746.4033    12     4     3   668   597
 737  725.6873  746.7582    13     4     4   680   721
 738  923.7059  746.7817    17     5     4   816   896
 739  577.5875  749.7875    17     5     5   890   571
 740  246.1797  752.0784    15     4     4   762   243
 741  128.1415  754.3632    16     5     5   796   130
 742   57.1271  755.5761    15     5     4   807    64
 743  574.9871  757.5167    16     4     5   819   566
 744  593.8922  757.5802    15     4     5   711   585
 745  534.6941  758.4694    21     5     5  1421   528
 746  226.6228  760.4175     9     3     3   611   221
 747  983.0105  761.2937    14     4     4   712   959
 748  473.5673  761.2944    12     3     4   655   454
 749  858.6913  761.7094    14     4     4   694   831
 750  595.6930  762.7870    14     4     4   715   586
 751  131.3676  765.6324     9     3     3   611   136
 752  236.8742  765.6812    12     4     3   716   230
 753  504.7642  766.8647    16     4     5   777   502
 754  611.0703  767.4591    18     5     5   913   602
 755  164.4161  767.6997    16     5     5   851   166
 756  893.6225  768.5016    17     5     5   782   866
 757  501.2028  769.2668    14     4     4   749   498
 758  944.7622  769.4261    12     4     3   715   921
 759  793.2329  769.7432    16     5     4   744   777
 760  457.2215  770.4793    16     5     5   835   443
 761  568.3072  770.9303    14     4     4   721   556
 762  407.0089  772.1026    15     4     4   769   396
 763   49.0580  772.4832    16     4     5   755    53
 764  301.4732  773.1100    14     5     4   699   299
 765  910.8523  774.1585    16     5     4   810   879
 766  633.7777  780.6973    17     5     5   829   623
 767  133.7917  781.8014    18     5     5   900   140
 768  228.8940  782.6361    13     4     4   762   223
 769  496.9540  782.9762    14     4     4   770   491
 770  651.3939  783.3391    16     5     4   763   645
 771  393.9725  788.9762    14     4     5   686   384
 772  399.1188  789.5806    17     5     5   852   390
 773   80.5818  789.7423    17     5     5   818    92
 774  147.2652  790.0456    16     5     4   752   149
 775  737.2903  790.1111    13     4     4   688   726
 776  773.4133  791.4268     9     3     3   609   758
 777  574.2211  791.9802    15     4     4   756   563
 778    6.5552  793.4586    14    10     2   285    10
 779  487.7023  794.0164    14     4     4   748   475
 780  427.9348  796.2746    14     4     4   761   417
 781  797.9701  798.5808    18     4     6   848   782
 782  470.9496  798.9938    15     4     4   715   451
 783 1014.1539  801.3373    13     4     4   757   986
 784  336.4823  801.5546    15     5     3   773   336
 785  929.3573  801.7651    16     5     4   854   904
 786  687.5062  801.8240    16     5     4   805   676
 787  797.6350  802.7638    12     4     4   609   781
 788  790.4024  804.2772    17     5     4   785   775
 789  895.0038  804.3194    14     4     4   799   867
 790  384.4256  805.1401    14     5     4   718   377
 791  455.3058  805.7385    13     4     4   717   440
 792  619.5993  807.8381    17     5     5   865   614
 793  946.3274  808.5043    17     5     5   871   923
 794  365.3733  808.6297    16     4     5   831   356
 795  192.8643  809.0938    16     5     4   805   193
 796  689.0519  810.9230    14     4     4   776   680
 797  313.7915  813.5047    16     5     5   798   311
 798  775.2230  813.5515    15     5     5   771   763
 799  357.4069  813.6000    13     5     5   710   346
 800  927.0424  813.6636    16     4     5   820   901
 801  635.2776  814.3403    14     4     4   810   627
 802  759.2799  814.7394    13     4     4   698   742
 803  550.9204  815.1815    14     4     4   837   543
 804  976.0395  817.2969    17     4     5   815   951
 805  260.4038  818.1427    17     5     4   825   258
 806  117.5424  818.6339    14     5     4   730   121
 807  505.4398  819.8787    12     4     4   701   504
 808  806.6889  819.9384    14     4     4   733   788
 809  965.8676  821.5727    17     5     5   899   942
 810  475.9390  822.0665    14     5     4   689   457
 811  823.4081  822.7948    12     3     4   751   806
 812  618.9488  824.3169    14     4     4   697   612
 813  679.3885  825.3213    14     3     5   750   669
 814  368.2140  829.2549    15     4     5   713   359
 815  230.6960  829.5432    17     4     5   864   225
 816  220.3564  830.8420    17     5     5   901   211
 817  425.7166  832.7508    14     5     4   754   415
 818  847.6607  832.7525    15     5     4   760   819
 819  812.5699  833.4316    17     5     5   828   795
 820  505.7049  833.7520    13     4     4   618   506
 821  297.1332  835.3289    15     4     5   717   292
 822  360.0529  836.1571    14     4     4   764   349
 823  490.3526  836.6410    12     3     4   751   478
 824   57.0968  838.2637    16     4     5   837    63
 825  575.3662  838.4631    17     5     5   820   568
 826  500.5766  839.8084    13     3     5   691   496
 827  414.4636  841.3413    11     3     4   715   403
 828   25.9100  841.5040    12     4     3   620    33
 829 1001.6027  842.9515    16     5     4   871   978
 830  370.5889  843.7349    14     3     5   770   363
 831  596.3603  844.8901    15     5     5   837   589
 832  815.8004  845.3433    11     4     3   646   799
 833  665.1506  846.4112    12     4     4   638   655
 834  778.0717  849.2527    14     4     4   698   766
 835  229.4744  851.1212    16     5     4   746   224
 836  988.0335  855.1895    14     4     4   781   964
 837   53.5694  857.2524    17     5     5   804    57
 838  538.5517  857.2807    17     5     5   886   531
 839  702.5056  858.3234    11     3     4   648   692
 840  422.1944  859.5615    12     4     3   673   409
 841  522.3115  860.7492    14     4     4   750   516
 842  317.4665  863.2052    17     5     4   767   315
 843   29.6189  864.6241    11     4     3   682    36
 844  773.4242  867.2153    12     3     4   661   759
 845  504.0638  867.9027    14     4     4   798   501
 846  906.8429  868.7746    14     5     4   770   875
 847  156.0483  869.6275    14     4     4   689   157
 848  518.8012  870.4480    14     4     5   794   513
 849  854.2615  870.6361    15     4     5   804   826
 850  969.6358  874.2890    17     5     5   862   946
 851  905.8186  874.5068    16     4     5   747   874
 852  703.6808  874.7279    15     4     5   681   695
 853  747.7852  874.7833    14     4     4   673   735
 854   79.2731  877.2230    16     5     4   799    91
 855   67.1378  878.8553    14     4     4   717    76
 856  747.9013  880.0462    15     4     4   778   736
 857  248.4688  881.3215     9     3     3   667   246
 858  656.3041  881.5103    11     4     3   692   648
 859   33.4807  881.8360    14     4     4   762    42
 860  213.4738  882.3000    14     4     4   750   205
 861  292.8744  882.9736    14     4     4   765   289
 862 1007.8884  884.0826    16     4     5   814   982
 863  278.5537  884.4557    18     5     5   925   278
 864  871.8328  884.6836    15     5     5   760   847
 865  415.2518  885.2772    14     4     4   692   404
 866  714.5209  886.3151    16     5     4   782   710
 867  194.0864  888.1882    12     4     4   739   194
 868  484.5183  888.4603    13     5     5   785   466
 869  189.4717  888.8906    13     4     4   660   189
 870  875.3254  890.7659    12     4     4   733   850
 871  149.9660  892.3624    15     4     5   753   153
 872  836.2956  894.2853    11     3     4   697   813
 873  225.3004  895.4750     9     3     3   611   218
 874  688.8388  896.8024    14     4     4   689   678
 875  708.5626  896.8043    16     5     4   735   702
 876    5.5671  898.3009    11     4     4   557     3
 877  485.8521  899.6254    14     4     4   762   469
 878  960.4316  899.9642    15     5     4   764   935
 879  211.6577  902.5510    15     5     5   797   202
 880  966.9471  902.8456    16     4     5   840   943
 881  859.5143  905.1513    13     3     5   761   833
 882  708.4076  905.2176    15     5     5   745   701
 883  309.8587  905.5608    17     5     5   828   309
 884  956.6542  906.8084    17     5     5   799   931
 885  721.8632  910.5241    16     4     5   741   718
 886 1005.5265  911.3103    17     5     5   887   980
 887  536.3507  911.3493    16     4     5   870   529
 888  977.6885  911.7278    16     5     5   871   953
 889  226.1415  917.5434    14     4     4   762   219
 890  794.8822  918.0393    14     4     4   802   778
 891  322.6083  919.8338    17     5     5   853   322
 892  647.2925  921.5613    15     4     5   786   638
 893    7.0000  921.7679    17    10     2   282    13
 894  436.7340  922.5384    12     4     3   667   424
 895  781.7022  924.1395    17     5     5   808   768
 896  678.4110  925.4061    15     5     5   768   668
 897  444.4617  926.3021    17     5     4   822   433
 898  641.1450  926.4772    13     5     3   744   635
 899  188.9799  927.0401    14     4     4   788   187
 900  495.7153  928.7137    14     4     5   753   487
 901  668.7867  929.6398    17     5     5   864   659
 902  130.2597  930.2191    15     5     4   741   133
 903  328.7263  931.0020    24     5     7  1517   331
 904  919.8082  932.0767    17     5     5   874   891
 905  630.8213  932.1607    14     4     4   750   619
 906  900.4575  932.6622    14     4     4   658   870
 907  716.3682  937.3202    15     4     5   795   711
 908   72.2993  937.9261    14     4     4   708    83
 909  890.4229  938.8638    13     3     5   688   862
 910  943.7073  940.8679    16     5     4   845   920
 911  109.7366  941.1596    14     4     4   757   115
 912  769.2413  942.8993    14     4     5   716   754
 913  142.7433  944.2757    13     5     3   656   145
 914  285.6682  944.4907    11     4     3   645   284
 915  252.1745  945.1307    14     4     4   825   250
 916 1016.2089  945.4092    13     4     4   714   989
 917  334.4062  946.0421    13     4     4   759   335
 918  547.8447  946.7382    18     5     5   856   538
 919  873.8104  949.1940    14     4     4   810   848
 920  635.8199  949.9066    14     4     4   809   629
 921  647.7264  950.6139    16     5     5   827   639
 922  650.7596  951.5275    15     4     5   878   644
 923  378.4672  952.4984    15     3     5   760   371
 924  571.6014  955.0436    13     4     4   761   560
 925   82.8209  955.9441    14     4     4   757    97
 926   70.6005  957.9418    15     5     4   777    80
 927  566.2326  958.1520    14     4     4   686   554
 928  120.0820  958.8197    13     4     4   740   124
 929  865.2701  961.8266    14     5     5   688   837
 930  440.4938  965.0585    16     5     4   801   431
 931  364.4394  965.8971    16     5     5  1001   353
 932  492.5061  966.0779    17     5     4   831   480
 933  884.4812  966.9474    16     5     4   797   859
 934  999.6358  967.6090    10     4     3   623   975
 935  890.4140  967.9636    12     3     4   655   861
 936  869.7806  968.1865    16     4     5   798   840
 937  142.6744  969.8594    16     5     5   825   144
 938  556.5673  971.0387    16     5     5   858   545
 939  264.8514  971.4058    13     5     3   756   264
 940  481.3536  972.6711    10     3     4   585   464
 941  713.7192  972.6872    15     5     4   743   705
 942  327.0453  972.6877    14     4     4   758   329
 943  825.2219  973.9453    16     5     4   800   807
 944 1013.9397  975.2713    14     4     4   704   985
 945  816.0363  977.8570    18     5     4   883   800
 946  365.1888  979.2196    14     4     4   757   354
 947  248.4690  980.0493    12     3     4   668   247
 948  776.8139  980.8091    13     4     4   764   764
 949  821.2382  981.0677    15     4     4   807   802
 950  483.2939  981.5336    17     5     5   854   465
 951  849.6806  981.6844    13     4     4   667   823
 952   53.4157  982.2135    16     5     5   907    56
 953  544.9867  982.6884    14     4     4   777   536
 954  574.9863  983.3663    16     4     5   818   565
 955   78.0935  984.1554    14     4     4   819    88
 956  978.1021  986.5030    16     4     5   831   954
 957  595.7182  986.5033    15     4     5   755   587
 958   29.8339  989.4570    12     4     3   701    38
 959   35.7508  989.5815    14     5     4   790    46
 960  588.4073  990.0687    15     5     4   776   580
 961  863.8150  990.9096    14     4     4   721   835
 962   93.0965  991.3628    17     5     5   797   104
 963  887.7962  997.6097    16     4     5   707   860
 964  975.9536 1000.0254    14     4     4   711   950
 965  908.6360 1000.6744    15     4     5   775   878
 966  685.8406 1003.1594    14     4     4   692   675
 967  976.8477 1005.5155    14     4     5   721   952
 968  111.5567 1005.5262    17     5     5   858   116
 969  534.1978 1005.6942    17     5     5   855   526
 970  563.4414 1005.7987    14     4     5   823   551
 971  639.3600 1007.8645    14     4     4   697   633
 972  549.4823 1008.2972    12     3     4   628   541
 973  570.4641 1009.0320    17     5     5   811   557
 974  573.0897 1012.4179    12     4     4   644   561
 975   16.1685 1013.2741    13     4     4   670    23
 976  720.6773 1013.3930    15     4     5   748   716
 977  982.6549 1014.1244    16     5     4   799   957
 978  168.6667 1015.1920    11     3     4   584   169
 979  253.9048 1015.8413    13     4     4   713   253
 980  692.3153 1016.8414    12     3     4   618   683
 981  418.1476 1017.2690    13     4     4   723   407
 982   78.1207 1018.3603    14     4     5   720    89
 983  103.5248 1018.6901    12     2     9   241   110
 984  359.5699 1018.6958    15     2     9   293   348
 985  871.5699 1018.6958    15     2     9   293   845
 986  615.5643 1018.7714    15     2     9   290   605
 987  743.1667 1018.8008    16     2     8   283   731
 988  231.1744 1018.8333    16     2     8   289   227
 989  999.0693 1019.3759    16     2     8   297   974
 990  789.7004 1021.6607    11     4     3   614   774
 991  910.8919 1021.6713    12     4     3   587   880
 992  768.7043 1021.8317    11     4     3   526   752
 993  305.7353 1021.8768    12     5     3   664   307
 994  929.2784 1022.1385     9     4     3   469   903
 995  128.1486 1022.2174     8     4     2   487   132
