1000
   0  287.4972    1.8898     8     5     2   434   283
   1  706.5562    4.5225    16     4     5   783   701
   2  267.6511    5.4225    10     4     3   603   268
   3  279.0804    6.8654    13     4     4   702   279
   4  380.9520    7.0089    15     4     4   712   377
   5 1013.5758    8.1855    16     5     5   780   990
   6  340.4328   11.4015    17     5     5   840   338
   7  898.3554   11.6394    14     5     4   714   871
   8  609.8881   13.7963    16     4     5   781   601
   9  505.0932   14.8452    14     4     4   757   506
  10  480.3515   15.6419    15     5     3   763   463
  11  398.9688   17.0152    15     4     4   775   392
  12  164.5433   17.1765    16     5     5   806   167
  13  413.5749   18.2021    16     5     4   734   400
  14  828.1774   19.3604    14     4     4   763   814
  15   17.5508   19.5762    13     5     3   681    23
  16  923.5417   20.0861    15     5     4   725   900
  17  445.9415   21.7537    16     4     5   767   435
  18  304.6504   24.5996    14     5     3   692   305
  19    6.5368   25.4779    13    10     2   266     6
  20  592.2366   26.2068    16     5     5   832   584
  21  995.2030   26.8731    15     5     4   820   973
  22  313.9112   26.9728    16     4     5   712   313
  23  818.8086   27.1543    14     4     4   759   807
  24  707.8618   27.7880    15     4     5   841   704
  25  292.1679   29.6743    14     4     4   685   288
  26   43.0274   29.7425    14     4     4   705    50
  27  565.2152   30.0409    17     5     5   830   557
  28  497.8108   32.9851    14     4     4   777   495
  29  375.6794   33.5981    12     4     3   711   372
  30  760.3214   33.8107    11     3     4   625   743
  31  545.9717   34.7380    16     4     5   866   542
  32  217.8739   35.5571    14     4     5   806   207
  33  907.7938   37.1916    16     5     4   776   882
  34  154.7153   37.9045    14     4     4   716   158
  35   63.7133   39.4674    17     5     5   845    75
  36  296.1991   39.5914    17     5     5   848   292
  37  327.5770   40.0578    17     5     4   871   327
  38  761.0766   41.0484    14     4     4   780   746
  39  933.9370   42.1857    15     4     4   745   912
  40  254.9488   43.9812    14     4     4   726   254
  41  918.3161   44.1476    14     4     4   787   890
  42  474.5993   45.2124    17     5     4   855   455
  43  995.8689   46.0857    15     4     4   722   975
  44  868.8791   47.5900    16     4     5   838   848
  45  258.6690   49.1299    14     4     4   702   256
  46  420.2625   50.7021    16     5     4   838   406
  47  956.2231   50.9954    16     5     4   810   933
  48  903.7060   51.6067    12     4     3   654   880
  49  493.8953   51.8858    15     5     4   785   485
  50  809.1984   51.9834    14     4     4   833   792
  51  193.8298   55.7656    14     4     4   701   187
  52   90.0101   57.4195    17     5     5   866   101
  53  860.5989   59.4173    14     5     3   757   838
  54 1005.1439   60.3458    13     4     4   759   984
  55  932.1582   61.6994    16     5     5   792   911
  56  178.2359   62.8741    16     5     4   887   175
  57  629.5341   63.9886    15     5     4   678   626
  58  772.0395   64.6003    12     4     3   728   761
  59  357.1299   65.4673    16     4     5   741   346
  60  239.3156   66.8612    13     3     5   656   237
  61  713.9157   68.0370    16     5     4   836   710
  62  576.3268   68.8036    14     4     4   700   570
  63  670.8327   69.6133    12     4     3   667   662
  64  656.5320   71.8582    16     5     5   816   645
  65  336.5867   71.9195    17     5     5   816   334
  66  777.8616   73.2088    14     4     4   765   769
  67  850.1614   73.8508    13     4     4   703   827
  68  579.7468   74.2500    15     5     4   770   573
  69  540.4854   74.3285    13     3     5   678   534
  70   83.7763   74.6645    14     4     4   748    92
  71  892.0747   74.7708    14     4     4   716   868
  72  201.8500   75.7818    16     5     5   820   197
  73  687.3779   79.5680    18     5     5   827   684
  74  249.0836   82.2098    14     4     4   750   243
  75   27.2196   82.9161    14     4     4   700    33
  76  420.2330   83.1922    14     5     4   728   405
  77  911.4039   86.4004    15     5     3   712   884
  78  998.5084   87.3057    12     3     4   712   977
  79  236.9349   87.6725    12     4     3   665   232
  80  709.5357   88.2733    17     5     5   814   706
  81  365.5192   89.8171    13     3     5   704   356
  82  819.2013   90.9012    14     4     4   813   808
  83  224.6696   91.0267    16     5     4   779   214
  84  590.8385   91.3627    11     4     3   627   583
  85  561.0681   91.6143    12     4     3   715   551
  86  192.5000   91.7956    14     5     4   759   186
  87   73.5558   94.1529    12     3     4   676    84
  88 1015.2579   95.4516    12     4     3   657   993
  89  678.5043   97.3725    17     5     5   860   672
  90  861.4434   97.5028    18     5     5   904   839
  91  672.2671   98.5271    15     5     5   777   664
  92  313.4817   98.5382    15     5     5   804   312
  93  442.9362   99.0071    13     4     4   694   432
  94  846.9840   99.4952    15     4     5   776   823
  95  249.2126   99.9023    14     4     4   749   245
  96  475.7879  100.6711    14     5     4   859   456
  97  729.2938  101.1256    14     4     4   717   723
  98  496.9960  101.4984    15     4     5   773   493
  99  134.6161  102.1068    17     5     5   816   140
 100  930.4815  104.4362    12     5     3   716   908
 101  298.9028  105.0184    14     4     4   711   295
 102  235.9358  106.0220    13     4     4   722   228
 103  661.3679  106.6126    15     3     5   763   656
 104  197.0630  106.8869    14     4     4   719   192
 105 1013.5266  108.3223    15     5     4   752   989
 106  441.7181  110.1330    14     4     4   704   429
 107  332.3085  110.9586    15     5     4   693   332
 108  422.4273  111.8207    16     5     5   793   412
 109  251.0388  112.0988    14     4     4   656   248
 110   40.1205  115.8951    14     4     4   717    48
 111    6.6536  116.6490    14     3     5   791    11
 112  862.3452  116.8976    17     5     5   829   841
 113  885.5338  117.1904    14     5     4   702   861
 114  941.7729  117.3278    13     4     4   676   921
 115  842.1203  118.7959    14     4     4   701   820
 116  697.2346  119.9579    13     4     4   665   690
 117    6.6019  120.0902     8     3     3   551    10
 118  626.6310  120.2345    14     3     5   720   621
 119  945.7259  121.0483    13     4     4   679   925
 120  573.4750  122.4088    15     5     3   709   567
 121  817.3500  123.0259    15     5     4   730   803
 122  517.4812  124.1009    13     4     4   769   513
 123  812.1638  125.8983    19     5     5   883   796
 124  309.3619  126.2780    15     5     4   722   307
 125  417.0327  127.4745    12     4     3   670   403
 126  748.7147  127.8876    16     5     4   854   735
 127  929.1062  128.3341    17     5     5   815   907
 128  957.9435  128.4965    16     4     5   735   937
 129  303.9209  128.8973    14     5     4   734   304
 130  331.5884  129.7003    15     5     5   874   329
 131  899.4663  131.7479    12     3     4   713   873
 132  215.8666  135.4095    15     4     5   802   204
 133   31.2905  137.9791    15     5     4   699    38
 134  300.9342  139.4113    15     4     5   781   299
 135  453.4132  139.6191    16     5     5   840   440
 136  125.9426  141.0329    14     4     4   793   128
 137 1015.5638  141.9203    16     5     4   850   994
 138  569.7384  142.3136    17     5     5   862   563
 139  259.5833  143.1891    17     5     5   794   258
 140  832.3867  144.7381    14     4     4   749   815
 141  544.3802  145.4392     9     3     3   666   539
 142  495.3695  145.5353     9     3     3   657   489
 143  626.3790  145.7879    13     4     4   717   620
 144  279.0774  145.7887    12     4     4   695   278
 145  487.9910  145.7890    12     4     4   729   479
 146  194.6543  146.4512    16     4     5   795   188
 147  266.7386  147.1023    13     4     4   746   267
 148   86.6371  149.6452    14     4     6   760    99
 149  442.3331  150.8943    14     4     4   769   430
 150  275.7798  151.3076    15     4     5   779   275
 151  270.5730  151.3095    15     4     5   780   272
 152   17.8039  151.5772    15     4     5   785    24
 153   88.3878  151.9171    12     4     4   717   100
 154  954.2692  153.3114    13     4     4   676   932
 155  231.3480  153.5192    15     4     5   775   222
 156    6.7692  153.7923    18    10     2   310    12
 157  354.9238  153.9314    14     4     4   796   344
 158  849.1049  154.1080    14     4     4   788   825
 159  926.4849  154.5885     9     3     3   621   905
 160  393.6566  155.2601    18     5     5   876   386
 161  663.9120  157.0658    15     4     4   735   659
 162  518.7268  158.6282    11     3     4   617   517
 163  722.5124  158.8370    18     5     4   904   719
 164  155.5653  158.9403    16     5     4   696   161
 165  805.7369  161.2435    14     4     5   752   788
 166  328.5729  161.6459    16     5     5   818   328
 167  458.1599  161.8603    16     4     5   754   446
 168  407.0447  163.3843    13     4     4   813   398
 169  181.8159  164.5490    14     4     5   732   180
 170  521.6714  164.7111    17     5     5   800   519
 171  921.0656  166.3059    14     4     4   681   895
 172  962.2351  166.5031    16     4     5   798   941
 173   45.5017  167.1764    14     5     4   721    52
 174   98.6039  168.3527    15     5     4   795   108
 175  859.4604  168.5981     9     3     3   620   835
 176  611.6889  169.3214    16     5     5   843   603
 177  763.6920  170.2936    18     5     5   805   749
 178  803.4628  173.6694    19     5     5   916   787
 179   57.3591  174.0735    24     5     6  1525    64
 180  236.5663  174.1225    16     5     5   809   231
 181  263.6161  178.4357    16     5     5   720   261
 182  547.3536  178.9951    16     5     4   768   543
 183  376.8712  181.3295    13     4     4   693   374
 184  628.6214  181.5501    15     5     3   809   624
 185   84.4495  181.8563    14     5     4   794    94
 186   58.0732  181.9557    15     4     4   703    67
 187  238.1151  182.3680    16     4     5   781   236
 188  361.8696  184.5153    16     4     5   812   352
 189  822.6157  186.4362    15     5     4   824   811
 190  603.5123  186.5633     9     3     3   659   597
 191  428.6957  187.0698    15     4     5   845   421
 192  930.8688  187.4938    15     4     5   798   909
 193  178.3358  187.6872    18     5     5   789   176
 194  551.0452  187.7006    17     5     5   823   547
 195  731.5161  190.2726    16     5     4   780   726
 196  395.3871  190.9124    16     5     4   851   388
 197  983.3081  191.1818    16     5     5   754   962
 198  774.8511  191.8437    15     4     4   825   764
 199   67.6724  196.4080    15     5     5   759    79
 200  994.7901  196.6435    17     4     5   825   972
 201  683.0125  196.7118    16     4     5   802   679
 202  175.2545  197.0024    14     4     4   755   173
 203  182.9910  197.8582    16     5     4   830   181
 204  269.0453  198.4362    12     4     3   716   271
 205   21.9506  198.8580    15     4     4   798    30
 206  416.9810  199.9557    14     4     4   693   401
 207  618.2956  201.8479    17     5     5   811   611
 208  660.3779  201.9047    16     5     5   758   652
 209  920.9850  202.8283    15     4     5   750   894
 210  501.9411  203.7691    15     4     4   778   502
 211  249.7161  204.7882    13     4     4   713   246
 212  768.1442  205.0439    16     4     5   798   756
 213  319.1707  206.0685    14     4     4   717   321
 214   14.4149  206.4670    13     3     5   706    18
 215  245.3415  209.1941    16     5     5   791   240
 216   30.2074  209.9238    17     5     4   833    37
 217 1008.1492  211.9066    13     4     4   703   986
 218  196.9382  212.5056    12     4     3   654   191
 219  918.0358  213.3925    14     4     4   754   889
 220  321.1128  213.4080    14     4     4   716   324
 221  124.6906  213.4247    14     5     4   738   126
 222  176.5149  213.5489    18     5     5  1120   174
 223  425.0061  215.6758    15     4     5   804   416
 224   64.6980  216.4882    11     4     3   620    76
 225  133.3669  217.0205    15     5     4   736   137
 226  109.5670  217.2474    12     3     4   702   117
 227  204.3527  217.6164    12     4     3   704   199
 228  764.5906  219.1132    13     4     4   704   751
 229  273.8319  219.1219    18     5     5   873   274
 230  873.8986  221.0986    14     4     4   830   854
 231  680.7039  223.0628    14     4     5   753   678
 232  281.1574  223.4410    16     5     5   770   280
 233  967.4603  224.0174    12     3     4   725   946
 234  397.9408  224.3136    16     4     5   777   391
 235  378.3669  224.5747    15     3     5   766   376
 236  118.5780  225.2953     9     3     3   603   120
 237  476.0756  226.8090    13     4     4   719   457
 238  305.7431  226.8534    16     5     4   740   306
 239 1013.4051  230.5085    14     5     3   730   988
 240   96.3798  230.7073    13     4     4   704   105
 241  660.9892  231.8545    14     4     4   786   655
 242  870.0193  233.1869    14     4     4   683   849
 243  406.6530  233.9093    13     4     4   692   397
 244  129.4609  234.6609    15     5     4   790   132
 245  874.1877  235.0256    14     5     4   726   855
 246  211.2582  235.5564    13     4     4   680   202
 247  919.0110  236.8202    14     4     4   774   891
 248  163.0205  236.9286    16     4     4   769   164
 249  213.9535  239.1410    13     4     4   754   203
 250  448.5000  239.8704    18     5     4   909   437
 251  749.9259  241.6624    18     5     5   882   736
 252  220.8402  243.9673    12     4     4   655   210
 253  614.7840  246.5332    17     5     5   832   606
 254  149.8442  248.4208    12     4     3   701   153
 255  133.9106  248.8874    14     4     4   744   138
 256  101.4774  249.0868    16     5     4   736   110
 257  627.2872  249.4257    15     5     5   742   623
 258   57.6172  251.2500    17     5     5   810    65
 259  936.3353  252.4074    12     4     3   703   915
 260  873.1107  252.7883    24     8     4  1468   852
 261  188.2049  253.4342    13     5     3   662   185
 262  527.2246  254.0430    13     4     4   769   522
 263  367.7496  254.2218    17     6     5   835   359
 264  362.9412  255.7555    15     4     5   737   353
 265   33.8714  255.9063    15     4     5   780    43
 266  712.4068  256.1953    16     5     4   718   708
 267  815.1032  257.7704    14     4     4   765   800
 268  493.8061  258.4777    16     5     5   833   484
 269  217.1798  260.0510    14     4     4   699   206
 270 1019.8587  261.2107    14     4     4   745   996
 271  592.8096  261.3643    14     5     3   715   586
 272  957.5276  262.7303    10     4     3   608   935
 273  219.8834  263.5986    15     4     5   789   209
 274  518.1825  263.8947    15     4     4   720   514
 275  812.4830  264.0772    18     5     5   944   797
 276  659.0619  264.5431    17     5     5   889   649
 277  350.3729  265.4749    16     5     5   758   342
 278  571.1254  265.5893    16     4     5   854   565
 279 1020.6877  266.8160    13     4     4   668   998
 280  844.0232  268.9836    14     4     4   721   822
 281  940.8033  270.0800    13     4     4   730   920
 282  127.6771  270.8908    14     4     4   795   130
 283  458.7611  270.9044    14     5     4   726   448
 284  680.3289  271.3787    14     4     4   742   676
 285  303.8270  271.8391    14     5     4   718   303
 286  692.1218  273.2776    17     4     5   876   686
 287  397.1892  273.8004    14     4     4   819   390
 288  299.6545  273.8280    17     5     5   856   297
 289  355.8178  273.9720    13     4     4   772   345
 290  715.3012  275.1148    14     4     4   789   711
 291  135.5394  275.3978    12     5     3   678   141
 292  221.5034  275.8058    12     3     4   702   211
 293  458.6426  276.8758    16     5     4   812   447
 294  799.0562  279.3679    12     4     3   627   782
 295  694.9052  280.5390    12     4     3   658   687
 296   52.2512  280.9152    16     5     4   803    58
 297    6.5552  281.4586    14    10     2   285     8
 298   31.4423  285.9296    16     5     4   870    40
 299  670.9519  287.1565    15     4     4   805   663
 300  266.3277  287.2727    13     3     5   658   265
 301  480.6863  288.8551    16     5     4   788   464
 302  732.2788  288.9850    14     4     4   705   727
 303  766.5968  291.1943    16     5     5   811   753
 304  972.1577  292.1728    14     4     4   736   952
 305  666.7354  294.8969    12     4     4   634   660
 306  258.7784  296.1135    14     4     4   704   257
 307  702.9201  296.8994    14     4     5   766   696
 308  420.5459  297.0967    14     5     4   750   407
 309  970.8359  297.7827    14     4     4   798   949
 310  487.2065  297.9903    14     4     4   760   475
 311  241.0918  298.2410    12     4     4   730   238
 312  600.7133  298.2697    16     5     4   807   595
 313  725.6257  299.9754    14     4     4   689   721
 314  348.7797  300.3526    16     4     5   757   340
 315  764.0986  303.6609    13     4     4   708   750
 316  987.7298  303.7521    16     5     4   743   966
 317  980.4525  305.1847    12     3     4   710   959
 318   15.2826  309.5773    15     4     5   771    20
 319   36.3774  310.7945    15     5     4   819    46
 320   90.3250  311.4441    12     4     3   657   102
 321  886.7730  311.7423    13     4     4   716   862
 322  719.1773  318.3894    17     4     5   830   715
 323  937.9438  318.4719    16     4     5   800   919
 324  367.1432  320.5448    13     5     3   755   358
 325  814.8430  321.3846    15     4     5   739   799
 326  961.9420  321.9142    24     6     6  1534   940
 327  276.8272  321.9290    14     4     5   739   276
 328   15.9276  323.0219    15     4     4   744    22
 329  937.1036  325.6182    12     4     3   670   916
 330  128.2450  329.4564    13     5     3   726   131
 331  643.4180  330.3233    13     3     5   679   636
 332  459.7000  330.4915    15     4     5   740   449
 333  437.9706  330.7151    14     4     4   735   427
 334  480.0190  330.8845    14     4     4   772   462
 335  421.8942  333.0971    17     5     5   865   410
 336  674.3722  333.3459    10     4     3   632   667
 337 1004.8798  334.2108    15     4     4   724   983
 338  316.8453  336.2928    17     4     5   836   316
 339  252.4455  336.4956    16     4     5   839   250
 340  621.2105  336.5867    15     4     5   796   614
 341  599.5726  336.8984    13     3     5   750   594
 342  421.1250  336.9558    14     5     4   796   408
 343  393.3185  338.8756    15     5     4   789   385
 344  550.3640  339.5146    18     5     5   864   545
 345  702.8069  341.3630    15     4     5   756   695
 346   33.8713  341.3713    15     4     5   764    42
 347  917.8436  343.6701    12     4     3   702   888
 348  494.1729  344.4966    16     4     5   747   486
 349  185.1864  344.6658    15     4     5   759   183
 350  818.4310  346.8064    12     3     4   714   805
 351  392.1794  349.9223    16     4     5   868   383
 352  870.4463  350.4005    18     5     5   813   850
 353  781.3131  351.6525    15     5     4   760   772
 354  140.9050  353.2771    16     4     5   797   145
 355  536.3251  353.2810    15     4     5   739   532
 356  761.5957  353.4784    15     5     5   798   747
 357  957.6366  354.6032    16     4     5   819   936
 358  931.0016  354.6786    15     4     5   766   910
 359  597.5444  355.0395    16     5     4   768   592
 360  365.1903  355.2100    15     4     4   757   355
 361  237.7857  355.4293    17     5     5   905   234
 362  736.6826  355.5570    16     5     5   757   731
 363  299.1508  357.5524    16     5     5   790   296
 364   69.6676  359.0401    12     3     4   681    80
 365  331.6522  360.4031    14     5     3   718   330
 366  488.3615  364.5974    16     5     5   817   480
 367  644.8265  367.1790    16     4     5   889   637
 368  905.1602  367.7992    17     5     5   785   881
 369   79.8457  367.8360    15     4     5   772    89
 370  216.7443  368.0975    14     4     4   709   205
 371   10.1894  370.0201    14     4     4   713    16
 372  543.1719  371.9596    14     4     4   771   538
 373  178.9354  375.3389    16     4     5   787   177
 374  807.9039  376.8757    15     4     5   717   790
 375  686.4889  381.1880    17     5     5   888   682
 376  318.9832  381.2189    16     4     5   754   319
 377  580.2898  381.6103    13     3     5   701   574
 378   73.7196  381.9107    14     4     5   773    85
 379  292.1578  382.2128    13     4     4   694   287
 380  154.8682  382.3325    14     4     4   743   159
 381  617.5717  383.4755     9     3     3   620   610
 382  983.0148  385.0879    18     4     5   891   960
 383  820.2457  387.8965    16     5     4   793   810
 384  593.8975  389.6356    15     4     5   799   589
 385  818.6006  392.7533    13     4     4   667   806
 386    1.9875  394.4704     9     3     5   529     0
 387  445.7372  396.4215    12     4     3   668   434
 388  506.0408  397.5353    14     5     4   876   509
 389  166.4816  399.6348    17     5     5   823   168
 390   62.5767  399.9710    17     5     5   809    73
 391  709.0960  400.0182    15     4     4   754   705
 392  850.1587  401.1877    13     4     4   716   826
 393   32.9831  401.2683    14     4     4   701    41
 394  123.0260  401.8056    14     4     4   716   124
 395  496.3608  404.3480    16     5     5   785   491
 396  518.6393  405.3740     9     3     3   614   516
 397  903.3347  407.0105    14     4     4   757   879
 398  477.4582  407.0909    12     3     4   670   461
 399   23.0377  408.6368    15     4     5   786    31
 400    7.3529  409.7745    16     9     2   262    14
 401   28.8422  411.6719    15     4     5   825    35
 402  147.1780  415.1314    15     4     4   858   148
 403   51.8850  415.9483    13     4     4   730    57
 404  566.9812  416.6304    15     4     5   840   559
 405  767.7434  416.9803    17     5     4   778   755
 406  492.2939  418.1155    15     5     4   834   482
 407  572.2036  418.3109    14     4     4   690   566
 408  236.2074  421.7985    16     5     5   840   230
 409  716.9791  423.1717    13     4     4   727   713
 410  920.3155  423.3781    14     5     3   747   892
 411  661.8409  424.4861    14     4     4   715   657
 412  941.9461  424.6642    13     4     4   733   922
 413  311.4982  425.1036    12     3     4   670   310
 414  424.3784  426.6368    15     4     5   742   413
 415  453.6687  427.8096    16     5     4   806   441
 416  569.7387  429.1682    17     5     5   836   564
 417  640.1416  429.3961    16     4     5   824   634
 418  924.4775  430.0803    17     5     5   880   901
 419   70.8667  431.0754    14     4     4   710    81
 420  151.6987  431.4237    16     5     5   789   154
 421  250.7048  431.8102    17     5     5   834   247
 422  718.2981  435.2839    15     5     5   784   714
 423  424.9759  435.6531    15     4     5   751   415
 424  706.0400  436.3231    13     4     4   667   699
 425  643.1033  436.9390    14     4     4   755   635
 426  540.8875  436.9441    14     4     4   811   535
 427   63.5885  438.2706    15     5     5   817    74
 428  314.9566  438.8398    14     4     4   705   314
 429  361.6282  438.9545    12     3     4   736   351
 430  254.8306  441.0226    15     4     4   770   253
 431  776.5468  442.1833    17     5     4   833   767
 432  751.2204  442.4228    13     4     4   713   737
 433  726.3444  443.0193    15     5     4   799   722
 434  632.7664  443.3413    17     5     5   857   627
 435  924.7569  444.2518    18     5     5   869   902
 436  431.1913  444.3567    17     4     5   805   424
 437  321.4021  445.5294    15     5     4   763   325
 438  108.9070  445.6009    14     4     4   715   116
 439  499.6043  446.3051    13     4     4   715   497
 440  825.3144  446.5992    14     5     3   765   812
 441  311.2704  446.6333    11     4     3   650   308
 442   84.9959  448.1244    15     4     5   765    95
 443  293.5856  449.1510    12     3     4   716   290
 444  301.4965  450.2086    14     5     4   713   301
 445  945.8536  450.8033    14     4     4   816   926
 446  411.8301  453.1167    14     4     4   761   399
 447  658.8119  454.4373    12     4     3   710   648
 448  531.5115  454.5049    12     3     5   727   527
 449  392.6851  456.0910    16     4     5   830   384
 450  993.0953  456.1766    15     4     5   790   969
 451   27.2774  456.9157    14     4     4   715    34
 452  934.4147  459.1980    14     5     4   726   913
 453  610.5367  459.9006    15     5     4   804   602
 454  497.9661  460.7357    14     4     4   700   496
 455  706.7199  461.3505    15     4     5   732   703
 456  724.7077  461.7496    13     4     4   727   720
 457  836.0667  462.6667    16     4     5   820   818
 458  110.2014  464.0205    13     4     4   716   118
 459   50.9933  467.1682    16     4     4   829    56
 460  246.1577  469.4176    14     4     5   771   241
 461  313.0735  470.3562    16     4     5   779   311
 462  733.4526  470.3654    16     3     6   814   728
 463  535.9819  472.0199    14     4     4   719   531
 464  730.9208  474.8116    13     4     4   698   725
 465  901.1586  475.2738    16     5     5   863   875
 466  801.9356  475.6064    15     4     5   864   785
 467  646.3586  475.7708    16     5     5   832   639
 468  586.7664  477.0511    14     4     4   688   580
 469  494.8526  477.0532    14     4     4   798   487
 470  626.0222  477.1821    14     4     4   703   619
 471  953.1899  478.4321    12     4     4   694   929
 472  170.4290  478.7025    15     5     4   713   171
 473  889.4024  478.9862    15     5     4   765   863
 474  650.1561  479.3627    17     5     5   862   641
 475  865.9497  480.4564    16     4     5   756   846
 476  148.3519  480.6893    16     5     5   815   149
 477  991.4582  481.6775    15     5     4   843   968
 478  901.8547  483.8724    14     4     4   763   877
 479  598.3994  485.6285    13     3     5   667   593
 480  858.8976  486.1858    14     4     4   716   834
 481  525.7152  486.4598    15     5     3   796   521
 482  486.4622  486.4622     9     3     3   566   472
 483  777.9822  487.0039    23     6     5  1522   770
 484  972.0623  487.4199    14     4     4   702   950
 485  613.7370  488.0584    14     4     4   756   605
 486    2.1660  488.5825    11     3     5   619     1
 487  960.8491  488.7256    16     5     5   816   939
 488  758.1566  489.0216    18     5     4   876   742
 489  562.4268  489.4800    14     3     5   741   554
 490  349.0032  489.4841    17     5     5   800   341
 491  581.3156  489.6924    15     4     5   779   575
 492   57.9202  489.8705    16     5     4   824    66
 493  716.8434  491.6619    11     4     3   672   712
 494  514.8717  492.0134    14     4     4   775   510
 495  778.0230  492.4651    14     4     5   771   771
 496  914.0594  492.8152    15     5     4   756   886
 497  153.3048  492.8702    14     4     4   637   155
 498  143.3531  493.2745    16     5     5   834   147
 499  657.0796  493.5916    16     4     5   826   646
 500  486.4593  494.1945    12     3     4   611   471
 501  969.8517  496.0800    14     4     4   740   948
 502  169.4232  498.1927    18     5     5   896   170
 503  720.6877  498.5047    17     4     5   804   718
 504  798.7678  498.5911    16     5     5   709   781
 505  818.3789  502.3304    14     3     5   718   804
 506  254.6801  503.3762    17     5     6   792   252
 507  200.0741  504.5152    13     5     3   724   195
 508  500.6736  505.7066    11     3     4   686   499
 509  251.1987  505.7492    13     4     4   764   249
 510  593.0178  505.8715    13     4     4   663   587
 511  733.4561  509.4842     9     3     3   660   729
 512  811.3149  510.2868    15     5     5   755   794
 513  676.5947  510.6474    16     5     5   730   670
 514  456.5015  511.5365    17     5     5   855   443
 515   83.3404  512.1897    16     5     4   724    91
 516  548.8744  512.4932    16     4     5   745   544
 517   59.5866  513.8105    14     4     4   752    69
 518  977.5323  517.9742    16     5     4   780   957
 519  619.8177  519.8896    17     5     4   768   613
 520  311.4010  519.8911    12     3     4   726   309
 521   14.5951  520.9497    13     4     4   677    19
 522  471.5665  521.2488    17     5     4   787   453
 523  678.8115  522.1837    16     5     4   786   673
 524  969.1969  525.7079    17     5     5   853   947
 525  196.4371  526.5190    16     5     4   844   190
 526  615.7803  528.0937    17     5     5   805   608
 527  389.5752  529.0785    17     5     5   915   382
 528   50.3812  529.3262    14     3     5   721    55
 529  237.8338  529.5479    17     5     5   880   235
 530  370.6346  531.0794    12     3     4   655   363
 531  230.6678  532.0115    14     4     4   748   220
 532  218.5183  533.3904    17     5     5   827   208
 533  210.8970  533.7889    16     5     5   752   201
 534  421.3015  534.1119    17     5     4   840   409
 535  986.5750  535.0883    14     5     4   740   963
 536  589.6465  536.3416    13     4     4   717   582
 537  317.2563  536.8203    16     5     4   800   317
 538  456.5675  536.8657    14     5     4   747   444
 539  582.2583  537.2285    14     5     5   711   577
 540  484.1112  537.3395    17     5     5   849   466
 541    6.4856  537.4784    13    10     2   269     5
 542  352.8788  537.6382    14     4     5   697   343
 543   96.9094  538.1859    16     4     5   800   106
 544  368.7756  540.2085    16     5     4   726   361
 545  249.0854  541.4448    15     4     5   712   244
 546  171.7316  541.7334    14     4     4   697   172
 547  993.6323  542.4146    16     4     5   757   971
 548  290.9717  543.1201    14     4     4   706   285
 549  891.6830  545.5434     9     3     3   620   866
 550   65.2455  547.5652    18     5     5   840    77
 551  776.5407  551.0919    17     5     5   883   766
 552  487.2846  552.0604    14     4     4   711   476
 553  702.2984  552.3328    16     4     5   770   694
 554  205.6980  552.7246    17     5     5   771   200
 555  959.8503  553.7837    15     4     4   721   938
 556  787.2163  553.9869    14     4     4   711   774
 557  878.8478  554.5417    12     4     3   672   858
 558  655.0851  554.5942    12     4     3   725   644
 559  528.0072  554.5996    12     4     3   672   524
 560  167.7000  556.9387    13     4     4   750   169
 561  266.4349  561.0371    13     3     5   683   266
 562  949.2294  561.6317    16     4     5   851   927
 563  673.1519  561.6340    18     5     5   904   665
 564  291.0807  562.1586    14     4     4   679   286
 565   61.9236  562.2849    12     4     3   729    72
 566  371.2872  562.6540    15     5     4   728   366
 567  527.2928  564.2488    16     4     5   797   523
 568  660.7940  564.5802    16     5     5   796   653
 569  266.0547  564.9343    14     4     4   688   264
 570  832.8952  567.4963    12     4     3   664   817
 571  860.3339  571.3869    13     5     3   678   837
 572  377.9991  571.3875    12     4     3   671   375
 573  760.7992  571.5829    14     4     4   755   745
 574   19.1543  572.2930    13     4     4   642    27
 575  320.4132  573.3554    15     3     5   807   323
 576  370.8758  575.8931    14     4     4   776   364
 577  790.7980  578.8997    17     5     5   878   777
 578  816.7787  579.3661    16     5     5   795   802
 579    4.2773  581.8364    11     4     4   541     2
 580  644.9860  582.2617    15     4     5   792   638
 581  937.7579  583.5802    18     5     5   878   918
 582   59.6304  584.5122    14     4     5   715    70
 583  800.3710  584.6813    12     3     4   655   783
 584  622.9696  585.8579    15     4     4   857   616
 585  815.9937  586.1120    14     4     4   774   801
 586  253.2196  586.2821    14     4     5   764   251
 587  451.0503  587.1021    14     4     4   796   439
 588  179.9992  587.4336    16     4     5   793   178
 589  891.7347  588.0818    12     3     4   725   867
 590  989.3091  588.3015    13     3     5   659   967
 591  582.9242  592.3721    16     4     5   754   578
 592  768.3663  596.1685    17     5     5   888   757
 593  719.3386  597.0886    12     3     4   628   716
 594  592.5888  598.0758    15     5     4   803   585
 595  234.3556  598.5000     9     3     3   658   224
 596  760.5169  598.7293    12     3     4   713   744
 597  430.0753  599.2747    15     4     4   807   423
 598  224.6811  599.9567    15     5     4   796   215
 599  199.7451  602.4249    13     4     4   636   194
 600  528.2274  602.5494    15     5     5   737   525
 601  535.7997  603.3910    14     4     4   764   530
 602  585.7066  603.8459    14     4     4   750   579
 603   38.4221  605.4282    17     5     5   825    47
 604  227.2002  605.7588    16     5     5   817   218
 605  114.0139  605.8591    14     4     4   786   119
 606  922.9448  606.0919    15     4     4   721   899
 607   54.1728  608.2028    14     4     4   739    59
 608   67.0730  608.2225    14     4     4   695    78
 609  139.4715  608.5738    15     5     3   746   143
 610  608.5247  608.6199     9     3     3   657   599
 611   99.7473  609.0253    14     5     4   791   109
 612  477.1238  609.7105    16     4     5   806   459
 613  658.4559  609.7283    17     5     5   827   647
 614  753.8148  611.4241    14     5     4   680   738
 615   77.0696  611.9061    14     4     4   758    86
 616  427.5663  612.7635    13     4     4   703   419
 617  635.9928  613.8381    14     4     4   767   631
 618   12.0400  614.0877    13     4     4   717    17
 619  813.9423  614.3686    17     5     5   794   798
 620  186.0587  614.5783    17     4     5   834   184
 621  891.1106  616.0708    14     4     4   818   864
 622  335.9945  616.3462    12     4     3   666   333
 623 1002.6024  617.3754    13     4     4   716   981
 624  517.3043  618.6020    13     3     5   728   512
 625   15.3505  618.6744    13     4     4   692    21
 626  154.0817  619.8588    13     4     4   785   157
 627  865.2743  621.0392    16     5     4   798   844
 628  358.2153  622.7949    16     5     4   750   348
 629  232.7607  622.8723    26     6     6  1380   223
 630  450.3519  625.4136     9     3     3   657   438
 631  922.7355  626.4860    11     4     3   611   898
 632  679.0113  627.8952    15     4     4   770   674
 633  132.3822  628.2290    13     4     4   724   136
 634   43.8621  628.3088    17     4     5   808    51
 635  383.3176  628.7025    15     4     5   797   378
 636  434.6971  628.9706    15     5     4   779   426
 637  375.3535  629.2656    16     5     4   706   371
 638  272.4522  629.2752    15     5     4   715   273
 639   19.6256  630.8768    14     4     4   769    28
 640  858.2572  632.2386    16     4     5   753   832
 641    6.3525  633.3985    11     4     4   632     4
 642  149.1427  633.7785    16     4     5   731   152
 643  496.7359  634.2334    13     4     4   749   492
 644  935.4012  634.2404    11     3     4   707   914
 645  293.9085  634.5278    14     4     4   752   291
 646  317.5765  636.0576    20     6     5  1389   318
 647  261.3623  636.3003    15     3     5   811   259
 648  433.3301  638.5049    15     4     5   762   425
 649  124.0298  639.3780    13     4     4   802   125
 650  684.5473  642.0041    12     3     4   733   680
 651   47.9969  643.0717    14     4     4   782    53
 652  914.7454  643.3643    12     4     3   658   887
 653   93.2178  644.6307    13     5     3   704   104
 654  561.0685  646.0764    15     4     4   785   552
 655  999.0746  647.6027    14     4     4   763   978
 656  953.2861  650.2000    15     4     5   870   930
 657  108.0738  650.5464    18     5     5   912   115
 658  465.1953  650.7855    16     5     5   836   451
 659  858.5103  651.2128    14     5     4   725   833
 660  771.5854  651.3212    17     5     5   802   759
 661 1018.3756  652.1320    15     5     4   737   995
 662  622.7943  653.5435    12     4     3   718   615
 663  712.7429  653.6431    13     4     4   731   709
 664  368.1019  655.0908    14     4     4   773   360
 665   56.1797  655.5637    16     4     5   772    61
 666  920.5247  660.1692    17     5     4   817   893
 667  442.5145  660.5102    18     5     5   869   431
 668   29.7906  664.0401    14     4     4   701    36
 669  369.1755  664.2213    15     4     5   717   362
 670  690.1205  665.0814    15     5     4   764   685
 671    8.0557  665.4435    13     5     3   749    15
 672    4.9844  665.9844     9     6     2   154     3
 673  268.6132  666.5436    15     5     3   724   270
 674  281.9093  668.4775    18     4     5   891   281
 675  106.8566  668.5770    16     4     5   861   114
 676  523.7238  669.5782    16     4     5   723   520
 677  129.5586  670.2068    15     5     4   798   133
 678  623.4494  677.7914    17     5     5   901   618
 679  654.6667  681.3237    18     5     5   804   643
 680  395.5796  681.9844    16     5     4   738   389
 681  777.6623  683.2583    16     5     4   764   768
 682  986.8609  684.5473    12     4     3   627   965
 683  862.2666  689.3549    16     5     5   794   840
 684   55.5790  689.4282    11     3     4   667    60
 685  953.7020  689.9570    12     4     4   724   931
 686  865.5692  690.9088    14     4     5   776   845
 687   72.6181  691.1610    17     5     5   881    83
 688  148.8008  691.9718    15     5     4   805   151
 689  515.2934  694.2492    15     5     5   760   511
 690  560.0386  694.5535    15     4     5   785   550
 691  376.5529  694.5547    16     5     5   727   373
 692   86.3995  696.0300    12     3     4   737    97
 693  477.2492  698.0514    14     4     4   762   460
 694  965.0026  699.1201    18     4     5   767   944
 695  541.5125  700.9462    15     5     4   791   537
 696  289.4983  701.3330    10     3     4   681   284
 697  384.3617  702.5542    13     5     3   665   379
 698  564.9213  705.2631    14     4     4   769   556
 699  247.6364  706.4455    13     5     3   680   242
 700  659.4708  706.7253    16     5     4   777   651
 701  720.0811  709.6685    16     4     5   807   717
 702  371.6252  710.9422    15     5     4   781   367
 703  876.0292  711.2154    15     4     4   800   856
 704  501.3285  711.2390    15     5     4   809   500
 705  677.4745  711.3441    15     5     4   817   671
 706  484.6353  711.4669    14     5     3   805   467
 707  429.9978  713.5089    16     4     5   835   422
 708  293.3712  721.3792    16     4     5   789   289
 709  832.5000  722.2877    13     3     5   714   816
 710  787.4504  723.3384    13     3     5   755   775
 711  601.9130  723.8354    14     4     5   784   596
 712  422.2024  724.4020    12     4     3   661   411
 713  608.9907  725.9410    14     4     4   784   600
 714  460.6821  726.1357    14     4     5   711   450
 715  405.5408  726.5518    15     4     5   787   394
 716  495.1467  727.0650    14     4     4   740   488
 717  158.4290  727.9014    12     3     4   683   163
 718  503.1988  728.3361    11     4     3   598   503
 719  487.7466  728.3971    10     4     3   615   477
 720   98.0039  730.5218    16     4     5   803   107
 721 1020.4523  730.8595    12     3     4   707   997
 722  406.0364  731.0938    15     4     4   795   395
 723  995.7285  731.3364    18     5     5   889   974
 724  675.4488  732.1683    12     3     4   726   668
 725  767.1035  732.5234    20     5     5  1355   754
 726  358.0707  733.1977    13     4     4   752   347
 727  922.6317  733.4619     9     3     3   667   897
 728  103.2098  734.6967    14     4     4   750   112
 729  608.3498  735.3532    15     4     5   736   598
 730  704.2252  736.2720    18     5     5   886   697
 731  579.4199  737.3932    14     5     3   739   572
 732  142.7040  738.3109    14     5     4   743   146
 733  184.8760  740.5964    16     5     5   793   182
 734  298.5432  741.1144    12     3     4   675   294
 735   21.4003  741.4050    16     5     5   802    29
 736  729.4003  743.6667    13     4     4   742   724
 737  535.5709  744.6805    22     5     6  1433   529
 738  576.4430  744.9614    12     3     4   664   571
 739  595.6128  745.7804    16     5     5   834   590
 740  124.7973  747.3784    13     4     4   648   127
 741  473.5115  747.5192     9     3     3   612   454
 742  597.0908  751.0725    15     4     4   695   591
 743  243.7853  751.5849    14     4     4   764   239
 744  505.0751  752.5965    13     4     4   669   505
 745  501.6002  755.0616    14     5     4   749   501
 746  993.5791  755.2770    10     4     3   656   970
 747  612.4656  756.2560    12     3     4   702   604
 748  457.0817  756.7257    13     5     3   675   445
 749   17.8618  757.2034    15     4     5   794    25
 750  569.1986  757.8818    17     5     4   754   562
 751  925.1262  757.9938    14     4     4   782   903
 752  406.6017  760.0517    12     3     4   700   396
 753  225.2996  761.6412    10     3     4   624   217
 754  126.9140  764.0159    14     4     4   768   129
 755  235.7319  766.1190    15     4     5   814   227
 756  300.9338  767.7975    18     5     5   943   298
 757  497.0540  768.8615    14     4     4   779   494
 758   56.3769  769.3205    16     5     4   834    63
 759  859.9295  769.4262    12     4     3   716   836
 760  634.4158  770.6992    10     3     4   587   630
 761  794.3638  772.2539    17     5     5   816   778
 762  163.7930  774.3330    13     4     4   717   166
 763  651.9891  774.5369    12     4     3   717   642
 764  983.1254  774.5842    12     4     3   726   961
 765  130.7882  774.9058    15     5     4   771   134
 766  394.3675  777.4859    16     5     5   726   387
 767  399.4953  777.8611    17     5     5   807   393
 768  894.2850  778.3788    11     4     3   696   870
 769  574.2183  779.0881    16     5     4   767   569
 770  487.9396  779.8811    13     4     4   660   478
 771  944.9808  781.7888    15     4     5   749   924
 772  428.5468  783.3346    12     3     4   761   420
 773  229.2893  783.5870    12     4     3   718   219
 774  471.3580  784.9555    16     5     4   801   452
 775  910.9065  784.9631    15     4     4   733   883
 776   48.7034  786.5684    15     5     5   735    54
 777  736.6798  787.7791    15     5     4   795   730
 778  134.2771  790.7278    17     5     5   789   139
 779  772.6961  792.2942    15     5     4   767   763
 780  455.8144  792.3436    13     4     4   712   442
 781    6.5552  793.4586    14    10     2   285     9
 782  337.9848  793.5508    15     4     5   839   335
 783  385.6410  794.0568    17     5     5   865   380
 784  686.4873  795.5159    17     5     5   799   681
 785  618.6497  797.1071    15     5     4   738   612
 786  148.4179  798.0314    15     5     4   771   150
 787  367.0969  798.7585    17     5     5   820   357
 788  796.5326  801.1827    12     3     4   703   780
 789  550.4682  801.8712    14     5     4   738   546
 790   81.0654  802.1554    17     4     5   881    90
 791  359.4542  804.2709    17     5     4   781   349
 792  633.7738  804.5136    16     5     5   748   629
 793  687.1359  804.6551    16     4     5   734   683
 794  795.6546  805.4888    13     5     3   667   779
 795  505.4918  805.8257    14     4     4   748   507
 796  788.4654  806.4792    15     5     5   728   776
 797  316.3898  807.1056    14     4     5   784   315
 798  476.5355  808.2917    17     5     5   818   458
 799  195.6848  813.1155    14     4     4   746   189
 800  928.0284  813.4631    15     4     5   801   906
 801  617.0179  813.5505    16     4     5   774   609
 802  893.2318  814.2399    14     5     4   759   869
 803  756.4352  814.3016    11     3     4   619   740
 804  772.4836  814.4891    15     5     3   700   762
 805 1013.5829  815.1041    15     5     4   741   991
 806  263.8927  816.1955    17     4     5   771   262
 807  676.4411  818.5302    16     5     4   822   669
 808  371.0903  819.5552    12     4     3   718   365
 809  505.7095  820.0355    14     4     4   689   508
 810  427.5264  820.5528    17     5     5   814   418
 811  944.8382  820.9213    14     4     4   693   923
 812  490.7183  823.0409    13     4     4   753   481
 813  803.3298  823.4947    13     5     3   694   786
 814  925.1826  825.1163    17     4     5   819   904
 815  500.6326  826.1354    12     3     4   663   498
 816  573.6993  826.2386    15     5     4   697   568
 817  363.4388  826.7940    17     5     5   840   354
 818  819.6846  827.5128    10     3     4   647   809
 819  120.2909  828.2320    15     5     4   829   122
 820  416.9847  829.4779    16     4     5   748   402
 821  235.5196  829.9831    12     3     4   681   226
 822  301.7175  830.4275    17     5     5   901   302
 823  974.9877  830.5740    16     4     5   849   955
 824  225.0530  832.2434    13     4     4   734   216
 825  593.8098  833.5999    16     4     5   841   588
 826  374.3724  833.9878    12     3     4   653   369
 827  964.3452  834.2988    17     5     5   861   943
 828  808.0591  837.2115    14     4     4   698   791
 829  660.7970  838.7681    15     5     4   773   654
 830  843.4364  839.1624    17     5     5   878   821
 831  537.4616  844.7518    17     5     5   873   533
 832  521.6429  847.9357    16     5     4   720   518
 833  425.1267  847.9914    15     4     4   793   417
 834  810.1975  849.2645    14     4     4   692   793
 835  771.9855  850.1903    15     4     4   770   760
 836 1022.2382  850.3013     8     2     4   397   999
 837   59.3928  850.5082     9     3     3   575    68
 838  235.9885  851.7769    14     4     4   707   229
 839  696.3769  853.4550    18     5     5   846   688
 840   26.8730  854.3553    13     5     3   752    32
 841  504.1322  855.4212    14     4     4   749   504
 842 1000.7795  855.9864    17     5     4   832   980
 843  323.7422  857.1716    17     5     5   843   326
 844  518.2421  858.0079    15     4     4   786   515
 845  986.5860  867.5231    16     5     5   765   964
 846  765.8558  867.5354    14     4     5   733   752
 847   56.3236  868.5169    12     4     3   653    62
 848  696.4396  870.0755    15     5     4   779   689
 849  739.9662  873.3851    13     4     4   722   733
 850  649.8143  874.2982    17     4     5   854   640
 851  419.4457  874.9507    12     3     4   728   404
 852  163.3313  875.3070    16     4     5   818   165
 853   31.4003  876.3268    15     5     4   762    39
 854  847.2691  876.5608    15     5     5   726   824
 855  485.4692  876.9075    16     5     4   744   469
 856  901.5814  877.6743    17     5     4   870   876
 857  739.6145  878.7000    15     5     4   735   732
 858  301.1751  879.1467    16     4     5   794   300
 859  257.2695  880.2695    14     4     4   665   255
 860  287.0562  881.4112    12     4     3   627   282
 861  706.3964  882.6804     9     3     3   611   700
 862  900.2682  883.1182    14     4     5   787   874
 863  222.3454  883.7271    15     4     5   784   213
 864  967.1527  885.2673    14     4     4   690   945
 865   84.2076  886.5208    13     5     3   708    93
 866  486.7394  888.4528    15     4     5   764   473
 867   71.5791  888.7998    17     5     5   827    82
 868  203.1584  891.0310    15     5     4   715   198
 869  864.5148  891.2155    14     4     4   748   843
 870  198.5320  891.7840    10     4     3   600   193
 871  680.6106  891.9925    13     4     4   727   677
 872   35.9205  892.6651    16     5     5   814    45
 873  699.6319  893.2037    17     5     5   845   692
 874 1006.8529  895.2543    14     4     4   718   985
 875  235.2810  896.1405    14     4     4   752   225
 876  867.9055  897.1436    14     4     4   791   847
 877  158.4277  897.6842    14     3     5   721   162
 878  827.2348  898.3371    12     3     5   648   813
 879  319.0582  901.0313    14     4     4   844   320
 880  534.3606  901.3039    18     5     5   797   528
 881  698.9740  901.6688    15     4     5   766   691
 882  221.9461  903.9080    14     4     4   743   212
 883  711.6746  907.9780    14     4     4   753   707
 884    6.5393  908.4752     9     3     3   574     7
 885  956.6609  909.3407    15     5     4   784   934
 886  850.4091  910.3055    14     3     5   690   828
 887  963.6122  912.2471    10     3     4   626   942
 888  440.8183  913.8131    16     5     4   738   428
 889  332.0812  914.9347    14     4     4   768   331
 890  639.0727  915.4025    16     4     5   827   632
 891  952.3892  915.5763    18     5     5   848   928
 892  447.9594  917.4269    12     4     3   736   436
 893  237.3936  918.0397    18     5     4   847   233
 894  783.5938  919.5354    15     3     5   715   773
 895  496.0733  919.5374    16     4     5   856   490
 896  633.0523  920.3237    16     4     5   801   628
 897  974.9879  920.6329    16     4     5   822   956
 898 1004.2682  920.7123    15     5     5   767   982
 899  668.9156  920.8406    18     5     5   820   661
 900    6.8879  921.7672    18    10     2   296    13
 901  770.0873  924.8312    15     4     4   763   758
 902  659.1224  924.8323    16     5     5   822   650
 903  623.1057  925.7995    15     4     5   751   617
 904  338.5316  926.4036    18     3     6  1321   336
 905  200.5673  929.2621    16     5     5   799   196
 906  140.3744  935.0109    12     3     4   717   144
 907  704.8722  935.1735    14     5     4   774   698
 908  891.6643  938.1761    13     3     5   769   865
 909  912.4552  938.3699    16     5     5   875   885
 910  544.4774  939.3157    10     3     4   675   540
 911  344.7421  941.8850    16     5     4   825   339
 912  297.7080  942.4022    16     4     5   886   293
 913  756.4787  943.1404    12     3     4   729   741
 914  881.0933  943.8030    15     4     5   777   860
 915   79.2712  944.1610    16     5     4   750    88
 916  265.0931  944.4374    12     4     3   727   263
 917  626.9215  944.6928    12     4     4   706   622
 918  119.1333  946.0100    15     5     4   799   121
 919  639.6527  946.2841    25     8     5  1357   633
 920  387.0000  946.9895    16     4     4   732   381
 921  937.5436  946.9899    16     5     4   756   917
 922  153.9247  947.9914    14     4     4   724   156
 923  566.5017  948.5712    14     5     4   716   558
 924  561.4634  951.7454    16     5     5   816   553
 925 1014.7323  952.1310    17     5     4   777   992
 926  863.1312  953.1878    13     4     4   713   842
 927  445.0050  959.1773    15     4     5   748   433
 928  493.0975  959.6896    15     5     4   709   483
 929   91.1384  960.6479    14     4     5   823   103
 930  373.8668  961.7018    18     5     5  1077   368
 931  130.9739  962.5586    14     4     4   754   135
 932   77.8224  962.5592    14     4     4   748    87
 933  853.5640  964.8674    17     5     5   826   830
 934  552.2997  965.3705    18     5     5   844   548
 935  482.8500  966.9448    14     4     4   720   465
 936  338.6526  969.9412    12     3     4   664   337
 937  873.5305  970.1712    12     3     4   710   853
 938  278.4624  970.6609    15     5     5   815   277
 939  857.9644  971.1864    12     4     4   710   831
 940  700.5601  971.2997    17     5     4   869   693
 941  879.6764  971.4471    14     5     3   707   859
 942  998.2190  972.4284    12     4     4   693   976
 943  155.1550  972.4712    16     5     5   786   160
 944  811.5525  975.5429    15     5     4   779   795
 945  374.9853  975.8079    13     4     4   812   370
 946  484.7393  976.5650    14     5     3   725   468
 947  541.4779  977.9550    14     5     4   729   536
 948  801.8667  979.1598    15     4     4   829   784
 949  569.1952  979.1644    16     5     4   744   561
 950 1012.5790  979.2832    12     3     4   715   987
 951  262.7166  980.0223    14     4     4   768   260
 952  762.0041  981.4106    14     4     5   755   748
 953  807.0896  982.3555    16     4     5   852   789
 954  588.3678  982.7293    16     5     5   788   581
 955  836.4353  983.4685    14     3     5   743   819
 956   59.7180  985.3656    14     4     4   750    71
 957  581.6138  986.7496    12     3     4   709   576
 958   86.6326  986.7810    14     4     4   713    98
 959  974.4715  989.3384    16     5     4   791   954
 960   34.0079  992.0185    16     4     4   727    44
 961   40.4128  992.0705    16     5     4   791    49
 962  851.0508  992.6169    15     4     5   740   829
 963  103.0390  993.3966    12     4     3   671   111
 964  876.5569  999.0712    14     4     4   702   857
 965  972.0631 1001.3479    14     4     4   758   951
 966  673.2284 1001.9645    17     5     4   818   666
 967  898.7895 1002.0246    14     5     4   710   872
 968  531.4813 1002.7537    12     3     4   656   526
 969  558.2889 1003.2437    14     4     4   737   549
 970  545.5521 1005.8294    13     3     5   725   541
 971  628.8328 1006.1845    16     5     4   740   625
 972  973.0575 1006.4303    15     4     5   767   953
 973  122.3549 1006.5242    14     3     5   719   123
 974  564.6970 1006.8366    15     5     4   759   555
 975  567.2352 1010.2840    13     4     4   704   560
 976  485.8448 1011.9705    12     4     4   645   470
 977  706.6916 1013.5967    13     4     5   699   702
 978   18.6728 1013.8086    14     4     4   707    26
 979  979.5146 1014.5307    14     5     5   758   958
 980  181.7946 1015.4482    14     4     5   700   179
 981  424.9090 1015.8389    13     4     4   729   414
 982  679.1772 1016.2124    13     4     4   669   675
 983  268.6128 1016.4662    13     5     3   662   269
 984   85.7461 1018.4656    14     5     5   721    96
 985  743.1991 1018.4735    16     2     8   273   734
 986  999.2064 1018.6927    16     2     8   269   979
 987  871.5699 1018.6958    15     2     9   293   851
 988  359.5699 1018.6958    15     2     9   293   350
 989  615.5704 1018.7254    15     2     9   292   607
 990  231.1643 1018.7357    17     2     9   310   221
 991  103.5317 1018.7698    13     2     9   256   113
 992  487.1692 1018.8383    16     2     8   293   474
 993  902.4130 1021.6104    11     4     3   581   878
 994  319.1920 1021.6725    10     4     3   587   322
 995  775.8874 1021.9092    10     4     3   513   765
 996  922.2291 1022.0441     9     4     3   544   896
 997  138.7935 1022.1394    10     4     3   577   142
 998  662.8318 1022.1477    10     4     3   540   658
 999  754.6980 1022.2143     8     5     2   479   739
