1000
   0  768.8111    2.1828    10     4     3   595   759
   1  331.2232    2.7965    14     4     4   747   327
   2 1001.5862    4.1505    17     5     4   831   978
   3  206.1829    4.2821    14     4     5   654   208
   4  217.1757    5.3629    12     4     3   638   220
   5  281.2347    7.7880    15     5     4   723   279
   6  507.0907    9.1373    14     4     4   719   508
   7  656.2355    9.2627    13     4     4   682   648
   8  470.3512   10.0823    16     5     4   859   453
   9  354.7539   12.6455    16     5     5   861   349
  10  374.5219   13.1616    12     3     4   714   365
  11  420.1585   16.4580    17     5     5   861   413
  12 1019.3607   19.5302    15     5     3   746   993
  13  932.8333   20.2989    15     4     4   717   908
  14  632.5849   21.3982    17     5     5   877   633
  15  242.1173   21.7895    16     4     5   761   245
  16  116.2280   22.9863    17     5     4   898   120
  17  252.0828   23.7293    14     4     4   816   251
  18  878.1330   24.3226    14     4     4   715   849
  19  594.7598   24.3427    13     4     4   715   589
  20  769.8748   25.2306    16     4     5   843   761
  21    6.5234   25.4922    11    10     2   238     8
  22  496.2965   25.9018    14     4     4   705   493
  23  230.0547   27.2135    14     4     4   688   235
  24  567.2725   27.4468    15     4     5   695   562
  25  324.8143   28.4378    12     4     3   715   321
  26  951.1912   29.7903    16     5     4   811   931
  27    8.5641   31.2981    15     5     5   774    15
  28  870.5493   32.3299    14     5     3   769   841
  29  462.1035   34.3408    17     4     5   861   446
  30  819.5747   35.0832    12     3     4   763   801
  31  268.0335   35.1997    17     5     5   826   267
  32  234.8034   36.6236    14     4     5   763   239
  33  490.3496   38.7337    11     3     4   602   482
  34  161.2092   39.4140    17     5     5   868   162
  35  385.0982   39.6675    18     5     5   944   372
  36 1001.3138   41.0939    15     5     4   773   976
  37  820.2461   42.9211    16     5     4   806   802
  38   26.5661   44.2629    17     5     5   866    37
  39  194.8090   44.9508    15     4     4   862   193
  40  108.7846   48.4041    17     4     5   827   115
  41  198.3297   49.9516    13     4     4   688   196
  42  939.3193   51.7018    11     4     3   680   916
  43  608.0147   52.6261    16     4     5   739   608
  44  678.2233   52.6567    16     4     5   760   674
  45  557.7472   54.8860    14     4     4   767   548
  46  305.0668   55.1061    15     4     4   711   305
  47  612.4172   56.7534    12     3     4   712   614
  48   41.0757   57.4095    15     4     5   758    49
  49  957.9430   60.5037    12     4     3   655   935
  50  726.1370   61.2461    18     5     5   877   723
  51  861.6570   61.2603    17     5     5   896   831
  52  709.6712   61.5712    16     5     5   820   703
  53  946.6991   62.2154    16     5     5   803   924
  54  282.1404   62.5702    17     5     5   882   280
  55  909.6485   62.7953    15     4     5   729   882
  56  387.5623   63.4591    12     3     5   634   373
  57  772.1433   65.0209    15     4     4   820   763
  58  141.5955   65.7022    11     3     4   644   142
  59  585.4529   68.3437     9     3     3   621   579
  60 1001.4260   68.8474    15     5     4   812   977
  61  625.6918   70.2603    16     4     5   744   626
  62  827.6843   70.2638    15     4     5   785   807
  63  935.4601   71.1093    12     3     4   747   913
  64  182.8509   71.3688    16     4     5   747   178
  65  742.8633   72.2468    14     4     4   685   736
  66  465.2568   72.9643    15     5     4   738   449
  67  495.4653   73.1004    12     3     4   668   490
  68  419.5926   73.4509     9     3     3   619   411
  69  318.2553   74.1171    17     5     5   836   318
  70  973.3545   74.4342    16     5     5   813   951
  71  129.6453   76.2293    18     5     5   882   131
  72  902.2682   76.7401    17     5     5   774   875
  73   60.9672   80.1716    17     4     5   840    69
  74  831.5932   80.4958    17     5     5   889   811
  75  418.9419   81.5726    16     4     5   780   409
  76  764.4142   83.8228    12     3     4   656   756
  77  393.4087   84.6953    15     5     5   785   383
  78  194.1446   85.7585    16     4     5   779   192
  79  723.1625   86.8032    14     4     4   694   718
  80  730.1174   86.9383    13     4     4   705   726
  81  955.7699   87.4112    13     4     4   682   934
  82  151.0479   87.4676    13     4     4   809   150
  83  261.0554   89.5926    15     4     5   755   262
  84  523.4330   89.5931    17     5     5   782   521
  85 1010.3398   89.5955    18     5     5   798   984
  86  709.2765   91.7626    14     5     4   753   702
  87  599.0016   91.8097    14     4     4   760   598
  88  892.3144   93.4425    14     5     5   749   865
  89  183.8695   94.0968    17     5     4   852   179
  90  388.3817   96.9083    12     4     4   720   374
  91  283.8720   97.1441    15     4     5   771   283
  92  666.3851   97.5603    17     4     5   866   659
  93  246.8390   98.5983    17     5     5   872   248
  94  782.1295  100.1735    14     4     4   777   772
  95  173.1644  100.2181    14     4     4   736   171
  96  925.0763  100.5736    12     4     3   677   901
  97  437.0976  102.5061    15     4     5   811   425
  98   57.7356  103.7622    17     5     5   845    65
  99  197.0025  104.3034    12     4     3   715   195
 100  493.0408  105.0986    16     4     4   870   485
 101  483.3921  105.5159    16     5     4   790   469
 102  558.2373  106.6806    15     4     5   759   549
 103  591.6890  106.7062    16     5     5   742   584
 104  145.4131  107.7973    14     4     5   796   145
 105  864.6227  108.2812    11     3     4   599   835
 106  745.3656  110.8641    16     5     4   800   739
 107  423.4838  112.1637    12     3     4   676   418
 108  186.3309  113.6133    14     4     4   749   182
 109  286.8381  113.6335    13     4     4   692   286
 110  523.9664  115.2937    16     4     5   829   522
 111  262.3381  115.6956    13     4     4   723   263
 112  201.5047  116.2702    17     5     5   814   199
 113  661.2102  118.1799    14     4     4   768   653
 114  938.2532  118.2679    14     5     4   756   915
 115  444.9769  119.1327    15     4     5   798   432
 116  257.2229  119.5258    14     4     5   721   259
 117  527.5325  119.8556    12     3     4   674   526
 118   16.9941  120.0731    16     4     5   755    22
 119  363.3794  122.4126    15     5     3   722   358
 120  152.0881  123.6269    12     4     3   727   151
 121  886.1854  123.8820    14     4     4   763   857
 122  898.1158  124.0754    14     4     4   710   871
 123  381.2388  126.5529    15     5     5   774   368
 124 1003.3211  127.2768    13     4     4   717   979
 125  318.0184  129.0776    16     4     5   785   317
 126  256.4810  129.8349    15     5     4   780   257
 127   51.9494  130.8757    16     4     5   852    57
 128  794.2468  131.3710    14     5     3   768   779
 129  100.1896  131.4664    12     4     3   716   104
 130  559.1017  132.9508    14     4     4   730   551
 131  638.9178  134.4054    16     4     5   847   637
 132  701.0341  135.8112    14     4     4   683   697
 133 1020.0117  138.4656    16     4     5   799   996
 134  562.8042  140.3773    12     4     3   715   557
 135  236.4299  141.6515    13     5     3   658   242
 136  291.2457  142.3175    17     5     5   866   291
 137  411.0815  142.3797    16     5     5   767   405
 138  950.9050  144.2318    14     4     4   703   930
 139  856.8268  144.2892    14     4     4   752   828
 140  217.0253  144.9921    13     4     4   703   219
 141  878.4405  145.4864    14     5     3   728   850
 142  851.6557  145.9638    16     5     4   796   825
 143  224.9673  146.5779    15     4     5   792   226
 144  625.8355  146.8772    15     4     4   773   627
 145  349.2351  147.0533    18     5     5   818   340
 146  895.5282  147.6975    13     3     5   697   867
 147  234.8784  147.9604    15     4     4   845   240
 148  655.8468  148.1263    17     5     4   764   646
 149  229.6250  149.4272    13     5     3   666   233
 150  175.0790  149.7565    15     4     4   770   172
 151  501.7699  150.6474    13     4     4   734   501
 152  372.6050  151.2012    17     5     5   846   363
 153  914.0245  152.6365    17     5     5   822   885
 154  333.3014  153.3014    11     3     4   694   328
 155  761.0799  153.6134    14     4     4   766   754
 156    7.5482  153.7410    14     8     2   223    14
 157  399.1895  154.6867    13     5     3   655   390
 158 1017.9898  155.5254    14     4     5   730   991
 159  958.5522  162.2130    11     3     4   685   936
 160   28.7569  162.9306    14     4     4   716    39
 161  639.3851  162.9307    12     3     4   712   638
 162  193.5080  163.7520    16     5     4   783   191
 163    2.9902  166.0470    11     4     4   567     2
 164  411.1587  166.4728    16     5     5   784   406
 165  961.1828  167.2665    14     4     4   761   938
 166  159.3122  167.6396    14     4     4   763   159
 167  471.3738  170.7320    18     5     5   917   455
 168    3.0135  170.9886    12     4     4   601     3
 169  864.3566  171.9423    14     4     4   712   833
 170  922.7845  172.7998    13     4     4   717   898
 171  684.7696  173.5911    14     4     5   689   682
 172  947.3391  173.8969    16     5     4   800   926
 173  709.7390  175.8797    15     5     5   761   704
 174  230.9970  177.5105    14     4     4   806   236
 175  796.4322  177.6036     9     3     3   621   781
 176  970.1556  178.1101    14     4     4   712   948
 177  382.3378  179.0604    14     4     4   695   370
 178  100.3633  179.9187    14     4     5   835   105
 179  837.0009  181.8224    14     4     4   717   816
 180  204.5965  182.7035    14     3     5   710   204
 181  361.0149  183.8185    16     4     4   832   356
 182  294.0008  184.1963    15     4     4   769   294
 183  441.1877  184.4252    14     4     5   742   426
 184  393.9065  185.5867    13     4     4   718   385
 185  759.8521  185.7379    14     4     4   762   752
 186  876.2769  186.6643    12     4     4   613   847
 187  298.4840  190.1250    14     4     4   764   298
 188  208.5636  190.1542    12     3     4   655   211
 189  153.3111  190.6438    11     4     3   687   153
 190   23.7675  191.8506    13     4     4   672    31
 191  129.1259  192.5000    17     5     5   841   130
 192  831.2370  194.0367    14     4     4   699   809
 193  242.4673  194.4419    15     5     3   701   246
 194  528.9553  194.8690    15     4     4   776   528
 195   69.8356  198.0377    17     4     7   912    77
 196  492.4300  198.3259    15     5     4   707   483
 197  699.0489  198.5521    13     4     4   764   693
 198 1019.3765  198.8603    14     4     4   820   995
 199  676.2348  200.2551    15     5     5   742   673
 200   71.6961  200.6208    13     4     4   701    80
 201  624.4639  201.0988    17     5     5   863   623
 202  799.7200  202.4763    16     5     5   751   784
 203  518.5797  203.3579     9     3     3   667   517
 204  941.4666  204.9286    17     5     4   828   921
 205  881.4985  205.4507    15     3     5   820   853
 206  636.7104  206.9507    19     5     5   860   635
 207  287.5162  207.3270    15     5     4   705   287
 208  226.6209  207.3964     9     3     3   611   229
 209  964.8426  207.5391    13     4     4   667   940
 210   13.7165  209.4101    16     5     5   816    19
 211  598.1788  210.0201    14     4     4   688   595
 212  574.5708  210.1792    17     5     5   834   567
 213  455.5134  211.6421    13     3     5   728   439
 214  254.0000  211.8422    16     5     5   838   256
 215  788.9840  212.6851    13     4     4   692   776
 216  262.5818  212.8550    12     3     4   658   264
 217  357.7860  212.8607    14     4     4   689   353
 218  844.3019  213.0666    16     5     4   806   821
 219  224.0188  213.2746    14     4     4   699   224
 220  353.2820  215.3521    17     5     5   826   344
 221  156.8433  216.0386    16     5     4   795   156
 222  934.9000  217.2511    15     5     4   825   912
 223  455.7764  217.3497    13     4     4   669   442
 224   83.2148  217.3607    14     4     4   750    88
 225  392.5317  224.0179    12     3     4   624   382
 226  970.2651  224.0190    14     4     4   770   949
 227  780.4601  224.6086    16     5     5   786   771
 228  163.9493  224.6806    17     5     5   851   167
 229   38.6254  225.3484    12     4     4   694    47
 230  157.0719  226.5109    12     4     3   669   157
 231  479.3626  227.5244    17     5     5   825   463
 232  343.6208  228.3004    14     3     5   711   332
 233  663.9828  229.4384    16     4     5   858   658
 234   49.4912  231.7642    25     5     6  1499    54
 235  351.4069  234.4543     9     3     3   659   341
 236  181.3650  234.4939    11     4     3   599   177
 237   73.8388  235.7883    14     4     4   754    83
 238  486.3435  236.0112    14     4     4   766   472
 239  189.7388  236.6869    16     4     5   738   186
 240  718.2838  239.4640    15     5     3   816   714
 241  758.6702  240.0813    17     5     4   834   750
 242   51.5070  240.6909    10     3     4   671    56
 243  420.0696  241.9688    17     5     4   795   412
 244  939.9377  242.3614    15     4     5   792   917
 245  682.2921  242.6914    17     5     5   776   678
 246  163.2177  242.8021    18     4     5  1140   164
 247  598.2523  246.9640    13     3     5   671   596
 248  692.7367  248.2954    14     4     4   702   685
 249  301.1788  249.3463    16     4     5   739   301
 250  202.1525  250.9111    14     4     4   753   203
 251  297.9583  252.6545    13     4     4   693   297
 252  205.9207  253.3467    13     4     4   691   206
 253  987.5161  253.8688    14     5     4   761   965
 254    2.6247  254.1176    12     3     4   609     1
 255  668.1043  254.3327    15     4     5   706   661
 256   61.9834  254.9538    13     4     4   703    71
 257  213.9588  255.2481    17     4     5   837   214
 258  692.9396  255.8893    14     4     4   736   686
 259  928.2380  256.7869    15     5     5   753   902
 260  713.8505  258.0880    14     4     4   742   707
 261  116.6700  259.3222    15     5     5   791   121
 262  125.6122  260.4748    18     5     5   893   126
 263  661.7240  260.7037    15     4     5   793   654
 264  997.9153  260.7807    15     5     5   752   973
 265  352.3544  261.9731    14     4     4   717   343
 266  880.2688  263.6743    14     4     5   685   852
 267   22.1184  263.9557    13     4     4   683    29
 268  923.2230  267.0192    13     4     4   704   899
 269  103.8755  267.4693    14     4     5   662   110
 270  158.4341  270.2799     9     3     3   667   158
 271  480.3734  270.8926    16     5     4   863   464
 272  461.9000  271.5902    12     4     3   730   445
 273  216.3486  271.6831     9     3     3   658   217
 274   15.8842  272.2243    13     4     4   674    21
 275  114.2330  272.8978    14     4     4   683   118
 276  220.2299  274.1494    13     4     4   689   223
 277  441.8455  274.2073    14     4     4   690   428
 278  694.5826  274.3049    14     5     4   709   688
 279  873.0538  274.5174    17     5     5   746   845
 280   30.7668  276.0923    16     5     4   756    41
 281 1010.5000  276.6075    15     5     5   792   985
 282  187.4223  276.8387    16     5     4   842   184
 283   62.8393  277.1306    15     5     5   816    72
 284  724.2410  277.2991    15     4     5   787   720
 285  374.8437  277.3105    15     4     5   857   366
 286  876.4201  277.4021    14     4     5   753   848
 287  271.8489  277.7781    15     4     5   772   271
 288  427.5267  279.0479    15     4     5   787   421
 289  126.6931  279.3662    12     4     3   643   128
 290  813.1733  279.6883    15     4     4   750   795
 291    6.5000  281.4783    13    10     2   268     7
 292  544.3765  282.1735    14     3     5   820   535
 293  427.3774  283.3238    10     4     3   622   420
 294  808.1733  284.4851    12     4     3   723   791
 295   94.7609  284.6864    16     5     4   777   100
 296  226.3449  284.7075    13     4     4   665   228
 297  714.1547  285.3050    14     4     4   699   708
 298  493.5272  285.4063    17     5     5   832   486
 299  149.8290  285.7348    14     4     4   681   148
 300  969.1471  286.0465    17     5     5   836   946
 301  589.0704  286.4057    15     4     5   818   583
 302  268.0580  288.9869    14     4     4   787   268
 303  629.8299  289.4463    14     4     4   810   630
 304  919.2203  290.5420    17     5     5   885   890
 305  402.8816  290.5668    16     4     5   789   393
 306  608.3763  290.6305    15     4     5   740   609
 307  134.9833  291.9195    15     4     5   777   132
 308  755.2538  292.2219    13     4     4   727   744
 309  789.9893  293.5429    12     4     3   680   777
 310  872.0038  293.7917    11     3     4   638   843
 311  869.0265  294.0371    15     4     4   904   840
 312 1014.9071  294.8361    15     5     4   742   987
 313  530.6573  296.2467    17     5     5   774   529
 314  252.6134  297.6289    13     4     4   712   252
 315  836.4901  299.9138    12     3     4   729   815
 316  701.6387  300.5693    15     4     5   799   698
 317  656.6278  301.1667    16     5     4   778   649
 318  103.8701  301.2776    15     5     4   766   109
 319  404.1281  302.5938    12     4     3   717   394
 320  748.1991  302.8968    16     5     4   838   743
 321  583.5800  306.0526    15     5     4   825   576
 322  293.6939  306.7228    14     4     4   764   293
 323  334.3585  307.6026    12     4     3   763   329
 324  489.0262  308.2703    18     4     5   868   477
 325  933.4775  308.5997    18     5     5   802   909
 326   61.0357  314.0757    15     4     4   725    70
 327  381.6268  314.3812    18     5     5   803   369
 328  135.2838  314.5193    14     4     5   709   133
 329  144.1439  315.8173    14     4     4   783   144
 330  679.4267  317.9099    12     3     4   625   675
 331  535.1360  318.5773    16     4     5   833   532
 332  953.7697  321.7089    14     4     4   748   932
 333 1019.3684  323.3266    17     5     5   793   994
 334   37.9963  323.3419    15     4     5   694    45
 335  934.8091  325.7182    13     5     3   680   911
 336  353.9475  328.5015    16     4     5   846   347
 337 1020.0492  328.5304    13     4     5   689   997
 338  621.5694  329.4512     9     3     3   623   620
 339  276.3004  329.5037    12     4     3   666   274
 340  564.8671  334.1973    14     4     4   761   559
 341  325.0017  334.9215    14     4     4   726   322
 342  790.1078  337.3057    14     4     4   706   778
 343  595.2061  342.3134    13     5     3   773   591
 344   59.3403  343.2008    12     3     4   715    66
 345  705.1497  343.2163    15     4     4   721   701
 346  574.8842  345.5918    17     5     5   878   568
 347  503.5898  348.3996    19     5     5  1047   503
 348  728.5679  349.1501    15     4     5   813   724
 349  455.5563  349.4407    15     3     5   825   440
 350  965.4468  350.0901    16     5     4   743   941
 351  867.2021  350.9605    14     4     4   761   837
 352   36.9643  351.7185    14     4     4   799    43
 353  268.7611  352.9114    16     5     4   792   269
 354  747.6311  354.0045    12     3     4   677   742
 355  348.5777  354.4094    17     5     5   788   339
 356  963.3062  354.8711    13     4     4   739   939
 357  653.5866  355.2145    12     3     4   663   643
 358  495.8106  356.8613    13     4     4   703   491
 359  513.4210  358.2387    13     3     5   750   512
 360  982.1827  360.7830    14     5     4   783   961
 361  481.1891  360.8349    14     4     4   764   466
 362  214.4214  360.9484    15     5     4   761   215
 363  105.5758  361.3047    12     3     4   714   111
 364  785.3567  361.5000    15     5     4   820   774
 365  973.7215  361.9137    15     5     4   764   952
 366  325.5594  362.8867    12     3     4   676   323
 367  150.9907  366.1304    14     4     4   784   149
 368  922.3802  367.7228    16     4     5   878   897
 369   18.5522  370.6896    14     5     3   715    23
 370  252.7623  371.9577    14     4     4   708   253
 371   44.1749  372.3200    17     5     5   859    52
 372  920.0412  373.3226    14     4     4   698   893
 373  949.7126  373.8817    22     6     5  1344   928
 374  492.8664  374.5243    12     4     3   614   484
 375  550.0181  375.9003    15     4     4   812   540
 376  553.8067  378.5245    14     4     4   753   543
 377  838.9260  379.6400    12     4     3   627   818
 378  668.1269  381.2597    17     5     5   840   662
 379   19.4812  382.0063    12     3     4   760    27
 380  171.0205  382.5687    14     4     5   751   170
 381  894.2052  384.8712    13     4     4   693   866
 382  765.8465  385.5826    14     4     5   697   757
 383  999.8604  386.3392    14     4     5   681   975
 384  463.9514  388.9848    14     4     4   767   448
 385  441.6740  389.8743    13     4     4   699   427
 386  216.9573  390.2896    15     4     5   806   218
 387  550.9337  392.4968    12     4     3   738   541
 388  907.4738  396.3642    14     5     3   751   881
 389   42.6944  397.6406     9     3     3   666    50
 390  775.6655  399.1367    15     5     4   706   768
 391  623.4670  399.2006    17     5     5   868   621
 392  939.9378  399.9501    14     4     4   791   918
 393  528.8975  400.7122    14     4     4   696   527
 394  605.2168  401.5336    13     5     3   695   605
 395  442.7137  401.5859    10     4     3   624   429
 396  874.2776  402.1512    14     5     5   702   846
 397  772.6981  403.1336    17     5     5   806   765
 398  193.0985  403.3877    17     4     5   820   188
 399  352.0095  405.4211    12     4     3   754   342
 400   89.2056  405.4275    15     5     3   826    95
 401  669.6706  408.6393    16     5     5   799   665
 402    6.7583  409.7750    18    10     2   300    10
 403  102.8663  410.1960    16     5     4   818   107
 404  606.2089  411.3482    17     5     5   809   606
 405  498.3890  412.3864    18     5     5   937   496
 406  448.2176  412.5693    17     5     5   949   435
 407  716.8390  413.6109    16     4     5   809   713
 408  394.8923  413.6976    17     5     5   843   387
 409  209.5610  415.0436    16     5     4   734   213
 410   11.7345  417.1034    14     4     4   720    18
 411  597.4871  417.9068    15     5     4   772   594
 412  804.1559  418.2384    13     4     4   688   789
 413  284.6294  418.5157    11     3     4   620   284
 414  357.3477  420.8262    16     5     4   718   352
 415  657.5316  421.0985    13     3     5   795   650
 416   97.0886  422.2658    15     4     5   799   102
 417  668.4806  422.4546    17     5     5   787   663
 418  521.2943  424.5376    13     4     4   689   519
 419  300.1437  425.8245    15     5     4   717   299
 420  968.9171  425.9239    14     4     4   725   945
 421  434.7019  426.2760    15     5     5   784   423
 422  160.7101  427.5765    15     5     5   764   161
 423  363.6120  427.6306    15     5     4   793   359
 424  355.5061  430.7769    16     5     5   821   351
 425  420.6657  431.9006    16     5     5   854   414
 426  674.0746  432.5915    11     4     3   613   671
 427  497.2588  432.6892    13     4     4   669   495
 428  191.3489  433.2913    15     5     4   792   187
 429  864.4785  433.4609    11     3     4   622   834
 430 1021.5681  433.5591     9     3     3   648   999
 431  305.7303  434.4636    18     5     5   840   307
 432  616.4043  435.4220    15     3     5   714   618
 433  347.9134  436.3212    13     4     4   667   338
 434  696.1510  436.4295    12     4     3   716   691
 435  341.3200  436.5371    14     5     4   679   331
 436  578.7422  436.9410    14     4     4   784   571
 437   84.4384  437.8575    14     5     4   789    91
 438  719.9499  440.8297    12     4     4   669   715
 439   43.9724  442.6141    14     4     4   701    51
 440  199.3496  446.2168    14     4     4   765   197
 441   29.9700  448.2988    18     5     5   831    40
 442  883.2886  448.8090    17     5     5   856   854
 443  524.0233  449.1483    16     5     4   848   523
 444  654.3114  450.1678    15     5     4   728   644
 445   38.5129  450.2232    14     5     4   682    46
 446   71.3639  451.0559    16     5     4   858    78
 447  910.9739  452.1167    16     4     4   734   883
 448  669.5775  453.0000    16     5     4   728   664
 449  768.5351  453.6646    15     5     5   806   758
 450  887.6184  454.3553    14     5     4   748   861
 451  495.0599  455.5599    12     4     3   654   489
 452  559.8622  458.1525    13     4     4   743   553
 453  360.1794  458.8365    15     4     5   780   355
 454   98.3752  459.4430    14     5     3   701   103
 455  604.1271  461.0000    14     4     4   722   603
 456  588.8142  461.1890    14     5     5   783   582
 457  676.2273  464.0175    13     4     4   702   672
 458  149.6758  464.8157    13     4     4   716   147
 459  886.3191  465.1760    14     4     4   748   858
 460   89.0026  465.7981    14     4     4   707    94
 461  607.0539  466.0994    16     4     5   819   607
 462  302.1615  466.2197    13     4     5   715   303
 463  673.6370  468.6575    15     5     4   785   670
 464  489.2500  469.3428    15     5     4   786   478
 465  516.3094  469.4247    14     5     4   738   513
 466  777.6413  469.6866    15     5     4   702   770
 467  118.8764  470.0876    12     4     4   731   122
 468  567.7533  470.7417    14     4     5   744   563
 469  913.5883  472.2927     9     3     3   611   884
 470  541.9690  474.6970    14     4     4   673   534
 471  578.9077  474.9626    16     5     4   761   572
 472  555.2433  475.8313    15     5     4   820   544
 473  897.6817  477.4559    14     5     3   707   870
 474  508.8756  477.5051    12     4     3   703   509
 475  740.5346  477.7647    15     5     4   815   734
 476  978.5069  478.2813    19     5     5   917   959
 477  153.5802  478.9877    14     5     4   751   154
 478  390.3009  479.3615    18     5     5   873   377
 479  489.2514  480.1883    14     5     4   679   479
 480   37.4379  481.2985    10     3     4   631    44
 481  226.6602  484.4273    14     3     5   814   231
 482  611.1953  485.1129    13     4     4   688   612
 483  659.7500  486.7105    14     5     4   848   652
 484  715.3072  486.7548    20     6     4  1346   711
 485   72.8968  486.7592    14     4     4   765    81
 486  696.4591  487.0801    15     5     4   712   692
 487  853.2041  487.2627    15     5     4   782   826
 488  809.6832  488.3611    15     4     5   805   792
 489  201.5593  488.4316    15     5     5   808   201
 490  838.2651  489.3320    17     5     5   783   817
 491  715.1498  492.1987    15     4     5   764   709
 492  800.9838  492.7192    14     4     4   756   785
 493  921.7397  492.7619    15     4     5   780   896
 494  853.3154  494.0119    15     5     4   697   827
 495  662.6481  495.0722    12     3     4   660   656
 496  975.3391  496.2824    13     4     4   677   953
 497  499.2052  497.3730    14     4     5   754   497
 498  208.1105  498.4304    14     4     5   787   209
 499  563.3045  498.6955    15     4     5   779   558
 500  196.7386  499.6088    14     5     4   756   194
 501  947.7256  499.8990    15     5     4   744   927
 502  735.0466  499.9646    14     4     4   762   729
 503  931.7360  500.4340    11     4     3   610   907
 504 1017.2907  501.2048    15     4     5   814   990
 505  868.7703  501.6061    15     4     5   753   839
 506  312.7344  501.9178    14     4     4   669   313
 507  226.6293  501.9390    12     3     4   669   230
 508   83.7205  501.9392    14     4     4   716    90
 509  755.3631  504.5659     9     3     3   667   745
 510  309.8614  504.8088    12     4     4   690   312
 511  944.3826  505.7614    11     3     4   638   923
 512  468.8872  505.8670    14     4     4   783   452
 513  260.0405  506.1740    17     4     5   762   261
 514  532.0916  507.3303    15     4     5   745   530
 515  625.6838  507.6990    15     4     5   743   625
 516  672.9824  508.2580    12     4     3   715   668
 517  747.5181  512.1359    12     3     4   672   741
 518  120.4579  517.0210    16     5     4   849   124
 519   86.7199  518.5395    12     4     3   702    93
 520  582.0414  518.5866    12     4     3   663   575
 521  361.8171  519.5029    16     4     5   860   357
 522  479.2792  519.9964    17     5     4   863   462
 523  954.6448  521.3788    13     4     5   724   933
 524  627.2935  522.1786    16     5     4   804   628
 525   19.4347  523.6555    10     3     4   621    26
 526  943.1373  526.7657    14     4     4   697   922
 527  256.5801  527.4396    16     5     4   822   258
 528   73.4489  528.9580    12     3     4   668    82
 529  579.3695  529.9182    15     5     4   786   574
 530  297.5287  530.5965    15     4     5   813   296
 531  421.8570  531.2173    13     4     4   749   416
 532  967.5589  533.1714    13     3     5   690   943
 533  290.8476  533.1967    17     4     5   803   289
 534  407.8150  533.8260    15     4     5   696   399
 535  279.0842  534.3416    14     4     5   746   276
 536  271.3185  534.7129    15     4     5   723   270
 537  138.8181  535.9829    16     4     4   773   140
 538    6.5552  537.4586    14    10     2   285     9
 539  977.8058  538.3666    17     4     5   837   957
 540  444.3369  538.5482    17     5     5   875   430
 541  366.6424  540.4051    14     5     3   709   362
 542  229.9195  541.1644    13     4     4   714   234
 543  560.6832  541.4659    16     5     5   864   554
 544   94.8537  541.8369    15     5     4   806   101
 545  394.4048  542.2559    15     5     5   875   386
 546  839.8407  542.6630    16     5     5   835   819
 547  555.3249  542.8880    18     5     5   894   545
 548  468.8833  542.9306    14     4     4   774   451
 549  487.7051  543.4964    14     4     5   691   475
 550  307.6563  543.8227    14     3     5   735   309
 551  406.3139  545.8236    14     4     4   758   397
 552  930.3613  546.9739    14     4     4   695   906
 553  344.6487  547.1917    16     5     5   799   335
 554  824.3941  550.5064    16     5     5   783   803
 555   89.5043  551.9635    16     5     4   859    97
 556  915.7627  552.8201    17     5     5   901   887
 557  265.2863  553.1270    13     4     4   701   266
 558  713.3156  553.2227    17     5     4   848   706
 559  224.4725  554.5549    15     5     3   769   225
 560  723.9110  555.3048    15     4     5   734   719
 561   25.6333  557.5000    15     5     5   750    34
 562  647.2959  558.5909    11     4     3   693   642
 563  609.6346  564.2521    16     5     5   769   611
 564  772.4832  564.9218    16     5     4   755   764
 565  489.9866  564.9692    16     4     4   793   481
 566    3.3245  565.5245    14     5     5   670     4
 567  803.5598  565.9095    17     5     5   822   788
 568  322.2295  566.4254    18     5     5   864   320
 569   85.2022  567.4949    12     4     3   711    92
 570  518.0674  568.5285    16     4     5   791   515
 571  343.6277  569.6383    14     3     5   704   334
 572  901.7879  569.6814    18     5     5   913   873
 573  972.9967  570.7385    16     4     5   768   950
 574  321.5445  570.7544    15     5     4   779   319
 575  624.2069  571.9061    15     4     4   805   622
 576  700.2952  575.8857    15     5     4   736   696
 577  407.0446  576.1452    13     4     4   736   398
 578  614.6746  576.5000    13     5     3   697   615
 579  843.0159  576.7279    13     4     4   696   820
 580  756.4332  577.3771    15     4     5   809   747
 581  729.7802  580.0314    14     4     4   761   725
 582   53.7960  580.3844    13     5     3   701    59
 583  517.6137  582.6598    15     4     5   757   514
 584   76.0789  583.3710    16     4     5   749    85
 585  235.0331  583.5194    15     4     5   769   241
 586  756.3149  583.9579    13     4     4   735   746
 587  740.1528  584.5272    15     4     5   775   730
 588   94.1463  584.7942    15     4     4   755    99
 589  366.5185  585.7597    15     5     4   743   361
 590   14.6320  587.0563    12     4     4   688    20
 591  884.6060  587.7674    17     5     5   802   855
 592  411.4733  588.1336    16     5     4   796   407
 593  107.2561  588.7375    17     5     5   789   113
 594  155.9354  589.3936    12     4     3   731   155
 595   19.2377  589.6293    12     4     4   669    25
 596  137.5849  589.7358    17     5     4   806   138
 597  992.6148  591.1902    16     5     5   770   972
 598  307.6060  592.8286    13     3     5   696   308
 599  405.6738  593.5239    14     4     5   727   396
 600  186.4203  595.5000    14     4     5   717   183
 601   60.4832  596.6286    15     4     5   803    68
 602   25.5470  597.6557    16     5     5   841    32
 603  845.8090  599.4497    14     4     4   716   822
 604  253.5859  600.5000    15     3     5   697   254
 605  604.1273  600.6102    16     5     5   804   604
 606  710.5840  600.6714    14     4     5   735   705
 607    6.2074  602.1996    13     4     4   646     6
 608  278.7190  602.5483    15     5     5   730   275
 609  288.1949  602.6369    16     4     5   832   288
 610  886.5768  603.5633     9     3     3   611   859
 611  703.6108  604.4282    17     5     5   811   699
 612  815.8551  607.4028    12     4     3   717   799
 613  587.7401  607.4459    14     5     3   769   581
 614   65.3033  607.5164    14     4     4   750    75
 615  201.5162  607.6848    16     5     4   777   200
 616  903.6002  608.0172    14     4     4   749   876
 617  280.2753  608.5772    12     4     3   703   278
 618  666.5394  609.0573    12     3     4   678   660
 619  237.2126  609.2859    17     5     5   866   243
 620  175.1345  610.3900    16     4     5   751   173
 621  758.8394  610.5960    17     5     5   889   751
 622  989.4564  613.3436    13     3     5   680   967
 623  463.6747  614.1540    13     4     4   708   447
 624  124.7865  616.0355    16     5     4   851   125
 625 1010.2997  616.6596    15     5     4   764   983
 626  878.8943  617.6275    12     4     3   716   851
 627   75.5141  617.8038    16     5     4   871    84
 628  163.3224  617.8794    12     4     4   655   165
 629  928.9230  618.0833    16     4     4   796   903
 630  810.0585  618.2007    15     4     5   748   793
 631  193.3192  618.7279    15     4     5   681   190
 632  699.5502  618.9548    16     5     4   758   695
 633  558.6478  619.5116    16     4     5   850   550
 634   39.3171  620.9827    15     5     4   757    48
 635  141.9904  623.4496    16     4     5   835   143
 636    8.8206  625.2420    13     4     4   785    16
 637  566.2336  626.2299    14     4     4   688   560
 638  282.3025  626.9601    29     7     6  1581   281
 639  447.8601  629.5335    17     4     5   856   434
 640  889.1056  630.1268    15     4     4   718   862
 641  618.2800  633.4484    16     5     5   819   619
 642  814.4918  634.4175     9     3     3   575   796
 643  561.7378  634.6818    15     5     4   722   556
 644  519.2889  636.2234    16     5     5   771   518
 645  524.7767  637.0518    16     5     4   778   524
 646  137.5017  637.6261    15     5     5   745   137
 647  579.2485  638.4923    14     4     5   657   573
 648  373.5585  640.1472    14     5     4   704   364
 649  975.9525  641.8876    16     4     4   823   956
 650  601.1801  641.9458    15     5     4   722   600
 651  317.0532  642.3189    15     4     5   752   316
 652   71.3762  643.4667    14     5     3   770    79
 653  163.7638  644.4317    13     4     4   657   166
 654  481.7750  646.0868    15     4     5   801   467
 655  305.6457  647.3804    15     5     4   802   306
 656  444.9265  647.4461    15     4     5   837   431
 657   92.4322  648.0015    16     5     4   838    98
 658  934.7441  649.0712    15     5     4   740   910
 659  390.0192  651.5865    16     4     5   784   376
 660  638.1296  651.6037    16     4     5   816   636
 661  334.8544  653.0324    14     4     4   758   330
 662  949.9531  654.9708    15     4     4   715   929
 663  108.2674  654.9709    14     4     4   656   114
 664  725.3748  655.6359    16     5     5   815   721
 665  511.5405  658.4745    17     5     5   836   510
 666  354.5435  659.7109    21     5     5  1291   348
 667  402.6442  662.4538    14     4     4   660   392
 668  409.2458  662.7004    12     4     4   659   401
 669    6.8106  665.7955    18    10     2   312    12
 670  461.0034  665.9244    14     4     4   722   443
 671  827.6765  666.1873    15     5     4   796   806
 672  832.1245  666.5595    11     4     3   648   812
 673  645.9004  666.5898    12     4     3   677   641
 674  179.9160  668.0054    19     5     5   928   176
 675  448.9498  669.0952    16     5     4   827   436
 676  672.7540  673.1458    15     5     4   709   667
 677  496.3370  679.0806    13     4     4   719   494
 678 1016.7093  679.1827    13     4     4   713   989
 679  990.7360  679.4888    10     4     3   634   969
 680  304.6364  680.6658    15     5     4   729   304
 681   26.1672  681.0337    17     5     4   837    35
 682  848.9308  681.3315    17     5     5   799   823
 683  446.8544  681.3339    15     4     5   782   433
 684  740.2256  684.7624    15     5     4   817   731
 685  315.8743  686.4895    18     4     5   848   315
 686  114.9272  686.8576    16     4     5   806   119
 687  906.2547  689.6670    15     5     4   737   880
 688  656.2284  691.0556    14     4     4   707   647
 689  546.9147  691.4365    16     4     5   758   539
 690  119.8505  691.7352    17     4     5   812   123
 691  392.4345  692.3259    10     3     4   680   381
 692  597.3008  692.4677    15     5     4   677   592
 693   21.3191  695.8931    18     5     5   849    28
 694  471.1863  699.2563    19     5     5   904   454
 695  990.2645  699.9974    14     4     4   709   968
 696  179.8739  702.5529    13     5     3   697   175
 697  391.4063  702.9841    16     5     4   790   380
 698  806.6915  703.3805    16     4     5   771   790
 699  160.6424  706.4917    15     5     3   754   160
 700  139.6926  708.8409    18     5     5   881   141
 701  452.0237  709.6612    16     4     5   836   438
 702  914.2441  710.4809    17     5     5   850   886
 703   63.2375  711.1518    14     4     4   700    73
 704  273.1872  713.7590    19     5     5   970   272
 705  980.4951  717.4531    15     3     5   768   960
 706  630.0721  717.6051    14     4     5   806   631
 707  762.9199  719.3301    14     4     4   752   755
 708  602.8993  720.2917    14     4     4   716   602
 709  313.0049  722.5112    17     5     5   883   314
 710  202.0649  722.8877    16     4     5   792   202
 711  518.4868  723.1634    12     3     4   726   516
 712  137.3456  724.4057    13     5     3   713   136
 713   52.9789  725.7500    14     4     4   708    58
 714  410.1156  728.4691    14     4     4   754   403
 715  940.4002  728.5431    11     3     4   621   920
 716  695.9789  728.8746    16     4     4   870   690
 717  747.1257  734.8879    16     4     5  1186   740
 718  137.8169  735.5847    16     4     5   750   139
 719  886.9389  735.9662    15     4     4   772   860
 720  849.9840  737.1570    14     4     4   828   824
 721  905.7590  738.0586    14     4     4   754   879
 722  391.2948  738.6687    11     4     3   685   379
 723  658.4638  743.6447    16     5     4   768   651
 724  309.7894  743.7021    15     5     4   734   311
 725  640.9194  743.7155    14     4     4   748   639
 726  170.3307  746.2939    15     5     4   776   169
 727   82.6023  747.5728     9     3     3   667    87
 728  396.3616  748.9335    12     3     4   669   388
 729  551.3523  749.4586    15     5     5   827   542
 730  136.7250  751.6076    11     4     3   621   134
 731  512.2885  752.4615    15     4     5   722   511
 732 1015.1862  754.9086    14     4     4   720   988
 733  253.6364  754.9992    12     3     4   721   255
 734  383.0015  755.1667    14     4     4   812   371
 735  478.6938  756.1721    14     4     4   692   461
 736  232.7846  756.9199    17     5     4   813   238
 737  535.5934  758.2443    15     4     5   803   533
 738  716.4522  758.8184    16     5     5   829   712
 739  690.7188  760.2164    15     5     4   767   684
 740  556.9855  760.8059    15     4     4   807   547
 741  929.6399  761.4215    16     5     5   746   905
 742  787.7163  761.7996    12     4     4   684   775
 743  148.0140  763.0327    15     4     4   792   146
 744  307.8323  764.7025    14     4     4   772   310
 745  240.9950  765.3194    12     4     4   718   244
 746  663.0462  765.3454    13     4     4   822   657
 747  947.2699  765.8477    15     5     4   754   925
 748  435.0062  769.0775    14     4     4   701   424
 749  895.9292  770.0797    14     4     4   811   869
 750  977.8563  771.1655    16     4     5   755   958
 751  500.2755  771.3790    15     4     5   778   499
 752  484.8820  771.4982    17     5     5   738   470
 753  929.2128  773.5869    14     5     4   704   904
 754  364.9072  774.8746    14     4     4   722   360
 755  593.8078  774.9219    15     5     4   816   588
 756  600.7683  775.6745    14     4     5   673   599
 757  968.1234  776.4731    17     5     5   802   944
 758  410.4260  778.9030    14     4     4   748   404
 759  228.2671  778.9303    14     4     4   814   232
 760  426.1729  779.2871    15     5     4   737   419
 761  410.0205  783.6399    12     4     3   706   402
 762  113.0935  784.2243    16     4     5   802   117
 763  602.3976  785.3614    16     5     5   824   601
 764  461.8961  786.2029    14     4     4   756   444
 765  801.1856  787.5309    12     4     3   702   786
 766  775.5410  787.8035    14     5     4   677   767
 767  494.4157  788.5000    14     5     5   674   488
 768    2.1708  789.6792    10     3     4   580     0
 769  501.8854  789.9363    14     4     4   768   502
 770  487.2904  790.0496    14     4     4   684   474
 771  300.5651  790.9152    17     5     5   907   300
 772  801.9223  791.9806    14     4     4   758   787
 773  575.4714  792.8238    14     5     4   665   569
 774    6.8884  793.4835    12    10     2   241    13
 775  186.2640  793.9056    14     4     4   712   181
 776   53.9279  794.1967    17     5     5   836    60
 777   25.5636  794.5545    17     5     5   830    33
 778  795.6045  795.4761    15     5     5   820   780
 779 1003.8367  796.2310    13     4     4   721   980
 780  740.5221  797.4100    17     5     5   848   733
 781  592.5888  798.7145    17     5     5   846   586
 782  573.8682  800.8947    15     4     4   753   565
 783  595.1312  803.3397    16     4     5   846   590
 784  832.2961  804.5816    16     4     5   773   813
 785  611.2808  805.4854    10     4     3   579   613
 786  534.0574  805.5595    22     6     6  1431   531
 787  815.6906  806.2990    13     4     4   707   798
 788  857.6583  808.5446    17     5     5   865   829
 789  783.9095  808.7254    16     4     5   790   773
 790  472.6408  808.7320    14     4     5   765   457
 791  991.3531  809.7810    16     5     4   861   971
 792  404.6183  812.6198    17     5     5   846   395
 793  654.6743  812.9266    16     5     5   814   645
 794  636.4022  814.1705    16     5     4   855   634
 795  769.1164  814.3418    14     4     4   810   760
 796   48.1827  814.4947    13     5     3   691    53
 797  504.2155  814.7408    13     4     4   703   504
 798  568.9357  815.0146    14     4     4   824   564
 799  455.6419  816.8074    13     3     5   722   441
 800  500.6369  817.1204    12     3     4   668   500
 801  825.1015  817.7348    16     4     5   820   805
 802   26.3653  820.9310    16     5     4   754    36
 803  695.4970  821.9066    17     5     5   834   689
 804  248.0597  822.2291    14     4     4   701   250
 805  206.0089  822.8739    18     4     5   854   207
 806  216.3416  824.6431    12     4     4   707   216
 807  388.4895  826.8333    14     4     5   809   375
 808  327.5782  826.9390    17     5     5   899   326
 809  393.7521  828.1861    14     4     4   739   384
 810  831.4794  828.8514    14     5     4   675   810
 811  699.4307  830.0219    16     5     4   867   694
 812  496.0806  830.4484    16     4     5   799   492
 813  301.5814  832.4502    14     5     3   742   302
 814  975.7413  832.5000    12     4     3   667   955
 815  919.6420  834.4225    18     5     5   877   891
 816  577.6715  834.5245    17     4     5   864   570
 817  422.8057  838.5937    16     5     5   811   417
 818  355.2671  839.8012    16     4     5   731   350
 819   67.9622  840.2434    14     4     4   709    76
 820  375.6852  840.2441    13     4     4   724   367
 821   57.2537  840.6424    16     5     5   834    64
 822  919.6812  840.8943    15     5     4   746   892
 823   28.0121  840.8974    14     4     4   759    38
 824  486.3125  841.1479    14     4     4   796   471
 825 1010.8987  841.5539    12     4     3   732   986
 826  627.9010  842.3115    16     4     5   786   629
 827  797.0986  842.4723    16     4     5   738   782
 828  345.8987  842.7186    16     5     4   782   337
 829  468.1784  844.7496    16     4     5   729   450
 830  645.5231  845.3917    15     5     3   713   640
 831  208.8203  845.3922    12     4     3   760   212
 832  693.5504  845.7948    12     3     4   656   687
 833  136.7376  846.0072    14     4     4   763   135
 834  873.0171  846.2168    14     4     4   811   844
 835  279.1259  848.2943    17     4     5   841   277
 836  450.6962  850.2560    13     4     4   716   437
 837  630.4722  857.3856    14     3     5   752   632
 838  891.6324  857.9764    13     3     5   787   864
 839  555.4649  858.2540    15     5     4   719   546
 840    3.3750  858.4646    14     5     4   676     5
 841  353.8824  859.4596    12     4     3   664   346
 842  797.6812  861.2424    16     4     5   789   783
 843  969.8728  863.1288    15     5     4   775   947
 844  343.6234  863.7991    12     3     4   655   333
 845  895.8257  864.0155    14     4     4   751   868
 846  505.4476  864.6254    13     5     3   760   506
 847  975.4378  865.9420    12     3     4   715   954
 848  472.5436  866.1091    13     4     4   657   456
 849  683.9318  868.2191    14     4     4   763   680
 850  126.2810  869.3420    16     4     5   717   127
 851  725.5995  870.4417    16     4     5   743   722
 852  415.6628  871.5447    15     4     5   709   408
 853  967.2634  871.7723    15     4     5   767   942
 854  185.7980  872.2398    14     4     4   801   180
 855  353.5969  872.7334    14     5     4   697   345
 856  162.3237  873.5853    12     5     3   659   163
 857  166.4744  873.9085    12     4     4   705   168
 858 1008.9517  874.2840    16     4     5   822   982
 859  775.0017  874.9476    15     4     4   722   766
 860  862.2032  874.9524    14     4     4   770   832
 861  984.7586  876.0497    14     4     4   724   962
 862  585.2534  876.5408    14     4     5   728   578
 863  505.9590  877.1767    14     4     4   774   507
 864  402.1447  877.7267    14     4     4   762   391
 865  292.7897  878.8908    17     5     4   843   292
 866  219.1796  879.4506    17     5     5   838   222
 867  609.3547  879.5139    16     5     5   807   610
 868  488.3710  879.5704    17     5     5   852   476
 869  776.6277  880.0041    17     5     4   898   769
 870  500.2268  882.2846    13     4     4   701   498
 871  885.1770  882.6330    11     4     3   689   856
 872  730.9789  885.2711    14     4     4   756   727
 873  193.2906  888.2628    17     5     5   853   189
 874  247.8486  889.6451    17     5     5   804   249
 875  262.6747  891.6298     9     3     3   668   265
 876  179.0000  892.5173    16     4     5   738   174
 877  744.8813  893.6203    16     4     5   792   738
 878  408.6378  894.5714    16     5     5   748   400
 879  544.8307  896.3981    15     4     5   788   536
 880  525.7169  899.8165    16     5     4   833   525
 881  682.3209  901.3062    18     5     5   861   679
 882  741.2449  904.5819    12     4     3   657   735
 883  939.9387  906.1202    14     4     4   735   919
 884  504.3108  906.3762    15     4     5   853   505
 885  830.1649  908.1947    14     5     4   710   808
 886  522.1401  908.2036    14     4     4   754   520
 887  720.8141  908.6710    13     4     4   703   716
 888  924.1062  908.6848    13     4     4   747   900
 889  102.0730  908.9324    14     4     4   695   106
 890  189.3212  910.9735    14     4     4   649   185
 891   54.1850  911.9362    16     4     5   795    61
 892  743.0754  912.5098    15     4     5   760   737
 893  153.1414  914.1513    15     4     5   758   152
 894  757.9392  914.7593    14     4     4   707   749
 895  959.7404  914.8221    14     4     4   764   937
 896  397.3351  915.4747    16     4     5   833   389
 897  275.4818  916.0033    12     3     4   726   273
 898  819.3379  916.7983    15     4     5   730   800
 899  917.0139  917.4258    12     4     3   659   889
 900 1020.3050  917.4768     9     3     3   608   998
 901   83.4983  919.7030    16     5     5   766    89
 902    6.8106  921.7955    18    10     2   312    11
 903  480.5478  923.1590    17     5     5   818   465
 904  109.9316  927.0398    14     4     4   805   116
 905  286.3981  931.0564    16     5     4   798   285
 906  904.8474  931.5947    12     4     3   690   878
 907  481.8847  932.2383    14     4     5   717   468
 908   60.3619  935.6801    13     4     4   702    67
 909  715.1782  936.0467    14     4     4   718   710
 910   50.5643  937.1142    13     4     4   721    55
 911  679.6520  937.7509    14     4     5   686   676
 912  811.7979  937.9881    14     4     4   771   794
 913  757.6405  940.7703    15     5     4   705   748
 914  545.0729  940.8661    14     4     4   812   537
 915  704.9707  941.4539    16     4     5   876   700
 916  291.2373  941.9280    24     5     6  1595   290
 917   89.2822  942.4873    17     5     5   877    96
 918  208.3333  942.9028    13     4     4   706   210
 919  673.4382  942.9184    17     5     5   801   669
 920 1004.2091  947.2868    17     5     5   775   981
 921  242.6894  947.3253    18     5     5   861   247
 922  899.7198  947.6538    15     4     5   787   872
 923  419.5412  948.2234    11     3     4   692   410
 924  662.3843  948.9377    14     4     4   702   655
 925  428.8545  951.4985    14     4     5   817   422
 926  915.8898  952.4461    18     6     5   829   888
 927  920.7702  953.3587    12     4     3   764   894
 928  904.2720  954.9662    12     4     4   712   877
 929  494.1320  955.2500    17     4     5   814   487
 930  295.2230  956.1430    17     5     5   845   295
 931 1018.7570  957.5912    13     4     4   733   992
 932  106.2052  957.7886    15     5     4   798   112
 933  684.2682  962.5152    12     4     3   711   681
 934  687.8887  962.9048    13     4     4   750   683
 935  670.4315  963.5668     9     3     3   659   666
 936  867.7215  965.1256    15     4     5   791   838
 937  345.5990  966.9479    14     5     4   716   336
 938  561.6591  968.1097    16     5     5   757   555
 939   35.9658  968.5998    15     4     5   721    42
 940  217.2321  970.2127    14     4     4   756   221
 941  860.3166  970.2735    17     5     5   819   830
 942   54.2904  972.1518    14     4     4   746    62
 943  889.4548  972.6338    15     5     4   748   863
 944  592.3729  973.3577    17     5     5   894   585
 945  987.9123  973.6384    17     5     5   871   966
 946  865.2828  973.6940    17     5     5   773   836
 947  760.4141  974.0689    12     3     4   679   753
 948  585.7776  975.9537    14     4     4   702   580
 949  825.0080  976.3295    13     4     4   693   804
 950  327.4299  976.6829    16     5     4  1073   325
 951  199.4439  976.9984    14     4     4   764   198
 952   18.9017  978.1683    16     5     4   760    24
 953  283.8613  978.5084    15     5     5   745   282
 954   23.0378  978.5151    15     4     5   812    30
 955  421.6949  981.6915    15     5     4   740   415
 956   65.1776  982.2741    15     4     5   761    74
 957  901.9698  983.4564    16     4     5   756   874
 958  489.6814  984.0261    15     5     4   762   480
 959  573.9220  986.4078    16     4     5   724   566
 960  327.1608  988.0017    16     5     4   732   324
 961  474.8098  988.9366    15     4     5   773   458
 962  921.5877  991.3560    16     5     5   764   895
 963  986.5555  992.6815    16     5     5   755   963
 964  937.3269  994.7844    16     5     4   807   914
 965  598.5973  995.1980    13     4     4   726   597
 966  477.3975  995.5218    14     3     5   735   459
 967  559.4044  995.8114    15     5     4   757   552
 968  625.1883  996.8027    15     4     5   814   624
 969  616.3192  999.8580    11     3     4   663   617
 970  987.1106 1000.0667    16     5     4   820   964
 971   79.2669 1001.3646    16     5     5   795    86
 972  732.4733 1004.2059    15     5     5   711   728
 973    8.8469 1011.0871    14     4     4   731    17
 974  770.0866 1011.5571    14     4     4   735   762
 975  679.6996 1011.9652    14     4     4   686   677
 976  990.9845 1012.3207    12     4     4   700   970
 977  584.5165 1012.8266    12     4     4   665   577
 978  545.6896 1013.2877    13     3     5   747   538
 979  204.6804 1013.7452    12     4     4   691   205
 980  127.6300 1013.8622    12     3     4   697   129
 981  566.2992 1015.1218    13     4     4   643   561
 982  593.7043 1015.2121    14     4     4   654   587
 983  740.4473 1016.3266    30     6     9  1021   732
 984  597.3653 1017.6109    10     4     3   605   593
 985   55.6525 1018.4371    15     4     5   786    63
 986  231.1842 1018.5789    16     2     8   274   237
 987  871.5391 1018.6406    13     2     9   258   842
 988  359.5699 1018.6958    15     2     9   293   354
 989  487.1923 1018.7137    16     2     8   277   473
 990  103.5083 1018.7500    10     2     9   220   108
 991  999.1692 1018.8383    16     2     8   293   974
 992  615.5163 1018.8821    11     2     9   233   616
 993  478.4928 1019.6568    13     4     5   685   460
 994  257.4154 1020.3858     9     3     3   563   260
 995  815.4290 1020.5365    12     4     4   641   797
 996  834.6495 1020.9680    13     5     4   692   814
 997  390.3422 1021.3438    13     4     4   751   378
 998  722.0275 1022.2152     7     4     3   379   717
 999  225.0825 1022.2912     7     4     2   367   227
