993
   0  744.5835    2.7250    14     5     4   691   733
   1  352.0148    4.3499    15     4     5   723   341
   2  229.8405    4.3577    15     4     5   705   224
   3  241.0000    5.6336    12     4     4   704   235
   4  305.4031    9.1438    16     5     4   800   305
   5  636.7353   10.8034    15     5     4   796   628
   6  506.3746   11.4033    17     5     5   832   503
   7  474.7285   12.1987    18     5     5   867   452
   8  373.3899   14.3689    11     4     3   682   358
   9  391.1938   15.0769    14     4     4   790   372
  10 1017.1605   15.4478    14     4     4   791   985
  11  920.7398   16.8542    17     5     4   808   889
  12  431.3808   18.4395    16     5     5   722   415
  13  133.9671   20.4722    16     4     5   843   135
  14  859.7470   22.1364    14     4     4   723   827
  15  266.4744   22.4927    15     3     5   697   261
  16  615.3245   23.2208    12     5     3   650   606
  17  276.3720   24.8209    15     5     4   767   271
  18  745.9061   25.8976    15     4     4   736   736
  19  941.3932   25.9011    16     5     4   731   914
  20  581.8507   26.2637    17     4     5   843   572
  21   11.7532   26.7771    12     4     4   665    15
  22  253.9992   27.8691    15     5     4   811   247
  23  496.7529   28.4316    11     4     3   636   489
  24  851.3276   29.7334    15     5     4   707   821
  25  558.0617   29.8858    14     4     4   788   546
  26  346.1633   30.0059    14     4     5   737   333
  27  797.0956   34.0162    15     4     5   830   779
  28  999.1519   35.0067    15     4     4   825   969
  29  292.0469   36.7940    16     4     5   864   287
  30  182.4818   37.4323    14     5     3   746   179
  31  258.7665   37.4338    11     4     3   639   252
  32  467.4890   38.1025    16     5     4   794   445
  33   32.3342   38.1971    12     3     4   711    38
  34  797.7334   41.4796    12     4     3   707   780
  35  491.8599   43.2487    16     4     5   749   477
  36  400.2898   43.4664    15     4     5   716   385
  37  125.4146   43.7041    17     5     5   802   125
  38  217.8105   43.8208    14     4     4   723   213
  39  928.0519   45.3919    15     4     5   844   898
  40  221.5372   48.8147    13     3     5   721   218
  41   49.0203   49.6234    17     4     5   810    51
  42  949.4983   52.5733    15     3     5   750   923
  43  936.6554   54.3463    12     4     4   699   908
  44  895.2098   56.0253    14     4     4   812   862
  45  657.7145   56.3080    15     4     5   728   644
  46  842.3229   56.7504    15     5     4   709   813
  47  594.2602   58.0706    15     4     4   809   584
  48  326.6514   58.3486    15     5     5   784   319
  49  999.4227   59.1101    12     4     4   715   971
  50  160.7023   60.8898    15     5     4   758   155
  51  550.1012   61.5966    15     4     5   792   534
  52  924.2741   62.5779    17     5     5   927   893
  53  598.4005   62.7966    13     3     5   693   590
  54  703.7948   63.6808    16     4     5   774   694
  55  967.5038   64.4472     9     3     3   620   939
  56  687.8177   64.6968    15     5     4   770   677
  57  749.2090   65.1164    17     5     5   840   739
  58  304.4119   65.4299    17     5     5   840   299
  59  806.7490   67.0753    14     4     4   658   788
  60  204.1463   68.5381    14     4     4   796   197
  61  887.3565   69.0022    16     5     4   829   855
  62  147.1019   69.9076    15     5     4   778   147
  63  401.5324   70.0396    12     3     4   676   390
  64   71.1578   70.2640    17     5     5   848    78
  65  720.6508   74.0270    12     3     4   750   711
  66  574.7618   76.2263    18     5     5   856   562
  67  947.6564   76.4018    16     5     5   761   921
  68  811.2447   76.4210    16     5     5   818   790
  69 1008.3394   77.1661    14     4     4   769   977
  70  610.8244   77.3877    13     5     3   691   603
  71  338.1578   78.9992    13     4     4   729   325
  72  169.6873   81.8952    15     5     4   732   165
  73  429.7788   82.1759    14     4     4   757   414
  74  469.7318   82.5561    11     4     3   645   447
  75  496.0788   82.8055    14     4     4   762   486
  76  215.0107   83.3286    14     4     4   700   207
  77  742.7416   84.4329    15     4     5   746   730
  78  877.3051   84.7296    16     4     5   822   846
  79  913.5366   89.3709    15     3     5   723   880
  80  709.1864   89.8604    18     5     5   907   699
  81  702.4567   90.2647    12     3     4   698   693
  82  203.8781   90.3657    16     4     5   763   195
  83   66.8039   91.2556    14     5     4   762    75
  84  428.7761   91.4287    11     4     3   657   412
  85  282.1398   91.8432    15     4     4   794   277
  86  405.9493   93.9917    15     4     4   811   393
  87  192.3976   95.3602    14     5     3   755   186
  88  689.5137   96.4276    11     3     4   621   678
  89  761.6062   99.2690    13     4     4   723   749
  90  267.4359   99.9021    14     4     4   702   263
  91  848.1616  100.1814    16     5     4   816   819
  92  162.5684  100.2658    13     4     4   715   156
  93  216.8833  101.1986    13     4     4   704   211
  94  303.6946  101.3291    14     4     5   731   297
  95  520.8049  101.6179    17     5     5   908   512
  96  587.7374  102.4565    17     5     5   882   576
  97   20.3883  104.3557    13     5     3   712    25
  98  929.0458  104.4641    12     4     3   677   900
  99  649.4858  105.0206    16     5     4   792   639
 100  400.9242  107.4755    17     4     5   823   389
 101  204.9152  109.3674    11     4     3   623   199
 102 1001.6849  110.4507    15     5     5   799   972
 103  885.2745  112.5455    14     4     5   690   853
 104  872.3574  113.0772    12     3     4   709   837
 105  725.9813  113.1374    13     4     4   745   716
 106  220.2416  113.3606    12     4     3   658   217
 107   59.3855  115.0653    12     3     4   679    61
 108  444.2834  115.6656    16     5     5   788   429
 109  168.4336  115.7154    15     4     5   707   164
 110  305.1341  118.4764    12     4     3   672   304
 111  281.1288  118.4780    14     5     3   730   274
 112  112.1673  118.5723    12     4     3   673   115
 113  581.9123  119.1354    14     4     4   727   573
 114  494.1194  119.3376    16     4     5   788   481
 115  485.4390  119.8125    16     5     4   848   465
 116 1018.1028  120.1876    13     4     4   767   987
 117  552.0000  120.2642    17     4     5   840   537
 118  275.8870  121.7907    15     4     5   814   270
 119  431.8176  125.9362    15     5     4   808   416
 120  944.1835  127.2826    13     4     4   705   919
 121  646.0724  127.5263    12     4     3   728   637
 122  776.8279  128.5559    17     5     5   850   758
 123  521.4983  130.7831    16     5     5   750   515
 124  274.2638  132.2219    14     4     4   737   268
 125  865.6603  133.6779    15     5     5   774   833
 126  376.6546  133.7504    17     5     5   817   361
 127  883.9855  134.1595    16     4     5   815   852
 128  450.7798  134.1942    15     4     5   804   432
 129  842.6006  134.7068    18     5     5   886   814
 130 1016.4601  135.7015    12     3     4   646   983
 131  524.7430  135.9198    16     5     4   765   519
 132  837.3667  136.7821    13     4     4   715   809
 133  333.5128  137.3405    16     4     5   787   323
 134  904.3799  137.4294    16     4     5   826   871
 135  392.5839  139.4688    15     3     5   758   374
 136  253.1574  141.8016    14     4     4   750   246
 137  685.4716  142.7451    17     5     5   839   669
 138  190.0346  142.8256    16     4     5   854   184
 139  233.3730  142.9190    16     5     4   790   229
 140   32.4318  143.0314    12     3     4   677    39
 141  953.1122  143.2064    15     4     5   787   925
 142    4.1688  145.2436    13     4     4   598     2
 143  241.0804  145.3186    13     4     4   764   236
 144  626.8887  146.5693    14     4     5   688   618
 145  956.1588  147.8917    15     4     5   704   929
 146  250.8682  147.8971    15     4     5   704   244
 147  306.7231  148.3534    17     4     5   811   308
 148  245.5460  148.7968    16     5     5   790   240
 149  553.6093  149.5125    11     4     3   668   539
 150    4.2805  149.6047    10     3     4   501     3
 151    7.5465  153.7442    14     8     2   226    12
 152  745.7757  154.3318    15     5     4   792   735
 153  941.3761  154.7071    15     5     4   715   913
 154  915.1022  155.5356    15     4     5   796   883
 155  966.2443  157.3984    13     4     5   701   937
 156  557.2756  157.4856    17     4     5   794   545
 157  171.9338  158.1252    14     4     4   767   169
 158  419.1399  158.4269    12     4     3   667   404
 159  207.5602  158.5091    11     4     3   658   202
 160  361.3640  159.0512    14     4     4   706   350
 161  643.7454  159.7017    13     4     4   725   633
 162  853.0916  160.1021    15     4     4   723   823
 163  615.6557  161.0283    17     5     4   806   608
 164  108.7018  163.5422    12     4     3   665   112
 165  345.6680  164.0961    16     5     5   779   332
 166  382.9085  165.3613    16     4     5   816   366
 167   25.9151  169.5455    16     4     5   731    32
 168  501.7706  169.9858    14     4     4   772   496
 169  407.3100  170.9933    15     5     4   750   396
 170  825.9615  172.5458    12     4     3   731   801
 171  867.0098  172.7773    12     4     4   679   834
 172  784.1172  173.5678    15     4     5   696   766
 173 1018.0049  175.4349    15     4     5   764   986
 174  243.6115  176.6870    13     4     4   713   239
 175  629.9135  176.7372    14     4     4   764   621
 176   74.9350  177.8244    15     4     5   819    84
 177  216.4548  178.1293    14     5     4   782   210
 178  137.8711  178.1304    15     4     5   794   139
 179  163.0281  179.3388    15     4     5   845   158
 180   76.8259  180.5069    11     4     3   690    86
 181  698.3455  182.9092    15     4     4   778   692
 182  673.9799  183.4938    17     5     5   818   663
 183  936.7134  184.2107    13     4     4   683   909
 184  417.9082  184.4379    15     4     5   858   403
 185  821.3222  184.9781    16     5     5   846   797
 186  961.5394  185.2825    16     5     4   845   933
 187   14.6956  185.6433    14     4     4   733    18
 188  219.5154  185.9299    16     5     4   809   215
 189  748.5995  186.4121    16     5     4   763   738
 190  874.2844  190.0750    16     5     4   800   843
 191  473.6232  191.4967    14     3     5   749   450
 192  304.7877  191.5622    16     5     5   803   301
 193  252.9688  194.8501    14     4     4   797   245
 194  389.6976  195.6840    16     5     4   823   371
 195  930.7221  196.3381    17     5     5   868   904
 196   87.6210  197.1168    12     3     4   715    97
 197  790.5033  197.1998    17     5     5   783   769
 198  308.2554  198.0841    16     5     4   814   310
 199  369.1900  198.6781    14     4     4   769   356
 200  967.7595  200.6889    13     4     4   654   941
 201   40.2297  201.5959    17     5     5   910    47
 202  837.0000  201.8274    16     4     4   832   808
 203  400.2440  203.3980    11     4     3   649   384
 204  163.8393  204.0607    14     4     4   750   159
 205  444.9492  205.0559    12     4     4   701   430
 206  235.4575  205.5487    15     4     5   786   231
 207  690.9338  207.2840    13     4     4   681   681
 208   51.3782  208.5150    22     5     6  1353    54
 209  781.3186  208.8203    15     5     4   762   764
 210  232.0078  210.8738    15     4     5   792   226
 211  669.0275  211.7304    16     4     5   850   660
 212  170.1539  213.4771    13     4     4   653   166
 213  261.9818  213.7956    14     4     4   688   254
 214   76.7470  214.0110    15     5     4   741    85
 215  295.4143  214.0362    16     5     4   837   289
 216  162.7905  214.1908    15     4     5   842   157
 217  270.3133  216.2943    10     3     4   625   267
 218   52.9216  217.1703    14     4     4   695    55
 219  527.7541  217.2075    14     4     4   817   520
 220  619.2537  218.2031    17     5     5   783   613
 221  937.6237  220.4084    18     5     5   835   910
 222  492.8717  221.0532    15     4     4   723   479
 223  774.5875  221.8650    12     3     4   657   756
 224  631.7341  222.7541    13     4     4   681   624
 225  186.2725  225.3394    12     4     3   643   181
 226  517.9766  226.3007    14     4     4   717   508
 227  362.9498  228.3127    16     4     5   758   352
 228    1.8408  228.7186     7     2     4   381     0
 229  194.4476  228.7448    13     3     5   702   187
 230  986.1981  229.0110    15     5     4   786   961
 231  594.7604  229.4499    15     4     5   749   586
 232  358.2216  230.4592    13     5     3   694   346
 233  167.1068  230.8451    16     5     4  1096   163
 234  571.9978  231.2771    14     4     4   813   558
 235   63.0124  231.5382    13     4     4   653    68
 236  457.3105  234.2874    15     5     4   799   436
 237  926.6826  235.3242    13     4     4   716   895
 238  997.1158  235.5162    12     4     3   677   968
 239   21.3905  237.8623    17     5     5   791    26
 240  457.5051  240.0784    16     5     4   753   438
 241  755.3060  240.3662    14     4     5   738   744
 242  118.2625  240.9967    12     4     4   718   119
 243  347.5127  242.4710    15     3     5   702   337
 244  660.7983  242.9092    17     5     5   864   647
 245  395.4908  243.1086    16     5     4   814   381
 246  127.1292  243.3539    12     4     3   654   127
 247  204.7763  244.5766    10     4     3   661   198
 248  715.3702  245.7421    13     3     5   700   702
 249  922.5378  245.8865    12     3     4   622   890
 250   14.9771  246.1849    12     4     4   688    19
 251  879.3643  246.8227    17     5     5   951   847
 252  208.3191  247.4610    14     4     5   704   203
 253  104.5197  247.6590    15     4     5   760   110
 254  354.4113  249.5872    16     5     5   814   345
 255   29.7314  249.7093    13     4     4   627    36
 256  216.0408  250.7432    16     4     5   785   208
 257  480.0147  251.0323    13     4     4   641   457
 258 1009.9695  251.4984    16     4     5   799   979
 259   62.1918  253.3234    13     4     4   753    65
 260  680.2580  253.5844    12     4     3   653   665
 261  114.3662  254.2179    14     4     5   693   117
 262  158.6795  257.2248    13     4     4   715   154
 263  691.2573  257.8158    15     5     4   834   682
 264  303.1018  257.8759    14     4     4   813   295
 265  873.3946  258.4741    15     4     5   729   841
 266  486.8608  260.0394    15     4     4   721   467
 267  299.3173  260.7773    16     5     5   773   290
 268  876.9067  261.0183    14     4     4   767   845
 269  969.2858  261.9757    18     5     4   899   943
 270  126.3383  262.0739    14     4     4   715   126
 271  421.2665  263.2266    17     5     5   898   405
 272   93.8420  263.6434    16     5     5   739    99
 273  713.5056  264.8431    17     5     5   884   700
 274  692.5673  265.4717    12     4     5   685   683
 275  597.8367  267.0236    14     5     4   734   589
 276  667.8219  267.2957    14     4     4   693   656
 277  216.1234  267.5465    16     5     6   784   209
 278  186.6782  267.8261    13     4     4   725   182
 279  920.5680  269.7706    17     5     5   802   888
 280  219.5891  270.0681    13     4     4   725   216
 281 1014.7247  270.3122    15     5     4   773   981
 282  148.3946  271.3435    16     5     4   748   149
 283  814.8363  271.4382    14     4     4   803   794
 284  662.2381  274.2080    14     4     4   705   649
 285  132.7328  275.4806     9     3     3   657   133
 286  810.6565  276.7836    11     3     4   653   789
 287  352.2824  276.9738    15     4     4   798   342
 288  872.9364  278.3469    30     8     5  1574   838
 289  101.4577  281.2402    16     5     5   799   105
 290    6.5552  281.4586    14    10     2   285     7
 291  224.0175  281.6297    16     4     5   846   221
 292  270.1374  281.7262    13     4     4   665   266
 293  726.7169  282.1954    16     5     5   810   717
 294  696.8135  283.5158    15     5     5   721   690
 295  935.7651  287.2794    15     4     5   780   907
 296  840.6843  288.3741    13     5     3   678   811
 297  794.0646  288.5830    13     4     4   672   777
 298   58.7337  289.9226    16     5     4   806    60
 299  717.9075  291.6420    16     4     5   857   707
 300  264.7603  292.2209    16     5     4   744   259
 301  759.4651  292.4900    17     5     5   771   745
 302  373.2772  294.6374    13     4     4   727   357
 303  480.4601  294.7483    15     5     4   726   459
 304  461.3499  295.0624    17     5     5   803   441
 305  441.1667  296.7286    16     4     5   733   424
 306   35.9302  297.6429    13     4     4   753    44
 307  130.7866  298.3121    14     5     4   768   129
 308  248.1168  298.4542    14     4     4   795   242
 309  956.2010  299.4566    17     5     5   792   930
 310 1020.0520  299.9112    14     4     4   765   990
 311  426.3189  300.7106    19     5     6   869   410
 312  139.2052  300.9577    14     4     4   754   141
 313  754.1955  303.9901    15     4     5   705   741
 314  938.3608  304.8214    17     5     5   867   911
 315  425.9757  304.8446    15     4     4   829   408
 316  545.6944  305.0667    12     3     4   727   532
 317 1020.6724  305.3038    14     4     4   726   991
 318  633.5693  306.1723    16     5     4   752   626
 319  591.8138  306.8123    16     5     4   810   581
 320  707.5281  308.3523    16     5     5   837   697
 321  493.9378  309.0814    16     5     4   731   480
 322  611.9047  309.2150    15     4     4   743   604
 323  400.3587  310.1803    14     4     4   678   387
 324  287.7741  313.4907    17     5     5   812   282
 325  662.0380  314.3992    16     4     5   805   648
 326  532.1774  319.3394    14     4     4   794   523
 327  328.7416  319.7344    15     5     5   837   320
 328   55.4963  320.0960    12     3     4   667    58
 329  400.6597  321.9499    16     5     4   849   388
 330  587.7970  325.8918    16     5     4   793   577
 331   34.2489  327.4525    17     5     5   823    42
 332  687.2007  328.1813    14     4     4   708   676
 333  968.9914  328.7100    14     4     4   783   942
 334  376.4582  331.1192    17     5     5   887   360
 335  488.9725  331.1330    18     4     5   834   474
 336  800.4635  332.3351    14     3     5   716   784
 337  267.2916  333.3940    12     4     3   667   262
 338  967.2120  333.7391    13     4     4   703   938
 339  876.2696  336.8089    16     4     5   746   844
 340  985.0511  339.7211    14     4     4   737   960
 341  537.5599  340.4270    18     5     5   865   527
 342  976.9739  341.0838    14     4     4   695   948
 343  346.4828  342.0392    15     5     4   788   334
 344   98.0355  343.4797    13     4     4   722   103
 345  315.7885  344.9423    14     4     4   712   314
 346  629.0762  345.3205    18     5     5   921   620
 347   16.9548  348.3144    14     4     4   738    21
 348  716.6852  349.2273    15     4     5   733   705
 349  929.6232  349.7812    17     5     5   803   901
 350   40.5000  350.0889    16     5     4   734    48
 351  740.9965  352.2700    15     4     4   863   728
 352  140.6939  353.2806    15     4     5   738   142
 353  569.6273  353.9479    16     5     4   765   555
 354  760.7483  354.5977    15     4     5   754   747
 355  955.7274  354.9908    25     6     6  1499   928
 356  256.8486  355.2671    16     5     4   817   250
 357  202.1555  356.1028    14     4     4   709   193
 358  927.9426  356.2534    12     4     4   712   897
 359  798.8930  357.2239    18     5     5   890   781
 360  602.3731  359.5681    16     5     5   806   595
 361   17.9460  360.4876    12     4     3   685    23
 362  581.0033  363.9585    14     4     4   742   569
 363  338.2478  366.1402    14     4     4   707   326
 364  665.0089  366.5064    15     4     5   771   652
 365 1002.0315  367.4495    16     4     5   794   974
 366  504.3397  368.8522    16     4     5   921   499
 367  452.3430  369.0930    16     5     4   816   433
 368  852.4308  369.7165    15     5     4   815   822
 369  904.7495  370.4238    13     4     4   655   873
 370  313.4165  371.6449    18     5     5   815   312
 371  238.6224  371.9586    16     5     4   740   233
 372  157.8040  372.9301    15     5     4   808   153
 373  496.0769  376.7754    15     4     4   800   485
 374   38.6493  377.8741    15     4     5   813    45
 375  514.8742  377.9701    14     4     4   776   507
 376  479.9598  380.0965    16     4     4   782   456
 377  917.9690  381.6977    15     4     5   762   886
 378  948.0272  383.7817    12     4     4   727   922
 379  782.6164  383.7860    13     4     4   714   765
 380  201.2971  386.1120    17     5     4   786   191
 381   80.2715  389.3035    18     5     5   867    90
 382  682.8405  390.0239    18     5     4   829   667
 383  887.7504  390.3165    17     4     5   813   857
 384  492.5988  392.7828    14     5     4   727   478
 385  555.6170  393.1540    17     6     5   751   542
 386  559.7670  395.3894    16     4     5   838   548
 387   92.4576  395.7889    16     5     5   797    98
 388  793.4514  396.4191    15     5     3   706   776
 389  176.9731  396.9662    13     4     4   707   174
 390   10.9073  400.4021    13     4     4   702    14
 391  791.0890  400.5715    13     4     5   731   772
 392  435.8651  405.4281    13     5     3   686   419
 393  460.4489  405.5109    11     4     3   658   440
 394  557.2199  408.0879    14     4     4   754   543
 395   86.6729  408.6336    15     4     5   734    96
 396    7.1875  409.7500    16     9     2   256    11
 397  636.8946  410.4856    12     4     3   675   629
 398  191.7815  410.5870    12     4     3   660   185
 399  975.2778  411.4804    15     4     5   762   946
 400  822.9712  413.0785    17     5     4   794   798
 401  617.3352  413.8083    14     4     5   753   609
 402  337.3724  414.4318    11     4     3   682   324
 403  686.8690  415.6533    15     5     4   822   674
 404  532.7911  416.1146    14     4     4   755   524
 405  436.7857  416.2378    14     4     5   777   421
 406  736.2489  416.3183    18     5     5   857   720
 407  144.5020  419.4000    12     5     3   630   143
 408  265.9563  421.1887    16     5     4   870   260
 409  618.9525  422.5810    16     4     5   728   611
 410  880.9946  424.6588    13     4     4   684   848
 411  383.2008  424.7034    13     4     4   725   367
 412   74.4710  425.3160    15     5     5   737    82
 413  442.4121  426.2579    14     4     5   743   427
 414  498.7532  426.7120    15     5     5   782   491
 415  172.8419  427.9382    14     4     4   763   170
 416  674.9302  428.3374    14     4     4   749   664
 417   38.7287  428.5478    11     4     3   591    46
 418  686.5822  428.7082    15     5     4   856   673
 419  609.6789  429.0556    15     5     4   681   601
 420  342.0975  429.1626    14     4     4   709   329
 421  281.5116  429.5679    17     5     5   862   275
 422   26.6889  434.7045    18     5     5   757    33
 423  348.4259  435.7485    15     5     5   838   338
 424   33.9706  437.2008    13     4     4   725    41
 425  524.7056  437.3393    15     5     4   797   518
 426  693.3089  437.7982    13     4     4   690   684
 427  426.6384  437.8538    15     5     4   786   411
 428  339.4752  438.1743    15     5     5   715   327
 429  286.5279  438.1791    18     5     5   825   279
 430   62.6308  439.4376    15     5     5   823    67
 431  898.9964  440.1446    14     4     4   700   864
 432  716.6781  440.1518    12     3     4   614   704
 433  179.6547  441.8438    16     5     4   858   176
 434  410.7913  442.4114    13     4     4   717   401
 435  323.8378  442.5179    15     5     5   819   316
 436  741.6212  442.6718    15     5     4   703   729
 437  330.8222  442.7259    12     4     4   660   321
 438  924.2820  442.7338    15     5     4   783   894
 439  631.2438  444.0468    17     5     4   779   623
 440  497.3607  444.7726    17     5     5   845   490
 441  903.2865  446.1423    14     4     4   674   870
 442  589.5049  446.9877    14     4     4   749   579
 443   86.1271  450.1959    13     4     4   712    95
 444  791.2199  452.1469    15     4     5   807   773
 445  673.4171  455.5613    15     5     3   705   661
 446   77.8016  456.8573    15     4     4   707    88
 447  689.9097  457.5015    16     4     5   841   679
 448  902.7286  458.2581    15     5     4   828   869
 449  132.3429  458.8333    15     4     5   774   131
 450  527.9586  459.1000    13     4     4   710   521
 451  104.1619  463.0742    13     4     4   689   108
 452  343.0096  464.2986    14     4     4   711   330
 453  494.8535  464.7733    14     4     4   751   483
 454  927.4077  464.8171    12     4     4   694   896
 455  569.0524  466.3970    17     5     5   762   554
 456  697.4353  467.6220    13     3     5   671   691
 457  619.0072  467.6304    16     4     5   781   612
 458  800.9858  468.0499    14     4     4   811   786
 459  601.7862  468.4030    13     5     3   738   593
 460  280.6854  468.4549     9     3     3   667   273
 461  984.6969  470.7535    15     4     5   856   959
 462  913.2843  471.2826    14     4     5   738   878
 463  694.8386  471.8862    14     4     4   707   686
 464  622.1272  472.0888    14     4     4   765   614
 465   32.6246  473.3140    13     4     4   716    40
 466  135.2268  474.3976    16     4     5   775   137
 467  519.5606  476.8365    16     5     5   787   509
 468  488.0456  476.8428    15     4     5   786   471
 469  578.1532  477.3029    14     5     4   835   567
 470  764.3643  477.8569    12     3     4   658   753
 471   63.0811  480.4941    17     5     5   848    69
 472  590.8265  480.8895    14     4     4   728   580
 473  548.9651  481.1553    14     4     4   813   533
 474  564.1055  481.9594    14     4     4   756   549
 475  204.0621  482.9803    14     4     4   800   196
 476  873.1752  483.4634    15     4     5   778   839
 477  510.8267  483.8195    13     4     4   684   504
 478  375.7378  483.9288    14     4     4   716   359
 479  832.5471  486.1370    12     3     4   715   805
 480  859.2658  486.2111    13     4     4   715   826
 481  488.1553  486.2816    13     4     4   716   472
 482  179.8444  486.3420    13     4     4   763   177
 483  739.3308  487.4413    22     6     5  1396   726
 484  935.0915  487.9495    14     4     4   774   906
 485  719.6760  488.4648    15     4     5   832   708
 486  627.5087  489.0234    16     5     4   737   619
 487  680.6673  489.4636    14     4     5   690   666
 488  873.4279  490.8721    14     4     4   750   842
 489  824.4330  490.9641    16     5     4   787   800
 490  982.0655  491.2397    12     4     4   677   954
 491  738.9794  492.8734    14     4     4   697   725
 492  958.0290  495.6098    14     4     4   796   932
 493  944.1835  496.4409    12     4     4   695   918
 494  684.0249  496.8100    14     4     4   782   668
 495 1021.2301  496.9553    14     4     4   755   992
 496  185.7040  496.9967    12     4     4   718   180
 497  174.8413  497.7295    16     5     5   831   171
 498   72.2412  498.1399    14     4     4   762    79
 499  887.7433  498.8981    14     4     4   773   856
 500  759.7852  499.8975    13     4     4   691   746
 501  499.5617  500.9237    13     4     4   746   492
 502  203.7187  501.2072    15     4     5   717   194
 503  573.4773  501.8874    16     5     4   733   560
 504  955.0125  502.5323    16     4     5   841   927
 505  290.8201  502.8715    17     4     5   851   285
 506  780.0140  504.2150    12     4     4   727   762
 507  287.6930  505.5127    14     5     5   772   281
 508  236.6481  505.8704    14     5     4   680   232
 509  464.5075  508.4170     9     3     3   620   443
 510  695.3558  508.9693    17     5     4   822   688
 511  643.8728  509.0403    13     4     4   763   634
 512  537.8400  509.5289    12     4     3   673   528
 513  772.2911  511.8127    18     5     5   874   754
 514  104.4059  515.6028    15     3     5   724   109
 515   74.7678  517.2593    11     4     3   700    83
 516  595.2508  519.2215    15     4     5   764   587
 517  343.3883  519.7990    14     4     4   722   331
 518  964.1931  520.3098    16     5     5   854   935
 519  476.5135  520.5466    17     5     5   835   453
 520  645.6915  522.2234    15     5     4   761   636
 521   16.8944  522.8796    13     4     4   670    20
 522  954.1418  526.5122    14     4     4   796   926
 523  233.0244  527.1908    14     4     4   693   228
 524  591.9340  529.0252    14     4     4   776   582
 525   63.1839  529.2277    16     4     5   799    70
 526  274.6498  530.2040    16     5     4   714   269
 527  410.4323  530.2107    12     3     4   711   400
 528  394.6611  532.6754    15     5     4   783   380
 529  267.7181  532.7222    13     4     4   616   265
 530  255.6181  533.9481    16     5     4   863   249
 531  975.4394  534.0505    12     3     4   714   947
 532  247.8488  534.3522    16     5     5   742   241
 533  436.3285  536.5909    10     4     3   584   420
 534  121.0484  536.6505    12     4     3   678   120
 535    6.4858  537.4716    14    10     2   281     6
 536  348.7265  538.7481    16     4     5   809   339
 537  570.5053  539.2140    16     5     4   730   557
 538  984.2970  539.9732    13     4     4   726   958
 539  379.4902  540.2871    11     3     4   622   363
 540  464.5599  540.3873     9     3     3   658   444
 541  564.4714  540.4821    15     5     3   710   550
 542  486.4588  540.8895    12     3     4   654   466
 543  206.6040  541.1634    15     5     4   756   200
 544  285.4969  542.6923    16     5     5   810   278
 545  392.8651  543.2857    16     4     5   790   376
 546  861.1263  543.7161    17     5     5   855   829
 547   81.8972  543.8750    15     4     5   782    92
 548  324.7246  545.3918    14     4     4   750   318
 549  942.7199  549.4811    14     5     3   722   915
 550  846.5703  551.7188    14     3     5   766   817
 551  737.4047  551.9928    12     3     4   676   723
 552  242.0287  552.5000    16     4     5   735   238
 553  748.2123  554.3263    15     5     4   720   737
 554  201.5058  554.9227    16     5     4   846   192
 555   77.4418  555.3586    15     3     5   751    87
 556  667.2600  555.8170    17     5     4   845   655
 557  929.8575  555.9115    17     5     4   763   902
 558  488.9657  559.4155    16     4     5   787   473
 559  625.7368  559.8026    15     4     4   758   617
 560  521.2702  562.4338    12     4     3   664   514
 561   22.4181  562.5947    16     5     4   783    27
 562  301.2962  563.6604    11     4     3   640   293
 563  796.5318  565.2599    15     3     5   779   778
 564  324.3324  566.1797    11     3     4   647   317
 565  641.6575  567.3685    14     5     4   794   632
 566  826.5178  567.4964    15     5     3   712   802
 567  300.9384  567.7627    13     4     4   739   292
 568  394.5642  570.1239    17     5     4   824   379
 569  630.7779  571.1055    13     4     4   713   622
 570    3.6056  571.3599    13     5     3   594     1
 571   73.8027  573.2552    16     4     5   781    81
 572  723.1500  573.4707    16     4     5   740   712
 573  520.8491  574.5723    17     5     5   889   513
 574  917.1088  574.5801    15     4     5   812   884
 575  979.9106  577.0383    13     4     4   717   950
 576  780.0116  577.4769    15     4     5   756   761
 577  753.3770  578.7636    17     5     5   796   740
 578  349.8443  580.1505    16     5     4   738   340
 579  863.3128  580.3977     9     3     3   667   830
 580  399.6302  580.6930    15     5     4   803   383
 581  763.5219  583.6431    16     5     5   845   751
 582  779.7257  583.9664    15     4     5   819   760
 583  212.9686  584.1997    14     4     4   746   206
 584  393.4465  585.7126    16     5     4   795   378
 585   46.6407  588.8398    16     4     5   828    50
 586  287.0671  589.3938    12     4     3   619   280
 587   66.2430  591.7939    18     5     5   857    73
 588  618.4550  592.3476    16     5     5   849   610
 589   82.2285  592.5877    15     4     5   743    93
 590  900.6442  594.1067    12     3     4   654   865
 591  138.1592  594.5541    13     5     3   758   140
 592  121.4036  596.0645    15     5     4   793   121
 593   93.9861  596.4362    16     4     5   771   100
 594   13.3149  596.7354    16     5     5   776    17
 595  732.4725  597.7513    16     5     5   741   719
 596  599.8619  598.0382    14     4     4   781   591
 597  167.0086  599.5719    12     4     3   704   162
 598   17.1802  599.9061    13     4     4   721    22
 599  267.5634  600.0088    15     5     4   828   264
 600  232.3609  600.1498    17     5     5   824   227
 601  996.7787  600.5447    16     5     5   831   967
 602  257.7217  600.6709    14     4     5   731   251
 603  725.0637  601.1743    15     4     5   801   714
 604  459.2967  602.6380    16     4     5   834   439
 605  685.8350  603.4142    12     4     3   726   671
 606  864.6290  604.7702    11     3     4   606   832
 607  259.8725  606.3147    15     4     5   695   253
 608   52.9753  607.3446    12     4     3   667    56
 609  566.8820  607.6967    14     4     4   750   552
 610   22.7791  609.3373    15     5     5   734    28
 611  216.9562  610.2405    16     4     5   765   212
 612  780.3934  610.9404    17     5     5   808   763
 613  181.9642  611.2615    14     4     4   685   178
 614  901.9651  611.3671    14     4     4   742   867
 615  836.1127  611.5401    14     4     5   739   807
 616    5.9889  613.4537    12     4     3   660     5
 617  575.1739  613.8514    13     4     4   685   563
 618  719.7512  614.9072    14     4     4   749   709
 619  157.1281  615.9786    14     4     4   702   152
 620  441.6928  616.6553    13     4     4   716   425
 621  917.2070  617.0172    14     4     4   751   885
 622   57.5368  619.5985    17     5     5   850    59
 623  569.7324  621.4738    14     5     3   751   556
 624  522.2728  621.8616    14     4     4   765   516
 625  829.6472  622.5162    16     5     5   778   804
 626  528.3333  622.7009    17     5     4   842   522
 627  632.2748  622.9547    18     5     5   886   625
 628  174.9556  623.1882    18     5     5   924   172
 629  263.4535  624.1269    28     7     6  1655   256
 630  146.7158  624.8693    15     4     5   808   146
 631  111.0167  625.5576    12     4     3   658   113
 632  589.1485  625.6278    12     4     4   652   578
 633  993.5971  625.6618    13     4     4   717   966
 634  894.2599  626.4570    13     4     4   734   861
 635  939.3683  629.3367    13     4     4   669   912
 636 1013.6074  629.5347    16     5     5   765   980
 637  360.3574  629.6203    12     3     4   702   348
 638  613.1244  629.7012    15     4     5   821   605
 639  480.0197  630.6217    12     4     3   728   458
 640   66.8363  630.7469    14     5     4   711    76
 641  127.3172  632.4585    14     4     5   791   128
 642  438.9110  632.6492    17     4     5   827   423
 643  300.5641  635.9519    16     5     4   784   291
 644   34.9591  635.9921    16     4     4   796    43
 645  379.0270  639.2316    14     4     4   751   362
 646  832.5528  639.5792     9     3     3   620   806
 647    8.4815  639.6864    15     5     4   799    13
 648  902.6256  640.5000    17     5     5   783   868
 649  652.4243  640.9194    12     3     4   728   642
 650  513.4213  641.6685    13     3     5   753   506
 651  288.9975  641.8068    15     4     4   753   284
 652  320.0970  644.6399    12     4     3   656   315
 653  124.0462  648.0743    13     4     4   769   123
 654  393.1425  648.2617    14     4     4   719   377
 655  400.2954  648.2708    14     4     4   790   386
 656  457.5050  648.8140    14     5     4   745   437
 657  341.4093  649.1045    22     6     5  1411   328
 658  444.1597  652.2170    13     4     4   653   428
 659  742.8013  652.6282    14     4     4   764   731
 660  149.1509  653.0316    14     4     4   710   150
 661  659.4030  655.6851    15     5     5   820   646
 662  980.8140  657.3824    14     4     4   812   951
 663   64.2417  659.5844    15     4     5   719    71
 664  496.3680  660.1747    15     5     4   771   487
 665   83.4918  662.9386    14     5     4   751    94
 666  442.3874  663.2969    14     4     5   726   426
 667  943.1394  663.8622    14     4     4   775   916
 668  686.9686  664.2108    15     4     5   724   675
 669    6.8492  665.7937    18    10     2   306    10
 670   98.3052  669.1773    17     5     4   827   104
 671  956.8815  671.0419    16     5     4   852   931
 672  551.4076  672.6414    18     5     5   873   535
 673  842.1202  673.9671    14     4     4   793   812
 674  291.3598  674.0732    18     5     5   815   286
 675  846.0479  674.8597    13     4     4   725   816
 676  166.8103  675.8172    16     5     4   740   161
 677  605.7418  675.8713    13     5     4   709   598
 678  384.1468  676.5358    16     5     5   746   369
 679  303.5379  678.3087    14     5     4   668   296
 680  469.3371  679.2236    14     4     4   766   446
 681  667.9223  679.5777    13     4     4   722   657
 682  754.6863  682.9665    16     5     4   831   743
 683  384.0562  686.7849    17     5     5   900   368
 684  449.1440  689.2609    15     4     4   723   431
 685  860.6502  691.8423    16     5     5   826   828
 686 1018.3670  698.3592    15     5     4   789   989
 687  993.3560  698.6605    10     3     4   586   965
 688  519.9558  701.2580    14     4     4   706   510
 689  637.9918  702.2908    12     4     4   732   630
 690  106.9507  702.4572    12     4     3   728   111
 691  609.2845  702.5531    15     5     3   809   599
 692   23.9838  703.5194    16     4     5   778    29
 693  913.8317  705.8285    15     4     5   774   881
 694  112.0423  707.2464    14     4     4   767   114
 695  405.5802  709.3805    16     4     5   846   392
 696  817.4080  709.6647    18     5     5   854   795
 697  263.5990  710.0319    15     5     4   776   257
 698  170.2561  711.3033    14     5     4   755   168
 699  304.7678  713.1568    17     5     5   846   300
 700  152.3630  717.8342    17     5     5   900   151
 701   19.6899  718.9594    13     4     4   746    24
 702  772.3659  719.9499    16     5     4   809   755
 703  704.2307  720.4019    15     5     4   874   696
 704  387.0009  720.5612    12     4     3   659   370
 705  992.0732  720.6193    12     4     3   673   964
 706  132.3754  722.8803    13     4     4   748   132
 707  553.7077  727.2369    16     4     5   810   540
 708  919.8635  728.3405    13     4     4   738   887
 709  646.6214  728.5584    16     5     5   811   638
 710  194.4933  728.8624    12     3     4   716   188
 711  513.1758  728.9559    14     4     4   763   505
 712  392.8295  730.1819    14     4     4   753   375
 713  664.4097  730.1925    18     5     5   889   651
 714  478.4118  732.8426    15     4     5   728   455
 715   59.5387  732.9301    15     4     5   822    62
 716  754.6392  733.1467    19     5     5  1325   742
 717  304.4083  734.3782    17     5     5   835   298
 718  537.2352  735.1425    16     5     5   851   526
 719  379.6862  737.3004     9     3     3   611   364
 720  558.8985  738.5695    12     4     3   667   547
 721  131.7410  738.9042    13     4     4   657   130
 722  982.1942  739.0540    15     5     5   863   955
 723  433.8296  746.7850    14     4     4   768   418
 724  500.5250  747.5192     9     3     3   611   494
 725  484.9045  747.5707    13     5     3   795   464
 726  943.2536  748.8784    14     4     4   769   917
 727   50.4414  748.9387    12     3     4   683    53
 728  855.0065  749.1765    16     4     4   772   825
 729  694.8482  750.2907    14     4     4   766   687
 730  133.6887  750.4548    16     5     5   780   134
 731  666.5366  751.8675    12     3     4   667   654
 732  891.3397  752.0769    14     4     4   764   860
 733  720.6092  752.3605    12     3     4   715   710
 734  249.9006  753.2913    17     4     5   879   243
 735  595.4726  754.6955    15     5     5   733   588
 736  305.1266  755.3025    13     4     4   687   302
 737  909.1661  755.9665    14     4     4   766   876
 738  602.5536  755.9679    14     4     4   700   596
 739  166.6185  756.7070    16     5     4   793   160
 740  425.7045  757.6014    16     5     5   781   407
 741  409.5793  758.1618    14     5     4   758   398
 742  363.6008  758.3194    17     5     5   934   355
 743  229.5195  758.5344    17     5     5   838   223
 744  461.9958  762.5941    16     4     5   755   442
 745  409.6262  762.9738    15     5     4   760   399
 746  494.6304  764.3585    13     5     3   667   482
 747  238.9368  765.4330    14     4     4   797   234
 748  603.4156  765.5791     9     3     3   659   597
 749  790.9381  765.5826    12     4     3   677   771
 750  502.3084  765.5879    14     5     3   709   497
 751  487.6329  765.6252    10     4     3   619   470
 752  134.2504  766.6090    16     5     5   793   136
 753   80.8135  768.8589    17     5     5   875    91
 754  575.8763  771.0412    13     4     4   712   566
 755  146.6510  776.6524    18     5     5   902   145
 756  592.2635  777.8635    14     4     4   770   583
 757 1014.9019  778.2154    13     4     4   752   982
 758  573.6209  779.0889    15     5     4   729   561
 759  228.3443  780.9014    17     5     5   870   222
 760  534.0051  781.7767    26     6     6  1543   525
 761  930.3018  781.9375    14     4     4   700   903
 762  301.5132  782.0822    14     5     4   748   294
 763  594.5584  782.8849    12     3     4   702   585
 764  473.4698  784.8943    12     3     4   716   449
 765  610.1873  786.4523    16     5     5   726   602
 766  947.4277  787.4783    15     5     3   703   920
 767  896.3545  787.4800    13     5     3   680   863
 768  774.5876  789.7915    14     3     5   802   757
 769  504.3735  790.8194    14     3     5   788   500
 770  406.5914  792.5305     9     3     3   615   394
 771  567.8544  792.8498    14     4     4   806   553
 772  500.8671  793.2308    16     4     5   732   495
 773  800.0670  793.2337    16     4     5   742   782
 774    6.8252  793.4837    12    10     2   243     9
 775  456.8576  793.7880    15     4     4   782   435
 776  928.9829  793.9030    14     4     4   666   899
 777  738.5143  793.9651    12     3     4   679   724
 778  977.5132  794.5614    18     5     5   864   949
 779  634.1504  797.4664    14     4     5   735   627
 780  800.3232  797.6654    11     3     4   636   783
 781  652.2948  798.2112    15     4     5   808   641
 782  967.5081  799.4044    15     3     5   767   940
 783  793.3253  800.2847    14     5     3   781   775
 784  114.2908  801.8217    14     4     4   771   116
 785  189.0301  801.8756    13     4     4   745   183
 786  496.5981  806.7341    13     4     4   711   488
 787  392.1286  808.0598    14     4     4   692   373
 788  397.2317  809.1707    14     4     4   714   382
 789  779.7242  811.4693    14     4     5   693   759
 790  690.6994  812.2039    16     5     5   822   680
 791  575.2027  813.4124    15     4     5   789   564
 792  811.6327  813.4881    16     5     5   748   791
 793  828.4590  814.1368    14     4     4   798   803
 794  332.9712  814.4910    12     4     3   676   322
 795  764.2116  814.9263    14     4     4   771   752
 796   54.7832  817.0168    17     5     4   795    57
 797  425.9913  817.7180    18     4     5   868   409
 798  487.0733  817.8784    15     4     5   771   468
 799   25.1608  818.9218    13     4     4   699    31
 800 1002.9653  819.9290    14     4     4   774   975
 801  254.2193  820.6113    16     5     5   762   248
 802  693.5474  820.9170    12     3     4   626   685
 803  853.4535  821.1570    17     5     5   858   824
 804  469.7514  822.1734    13     4     4   675   448
 805  380.9593  823.0967    14     4     4   693   365
 806  308.2469  823.3923    14     5     3   697   309
 807  361.2011  824.6405    16     4     5   779   349
 808  622.7987  825.6393    17     4     5   766   615
 809  819.5571  826.1354    12     3     4   663   796
 810  212.7811  827.4455    12     4     3   707   205
 811  223.3588  827.6645    15     5     4   752   219
 812  453.4599  828.4331    16     5     4   758   434
 813  352.5229  828.6039     9     3     3   658   343
 814  639.5294  830.3549    15     3     5   729   631
 815  989.7520  833.1116    14     4     4   763   963
 816  685.6628  836.1725    13     4     4   646   670
 817   50.3029  836.6160    10     3     4   643    52
 818  552.7292  837.3179    15     5     4   787   538
 819  824.3221  837.6124    12     4     3   654   799
 820  623.7300  841.3471    14     5     4   840   616
 821  288.6259  842.4898    14     4     5   728   283
 822  505.2945  842.7642    14     4     4   685   501
 823   27.3518  843.6198    17     5     5   838    34
 824  474.5000  844.6528    16     5     5   847   451
 825  361.8460  844.9561    14     4     4   721   351
 826  787.8843  846.6148    12     4     3   669   768
 827  218.8710  849.1369    14     4     4   768   214
 828  352.6224  850.5063     9     3     3   564   344
 829  914.0865  852.5000    17     5     5   794   882
 830  421.4001  852.8291    18     5     5   891   406
 831  973.1261  854.4012    13     5     3   697   945
 832  505.7109  856.0545    14     4     4   690   502
 833  673.6359  857.9360    17     5     5   803   662
 834  579.4192  858.1941    16     5     4   791   568
 835  913.5347  858.6956    12     3     4   667   879
 836  145.5347  858.6956    12     3     4   667   144
 837  489.3797  858.8043    16     5     5   850   475
 838  362.9526  859.1070    15     4     4   720   353
 839  864.4067  859.2817    13     4     4   666   831
 840   72.8945  859.7174    14     4     4   761    80
 841  409.2069  860.0328    14     4     4   795   397
 842   61.4792  860.7842    16     5     4   737    64
 843  500.3622  861.5372    16     4     5   806   493
 844   30.1237  862.3563    18     5     5   855    37
 845  601.9430  862.7573    16     4     5   774   594
 846 1009.4410  863.9443    15     5     4   760   978
 847  785.8259  865.0127    12     4     4   752   767
 848  713.5080  865.0853    17     5     5   920   701
 849  305.7345  871.8991    17     5     5   814   306
 850  882.6305  872.4095     9     3     3   565   849
 851  761.5180  875.8301    17     5     6   782   748
 852  541.2996  877.5200    12     4     3   669   531
 853  416.0287  877.7325    14     4     4   768   402
 854  199.2623  878.1311    14     4     4   750   190
 855  886.5764  878.4389    14     3     5   729   854
 856    4.4126  879.4515    13     5     5   645     4
 857  716.7826  880.8649    15     4     5   794   706
 858  762.2187  880.9359    15     5     4   868   750
 859  523.7285  880.9899    14     4     4   687   517
 860  233.7801  881.3253    14     5     3   804   230
 861  137.1442  881.7115    14     4     4   764   138
 862  179.5061  882.0235    14     4     4   799   175
 863  175.2466  882.2243    16     5     4   744   173
 864  965.8902  882.6343    12     4     3   671   936
 865  850.1489  885.5267    16     4     5   835   820
 866  971.6934  885.5418    14     4     5   714   944
 867  504.0644  887.8013    14     4     4   691   498
 868  263.4480  887.8085    16     5     4   737   255
 869  278.3506  888.4575    18     5     5   816   272
 870  520.1721  890.1462    14     5     4   759   511
 871  962.4454  890.4160     9     3     3   566   934
 872  729.3340  890.9219    14     4     4   652   718
 873  668.4099  892.2466    15     5     5   805   658
 874  208.8005  892.8691    14     4     4   709   204
 875 1007.3163  894.0549    11     3     4   638   976
 876  873.3328  894.9148    14     4     4   750   840
 877  981.6850  895.1262    14     4     4   675   952
 878  194.7031  898.3854    14     4     5   716   189
 879  407.0455  901.0311    13     4     4   757   395
 880  724.4544  901.7036    15     3     5   808   713
 881  704.1264  903.6545    15     4     5   862   695
 882  482.6982  906.6595    15     4     5   821   462
 883  725.2780  909.6455    12     4     3   656   715
 884  293.2806  911.6144    15     4     5   788   288
 885  739.5202  913.5908    14     5     3   735   727
 886  812.9161  914.1530    16     4     5   768   793
 887  207.3328  915.2560    15     4     5   736   201
 888  484.0416  916.6911    17     5     5   892   463
 889  930.8519  920.2023    16     4     5   805   905
 890  115.0829  920.6354    17     5     5   894   118
 891  800.9840  921.5144    16     4     5   786   785
 892  170.2556  921.5675    15     5     5   772   167
 893    6.8106  921.7955    18    10     2   312     8
 894  913.2598  921.9235    14     4     4   702   877
 895   62.2024  926.1656    14     5     4   765    66
 896  305.1312  926.3752    12     4     3   665   303
 897  540.2118  927.0417    14     4     4   716   530
 898  952.4938  929.0452    16     5     4   802   924
 899  904.7486  929.2135    14     4     5   695   872
 900  662.4389  930.5305    13     4     4   654   650
 901   95.5018  931.5404     9     3     3   659   102
 902  696.0839  931.6000    12     4     3   680   689
 903 1018.2642  932.6619    16     5     5   864   988
 904  656.3664  935.4866    10     4     3   624   643
 905  428.8206  936.0442    14     4     4   717   413
 906  685.8967  936.3459    14     4     4   750   672
 907  125.2274  936.6627    15     5     4   814   124
 908  310.7293  937.2751    25     5     7  1615   311
 909  437.4041  939.5274    11     3     4   621   422
 910  736.5465  939.9341    16     5     4   805   722
 911  645.6307  941.1661    16     5     5   795   635
 912  790.7193  941.3009    16     5     5   803   770
 913  890.4124  941.3876    13     3     5   655   859
 914  494.9346  942.7820    17     5     5   904   484
 915  230.2528  944.7777    14     4     4   763   225
 916  264.5399  946.7678    17     5     5   872   258
 917   70.6952  946.8278    15     5     4   693    77
 918   59.6399  948.5785    13     4     4   716    63
 919  103.5867  951.5564    16     5     5   852   107
 920  315.6543  951.8666    13     4     4   752   313
 921  883.6640  955.7203    16     5     5   782   850
 922  665.1137  957.3271    14     5     4   782   653
 923  652.2177  957.4781    11     4     3   613   640
 924  668.4631  958.0034    12     4     4   716   659
 925  553.9843  958.1532    14     4     4   809   541
 926 1001.9116  958.5596    12     4     3   674   973
 927  363.0119  960.2970    17     4     5   840   354
 928  901.3280  960.6210    18     6     5   866   866
 929  906.5685  961.5294    16     5     5   875   875
 930  888.0646  962.4462    13     5     3   780   858
 931  123.3793  964.7349    14     4     5   753   122
 932  581.1891  964.8703    16     4     5   800   570
 933 1016.4634  967.4616     9     3     3   663   984
 934  575.2474  967.6598    11     4     3   692   565
 935  847.4930  970.1551    16     5     4   734   818
 936  241.1484  971.4541    13     5     3   696   237
 937  346.9605  971.9377    17     5     4  1093   335
 938  431.9045  973.9478    17     5     4   793   417
 939  736.4563  974.0076    16     5     4   755   721
 940  838.9789  974.7543    17     4     5   811   810
 941  491.2335  975.5417    14     4     4   763   476
 942  306.3350  976.2357    12     3     4   714   307
 943   43.9730  976.2496    14     4     4   751    49
 944  870.6338  977.8031    16     5     4   810   835
 945  844.1414  977.9224    15     4     4   730   815
 946   65.3124  978.9584    16     5     4   773    72
 947  223.9547  979.1000    14     4     4   725   220
 948  801.1930  979.1596    15     4     4   720   787
 949  564.4719  979.1596    16     5     4   730   551
 950  983.3865  980.8005    13     5     4   729   957
 951  478.3569  981.3550    13     4     4   668   454
 952  347.3202  984.2095    10     4     3   606   336
 953   23.9891  984.6033    14     4     4   692    30
 954   28.7578  984.9533    14     4     4   718    35
 955   78.1327  987.5180    18     4     5   847    89
 956  883.9574  987.7304    17     4     5   769   851
 957  480.6744  989.1574    16     5     4   808   460
 958  551.6039  989.5744    15     5     4   795   536
 959  585.7487  989.7021    13     4     4   689   575
 960  609.4062  992.0596    17     5     4   799   600
 961  905.8111  994.9815    14     4     4   709   874
 962  601.3070  995.5000    15     5     5   725   592
 963  981.6963  997.0574    14     4     4   741   953
 964  923.8578  998.2827    13     4     4   756   892
 965  982.3489 1003.2996    15     5     4   719   956
 966   94.4743 1003.7360    16     5     4   821   101
 967  708.2704 1004.1276    15     5     5   738   698
 968  573.2560 1009.6894    15     5     5   773   559
 969  539.4983 1009.7508    16     5     5   762   529
 970  658.4345 1010.1856    17     5     5   857   645
 971  557.2271 1011.7339    13     4     4   643   544
 972  581.3401 1012.4048    16     5     5   748   571
 973   12.1996 1012.5230    12     4     3   686    16
 974  745.0185 1012.5864    12     4     3   606   734
 975  987.1078 1013.5125    16     4     5   800   962
 976  147.5260 1014.5763    15     5     5   805   148
 977  584.3290 1015.2646    11     4     4   607   574
 978  715.4480 1016.6913    12     3     4   716   703
 979  481.6309 1017.0672    13     4     4   703   461
 980   66.3754 1018.4074    14     5     5   734    74
 981  103.5323 1018.5968    12     2     9   244   106
 982  871.5699 1018.6958    15     2     9   293   836
 983  359.5699 1018.6958    15     2     9   293   347
 984  615.5699 1018.6958    15     2     9   293   607
 985  999.1750 1018.7833    14     2     7   260   970
 986  487.1800 1018.7960    16     2     8   285   469
 987  743.1692 1018.8383    16     2     8   293   732
 988  405.2003 1019.3554    13     4     5   704   391
 989  792.1346 1021.1278    13     4     4   713   774
 990  812.5569 1021.2856    11     4     4   637   792
 991  281.9575 1021.5587    12     4     3   614   276
 992  923.8211 1022.1338     9     4     3   445   891
