995
   0  730.1248    3.3183    14     5     5   729   721
   1  243.9650    4.7218    12     4     4   634   240
   2  363.7152    5.4040    14     5     3   744   353
   3  255.3178    5.9880    15     5     4   814   255
   4  319.2370   10.0689    14     4     4   699   320
   5  626.0187   11.9563    14     4     4   780   618
   6  505.7165   12.6048    15     4     5   732   506
   7 1015.8454   12.7166    16     5     5   797   988
   8  477.1076   13.4212    14     4     5   749   457
   9  912.9256   14.6715    14     4     4   758   884
  10  383.6136   15.3608    11     3     4   656   373
  11  400.1080   16.1438    16     4     5   859   390
  12  144.9263   19.2054    14     4     4   717   147
  13  437.2986   19.7287    13     4     4   716   426
  14  848.2260   21.0373    17     5     5   827   822
  15  281.0177   23.3752    12     4     3   657   280
  16  935.3022   23.4478    11     4     3   666   910
  17   13.7799   23.9173    14     5     4   708    17
  18  606.1484   24.2710    15     4     4   770   600
  19    6.5224   25.4851    12    10     2   254     7
  20  290.8573   25.5478    16     4     5   787   289
  21  731.3979   26.5538    17     5     5   895   723
  22  575.2402   27.6548    16     4     5   722   567
  23  268.6143   28.4857    15     5     3   710   266
  24  839.5844   28.6242    14     5     3   768   813
  25  497.2894   29.9254    17     5     4   887   492
  26  357.7896   31.1656    14     4     4   765   348
  27  553.2343   31.5307    17     4     5   821   543
  28  997.9126   31.6514    16     5     5   761   971
  29  783.3711   33.8333    13     4     4   673   767
  30   36.2161   34.7968    14     4     4   760    45
  31  195.5233   36.4438    12     3     5   636   193
  32  305.8173   37.8085    16     5     4   844   304
  33  273.0617   38.0181    16     4     4   849   271
  34  470.3534   40.5000    19     5     5   913   450
  35  784.0236   41.1723    14     4     4   732   768
  36  136.1252   41.3812    12     4     3   667   141
  37  920.9838   41.9889    14     4     4   725   890
  38  231.7976   43.6480    14     4     5   728   229
  39   54.2313   45.6708    16     4     5   722    58
  40  408.3070   45.8799    17     5     5   828   397
  41  492.6377   46.2663    15     5     4   702   481
  42  944.1312   48.4167    14     4     5   788   919
  43  235.5254   48.6175    15     3     5   780   231
  44  930.2619   50.3305    11     4     3   635   903
  45  885.9130   52.5901    15     4     5   794   859
  46  998.2477   53.8639    14     4     5   794   972
  47  830.2255   54.8807    17     5     5   782   805
  48  917.0107   58.0714    15     4     4   710   887
  49  172.8234   58.7325    16     4     5   732   172
  50  963.5548   58.9288    14     5     4   779   939
  51  646.6214   59.0607    15     5     4   817   640
  52  338.5584   60.6563     9     3     3   621   334
  53  586.8304   61.8571    14     4     4   700   580
  54   77.6894   65.1116    14     4     4   763    89
  55  877.7909   65.1150    14     4     4   714   852
  56  690.9341   65.6986    14     4     4   709   678
  57  793.8415   65.8205    14     4     4   711   778
  58  546.2402   66.0060    16     5     4   826   535
  59  735.7617   66.0319    17     5     5   766   726
  60  590.7694   66.8548    13     3     5   657   581
  61  158.4306   66.9760    12     3     4   725   155
  62  675.5476   67.0714    12     3     4   624   664
  63  316.8420   67.4448    17     4     5   822   318
  64  217.3279   67.6281    15     4     5   673   208
  65  942.1799   70.2611    16     5     5   838   917
  66 1007.1827   70.2667    16     4     5   743   980
  67  409.2445   74.7062    13     4     4   678   400
  68  798.9922   74.8310    14     4     4   717   783
  69  707.7615   75.8162    14     4     5   725   699
  70  181.5516   79.0451    12     3     4   663   179
  71  867.5399   80.2033    15     5     4   777   836
  72  569.1252   81.6101    14     4     5   703   555
  73  602.7183   82.3909    14     4     4   763   596
  74  227.8037   82.4574    12     4     3   660   221
  75  348.8345   82.5636    12     4     3   670   339
  76  905.8744   83.4400    17     4     5   803   872
  77   72.5729   84.4330    17     5     5   842    81
  78  730.0272   85.5000    15     5     5   793   720
  79  435.0646   88.0694    16     4     4   787   423
  80  472.3436   88.9376    12     3     4   625   452
  81  216.2778   89.0009    13     4     4   679   204
  82  496.4758   89.4970    17     5     5   832   489
  83  697.3232   92.3151    15     4     5   761   688
  84  690.5511   92.7852    16     5     4   728   676
  85  204.4025   93.0736    13     4     4   735   197
  86  294.2868   94.0347    14     4     4   759   292
  87   22.7195   95.6707    15     5     4   724    29
  88  837.6119   96.2193    12     3     4   665   811
  89  173.3879   96.6266    14     5     3   693   174
  90  922.8401   97.2900    16     4     5   798   894
  91  434.1182   97.9361    16     5     4   731   421
  92  749.2657   99.4305    17     5     5   904   736
  93  678.4654   99.9025    16     5     4   796   667
  94  412.7750  100.2957    14     5     4   791   404
  95  229.0123  100.3091    13     4     4   659   225
  96 1000.4289  101.0521    15     5     4   755   975
  97  279.5717  101.4218    15     4     5   764   279
  98  314.9403  104.4563    12     4     3   715   314
  99  876.7740  106.2788    15     4     5   774   850
 100   64.2768  106.7179    15     4     5   710    71
 101  863.3998  107.3855    14     3     5   699   833
 102  216.5467  107.6120    16     5     5   803   206
 103  581.7028  109.5173     9     3     3   667   577
 104  519.4189  109.5712    15     5     3   754   513
 105 1017.0763  110.3505    15     4     5   799   990
 106  640.1450  110.4667    17     5     5   801   633
 107  120.0672  111.8426    17     5     5   780   122
 108  178.9332  112.0377    15     4     4   734   176
 109  231.7609  112.1697    14     4     4   688   228
 110  407.4023  114.4828    16     5     4   856   396
 111  714.8997  115.2164    15     5     5   753   709
 112  939.3650  118.1034    14     4     4   725   915
 113  292.2122  120.9920    14     4     4   762   290
 114  315.6002  122.1772    13     4     4   669   316
 115  286.7682  123.9297    16     5     4   779   284
 116  448.0877  123.9993    16     5     4   827   435
 117 1015.4204  124.7206    16     5     5   713   986
 118  876.4246  127.1712    16     5     4   823   848
 119  576.8244  127.4798    12     4     3   715   571
 120  857.3656  127.5305    14     5     3   698   826
 121  766.2160  127.8029    16     5     4   741   751
 122  494.6078  128.8074    16     5     4   726   484
 123  486.4616  129.0790    13     3     5   807   470
 124  897.8167  129.1136    16     5     5   820   868
 125  548.8733  129.1417    16     5     4   827   538
 126  833.4744  129.8243    16     5     5   786   808
 127  828.3109  132.0288    14     4     4   764   804
 128   34.9688  132.2184    14     4     4   765    44
 129  949.2088  132.8840    14     4     4   765   925
 130    5.0992  133.6746    12     4     4   624     4
 131  638.2206  133.9060    14     4     4   709   632
 132  284.4803  134.3978    15     3     5   708   283
 133  436.2622  134.8241    14     4     5   754   424
 134  952.4823  137.1473    15     5     4   771   929
 135    4.9615  137.8143    12     4     4   575     2
 136  199.5033  139.4835    15     3     5   757   195
 137  520.2470  140.6416    15     5     4   814   514
 138  383.5255  141.2427    12     3     4   668   372
 139  243.2950  142.5083    15     4     5   755   238
 140  262.9309  142.7283    16     4     5   782   263
 141  342.0662  143.0247    16     4     4   787   338
 142  453.9373  144.1054    14     4     4   842   437
 143  937.1043  144.2986    13     4     4   686   913
 144  250.9238  145.5352    12     4     3   717   247
 145  963.4255  145.7790    13     4     4   707   938
 146  909.6450  145.9385    12     3     4   665   876
 147  523.4324  146.1551    16     5     5   737   519
 148  676.8393  147.6803    17     4     5   780   666
 149  398.5814  147.9352    17     5     5   919   388
 150  260.3715  148.7994    16     5     5   798   259
 151  254.9169  149.2492    13     4     4   756   252
 152  315.3873  152.8609    13     3     5   698   315
 153  180.1524  153.2089    13     4     4   714   177
 154    7.1747  153.7169    15    10     2   233    12
 155  845.6859  153.9227    14     4     4   748   820
 156  114.6774  154.4868     9     3     3   620   117
 157  620.6444  154.6854    15     5     4   808   613
 158  736.9673  155.5868    15     4     5   807   727
 159  216.3319  156.0959    16     4     5   838   205
 160   27.6640  157.1257    14     4     4   701    34
 161  550.8952  160.1198    15     5     4   818   540
 162 1017.2827  162.3122    13     4     4   673   991
 163  860.7862  165.2720    16     4     5   761   832
 164   79.1211  166.6651    16     5     5   899    92
 165  367.8723  167.1015    16     5     4   810   359
 166  637.4287  167.4838    15     5     3   767   630
 167  818.5881  167.7740    14     4     4   764   799
 168  554.6012  168.3941    12     3     4   762   545
 169  423.2000  168.7375    12     4     4   680   410
 170   80.7101  169.2558    11     5     3   667    95
 171  610.5843  170.2151    17     5     5   858   604
 172  144.0346  170.3542    17     4     5   849   145
 173  352.2210  171.3116    14     4     4   692   343
 174  776.6248  171.8680    16     5     4   785   758
 175   15.6830  172.3226    10     3     4   630    20
 176  933.2607  172.5496    14     5     3   725   906
 177  959.0729  172.5938    13     5     3   727   933
 178  169.6930  173.1594    16     5     5   756   169
 179  388.1000  174.5704    17     4     5   795   379
 180  223.7682  176.2069    15     5     4   713   217
 181  251.0958  176.8571    14     4     4   756   248
 182  814.8975  180.3203    14     4     4   691   796
 183  869.3449  181.5511    13     5     3   678   837
 184  411.3699  181.5539    13     5     3   668   401
 185  501.8846  182.3957    16     4     5   745   499
 186  226.4682  184.1482    12     3     4   717   219
 187  927.5427  184.6203    17     5     5   802   900
 188   91.2648  185.6899    13     4     4   704   100
 189  625.0464  185.7901    13     4     4   723   616
 190  966.0146  187.3382    16     4     5   778   941
 191  742.1631  187.3431    16     4     5   810   731
 192  692.2845  187.8116    15     4     5   795   680
 193   41.8033  188.1145    14     4     4   773    49
 194  668.4751  190.1482    18     5     4   902   658
 195  784.9011  194.8405    15     4     4   711   769
 196   53.1007  195.0294    23     6     6  1575    55
 197  832.0689  195.5577    16     4     5   784   807
 198  259.0724  195.7253    15     5     4   758   258
 199  420.8827  195.7491    13     4     4   684   407
 200  310.5048  196.7256    16     5     5   785   307
 201  168.8863  197.4599    16     4     5   758   168
 202   78.9543  201.5029    16     4     5   838    91
 203   54.3542  203.4479    11     4     3   686    59
 204  313.5133  203.5414    15     5     3   827   313
 205  474.6209  204.4531    16     5     4   714   454
 206  240.7045  204.7869    13     4     4   712   235
 207  393.2453  206.1691    18     5     5   875   382
 208  776.4606  207.1427    17     5     4   906   757
 209  174.5750  207.2879    15     5     4   763   175
 210  167.0261  207.3377    12     4     3   656   164
 211  935.4315  207.7259    12     3     4   660   911
 212  373.2171  208.1365    14     4     4   748   365
 213  236.8736  209.8736    13     4     4   652   232
 214  686.8100  213.0760    14     4     4   798   674
 215  985.2899  214.3622    15     4     5   745   961
 216  403.0720  214.6441    17     5     5   871   393
 217  266.4838  215.4533    15     3     5   707   264
 218   64.2500  217.8194    13     4     4   706    70
 219  446.5566  217.9745    12     3     4   668   433
 220  299.6391  218.5851    16     5     5   771   296
 221  274.4667  218.5883    15     5     5   750   274
 222  665.5415  219.1107    14     5     4   718   654
 223  189.8475  220.2274    14     4     4   727   185
 224  770.7770  220.5213    17     4     5   780   754
 225  996.2370  220.5335    15     5     5   747   970
 226   21.1721  222.6967    13     4     4   679    27
 227  925.0661  222.7646    14     4     4   707   898
 228  170.1341  223.9802    18     5     4  1265   170
 229  197.9526  224.2737    16     4     5   814   194
 230  617.0203  228.7426    18     4     5   893   610
 231  120.1401  230.4169    13     5     3   744   123
 232   14.4107  230.8714    12     3     4   680    18
 233  527.3834  230.9824    14     4     4   766   523
 234  629.5497  232.7484    15     5     5   774   622
 235  128.8106  233.1374    14     4     4   755   130
 236  921.3488  233.3764    15     4     5   765   891
 237   29.6725  234.4054    11     4     3   649    36
 238  493.2045  234.9627    16     4     4   830   482
 239  105.8706  235.9201    14     4     4   766   112
 240 1009.3672  236.5290    17     5     5   825   982
 241  877.8392  236.9331    15     4     4   778   853
 242  365.2541  237.8974    13     4     4   744   355
 243   62.8643  239.2500    14     5     4   796    69
 244  360.4537  239.7813    12     3     4   703   351
 245  517.9799  240.3925    14     4     4   763   511
 246  753.1522  240.7087    15     5     4   725   738
 247  207.0331  241.0083    13     4     4   734   200
 248  593.5461  241.3748    17     5     5   777   585
 249  115.2851  243.0321    15     5     4   727   118
 250  571.3418  244.1566    12     3     4   714   559
 251  210.1442  244.3138    13     4     4   737   202
 252  968.8575  247.6261    16     4     5   739   944
 253  458.1596  248.0596    14     4     4   710   443
 254  217.5690  248.0634    12     3     4   656   209
 255  872.6664  248.7184    13     4     4   707   841
 256  159.8014  249.5000    12     4     5   631   157
 257  714.0155  249.6168    14     4     4   722   707
 258  659.5682  250.9909    16     5     4   820   650
 259  348.9824  251.0054    16     5     4   813   340
 260  876.4430  251.0601    15     5     4   782   849
 261   94.1478  251.0929    14     4     4   705   102
 262  126.9118  251.5670    16     4     5   772   128
 263  458.1574  254.0026    14     4     4   715   442
 264  396.6722  254.6109    16     4     5   764   385
 265 1014.2724  255.2841    15     5     5   831   983
 266  920.4343  257.3532    16     5     4   814   889
 267  355.3761  258.7134    13     4     4   711   344
 268  679.7631  260.2639    15     4     5   781   668
 269  186.7158  262.5300    10     4     3   633   182
 270  148.2407  262.5864    12     4     3   710   151
 271  303.6286  263.1413    16     5     5   829   302
 272  691.2127  263.7174    15     5     4   679   679
 273  216.2304  264.8050    19     4     7   954   203
 274  132.6416  265.3221    11     3     4   689   135
 275  480.2372  265.3639    15     5     4   679   462
 276  299.8419  265.6726    15     4     5   770   297
 277  815.3081  266.4760    12     4     3   662   797
 278  219.5233  267.6196    13     4     4   774   213
 279  873.6069  268.6201    26     6     5  1476   844
 280  713.8516  268.7405    16     5     5   817   706
 281  100.8312  269.1058    15     4     4   769   106
 282  693.2019  271.3602    14     4     4   784   683
 283  811.7398  272.1403    17     5     5   879   794
 284  936.5564  274.2162    12     3     4   705   912
 285  486.9891  274.3632    16     4     5   847   471
 286  668.5456  274.9251    16     5     5   774   659
 287   57.9592  275.4788    12     4     3   732    61
 288  421.4095  276.0302    16     5     4   790   408
 289  598.3995  278.9381    12     3     4   677   592
 290  222.7385  279.4275    10     4     3   624   216
 291  842.4405  281.2324    15     5     5   789   817
 292    6.5552  281.4586    14    10     2   285     9
 293   34.8436  281.9639    14     4     4   722    43
 294  663.6000  282.1536    17     5     5   860   653
 295  268.7430  283.8702    17     5     5   775   267
 296  728.5156  284.9003    14     4     4   717   717
 297  796.3094  285.2938    14     4     4   717   781
 298 1020.0433  285.4549    12     4     4   674   993
 299  957.2198  285.7399    13     4     4   726   930
 300  351.4042  285.8378    12     3     4   715   341
 301  128.8643  288.3233    12     4     3   669   131
 302  698.7175  288.6969    13     4     4   714   694
 303 1020.8724  291.0057    15     4     4   765   994
 304  137.2213  291.4920    17     5     5   798   142
 305  939.7492  292.0149    14     4     4   746   916
 306  762.1582  292.2194    16     5     4   748   748
 307  262.5880  293.8895    12     3     4   654   262
 308  720.5652  294.8465    12     3     4   703   712
 309  245.4191  298.6029    14     5     3   684   243
 310  757.8804  304.1927    17     4     5   772   745
 311  371.2981  304.6296    19     5     5   923   361
 312   53.9167  305.7276    17     5     5   794    57
 313  480.3013  308.6330    16     5     5   799   463
 314  460.9188  308.7435    14     4     4   682   445
 315  440.1457  309.7896    16     4     5   747   430
 316   32.9860  312.1112    12     4     4   655    42
 317  711.6090  312.4216    14     3     5   727   705
 318  424.9985  313.1722    14     4     5   802   414
 319  970.5034  315.3325    14     5     3   737   947
 320  636.7316  315.6059    15     5     4   707   628
 321  283.8742  316.9340    14     4     4   776   282
 322  424.4802  317.2145    14     5     5   795   412
 323  594.2295  318.5738    15     4     5   760   586
 324  547.2206  318.5763    17     5     5   825   536
 325  614.7975  319.8849    15     4     4   745   608
 326  968.7865  320.5518    12     4     3   661   943
 327  398.1517  321.2645    15     5     5   842   387
 328  666.3340  321.9170    13     4     4   660   655
 329  493.9115  322.8164    17     5     5   780   483
 330  324.6590  326.2590    15     4     5   735   323
 331  986.1945  326.5929    16     5     5   795   963
 332  880.7687  327.9000    16     5     4   830   856
 333  978.7120  328.0158    18     5     5   812   952
 334  806.1003  328.5669    16     4     5   788   790
 335   94.5494  331.8790    17     5     5   798   103
 336  533.3946  332.4239    18     5     5   863   526
 337  397.8372  332.8401    16     4     5   851   386
 338  692.7513  333.4444    12     4     3   713   682
 339   16.2279  334.1327    15     5     4   749    22
 340  261.8692  334.8915    14     4     4   679   261
 341   38.6906  335.8721    14     4     4   691    48
 342  590.8365  337.4197    13     4     4   653   582
 343  933.2614  338.5088    13     5     3   700   907
 344  372.6618  340.5962    15     5     5   867   364
 345  958.4139  343.0487    19     6     4  1247   931
 346  488.7151  344.2769    17     5     5   793   477
 347  135.3922  344.9412    14     4     4   752   138
 348  931.8894  345.1092    16     4     5   856   905
 349   17.0238  346.7190    14     4     4   770    24
 350  341.2303  349.2604    18     5     5   877   337
 351  309.9480  350.0838    18     5     4   872   305
 352  724.1549  352.0136    14     4     4   763   715
 353  195.3467  352.0967    14     4     4   812   192
 354  539.4308  352.7731    12     5     3   640   532
 355  748.6328  353.1855    16     5     5   815   735
 356  806.5299  353.7766    14     5     4   675   791
 357  768.6332  353.9481    16     5     4   738   753
 358  634.4678  354.0045    12     3     4   679   625
 359 1003.2446  355.3159    14     4     4   743   978
 360  249.5562  355.8195    16     5     4   836   246
 361  910.2333  360.9513    15     5     4   735   879
 362  859.7453  363.0366    13     4     4   717   831
 363   36.5677  364.8196    17     5     5   849    47
 364  573.1773  364.8429    14     5     4   735   561
 365  150.8338  366.0466    14     4     4   826   152
 366  607.6557  369.1447    13     4     4   721   601
 367  230.2492  371.0031    14     4     4   778   226
 368  923.3776  371.9586    16     5     4   740   895
 369  331.4272  372.2722    17     5     5   802   327
 370  672.6389  372.6085    18     5     5   871   662
 371  952.0825  373.3316    14     4     4   710   928
 372  585.3537  374.1657    14     4     4   810   579
 373  305.7273  376.1137    17     5     5   799   303
 374   75.8491  378.6421    13     4     4   700    85
 375  450.2461  379.7793    11     4     3   622   436
 376  504.7000  380.0720    15     4     5   970   503
 377  792.4085  381.8311    14     4     5   741   775
 378  894.9140  382.4952    16     4     5   788   863
 379  192.5000  382.6056    17     5     5   852   190
 380   87.1936  385.9817    15     4     4   806    99
 381  496.0765  387.6886    14     4     4   702   488
 382  516.1048  388.6967    12     4     3   664   510
 383   10.6323  389.5929    14     4     5   775    15
 384  478.9919  390.9887    13     4     4   750   460
 385  168.1952  392.1730    13     4     4   760   166
 386  803.8575  393.7604    16     5     4   809   788
 387  692.3139  394.2530    15     4     5   741   681
 388  801.6445  398.2094    14     3     5   749   786
 389   81.3348  399.2263    15     4     5   731    96
 390  978.5083  401.9504    17     5     5   896   951
 391  559.4829  402.5410    14     5     5   726   548
 392  492.4288  402.8185    16     5     4   722   480
 393  563.8374  404.4938    16     4     5   809   552
 394  181.8047  406.9495    12     4     4   714   180
 395  833.6174  409.2168    14     5     4   719   809
 396    7.2872  409.7553    15     8     2   244    13
 397    1.9037  410.5642     6     2     3   434     0
 398  135.9211  413.4253    16     4     5   749   140
 399  431.8040  414.1208    16     5     4   785   417
 400  458.1707  414.4297    12     4     3   618   444
 401  645.7260  416.2260    19     5     5   858   639
 402   69.5667  416.5163    15     3     5   765    78
 403  561.4761  416.5844    15     5     5   778   551
 404  748.0091  417.1113    17     4     5   826   734
 405  890.0619  418.5254    13     4     4   760   860
 406  328.0055  418.9299    14     4     4   775   325
 407  697.7348  418.9302    14     4     4   749   690
 408   36.3713  419.0180    16     5     4   828    46
 409  625.3241  420.0610    12     3     4   751   617
 410  254.7256  421.9067    15     4     5   713   251
 411  162.7387  423.6045    14     4     4   714   160
 412  432.6447  424.0477    14     4     4   748   418
 413  535.6103  424.4086    13     4     4   710   528
 414   25.2434  425.5455    17     5     5   852    31
 415   32.0097  428.3387    13     4     4   750    38
 416  627.5109  428.5491    15     5     3   700   619
 417  375.5878  430.6881    17     5     5   808   366
 418  270.0728  430.8576    16     4     5   806   268
 419   58.1588  431.2736    15     4     5   742    65
 420  686.1464  431.8092    15     4     5   758   673
 421  698.1873  431.8160    15     4     5   764   693
 422  332.1386  433.2442    14     4     4   746   330
 423  438.4774  433.4628    16     5     4   779   428
 424  907.4631  434.3338    16     5     5   810   873
 425  499.1318  434.5360    16     4     5   771   494
 426  617.6868  434.9322    12     3     4   666   611
 427  931.4904  436.3848     9     3     3   611   904
 428  168.6084  438.4869    16     4     5   769   167
 429  274.6874  439.7361    15     5     5   849   275
 430  338.6541  439.9267    12     3     4   652   335
 431  705.4207  440.4224    15     5     5   743   697
 432  911.6985  440.6374    17     5     5   825   883
 433  729.5134  441.5000     9     3     3   613   719
 434  329.2535  441.6853    13     4     4   702   326
 435  754.6928  442.9172    15     5     4   814   744
 436   79.9355  443.5534    16     4     5   741    93
 437  421.5723  444.0957    16     5     4   865   409
 438  526.9782  444.2953    15     4     5   746   522
 439  312.7470  445.4309    12     4     3   699   311
 440  320.2295  445.9395    14     4     4   702   321
 441  404.5095  448.0326    17     5     5   906   394
 442  640.9973  448.4242    18     5     5   932   634
 443   71.9680  450.4466    13     5     3   786    80
 444  804.2856  450.4963    12     4     3   661   789
 445  497.5223  451.2011    15     5     4   866   493
 446  596.8506  452.3447    17     5     5   846   589
 447  911.6280  453.3438    18     5     5   852   882
 448  122.8163  454.3336    13     4     4   677   125
 449   96.4156  457.9936    13     4     4   675   105
 450  685.3905  458.1572    16     5     4   726   672
 451  702.6479  459.4507     9     3     3   658   696
 452  934.8153  460.0634    12     4     4   656   909
 453  530.8665  464.2883    14     4     4   702   525
 454  988.1009  465.5171    16     4     5   804   965
 455  814.4915  466.2915    14     3     5   725   795
 456  332.0802  467.0613    14     4     4   776   329
 457  921.7162  467.1631    14     4     4   695   892
 458   30.4694  467.7597    17     5     5   790    37
 459  710.6520  468.9818    14     4     4   798   704
 460  267.8217  469.1495    14     4     4   799   265
 461  494.6278  469.6889    15     5     4   690   485
 462  575.2939  470.6643    16     4     5   781   568
 463  125.0215  470.9475    15     4     4   731   127
 464  628.8305  471.0240    18     5     5   764   621
 465  610.2328  472.0424    16     5     4   785   603
 466  708.0476  473.3524    13     4     4   760   700
 467  632.1094  475.1687    15     5     5   808   623
 468   58.0701  476.0530    14     4     4   782    64
 469  778.5324  477.4046     9     3     3   614   765
 470  585.2288  480.6727    15     4     5   729   578
 471  884.2659  480.6740    17     5     5   785   857
 472  521.5360  480.6815    15     5     5   789   516
 473  487.4921  480.6896    15     5     5   783   473
 474  191.1803  481.6387    14     5     4   753   189
 475  871.1566  483.8149    13     4     4   692   838
 476  598.7993  483.8710    15     4     4   708   593
 477  845.6154  484.2301    15     4     5   817   819
 478  167.4338  484.5180    15     3     5   815   165
 479  942.2902  484.5181    17     5     5   942   918
 480  553.6625  484.5216    16     4     5   763   544
 481  570.0731  485.1628    14     4     4   653   557
 482  365.9509  486.3438    14     4     4   761   357
 483  512.2619  487.1718    14     4     4   728   507
 484  753.7699  487.6277    22     6     5  1528   743
 485  985.9017  487.7504    14     4     4   735   962
 486  884.6075  488.4940    17     5     5   840   858
 487  733.9866  488.9699    15     4     4   748   725
 488  837.6669  489.3687    15     3     5   767   812
 489  487.5421  489.4100    16     5     5   849   474
 490  693.8898  490.5510    13     4     4   738   684
 491  637.9648  490.9614    14     4     4   723   631
 492  963.6197  492.8094    12     3     4   663   940
 493  753.6835  492.9323    16     5     4   803   741
 494  950.7917  493.8245    16     4     5   801   927
 495   66.2009  495.4670    13     5     3   705    74
 496  172.9770  495.5757    14     4     4   748   173
 497  162.5144  496.3542    16     5     5   784   159
 498  898.1828  496.7688    14     4     4   698   869
 499  697.4375  497.6107    14     3     5   700   689
 500  774.5824  499.4570     9     3     3   648   756
 501  190.5069  500.2543    12     3     4   702   186
 502  960.9831  500.3628    13     4     4   662   936
 503  499.9681  502.9557    14     4     4   783   495
 504  277.3343  503.2270    18     5     4   898   276
 505  580.3361  503.5355    14     3     5   732   575
 506  794.6219  503.6880    17     5     5   851   780
 507  222.6888  505.6037    13     4     4   718   215
 508  274.1070  505.8044    12     4     4   662   272
 509  709.2633  509.3317    13     4     4   730   702
 510  461.5738  509.5861    15     5     3   719   446
 511  655.6263  509.7953    16     5     4   817   647
 512  541.6886  510.8274    14     4     4   702   534
 513  787.2639  511.2429    16     4     5   825   771
 514   96.0136  514.3976    14     4     4   765   104
 515   68.4918  516.0395    12     3     4   728    77
 516  969.5044  519.5456    19     5     5   870   946
 517  603.7781  519.6106    15     4     5   747   597
 518  331.6334  519.8987    16     5     4   767   328
 519  474.8120  520.8479    17     4     5   811   455
 520  657.5343  522.2227    12     3     4   762   649
 521   15.9233  522.4286    12     4     3   694    21
 522  960.1876  526.3213    14     5     3   761   934
 523  219.0338  526.8928    15     4     4   845   212
 524  600.2704  528.6772    16     5     5   809   594
 525   58.0167  529.2515    17     4     5   830    63
 526  402.8206  529.7625    16     4     5   762   392
 527  260.9916  529.9658    14     4     4   797   260
 528  386.1104  531.8842    15     4     4   707   376
 529  253.8478  532.4567    12     4     4   698   250
 530  241.6374  533.7721    17     5     5   905   236
 531  233.9060  534.0554    15     4     4   719   230
 532  979.8276  534.3576    16     5     5   743   955
 533  431.0783  535.6853    15     4     4   776   416
 534  111.3178  537.2407    18     5     5   855   114
 535    6.4858  537.4716    14    10     2   281     6
 536  337.2505  537.8985    14     4     4   657   333
 537  577.3131  537.9074    14     4     4   707   572
 538  461.7361  538.9452    16     5     5   753   448
 539  369.8167  539.2117    14     4     4   702   360
 540  570.7275  539.2164    17     5     4   847   558
 541  485.5368  539.4392    16     5     5   785   469
 542  987.9336  540.7115    13     4     4   702   964
 543  193.1463  541.2997    15     4     4   724   191
 544  384.3467  541.9532    15     5     4   737   374
 545  271.8657  542.0305    13     4     4   737   269
 546  873.2081  544.3322    12     4     3   716   843
 547  312.3187  544.3710    12     4     3   655   310
 548   75.0752  544.9876    14     4     4   745    84
 549  949.5479  551.0225    13     3     5   798   926
 550  752.0749  551.6098    16     4     5   861   737
 551  228.1594  552.3538    16     5     5   803   223
 552  859.2402  552.7207    16     4     5   749   830
 553  762.9421  554.0714    15     4     4   815   749
 554  680.0470  554.3310    14     4     4   714   669
 555  188.5647  555.5468    19     5     5   916   184
 556  488.3737  556.4397    17     5     5   867   476
 557  636.2928  557.6554    16     5     5   855   626
 558   70.9889  557.6857    16     4     5   790    79
 559  937.5514  557.8800    17     5     5   870   914
 560  523.7274  559.3087    14     4     4   694   520
 561  288.4278  562.4582    11     3     4   636   287
 562  312.1123  564.3821    16     4     5   779   309
 563  652.8255  564.9159    14     4     4   693   645
 564  810.6007  565.7951    13     3     5   706   793
 565   20.9008  565.9943    13     4     4   654    26
 566  288.0932  566.5291    12     4     4   705   286
 567  386.1678  567.0855    15     4     4   758   377
 568  641.4621  568.4227    17     5     5   830   635
 569  839.6802  568.6642    17     5     4   858   814
 570  522.9299  570.4787    14     4     5   796   518
 571  737.2951  572.5512    10     4     3   627   728
 572    3.7959  575.2291    15     5     4   711     1
 573  391.9203  576.9024    14     4     4   811   381
 574   68.0912  577.1175    14     4     4   710    76
 575  339.1204  577.3287    16     4     5   837   336
 576  925.1856  577.7185    14     4     4   703   899
 577  793.9628  577.8298    14     4     4   704   779
 578  767.4744  578.4880    15     5     5   814   752
 579  983.6773  581.1314    16     5     4   803   959
 580  385.2418  581.6119    14     5     3   721   375
 581  874.5084  582.9317    16     5     4   753   845
 582  777.4819  583.6895    16     5     5   714   760
 583  793.6261  584.5134    15     5     5   745   777
 584  200.1731  585.2067    15     5     4   774   196
 585  274.4544  587.8456    16     5     5   730   273
 586  627.8858  588.1425    13     4     4   695   620
 587  608.0185  593.0093    14     4     4   788   602
 588   43.1407  594.5559    14     5     3   730    50
 589  456.4116  596.4227    18     5     5   904   440
 590  745.9781  596.8424    17     4     5   833   733
 591   61.2516  597.4301    16     5     5   804    67
 592   76.0886  597.9758    14     4     4   699    86
 593  909.5875  598.3422     9     3     3   616   875
 594  128.4380  598.4514    14     5     3   737   129
 595  255.0520  599.0954    15     4     4   842   253
 596  738.2126  599.7979    14     4     4   808   730
 597  245.2077  599.9601    15     5     4   776   242
 598  112.7057  600.4380    16     5     5   821   115
 599  219.9106  600.5777    17     5     5   852   214
 600  698.0519  600.6116    16     4     5   805   692
 601  572.3989  601.5949    15     4     5   793   560
 602   87.0087  601.8227    16     4     5   848    97
 603  156.1086  602.5399    14     4     5   766   154
 604   12.7532  602.8974    13     4     4   671    16
 605  247.5504  605.7243    15     5     5   725   244
 606  999.0717  606.4252    16     4     5   802   973
 607   16.4066  606.5048    14     5     5   761    23
 608  581.2108  607.3993    12     4     3   656   576
 609  875.0637  608.6209    12     4     3   732   846
 610  437.6036  609.5987    15     3     5   768   427
 611  204.9080  611.4317    13     4     4   657   199
 612  793.1532  611.8333    14     5     4   734   776
 613  732.3269  613.0399    15     5     4   826   724
 614  171.0661  613.9451    13     4     4   667   171
 615  524.3966  614.1065    17     5     5   818   521
 616  575.2358  614.2271    16     4     5   739   566
 617   49.1221  614.6352    16     4     5   811    51
 618  847.6525  614.7029    18     5     5   934   821
 619  530.8599  614.8690    17     5     5   834   524
 620  910.3092  616.7067    15     5     4   779   880
 621   21.5291  617.0153    16     5     4   779    28
 622  641.5542  617.4694    16     5     4   880   636
 623  595.8699  618.6858    15     4     5   742   588
 624  147.2859  620.1056    18     5     5   862   149
 625    6.3718  620.5078    10     4     3   615     5
 626  478.9073  622.3364    16     4     5   759   459
 627  924.4799  623.1121    17     5     5   817   897
 628  621.3033  623.1581    14     4     5   801   615
 629  251.7769  623.3505    26     7     7  1524   249
 630  351.6470  624.0955    14     4     4   800   342
 631  434.9921  624.5420    16     4     5   731   422
 632  840.8913  625.6843    14     4     4   715   815
 633  164.7584  626.6840    12     4     3   658   161
 634   53.5677  627.7268    18     5     5   859    56
 635  137.6981  629.7220    16     5     4   786   143
 636  103.7600  632.1132    17     5     5   793   109
 637  514.7185  632.2360    15     4     5   722   509
 638  902.3058  632.4583    17     5     5   865   870
 639  371.6132  632.4603    17     5     5   850   362
 640  290.0371  633.0561    14     4     4   773   288
 641  995.8767  633.5514    16     4     5   744   969
 642  661.8514  635.5246    14     4     4   749   652
 643  945.0509  636.7392    16     4     5   808   921
 644 1015.4868  637.6238    16     5     5   766   987
 645  119.6101  638.7098    15     5     4   722   121
 646  278.7173  639.2572    16     5     4   749   278
 647   62.3752  639.4779    15     5     3   783    68
 648  454.7336  639.5299    12     4     3   655   439
 649  394.3127  640.3923    16     5     5   838   384
 650  310.4565  640.4452    15     5     5   770   306
 651  387.0471  640.6456    15     4     5   830   378
 652  440.8914  642.8569    15     5     5   730   431
 653  842.7019  643.4704    12     4     3   660   818
 654  332.9354  643.7556    20     6     4  1229   331
 655   32.7865  645.9715    14     4     4   702    40
 656  909.7938  647.5078    12     4     5   634   877
 657    8.2653  648.8664    12     4     4   644    14
 658  496.5992  649.8107    14     4     4   745   490
 659  668.3910  649.9166    17     5     4   895   657
 660  753.6967  651.7868    17     5     5   836   742
 661  439.2052  653.4149    15     5     4   808   429
 662  117.0122  655.2292    16     4     5   736   120
 663  141.2414  658.8146    14     4     4   693   144
 664  696.1444  659.6811    17     4     5   783   687
 665  554.6460  662.1309    12     3     4   716   546
 666    6.8596  665.7632    18    10     2   294    11
 667  611.5340  666.7874    15     5     4   738   606
 668  983.3206  667.1595    16     5     5   762   958
 669  468.0458  667.8239    14     4     4   708   449
 670  378.6446  668.0697    13     4     4   704   368
 671   60.5528  670.3811     9     3     3   620    66
 672  283.0543  670.6367    13     4     4   664   281
 673   78.8716  673.0760    15     4     4   742    90
 674  947.4484  673.1933    17     5     5   809   924
 675  675.8183  673.6383    15     4     5   750   665
 676  295.6769  674.1082    17     5     4   905   293
 677  379.0291  677.8040    16     4     4   831   369
 678  446.8133  677.8544    14     4     5   772   434
 679   93.2756  678.7437    17     5     5   843   101
 680  850.2547  679.2975    15     5     4   782   823
 681  853.8424  680.4330    12     4     4   672   825
 682  960.2020  681.2430    18     5     5   935   935
 683  159.3790  681.3202    15     4     5   745   156
 684  763.1729  682.4609    17     5     5   861   750
 685  521.1993  688.8434    14     4     4   702   515
 686  614.0302  692.6647    16     4     5   822   607
 687  643.6638  693.8003    13     4     4   716   638
 688  402.2521  698.6222    15     5     4   739   391
 689  866.9045  698.6236    15     5     4   773   835
 690  257.6248  708.2504    15     4     5   847   256
 691  299.3167  708.4148    16     5     5   782   295
 692 1019.4654  710.3179    14     5     4   689   992
 693  383.4750  710.3925     9     3     3   611   371
 694  994.3640  710.6744    14     4     4   765   968
 695  103.0952  712.7444    14     4     4   770   107
 696  823.4392  714.0975    12     3     4   679   801
 697  555.7503  714.5503    17     5     5   885   547
 698  513.7997  715.4966    12     4     3   714   508
 699  917.6792  715.7014    13     4     4   716   888
 700  709.9884  716.0580    14     4     4   787   703
 701  108.2670  717.1261    15     4     5   725   113
 702  165.4868  717.1522    17     5     5   929   163
 703   22.9319  717.3479    17     5     5   867    30
 704  478.1594  719.3859    13     4     4   726   458
 705  390.0969  719.4180    12     4     3   693   380
 706  650.8913  719.9488    15     4     4   794   643
 707  778.2267  720.8175    13     4     4   719   763
 708  538.3559  721.8668    16     5     4   757   531
 709  668.8705  722.7876    18     5     5   879   660
 710  148.1208  725.2746    14     4     4   699   150
 711  560.8532  725.5372    14     5     4   678   550
 712  377.1702  726.9539    14     4     4   704   367
 713  300.5661  729.2568    15     5     4   816   298
 714  128.9940  731.7817    18     5     5   929   132
 715  759.2356  732.5445    22     6     5  1366   746
 716  190.5547  733.0529    12     3     4   668   187
 717   18.8620  733.1599    14     4     4   734    25
 718  992.8957  733.4550    12     4     3   676   967
 719  500.6725  733.4577     9     3     3   658   497
 720  484.9020  733.7208    13     4     4   737   467
 721  432.7610  733.9841    14     4     4   799   419
 722  922.2686  739.1960    15     4     5   729   893
 723  597.3596  742.7132    15     5     4   741   590
 724  669.2641  744.1855    18     5     5   854   661
 725  604.4473  744.3605    15     5     5   795   598
 726  697.9593  744.7995    16     4     5   811   691
 727  424.6619  744.9124    13     4     4   729   413
 728  408.6294  746.0406    16     5     5   763   398
 729   58.0054  746.4071    12     4     3   680    62
 730  129.3823  748.1468    15     5     5   770   133
 731  361.9140  748.5844    14     4     5   756   352
 732  461.6256  748.6330    18     5     5   849   447
 733  723.6067  748.8787    16     5     4   741   714
 734  303.0429  749.6938    16     4     5   836   300
 735  494.8363  750.0653    15     5     4   709   486
 736  408.6309  750.7224    16     5     4   794   399
 737  502.5320  751.3240    13     5     3   755   500
 738  487.6899  751.4620    10     4     3   574   475
 739  982.8489  752.3397    16     5     5   865   957
 740  247.6566  752.5902    17     5     5   802   245
 741  604.7218  753.9705    14     4     4   699   599
 742  857.3713  756.5783    15     5     3   725   827
 743  576.7614  758.1558    13     4     4   746   570
 744  132.0300  759.5146    16     4     5   777   134
 745  227.8160  759.5421    16     4     5   777   222
 746  944.3315  761.0769    12     3     4   666   920
 747  892.8993  761.7721    14     4     4   706   862
 748   49.5085  763.0331    16     5     4   749    53
 749  165.1265  763.3298    16     5     5   824   162
 750  237.7513  765.5826    13     5     3   699   233
 751  593.1532  765.5841    12     4     3   691   583
 752  574.1615  765.9250    16     5     4   807   562
 753  910.3240  766.8896    17     5     4   863   881
 754  534.4568  767.7965    23     6     6  1434   527
 755  792.2726  768.1387    15     4     4   770   774
 756  473.5668  770.7046    10     3     4   579   453
 757  594.9139  770.7266    14     4     4   674   587
 758  610.5969  774.9031    15     5     4   800   605
 759  133.8306  775.8010    15     5     4   758   136
 760  504.4509  776.4095    15     4     5   802   502
 761  301.5560  776.5427    17     5     5   849   299
 762  501.1733  778.7813    13     4     4   681   498
 763  457.2065  779.6786    16     5     4   804   441
 764  567.8981  779.7241    14     4     4   680   554
 765  406.9037  780.0948    15     4     5   799   395
 766   80.3260  781.3260    18     5     5   927    94
 767  228.5188  782.0296    16     5     4   853   224
 768  146.8220  784.7943    14     4     4   755   148
 769  633.6926  787.3844    14     5     3   789   624
 770  651.4645  789.3876    17     5     5   846   644
 771  773.8972  790.7971    14     4     5   719   755
 772  737.5971  791.6210    13     4     4   717   729
 773 1014.6013  792.0466    16     5     4   782   984
 774  496.6926  792.4912    10     4     3   671   491
 775    6.5552  793.4586    14    10     2   285     8
 776  929.9380  793.8532    17     5     4   807   902
 777  799.0554  796.3842    12     4     3   716   785
 778  393.4277  796.6355    16     5     4   824   383
 779  398.6947  797.4684    15     5     5   751   389
 780  895.5785  797.6682    11     3     4   645   865
 781  946.9899  800.2718    12     4     3   716   922
 782  574.2846  800.5919    15     5     4   814   563
 783  798.7862  800.6332    13     4     4   738   782
 784  791.5624  802.7339    13     4     4   643   773
 785  487.4080  803.5619    17     5     5   768   472
 786  427.3645  804.9766    14     4     4   738   415
 787  927.9000  805.8297    14     4     4   780   901
 788  688.7083  806.1007    14     4     4   716   675
 789  191.1726  806.3127    16     5     5   838   188
 790  335.1758  806.7935    17     5     4   790   332
 791  470.5585  808.2659    17     5     5   785   451
 792  976.7128  808.2778    13     3     5   661   949
 793  115.9554  812.0258    15     4     4   789   119
 794  383.2660  812.1858    13     4     4   741   370
 795  777.2524  812.8714    16     4     5   790   759
 796  966.6045  812.9373    13     4     4   752   942
 797  761.0833  814.7958    14     4     4   752   747
 798  454.5448  814.8360    14     4     4   765   438
 799  690.6628  815.1006    15     5     4   801   677
 800  620.5847  815.1038    15     5     4   776   612
 801  363.9250  815.1063    14     4     4   780   354
 802  808.7240  817.4971    17     5     5   853   792
 803  311.7047  817.6328    17     4     5   810   308
 804  258.0811  819.3058    14     4     4   763   257
 805  825.6127  819.4846    15     5     4   798   803
 806  355.6092  819.6553    14     5     3   726   345
 807  636.9035  820.8548    14     4     4   715   629
 808  551.5365  824.1079    17     5     4   828   541
 809  850.2594  828.3584    13     4     4   716   824
 810  227.6992  828.8308    13     4     4   662   220
 811  505.4368  828.8863    12     4     4   705   504
 812  217.3272  829.6595    15     4     5   752   207
 813  681.7621  829.7621    15     5     4   688   670
 814   56.0221  830.0280    16     4     4   838    60
 815  815.4532  830.5803    17     5     5   768   798
 816  475.3031  831.2380    16     5     4   744   456
 817  620.6967  831.2426    14     4     4   684   614
 818   25.4412  832.5471    15     5     3   745    32
 819 1002.1774  833.8497    13     4     4   719   977
 820  365.8183  835.7444    16     4     5   782   356
 821  293.7879  838.2637    16     4     5   799   291
 822  424.0457  841.0233    14     4     4   763   411
 823  357.1305  841.8021    14     4     4   749   346
 824  819.3591  842.4983    14     4     5   715   800
 825  505.7070  842.7582    13     4     4   618   505
 826  490.0595  845.6531    12     4     4   708   478
 827  576.7491  846.3669    13     4     4   716   569
 828  988.8354  846.6159    14     5     3   787   966
 829  782.0812  848.4721    16     4     5   733   766
 830  500.4804  848.5911    14     3     5   700   496
 831  412.4802  848.9247    17     5     5   827   403
 832   52.0361  849.2491    14     4     4   694    54
 833  367.8011  849.8944    16     5     4   771   358
 834  225.3004  850.5584    10     4     3   631   218
 835  668.2626  851.1243    18     5     5   896   656
 836  598.3981  852.2116    14     3     5   719   591
 837   28.4854  856.5073    15     3     5   699    35
 838  706.6654  861.1510    14     4     5   799   698
 839  909.8927  862.4635    16     4     5   817   878
 840  151.6916  865.6589    16     5     5   802   153
 841  539.4839  865.6723    16     5     5   781   533
 842  858.5357  866.2147    15     5     5   767   829
 843  778.4859  866.3783    15     3     5   717   764
 844  971.1683  866.5957    15     4     5   756   948
 845  312.9105  866.7926    18     5     5   867   312
 846  419.8846  867.0231    14     4     4   790   406
 847  909.2404  868.5165    12     4     3   667   874
 848  522.6492  868.9334    14     4     4   703   517
 849   76.5176  870.4486    18     5     5   919    87
 850   64.6175  871.9571    14     4     4   770    72
 851   32.0442  874.2896    16     4     5   816    39
 852  753.3757  875.2886    17     5     5   870   739
 853  504.0387  876.1145    14     4     4   773   501
 854 1008.6476  876.3284    13     4     4   672   981
 855  708.7719  877.3011    14     5     4   688   701
 856  519.2212  878.4615    15     5     5   774   512
 857  876.3297  880.0417    14     4     4   692   847
 858  753.6177  880.6047    16     5     5   848   740
 859  207.6345  880.7755    14     4     5   757   201
 860  242.4718  881.4101    15     5     3   717   237
 861  287.1695  885.3493    15     5     4   734   285
 862  660.8763  885.9814    14     5     4   730   651
 863  272.7044  886.1080    17     5     4   767   270
 864  187.9104  886.1191    16     5     4   735   183
 865  880.1054  886.1198    15     4     4   705   854
 866  183.4252  886.3193    13     4     4   772   181
 867  144.6129  888.4539    17     5     5   843   146
 868  720.2833  888.4550    15     4     5   750   711
 869  841.8003  891.0224    14     4     4   766   816
 870    5.0674  891.0312    13     4     4   627     3
 871  412.1761  891.6801    14     5     3   773   402
 872  962.6997  893.2277    13     4     4   736   937
 873  218.6372  894.6276    16     5     5   787   211
 874  483.8737  895.9298    15     4     4   720   465
 875  968.9026  896.0516    16     4     5   771   945
 876  714.8371  899.1026    14     4     4   754   708
 877  694.8405  899.8243    14     4     4   695   686
 878  958.9852  900.5313    13     4     4   738   932
 879  204.6793  901.0730    13     4     4   671   198
 880  865.0679  901.3006    16     5     5   852   834
 881 1006.2464  904.5839    12     4     3   668   979
 882  979.3194  905.2474    18     5     5   861   954
 883  485.1705  906.6770    17     4     5   780   468
 884  715.1102  907.3530    15     4     5   776   710
 885  303.3160  908.4145    12     4     3   658   301
 886  728.9564  911.9786    14     4     4   725   718
 887  218.5603  916.7915    16     5     5   757   210
 888  802.0254  916.7961    17     5     5   859   787
 889  537.7371  917.7830    17     5     4   866   530
 890    6.8106  921.7955    18    10     2   312    10
 891  315.7822  922.5393    12     4     3   655   317
 892  789.4645  923.2323    17     5     5   790   772
 893  181.2959  925.1243    15     4     4   826   178
 894  653.1235  925.2853    17     4     5   850   646
 895  123.9910  926.4770    12     4     3   729   126
 896  924.3738  927.6136    16     5     4   794   896
 897  685.1641  928.0015    15     5     4   796   671
 898  433.6649  928.0922    13     4     4   694   420
 899  905.8258  928.5416    16     4     5   737   871
 900  647.0038  930.3073    15     5     4   809   642
 901  441.8000  931.6955    14     4     4   810   432
 902  675.2955  932.5498    15     4     5   732   663
 903   68.0901  933.4856    16     4     5   787    75
 904  321.6445  933.7833    22     5     6  1438   322
 905  495.4094  934.4885    14     3     5   747   487
 906  896.4234  935.2763    16     5     4   826   866
 907  636.6381  936.0444    15     5     4   780   627
 908  947.2634  936.4011    14     5     4   757   923
 909  103.7785  937.6476    16     5     5   817   110
 910  724.3642  938.5493    15     3     5   820   716
 911 1016.8623  940.5462    12     4     3   661   989
 912  135.5047  941.4573    17     5     5   803   139
 913  777.8513  942.4882    15     5     5   745   761
 914  243.3558  945.2573    12     3     4   668   239
 915  277.3837  945.5729    15     5     4   726   277
 916  880.6997  946.2597    15     5     5   741   855
 917  327.0931  948.6818    14     4     4   833   324
 918  550.1624  951.4192    16     4     5   779   539
 919   77.6310  952.4218    16     4     5   748    88
 920  642.1136  953.1939    15     4     4   810   637
 921  655.7885  953.8059    24     7     4  1453   648
 922   65.9406  954.2971    15     4     4   840    73
 923  372.6126  955.7588    18     5     5   864   363
 924  113.3255  956.1405    13     3     5   703   116
 925  575.1901  959.0829    15     4     5   747   565
 926  873.0082  959.5280    16     4     5   768   842
 927  569.7208  962.2263    15     5     4   793   556
 928 1000.5397  964.2897    15     5     5   830   976
 929  891.4231  964.6429    15     4     5   787   861
 930  897.1234  965.6619    17     5     5   794   867
 931  877.2943  966.0660    12     4     4   650   851
 932  134.6157  967.8623    15     5     4   807   137
 933  357.6124  968.6039    19     5     5  1133   347
 934  437.2182  968.7995    15     4     4   771   425
 935  491.9000  970.0984    15     4     4   780   479
 936  255.3141  971.4449    14     5     3   721   254
 937 1015.0453  972.2358    15     4     4   801   985
 938  834.2320  972.5536    15     5     5   803   810
 939  722.5734  973.4222    15     5     5   818   713
 940  318.9358  974.3012    17     5     5   824   319
 941  559.5124  974.3682    16     5     5   805   549
 942  480.1805  976.3628    13     4     4   662   461
 943  825.3254  976.6494    14     5     3   816   802
 944  238.7758  979.7606    15     5     5   741   234
 945   49.4267  979.9238    16     5     5   842    52
 946  830.5666  980.1505    14     5     4   801   806
 947  786.5884  980.2997    16     5     4   839   770
 948  858.2647  980.3547    11     4     3   688   828
 949  358.1849  981.4328    16     5     5   874   349
 950   72.9003  982.0394    14     4     4   787    82
 951  980.4021  984.4002     9     3     3   611   956
 952  482.3205  984.5923    13     4     4   715   464
 953  547.3310  985.5641    13     5     3   692   537
 954  579.0778  985.9815    14     4     4   680   574
 955   27.5261  987.5082    17     5     5   783    33
 956   32.8789  987.8770    15     4     4   699    41
 957  600.9406  989.0522    15     4     4   706   595
 958  872.1351  989.7100    13     4     4   711   840
 959   87.0112  989.7532    14     4     4   764    98
 960  593.4828  992.3799    16     5     5   801   584
 961  895.3031  996.8031    14     4     5   790   864
 962  978.4156  998.7861    14     5     4   839   950
 963  914.8104  999.6896    11     4     3   590   885
 964  694.7247 1003.5669    12     4     3   703   685
 965  979.1633 1004.7604    13     4     4   733   953
 966  104.5086 1004.8711    12     3     4   702   111
 967  567.1804 1007.4089    12     4     3   680   553
 968  536.1966 1007.4618    12     4     3   644   529
 969  646.7102 1008.8821    17     5     4   874   641
 970  552.4107 1009.7775    17     5     5   797   542
 971  574.6149 1010.3943    19     6     5   843   564
 972   14.5684 1012.9140    13     4     4   700    19
 973  730.2549 1013.1323    13     4     4   693   722
 974  577.4891 1013.5894    13     5     4   678   573
 975  984.4416 1013.8699    12     3     4   685   960
 976  160.0473 1015.0007    14     4     4   827   158
 977  244.2555 1015.3998    13     4     4   719   241
 978  484.1515 1015.8985    32     7    10   980   466
 979  701.3153 1016.8414    12     3     4   618   695
 980  413.1252 1018.1401    14     4     4   679   405
 981   73.2248 1018.3440    14     4     5   685    83
 982  103.5391 1018.6406    13     2     9   258   108
 983  359.5699 1018.6958    15     2     9   293   350
 984  615.5699 1018.6958    15     2     9   293   609
 985  871.5699 1018.6958    15     2     9   293   839
 986  999.0932 1018.7373    15     3     7   268   974
 987  231.1744 1018.8333    16     2     8   289   227
 988  743.1692 1018.8383    16     2     8   293   732
 989  798.9944 1021.5445    12     4     3   569   784
 990  778.0870 1021.6152    12     4     3   580   762
 991  916.1369 1021.7357    11     4     3   636   886
 992  296.3340 1021.8321    12     5     3   644   294
 993  933.7880 1022.2093     8     4     3   455   908
 994  121.2053 1022.2895     7     4     2   355   124
