996
   0  739.8006    2.7839    13     4     4   669   727
   1  234.5000    4.4325    15     4     5   802   229
   2  356.2170    4.7154    15     4     5   772   347
   3  245.8231    5.6932    14     4     4   725   239
   4  310.1425    9.3583    15     4     5   743   311
   5  633.0474   11.2673    14     4     4   763   625
   6  506.1621   11.7241    16     5     4   740   505
   7  475.5139   12.7050    17     5     5   892   454
   8 1016.8789   14.4170    12     4     3   698   988
   9  377.0173   14.6055    13     4     4   708   364
  10  394.1804   15.3746    15     5     4   804   381
  11  918.1072   16.1569    14     4     5   723   886
  12  433.3887   18.8652    14     4     4   715   418
  13  137.5137   20.0949    16     5     4   745   137
  14  855.9041   21.7647    16     4     5   791   828
  15  271.4760   22.9054    13     4     4   754   268
  16  612.2615   23.6193    13     4     4   717   605
  17  281.2337   24.9179    16     5     4   787   277
  18  939.4672   24.9672    15     5     4   820   915
  19    6.5227   25.4091    11    10     2   242     6
  20   12.2220   25.7130    15     5     5   873    15
  21  740.9346   26.0689    16     5     4   733   730
  22  579.7449   26.8695    17     5     5   852   572
  23  258.8730   28.0556    14     4     4   770   254
  24  496.9992   28.7446    12     4     4   717   491
  25  847.5716   29.3909    14     5     5   699   821
  26  556.2553   30.4044    17     5     5   881   545
  27  350.0839   30.6086    16     4     5   768   340
  28  998.7155   33.8687    13     4     4   724   972
  29  792.5449   33.9352    12     3     4   722   775
  30  186.6661   37.0821    13     4     4   678   180
  31   33.5991   37.0850    12     3     4   655    41
  32  296.7240   37.1890    16     5     4   803   290
  33  263.7716   37.4864    12     4     3   709   261
  34  468.5074   38.7947    12     3     4   663   447
  35  793.0136   41.3788    12     4     3   673   777
  36  128.8412   42.7893    14     4     4   776   127
  37  222.4696   43.6732    16     5     5   720   215
  38  403.0889   44.1737    17     5     5   783   390
  39  925.7957   44.2126    16     5     5   762   896
  40  492.2104   44.2184    17     5     5   788   479
  41   50.7130   48.3181    15     4     5   859    53
  42  226.2167   48.8001    16     4     5   873   219
  43  947.6625   51.2042    16     5     4   843   925
  44  934.5791   52.9183    16     5     4   729   908
  45  891.9766   54.8859    14     4     4   780   863
  46  838.2522   56.1050    13     5     4   687   812
  47  653.9423   57.0466    14     4     5   773   645
  48  999.0724   57.1932    16     4     5   864   973
  49  330.5994   59.1654    13     4     4   653   323
  50  591.8170   59.3870    12     4     3   713   581
  51  164.7750   60.1900    14     4     4   740   157
  52  921.9300   60.9396    14     4     4   761   894
  53  966.3219   62.3596    15     4     5   734   941
  54  548.8752   62.9298    15     5     4   755   535
  55  595.7750   64.0938    14     4     4   689   589
  56  699.3401   64.2853    15     5     4   788   694
  57  683.5733   65.4761    15     5     5   737   670
  58  744.7488   65.4856    16     5     5   787   737
  59  308.6256   66.0566    15     5     4   795   305
  60  802.4173   66.6683    17     5     5   871   789
  61  884.2536   67.7382    17     5     5   787   856
  62  208.5599   68.2975     9     3     3   658   198
  63   73.3781   68.4749    11     4     3   668    82
  64  150.9675   69.0137    14     4     4   724   149
  65  404.1246   71.7973    17     4     5   772   392
  66  945.8195   74.2987    14     4     4   766   922
  67  716.3418   74.5440    16     4     5   773   707
  68 1007.8562   74.7731    14     4     4   693   980
  69  807.2239   75.9320    18     5     5   879   791
  70  572.8425   78.0049    14     4     4   756   562
  71  608.0150   78.9392    14     4     4   773   602
  72  341.7512   80.2407    17     5     5   791   333
  73  173.5880   80.8778    17     5     5   829   169
  74  219.1408   82.7686    13     4     4   748   210
  75  873.9609   83.1172    14     4     4   780   844
  76  431.7112   84.0632    15     5     4   704   416
  77  738.5228   84.7472    14     3     5   755   726
  78  470.7160   84.7931    16     5     5   822   450
  79  496.2860   85.0842    14     4     4   710   488
  80  911.0265   87.3058    14     4     4   763   880
  81   68.5581   88.9144    13     4     4   767    75
  82  207.9514   89.9051    14     4     4   767   197
  83  705.1511   90.7014    14     4     4   696   699
  84  698.3445   90.9893    14     4     4   796   692
  85  286.1128   92.5335    16     5     5   816   283
  86  430.6364   93.5028    15     5     5   876   415
  87  196.3378   94.4392    16     5     5   801   187
  88  408.2704   96.0136    14     4     4   728   397
  89  685.8458   97.5017    16     4     5   750   673
  90  844.7500   98.8167    17     5     5   890   818
  91  166.1268   99.1523    14     4     4   767   161
  92  757.4345   99.2646    16     5     4   725   745
  93  271.5861  100.4192     9     3     3   659   270
  94  220.8369  100.7923    14     4     4   701   212
  95   21.1303  101.3925    14     4     5   754    25
  96  927.0406  102.1003    14     4     4   743   899
  97  307.4786  102.2504    14     4     5   793   303
  98  520.3336  104.3571    14     5     3   777   513
  99  585.5506  104.7395    12     3     4   713   578
 100  646.3183  106.9000    17     5     4   825   638
 101 1001.1804  107.1643    15     4     5   707   975
 102  208.6817  108.7242    14     4     4   751   200
 103  403.1003  109.7803    13     4     4   758   391
 104  882.5263  110.3257    15     4     5   758   854
 105  869.4281  111.0398    16     5     4   814   838
 106   60.8902  112.3894    14     4     5   755    62
 107  224.1500  112.9688    16     5     4   800   217
 108  722.1341  113.6719    13     4     4   764   714
 109  171.9323  114.3611    14     4     4   716   168
 110  114.6357  116.3887    14     3     5   715   114
 111 1017.7525  116.9231    14     4     4   738   989
 112  445.6826  118.3767    14     4     4   797   432
 113  284.7803  119.1361    14     4     4   750   281
 114  308.7063  119.6431    15     5     4   688   306
 115  580.2147  121.8668    16     4     5   847   573
 116  494.1873  122.4104    12     4     3   622   483
 117  279.4718  122.4189     9     3     3   657   274
 118  485.8488  122.7112    15     5     4   775   467
 119  550.7428  123.2284    14     4     4   696   538
 120  942.4882  123.9786    16     5     4   839   918
 121  773.3616  128.3597    14     3     5   689   756
 122  433.3320  128.7545    15     4     4   763   417
 123  643.4158  129.6838    14     3     5   722   636
 124  862.9522  131.5324    13     4     4   747   831
 125  881.6148  131.7492    14     4     4   750   853
 126 1016.1584  132.0307    14     4     4   743   987
 127  277.7884  132.7263    13     5     3   709   273
 128  839.5814  132.9463    16     5     4   774   813
 129  521.1345  134.0293    14     4     4   720   515
 130  902.2751  134.6244    17     5     5   797   869
 131  834.3291  135.2421    16     5     4   792   807
 132  379.0234  136.2591    14     4     4   717   365
 133  451.8680  137.4244    17     4     5   871   435
 134  336.3760  139.1116    16     5     4   765   328
 135   33.3472  139.3937    16     4     5   762    40
 136  524.3821  139.4321    17     5     5   789   520
 137  951.8079  139.7855    16     5     5   829   928
 138    4.4656  141.3280    10     3     4   536     2
 139  193.2177  141.6020    12     4     3   669   185
 140  256.4342  142.0201    15     5     4   773   252
 141  394.7730  142.3060    17     5     5   866   382
 142  236.5922  142.6926    16     5     5   778   232
 143  954.9458  144.2045    13     4     4   702   929
 144  682.4292  144.2910    15     5     4   729   669
 145  244.3634  145.3197    13     4     4   657   238
 146    4.4443  145.5887    10     4     3   585     1
 147  254.0045  148.1266    14     4     4   697   247
 148  248.6138  148.8885    15     4     5   809   243
 149  624.7742  149.2097    16     5     4   780   618
 150  309.5753  149.7319    15     5     4   814   309
 151  939.9968  151.1451    14     4     5   774   916
 152  913.3879  152.1879    13     3     5   665   883
 153  552.7209  152.9812    16     5     4   771   542
 154  965.2805  153.5660    15     5     5   756   939
 155    7.5465  153.7442    14     8     2   226    12
 156  742.7857  154.5874    12     4     3   715   732
 157  174.4886  156.2759    17     5     5   960   172
 158  210.4288  157.7215    16     5     5   792   202
 159  850.7130  158.0919    14     4     4   755   823
 160  110.6997  160.4169    17     4     5   856   112
 161  556.3588  160.9828    16     5     4   769   546
 162  363.6010  161.6325    14     5     5   744   354
 163  420.5938  161.9191    17     5     5   831   406
 164  641.6840  162.3007    15     5     4   737   634
 165  613.8420  163.9635    14     4     4   757   608
 166   26.5635  165.2897    17     5     5   926    33
 167  347.7641  166.4070    15     4     5   752   338
 168  384.7483  168.3377    15     4     4   754   371
 169  864.9086  170.2774    16     4     5   789   833
 170  823.4495  170.9528    13     3     5   744   801
 171 1017.7611  170.9548    14     4     4   749   991
 172  781.7024  172.8204    16     5     4   753   763
 173  501.7193  174.0615    15     4     5   711   498
 174  408.8293  174.4893    17     5     5   917   398
 175   77.0574  175.1978    25     6     6  1547    86
 176  139.7895  175.4752    16     5     5   806   141
 177  246.1259  176.6678    13     4     4   702   241
 178  165.2238  177.2937    13     4     4   760   158
 179  218.8636  177.4076    15     4     4   821   209
 180  628.0974  179.8324    19     5     5   873   620
 181  935.7542  180.2709    14     4     4   738   909
 182  960.8485  180.9376    16     4     4   777   936
 183   14.9881  181.2568    14     4     4   728    19
 184  819.2772  183.4023    16     4     5   887   798
 185  696.1934  184.5031    16     4     5   796   689
 186  221.7779  185.3937    12     4     3   703   214
 187  672.0312  185.6495    13     4     4   772   664
 188  746.3560  186.6605    10     3     4   586   739
 189  872.6484  187.0706    14     4     5   834   841
 190  418.9256  188.3017    15     4     5   735   405
 191  929.6908  192.4320    15     5     5   826   903
 192  306.7922  193.1487    15     4     4   725   302
 193   88.8819  193.2069    14     4     4   703    96
 194  254.8896  195.2666    14     4     4   697   249
 195  473.9763  195.6734    13     4     4   678   452
 196  967.3794  196.1332    14     4     5   737   943
 197  788.6370  196.4337    15     4     5   814   773
 198   40.8236  197.0583    17     5     4   788    48
 199  391.0419  199.2235    14     4     4   773   375
 200  835.4236  199.6106    15     5     3   765   809
 201  310.0744  199.7655    13     4     4   661   310
 202  370.6329  201.7249    14     3     5   727   358
 203  165.4848  201.8349    17     5     5   827   159
 204   51.8282  203.9438    23     6     7  1467    55
 205  237.1862  205.3526    17     5     5   801   234
 206  401.2769  207.0421    12     4     4   725   389
 207  779.6728  208.2326    14     4     4   742   762
 208  689.3947  209.1982    14     4     5   710   677
 209  445.4386  209.3819    17     5     5   805   431
 210   77.3410  209.7921    12     3     4   661    87
 211  233.6806  210.3899    17     5     5   851   227
 212  171.5559  211.4441    13     4     5   702   167
 213  164.0878  211.9104    13     4     4   705   155
 214   53.3475  212.4521    14     5     3   704    56
 215  667.8231  214.1395    16     4     5   748   659
 216  263.5571  214.3526    17     5     5   835   260
 217  296.8985  215.6143    16     5     5   825   292
 218  936.9242  216.0668    13     4     4   691   911
 219  271.5833  217.1648    12     3     4   660   269
 220  773.3687  221.3669     9     3     3   661   757
 221  618.3813  221.6071    17     5     4   861   611
 222  527.5897  221.8590    12     3     4   666   522
 223  187.3374  223.6810    16     5     5   812   181
 224  985.8935  224.0774    16     4     4   780   964
 225  493.0403  225.5586    13     4     4   676   481
 226  630.7665  226.0633    14     4     4   669   623
 227   63.2409  226.9836    14     4     4   688    70
 228  195.5819  227.1031    14     4     5   775   186
 229  168.0443  228.5211    19     4     5  1138   162
 230  996.8286  230.5079    13     5     3   760   970
 231  517.9747  230.8631    14     4     4   812   510
 232  926.2109  231.0703    14     4     4   766   897
 233  363.8745  231.5330    15     5     5   847   355
 234   21.1321  232.8423    16     4     5   864    26
 235  594.2954  233.3785    17     4     5   820   586
 236  359.0962  233.4653    16     4     5   737   349
 237  571.7878  235.5747    12     4     3   669   560
 238  118.8072  237.5267    14     4     5   739   120
 239  457.6397  238.8388    17     5     5   843   439
 240  127.5262  239.8645    12     3     4   655   125
 241  754.4817  240.5216    16     5     5   761   742
 242   14.6957  240.9643    14     4     4   743    18
 243  922.2856  241.7668    14     4     5   751   895
 244  878.8514  243.4149    12     4     3   672   849
 245  205.7500  243.4623    17     7     4   754   196
 246  105.0196  243.6471    14     4     4   752   108
 247   29.6691  244.5260    11     4     3   648    35
 248  457.7287  244.5768    14     5     3   726   440
 249  348.0581  245.1326    14     4     5   717   339
 250  660.1729  245.5203    16     4     5   799   649
 251 1009.7182  246.5345    17     5     5   807   982
 252  208.8827  246.6300    11     4     4   664   201
 253  396.1539  246.9019    14     4     5   767   383
 254  714.8302  246.9491    15     5     4   798   706
 255   62.3527  248.4671    15     5     3   727    67
 256  216.4459  249.7024    11     3     4   683   208
 257  114.6392  250.6007    14     3     5   686   115
 258  354.8931  252.5811    14     5     4   781   346
 259  159.0436  254.5991    16     4     5   745   153
 260  873.0754  255.2246    15     5     4   760   842
 261  680.0429  255.8849    14     4     4   735   667
 262  480.1831  255.9554    15     4     5   699   460
 263  969.1335  257.2125    14     5     4   773   945
 264  876.9338  257.7686    13     4     4   681   845
 265  126.3759  258.5833    13     4     5   670   123
 266   93.9155  259.4646    17     5     5   904    99
 267  303.1684  259.8104    16     4     5   727   300
 268  691.2196  259.8635    14     5     4   682   683
 269  299.5314  262.3838    16     5     4   797   295
 270  486.7224  264.9176    13     4     4   755   469
 271 1014.7470  265.1985    16     5     4   747   984
 272  920.6360  265.5363    17     5     5   832   891
 273  186.6178  266.1549    13     4     4   724   179
 274  713.5050  266.1877    14     5     4   742   704
 275  215.9359  266.5053    14     5     4   702   207
 276  692.6586  267.5017    14     4     4   739   686
 277  421.3963  267.5587    18     5     5   913   407
 278  148.2151  268.4942    17     4     5   858   147
 279  219.5322  269.3698    15     5     5   772   211
 280  815.0245  269.7917    14     4     5   733   796
 281  667.9696  269.9043    15     5     4   808   660
 282  598.0735  270.9787    14     4     4   773   591
 283  132.6421  272.0074    12     3     4   662   133
 284  873.1485  275.1582    26     8     4  1486   843
 285  811.0529  275.3657    14     4     4   773   795
 286  662.6449  276.7184    11     3     4   600   652
 287  101.1194  277.2643    16     4     5   809   104
 288  352.0829  280.0504    13     4     4   715   343
 289  223.7397  280.8662    15     5     4   759   216
 290    6.5552  281.4586    14    10     2   285     7
 291  269.6302  282.4891    16     5     5   805   266
 292  936.0439  282.9054    14     4     4   732   910
 293  727.2781  283.1978    17     5     4   855   718
 294   58.3718  285.0987    15     5     4   743    60
 295  697.4440  285.3097    12     3     4   656   691
 296  841.2427  286.0244    13     4     4   744   816
 297  794.8133  287.4488    16     5     5   824   779
 298  760.4695  292.3356    12     3     4   710   750
 299   35.5611  292.5241    17     5     5   792    44
 300  718.7462  292.8056    14     5     4   729   708
 301  264.1930  292.8758    15     4     4   746   262
 302  130.0493  294.8257    14     4     4   708   129
 303  956.5667  294.8478    17     5     4   860   932
 304 1020.0381  295.0484    13     4     4   708   993
 305  138.4639  297.7843    18     5     4   901   138
 306  372.6876  297.9225    15     5     4   763   360
 307  247.2589  298.5523    12     4     3   655   242
 308  480.3569  299.2440    17     5     5   834   461
 309  461.3479  299.6003    18     5     5   798   443
 310  938.9662  300.5633    16     4     5   855   914
 311 1020.7446  300.5650    15     4     5   796   994
 312  440.9087  301.0478    15     5     4   840   427
 313  755.4005  304.1051    15     4     5   773   743
 314  425.9569  304.7874    18     4     6   841   412
 315  425.5212  308.9629    15     5     4   716   411
 316  634.5712  309.2975    15     4     5   866   629
 317  546.1825  309.6438    15     5     5   783   534
 318  708.8539  309.7496    17     5     5   851   701
 319  592.5226  310.8102    17     5     5   789   583
 320  612.6157  312.7453    11     3     4   689   607
 321  493.8769  313.7705    17     5     5   828   482
 322  399.7025  313.8884    18     5     5   906   387
 323  286.6133  314.7348    18     5     5   904   285
 324   55.0916  315.3901    12     4     3   666    57
 325  663.3149  316.9385    16     5     4   819   653
 326  327.3980  321.9282    18     5     5   876   322
 327   33.8211  322.4327    15     4     5   804    42
 328  532.5125  323.7430    15     5     5   792   525
 329  969.5944  324.3009    14     5     3   818   946
 330  399.8453  325.6145    13     5     3   689   388
 331  967.6514  329.5035     9     3     3   658   944
 332  689.0457  329.8018    14     4     4   763   676
 333  588.7484  329.8035    16     5     4   796   579
 334  802.2415  331.1107    16     5     4   833   788
 335  265.4966  334.0068    16     5     4   746   263
 336  877.7917  334.0069    14     4     4   716   848
 337  375.3411  334.4413    15     5     4   729   361
 338  985.4179  335.3627    16     4     5   830   961
 339  488.8529  335.5477    17     5     5   904   476
 340  977.6811  336.8510    17     5     5   888   952
 341   96.7760  339.6771    13     4     4   706   101
 342   16.8302  343.5736    12     4     3   650    21
 343  344.8146  344.4719    17     5     5   847   334
 344  538.1905  344.6479    16     5     5   816   529
 345   39.8123  345.3065    17     5     5   852    47
 346  930.9362  346.0150    14     4     4   775   906
 347  314.0120  346.7121    14     4     4   767   314
 348  630.7326  348.4193    16     4     5   792   622
 349  719.0759  350.3499    15     4     5   723   709
 350  138.8116  350.7544    16     5     5   789   139
 351  956.5456  350.9914    25     7     6  1522   931
 352  929.4343  352.5772    14     5     3   749   902
 353  743.5865  352.6176    10     4     3   678   734
 354  763.2792  354.3196    18     5     5   873   752
 355  199.7684  354.8911    14     4     5   792   193
 356  254.4307  355.4476    16     5     5   752   248
 357   17.6180  355.9705    14     5     4   733    23
 358  801.4448  356.1567    14     4     4   810   787
 359  570.7400  357.5677    16     5     5   810   556
 360  603.9267  362.8961    15     4     4   771   598
 361 1002.4744  363.4080    16     5     5   823   977
 362  582.3344  367.3813    16     5     5   800   576
 363  906.6203  367.4004    15     5     5   873   877
 364  855.0083  367.7737    16     4     4   825   826
 365  336.0070  368.1661    14     4     4   712   326
 366  667.4891  368.7733    16     5     5   804   658
 367  155.3696  370.6341    14     5     3   692   152
 368  235.7260  371.7298    13     3     5   661   231
 369  504.4693  372.7773    15     3     5   900   502
 370  451.6788  372.8351    14     4     5   716   434
 371  311.0892  373.2730    14     4     4   695   313
 372   37.8317  373.4984    16     4     5   787    45
 373  919.9173  378.4640    12     4     3   676   889
 374  949.3453  380.2969    15     4     5   790   926
 375  496.0077  380.3603    15     4     5   737   487
 376  515.3904  381.6096    13     5     5   732   509
 377  785.9216  383.2722    13     4     4   749   770
 378  479.7454  383.7836    14     5     4   743   458
 379  198.2941  385.0062    15     4     5   796   190
 380   78.6173  386.0016    12     3     4   734    88
 381  890.1963  387.7607    14     4     4   769   860
 382  685.9016  391.6159    16     4     5   790   674
 383   90.6971  392.5328    12     4     3   668    97
 384  174.0009  395.3541    15     4     5   705   171
 385  797.0944  395.4516    16     4     5   801   782
 386  492.6531  396.2674    12     5     3   636   480
 387  556.9138  396.3905    14     6     3   761   547
 388   10.8100  396.9454    14     4     4   753    14
 389  561.0840  398.5407    15     4     5   739   550
 390  794.5498  399.9688    17     5     5   812   778
 391   84.8121  405.6879    13     4     4   742    95
 392  976.3502  408.3318    16     4     5   814   949
 393  434.5868  408.3729    16     5     5   805   421
 394  459.7317  408.6363    15     4     5   737   442
 395  188.3612  409.5296    16     5     5   801   182
 396    7.1383  409.7447    16     9     2   254    11
 397  558.5019  410.9444    12     3     4   660   548
 398  826.5153  411.8299    16     5     4   748   802
 399  639.6911  412.3884    15     4     5   867   632
 400  619.9015  415.9076    15     5     4   805   612
 401  334.3598  415.9443    12     4     4   712   325
 402  740.1667  416.6892    16     5     5   826   729
 403  690.5314  416.9239    16     5     4   797   681
 404  141.5260  417.4434    16     5     5   814   142
 405  435.3179  418.9301    15     5     4   787   423
 406  533.7391  418.9327    15     5     4   744   526
 407  262.2751  421.4833    15     4     5   808   257
 408   72.8931  422.4207    15     4     5   730    81
 409  883.9538  422.5788    16     4     5   744   855
 410  621.6146  424.6499     9     3     3   657   614
 411   37.9450  425.3868    15     4     5   795    46
 412  169.4042  426.5738    17     5     5   807   164
 413  380.7107  426.9318    19     5     5   864   367
 414  441.1192  428.5943    12     4     3   703   428
 415  498.8494  429.3260    16     5     5   867   493
 416  678.6909  429.6104    18     5     5   814   666
 417  690.5500  429.8431    16     5     4   740   682
 418  277.6637  430.0264    17     5     5   909   272
 419  338.7914  430.4901    14     4     5   744   330
 420  612.2741  431.0466    13     4     4   710   606
 421   26.2208  431.8096    16     5     5   751    32
 422   33.2953  434.3391    15     4     5   790    39
 423   61.0353  436.9346    15     5     4   815    63
 424  345.2084  437.2924    13     4     4   737   336
 425  901.9657  438.3928    16     4     5   729   867
 426  282.5552  438.7397    17     5     4   750   278
 427  697.3390  438.8373    12     3     4   704   690
 428  336.0916  439.3023    17     5     5   863   327
 429  525.4231  439.7733    16     5     5   771   521
 430  425.0168  440.0952    15     4     4   775   409
 431  720.8892  440.7126    16     4     5   828   710
 432  926.6972  440.8197    14     4     4   703   898
 433  175.8847  440.8932    15     5     5   740   174
 434  745.9943  442.7211    14     4     4   755   738
 435  320.2450  443.7267    14     4     5   740   319
 436  327.3693  443.9975    16     5     4   749   321
 437  408.8965  444.2767    19     5     5   929   400
 438  906.1084  444.2847    16     5     5   801   876
 439  634.4159  445.5857    12     3     4   750   628
 440  497.3629  446.8575    15     5     4   799   492
 441   83.9487  447.9387    14     5     4   744    94
 442  591.9312  448.8739    18     4     5   878   582
 443  795.6576  451.6757    14     5     4   692   780
 444   75.8181  454.6897    14     4     4   841    85
 445  677.3868  456.5627    16     5     5   734   665
 446  905.7585  456.7962    13     4     4   687   875
 447  129.1278  457.5045    17     5     5   839   128
 448  693.9585  458.1516    14     4     4   694   687
 449  528.8939  460.6758    12     4     3   615   523
 450  101.4818  461.3432    16     5     5   766   105
 451  929.9487  463.3841    13     4     4   734   904
 452  339.4457  465.1981    15     5     5   776   331
 453  494.7767  466.4353    16     5     5   778   484
 454  805.4879  467.4306    15     3     5   813   790
 455  571.0822  467.8374    14     4     4   712   557
 456  701.9443  468.1557    14     4     4   750   697
 457  276.4592  468.7024    14     5     4   728   271
 458  622.1377  468.7492    14     4     4   750   616
 459  985.8484  469.0650    14     4     4   717   963
 460  604.5636  469.5338    12     5     3   623   599
 461  916.1215  469.7975    14     4     4   745   885
 462   32.0231  471.5783    16     4     5   875    38
 463  699.1290  472.3885    13     4     4   731   693
 464  625.4086  473.1660    12     3     4   656   619
 465  131.6689  473.3191    13     4     4   716   132
 466  769.2309  477.7031    13     4     4   706   755
 467  488.0197  478.0729    14     4     4   723   474
 468  520.1924  478.0731    15     4     4   745   512
 469  580.4383  478.3576    12     3     4   703   574
 470   61.2570  479.0107    16     5     4   769    64
 471  593.5427  481.9609    15     5     4   712   585
 472  550.4774  482.3258    14     5     4   714   537
 473  877.1224  482.5729    12     4     3   655   846
 474  199.6071  482.6205     9     3     3   613   192
 475  566.1711  482.9992    14     4     4   745   552
 476  372.6072  484.8273    17     5     5   888   359
 477  511.2629  484.9168    17     5     5   849   506
 478  863.4045  485.2923    12     3     4   717   832
 479  837.0000  485.5032    16     4     5   794   811
 480  175.4743  485.8403    16     5     5   783   173
 481  937.6117  486.8100    13     5     4   730   912
 482  487.9210  487.2715    14     4     4   722   473
 483  744.0208  487.6200    23     6     5  1555   736
 484  724.4618  488.7672    15     3     5   805   716
 485  630.7971  489.6796    15     4     5   729   624
 486  685.0078  489.7563    15     5     5   790   672
 487  877.2627  490.0559    12     4     4   710   847
 488  983.3887  490.0945    17     5     4   826   960
 489  828.6579  490.4098     9     3     3   622   804
 490  743.7652  492.9409    14     4     4   698   735
 491  959.9471  494.7548    16     4     5   831   935
 492  946.3275  495.6693    15     5     4   782   923
 493 1021.8310  496.0792    12     3     4   688   995
 494  181.4962  496.6352    10     3     4   625   177
 495  688.4356  497.1547    13     3     5   689   675
 496   70.2006  497.2978    15     5     5   778    77
 497  170.6382  497.3783    15     5     5   758   165
 498  891.2817  498.1919    16     4     5   861   861
 499  764.6755  499.8804    14     4     4   784   753
 500  199.3114  500.8391    13     4     4   708   191
 501  499.6882  501.6579    16     4     5   787   494
 502  957.2074  501.8763    14     4     4   738   933
 503  575.5753  502.5331    17     5     5   834   566
 504  286.3448  502.9890    18     5     5   908   284
 505  784.8961  504.0719    15     4     4   713   768
 506  231.8065  505.7178    13     4     4   727   226
 507  283.1824  505.7439    12     4     4   608   280
 508  463.5104  508.7743    14     4     4   716   445
 509  699.9893  509.1821    14     4     4   700   695
 510  647.7195  509.4077    14     4     4   714   639
 511  539.0524  509.7959    14     4     4   674   531
 512  777.3699  511.6301    18     5     5   918   760
 513  101.5467  515.0979    17     5     5   834   106
 514   72.5698  516.6984    15     5     5   795    79
 515  598.1083  519.2140    15     4     5   727   592
 516  339.6058  519.8666    15     5     4   802   332
 517  966.0872  520.0647    14     4     4   673   940
 518  475.9853  520.6217    18     5     5   928   455
 519  649.5335  522.2236    15     5     4   747   642
 520   16.6204  522.7251    13     5     4   703    20
 521  956.1097  526.3677    12     4     3   717   930
 522  228.2040  526.9770    15     4     4   802   221
 523  594.5627  528.9677    12     3     4   678   588
 524   61.2620  529.2270    17     5     5   855    65
 525  407.9052  530.1400    14     4     4   715   395
 526  270.3093  530.1519    11     3     4   650   267
 527  391.9164  532.4395    14     4     4   702   377
 528  263.0322  532.6125    15     4     5   772   258
 529  250.9771  533.9877    14     4     4   708   245
 530  976.8865  534.1086    15     4     4   758   950
 531  243.3018  534.1147    12     3     4   665   237
 532  434.7235  536.3401    15     5     4   763   422
 533  117.7151  536.7892    14     4     4   721   117
 534    6.4858  537.4716    14    10     2   281     5
 535  344.9450  538.3440    16     4     5   769   335
 536  572.6030  538.7792    13     3     5   703   561
 537  376.3153  539.8649    18     5     5   846   362
 538  463.6328  539.8689    14     4     4   750   446
 539  566.4887  539.9708    16     5     4   691   553
 540  985.5185  540.1628    12     3     4   716   962
 541  486.1386  540.4380    12     4     3   701   468
 542  202.0968  541.2810    15     4     4   780   195
 543  280.9141  542.4064    15     4     5   802   275
 544  390.0230  542.9947    13     4     4   696   373
 545  865.2134  543.7866    15     5     5   764   834
 546   79.4892  544.3813    15     5     3   706    89
 547  320.7069  544.9844    14     4     4   749   320
 548  945.0557  549.9620    14     4     4   759   921
 549  742.2376  551.8209    14     4     5   704   731
 550  850.9137  552.0634    15     4     4   718   824
 551  237.5234  552.4064    17     5     5   854   235
 552  753.0033  554.3311    13     4     4   734   741
 553  197.1360  555.0559    17     5     4   832   188
 554  671.3818  555.2432    14     4     5   724   662
 555   75.1680  556.1093    19     5     5   940    84
 556  932.4868  556.5646    17     5     5   851   907
 557  488.7683  558.4100    13     5     3   719   475
 558  629.1673  559.1061    14     4     4   696   621
 559  522.2258  561.3391    15     4     5   759   517
 560  297.0990  563.3498    12     4     4   706   293
 561   22.0018  563.6661    12     4     3   662    27
 562  320.2176  565.5672    14     4     5   735   318
 563  801.2883  565.5736    15     4     5   816   786
 564  645.3014  566.5223    15     5     5   734   637
 565  296.5055  567.4963    15     5     3   696   289
 566  830.9507  567.7569    13     4     4   749   805
 567  391.9209  569.0791    14     4     4   734   378
 568  634.4091  570.0758    12     3     4   615   627
 569    3.6075  572.6333    13     5     3   595     0
 570  727.6602  572.9314    15     5     4   799   719
 571  521.5050  573.2546    16     5     5   755   516
 572   71.9485  574.4570    17     5     5   752    78
 573  919.8002  575.4681    14     4     5   673   888
 574  784.8675  577.5883    15     4     5   784   767
 575  981.1268  578.3449    15     4     5   769   955
 576  758.0355  578.6042    17     5     5   861   747
 577  346.3071  579.1319    14     4     4   705   337
 578  397.0342  579.4084    16     4     5   804   384
 579  867.0222  581.2688    15     4     4   803   836
 580  768.1920  583.8028    16     4     5   738   754
 581  784.4181  584.0966    16     5     4   807   765
 582  390.8390  584.2432    16     5     4   744   374
 583  208.6449  584.3869    12     3     5   686   199
 584  282.9020  588.7614    15     4     5   762   279
 585   45.3460  590.6159    11     4     3   688    49
 586  621.5171  590.9006    12     3     4   764   613
 587   64.5000  593.6835    12     3     4   654    72
 588   80.0951  594.3042    13     4     4   656    90
 589  903.9169  595.4495    16     4     5   774   872
 590  134.8396  595.7782    16     5     4   746   136
 591  602.5537  596.4236    17     5     5   785   595
 592  737.0525  597.3820    14     4     5   750   724
 593  118.3137  597.4503    17     4     5   814   119
 594   91.5139  598.3094     9     3     3   667    98
 595   13.0510  598.8039    14     4     4   650    16
 596  263.4483  599.6273    14     5     3   682   259
 597  228.2000  600.2765    16     5     5   840   220
 598  253.6328  600.3790    15     3     5   745   246
 599  163.3057  600.3914    15     4     5   675   154
 600  458.2771  600.4718    17     5     5   843   441
 601  729.4223  600.7311    13     3     5   658   720
 602   16.8952  602.1337    13     4     4   717    22
 603  689.7130  602.3241    12     4     4   660   678
 604  997.4584  602.5233    16     5     5   761   971
 605  568.7543  605.6505    16     4     5   738   555
 606  868.2659  606.0911    15     4     4   825   837
 607  255.7508  606.0915    17     5     4   760   251
 608   51.6070  609.6774    15     3     5   804    54
 609  212.7580  610.6002    15     4     5   809   205
 610  784.7883  611.2590    14     4     4   754   766
 611  577.1170  611.5818    15     4     5   761   568
 612   22.3478  611.9018    15     5     4   715    28
 613  178.3404  612.1120    16     5     4   843   176
 614  840.1371  612.5134    12     4     3   718   815
 615  904.8025  613.1299    14     4     4   702   873
 616  440.4379  614.0745    15     5     4   794   426
 617  723.9212  614.1471    16     5     4   877   715
 618    6.1081  615.7458    13     4     4   671     4
 619  153.9288  617.3380    14     4     4   751   151
 620  571.4866  618.9471    12     3     4   715   559
 621  919.7026  618.9519    16     5     4   846   887
 622  522.8120  619.1819    16     4     5   817   518
 623  529.1533  620.0008    17     5     5   767   524
 624  635.4018  621.1637    14     4     4   812   630
 625   56.1102  622.2632    14     4     4   748    59
 626  260.4691  622.8070    14     5     4   723   255
 627  591.2661  623.1387    15     5     4   817   580
 628  833.4661  623.4516    17     5     5   790   806
 629  171.5368  624.3438    15     4     5   694   166
 630  258.3550  624.8912    12     4     4   782   253
 631  143.6297  626.3567    15     5     4   736   143
 632  615.7749  627.5114    17     5     5   872   610
 633  357.5116  627.6752    16     5     5   765   348
 634  108.5324  627.6848    15     5     5   767   111
 635  479.7557  627.8616    16     5     4   774   459
 636  994.3554  628.3128    16     4     5   817   969
 637  896.9939  628.3449    17     5     5   905   865
 638  437.6408  630.0016    12     3     4   752   424
 639  941.3918  631.8037    16     5     4   733   917
 640 1014.1795  632.1053    17     5     5   844   983
 641   65.3876  633.4983    14     5     5   745    73
 642  124.7120  634.4965    13     5     3   696   122
 643  297.1472  634.9346    14     4     4   775   294
 644  376.5528  636.8666    16     5     4   861   363
 645  513.6623  638.4479    11     4     3   609   508
 646  655.6267  639.2237    15     5     4   805   647
 647   34.2385  639.2521    16     5     4   745    43
 648  835.9617  640.8049    14     4     4   714   810
 649  285.6783  640.8672    14     4     4   701   282
 650    8.5633  642.7998    12     5     5   657    13
 651  905.0719  642.8716    14     4     5   724   874
 652  316.8908  643.1519    13     4     4   716   316
 653  391.2848  645.5141    14     4     5   707   376
 654  398.3107  645.6207    18     5     5   851   386
 655  456.5747  645.6834    16     5     5   776   437
 656  338.4983  647.2597    20     5     5  1361   329
 657  442.9654  648.7850    12     4     4   713   430
 658  121.7077  650.4002    15     5     5   771   121
 659  746.4096  652.3757     9     3     3   621   740
 660  662.2409  653.6423    12     4     3   668   651
 661  146.3512  654.8504    17     5     5   815   144
 662  496.4824  656.6456    16     5     5   785   489
 663  441.4390  660.0041    12     3     4   727   429
 664  981.6943  660.5695    15     4     5   711   957
 665  690.0285  662.6011    14     5     4   753   680
 666   62.9955  663.0239    15     5     4   820    69
 667    6.8596  665.7632    18    10     2   294    10
 668   81.8958  666.2656    14     4     4   716    93
 669  944.6911  666.7918    13     4     4   716   920
 670  552.5215  669.0637    16     5     4   811   540
 671   96.5346  672.2199    14     3     5   804   100
 672  288.6113  672.8904    13     4     4   714   287
 673  607.4569  672.9201    12     3     4   677   601
 674  382.4985  673.6411    16     5     5   819   370
 675  958.1497  674.3076    14     4     4   691   934
 676  468.7944  675.3352    14     4     4   765   448
 677  845.0922  675.5677    14     5     4   731   819
 678  848.8455  676.6455    14     4     5   745   822
 679  301.1121  676.8386    13     4     4   759   296
 680  670.5189  677.5770    15     3     5   838   661
 681  164.1685  677.7047    17     5     5   888   156
 682  757.5373  682.6520    17     5     5   841   746
 683  382.3322  683.6561    14     4     4   742   369
 684  448.5000  685.4870    17     5     5   863   433
 685  862.7634  693.8502    16     5     4   794   830
 686  520.4485  697.1134    14     5     4   859   514
 687  610.9142  699.3430    17     5     5   858   604
 688  639.8027  699.3462    15     4     5   748   633
 689 1018.8716  702.3525    13     4     4   652   992
 690  993.7523  702.5567    12     4     3   667   968
 691  404.4569  705.8222    16     5     5   787   393
 692  105.5238  705.8254    13     3     5   677   109
 693   23.5854  708.0491    13     4     4   762    29
 694  915.2718  709.0025    16     5     4   769   884
 695  261.6189  709.2671    14     4     5   754   256
 696  110.7275  710.3826    12     4     4   665   113
 697  819.5539  711.1380    12     3     4   714   799
 698  302.8931  711.5585    12     4     3   667   298
 699  168.6661  713.2915    15     4     5   740   163
 700  385.8661  717.0580    17     5     4   842   372
 701  706.1909  719.0405    13     4     4   735   700
 702  774.3376  720.3120    13     4     4   715   758
 703  150.7994  720.3663    10     3     4   601   148
 704  554.3921  722.9973    13     4     4   677   543
 705   19.4810  723.6105    13     3     5   655    24
 706  513.3802  724.4566     9     3     3   666   507
 707  992.3354  725.0668    15     5     4   794   967
 708  648.1006  725.5860    16     4     5   776   640
 709  131.3252  725.6766    11     3     4   682   131
 710  392.0758  726.6149    14     4     5   793   379
 711  665.8603  727.7579    15     4     5   755   656
 712  478.2745  728.3418    13     4     4   680   456
 713  193.1490  730.4212    16     4     5   744   184
 714  537.6883  730.6940    15     5     4   681   528
 715  920.6279  731.8451    17     5     5   819   890
 716  303.1057  732.4984    16     4     5   794   299
 717  756.0839  732.9827    17     4     5  1266   744
 718  379.0241  733.7246    14     4     4   701   366
 719  559.5884  734.1524    16     5     4   839   549
 720   59.0397  737.3957    13     4     4   734    61
 721  131.0536  742.1125    13     4     4   708   130
 722  433.6105  742.5152     9     3     3   615   419
 723  500.5824  742.8602    12     3     4   642   496
 724  484.9603  742.8776    14     4     4   720   466
 725  982.3519  743.4135    16     5     5   761   958
 726  695.9032  748.5145    17     5     5   862   688
 727  667.1602  749.2094    17     5     5   841   657
 728  595.9629  750.5586    16     4     5   860   590
 729  721.6175  751.2360    14     5     4   693   712
 730  855.8398  751.6139    11     4     3   628   827
 731  603.2152  752.0761    14     4     4   751   596
 732  943.7214  752.8871    16     5     4   860   919
 733  249.0769  753.0184    14     4     4   738   244
 734  425.3277  753.1611    17     5     5   884   410
 735  304.4848  753.3155    15     5     5   806   301
 736  132.9559  753.3611    15     4     5   762   134
 737   50.1003  753.7452    16     4     5   788    51
 738  409.3579  754.1102    16     4     5   709   402
 739  363.0376  755.1962    15     4     4   749   352
 740  891.7236  755.3631     9     3     3   667   862
 741  461.8877  757.8813    14     4     4   772   444
 742  409.3476  758.8501    13     4     4   747   401
 743  228.8758  758.8848    16     5     5   820   224
 744  165.9730  758.9452    16     4     5   735   160
 745  494.8501  759.5178    15     4     5   767   485
 746  909.6455  759.6345    14     3     5   690   878
 747  502.2589  760.7213    14     5     4   845   499
 748  487.7038  760.8642    14     4     4   670   472
 749  603.6117  761.7024    11     3     4   683   597
 750  238.5390  765.5306    14     5     3   729   236
 751  791.3674  766.4373    14     3     5   698   774
 752  576.0600  766.7656    15     4     5   775   567
 753  133.9653  769.5710    12     4     3   726   135
 754   80.5837  773.0198    16     5     4   841    91
 755  592.5931  773.7674    16     5     4   837   584
 756  573.8603  774.6397    12     4     3   664   564
 757  533.9902  777.1341    24     6     6  1560   527
 758  594.5131  778.8820    12     3     4   654   587
 759  146.5919  779.3875    17     5     5   801   145
 760  473.5664  780.1661    13     3     5   687   451
 761  301.6310  780.2232    16     5     5   832   297
 762  228.4319  781.2316    18     5     5   929   222
 763  610.2138  782.6234    13     4     4   738   603
 764 1014.9414  782.7040    15     4     4   807   985
 765  930.2571  785.8714    16     4     5   790   905
 766  504.4391  785.9636    14     4     5   813   501
 767  406.6497  788.2874    12     3     4   661   394
 768  500.8152  788.4702    12     4     5   691   497
 769  567.8333  788.5098    16     4     5   772   554
 770  457.0150  788.9761    15     4     5   715   438
 771  774.4832  790.0471    12     3     4   714   759
 772  896.1399  790.9359    16     5     5   846   864
 773  947.3406  791.6957    12     4     4   672   924
 774  738.2753  793.2278    16     4     5   792   725
 775    6.5552  793.4586    14    10     2   285     8
 776  633.9751  794.0309    16     4     5   823   626
 777  799.7190  794.2635    17     5     5   800   784
 778  652.0053  795.2095    14     4     4   708   643
 779  928.6898  798.0401    17     5     5   818   900
 780  799.7194  798.7284    15     5     4   811   785
 781  977.1855  799.2817    16     5     5   815   951
 782  792.7602  801.0749    14     4     4   801   776
 783  496.5867  802.0538    15     5     4   773   490
 784  189.6864  803.2915    14     5     4   773   183
 785  967.2955  803.9364    13     4     4   751   942
 786  392.5311  804.3426    12     3     4   698   380
 787  397.6396  805.3905     9     3     3   656   385
 788  114.6770  805.4341     9     3     3   621   116
 789  574.8458  809.2000    16     5     4   880   565
 790  689.9094  810.2594    14     4     4   780   679
 791  778.8813  811.9137    15     4     4   706   761
 792  333.7144  811.9688    15     4     4   775   324
 793  487.2641  813.1678    14     4     4   742   471
 794  426.5395  813.4575    18     5     5   839   413
 795  810.6538  814.9073    12     3     4   692   794
 796  763.1677  814.9259    16     5     4   801   751
 797  827.5249  815.8292    13     4     4   692   803
 798  470.0579  817.6285    16     4     5   868   449
 799  692.5321  818.9928    15     5     4   773   685
 800  381.8100  819.4829    14     5     4   782   368
 801  255.5363  820.2657    15     5     5   756   250
 802  309.5015  821.5015    15     5     5   822   308
 803   55.2185  821.5704    15     4     5   761    58
 804  362.0845  821.5706    17     5     5   892   351
 805  621.9499  822.0855    14     4     4   789   615
 806   25.0185  823.4963    12     4     3   662    30
 807  852.4304  823.6377    14     5     3   772   825
 808  453.9399  823.8476    12     4     4   727   436
 809 1002.6845  824.6977    14     4     4   747   978
 810  353.6549  825.7817    16     5     5   799   344
 811  638.5219  827.1430    14     5     4   689   631
 812  818.2053  827.7421    14     4     4   805   797
 813  224.7599  828.0662    15     5     4   754   218
 814  214.3592  828.3091    15     5     4   789   206
 815  552.2888  832.8339    16     5     4   804   539
 816  684.2822  834.0462    13     4     4   736   671
 817  989.5094  837.6563     9     3     3   621   966
 818  622.6314  837.9978    15     5     4   835   617
 819  505.3976  838.2568    15     5     5   775   503
 820  822.7782  839.2895    17     5     5   878   800
 821  474.7996  840.1805    13     4     4   684   453
 822   50.6735  840.8928    14     4     4   751    52
 823  290.3403  841.1836    16     5     4   849   288
 824  363.2195  841.7624    14     5     4   746   353
 825  785.8885  847.2771    17     5     5   798   769
 826  354.2316  847.6476    16     5     5   797   345
 827   27.6601  847.9359    14     4     4   702    34
 828  422.4280  848.9570    15     5     4   789   408
 829  220.9216  849.5976    16     5     5   836   213
 830  505.7082  851.6604    13     4     4   716   504
 831  578.5235  854.3103    14     5     3   820   569
 832  489.4583  854.3911    14     5     3   691   477
 833  671.7011  855.6654    10     4     3   632   663
 834  364.6514  855.8872    16     5     4   847   356
 835  912.8154  855.8970    14     4     4   679   882
 836  410.3344  856.3766    17     4     5   810   403
 837  500.4207  857.3184    15     4     5   844   495
 838  972.5273  858.4766    12     3     5   633   948
 839  600.6705  859.2623    15     5     4   760   594
 840  147.4727  861.1061    17     5     5   830   146
 841  862.4892  861.6886    16     5     5   807   829
 842  912.2276  862.0290    14     4     4   709   881
 843   73.9059  863.4031    12     4     3   667    83
 844  711.2612  864.0112    14     4     4   764   703
 845   62.3566  864.6261    14     5     3   719    68
 846  783.3473  865.6779    14     4     5   736   764
 847   30.8180  866.3273    17     5     5   865    37
 848 1009.0833  868.3040    14     5     4   788   981
 849  308.2533  870.1314    17     5     5   851   304
 850  540.5800  873.6217     9     3     3   665   533
 851  417.4209  874.2952    19     5     5   898   404
 852  880.5420  874.9501    16     5     4   731   852
 853  758.8417  875.6022    17     5     5   884   748
 854  523.3826  876.9939    14     4     4   796   519
 855  201.8565  879.1027    16     5     5   822   194
 856  714.1531  879.6692    17     4     5   761   705
 857  759.3086  880.9625    15     5     4   803   749
 858  884.6059  881.1168    15     5     4   745   857
 859  236.7633  881.4117    12     4     3   720   233
 860    4.5496  883.3068    12     5     4   705     3
 861  182.1691  883.5162    17     5     5   850   178
 862  177.7231  883.6074    14     4     5   745   175
 863  504.0652  883.9565    14     4     4   692   500
 864  139.5954  884.0857    17     5     5   841   140
 865  519.8350  886.1965    15     4     4   753   511
 866  964.7719  886.3011    14     5     4   688   938
 867  266.4763  887.3470    13     3     5   679   264
 868  281.2268  887.4670    16     5     5   797   276
 869  847.2664  887.5017    16     5     5   755   820
 870  970.9215  889.1678    15     5     4   755   947
 871  726.3642  890.1248    15     5     4   739   717
 872  665.8401  890.3300    12     4     3   761   655
 873  212.1495  893.6106    14     4     5   782   204
 874  961.4026  893.9049    17     5     5   827   937
 875  870.5433  897.1750    17     5     5   933   839
 876 1006.9032  897.6241    17     5     5   847   979
 877  408.8564  898.1115    17     5     4   762   399
 878  980.9082  898.5206    14     4     5   772   954
 879  198.2344  899.4180    10     4     3   661   189
 880  721.0973  900.8284    15     5     4   823   711
 881  701.0983  902.4190    17     4     5   775   696
 882  483.0008  903.2291    14     4     4   749   464
 883  721.8023  908.9385    15     4     4   752   713
 884  296.7290  910.6267    16     5     5   815   291
 885  736.0189  913.1396    14     4     4   695   723
 886  484.4279  913.3738    16     5     4   881   465
 887  809.3824  914.9297    12     3     4   732   793
 888  211.0705  915.8487    16     4     5   791   203
 889    6.8106  921.7955    18    10     2   312     9
 890  797.0990  922.2428    14     4     4   766   783
 891  118.1209  922.5385    12     4     3   666   118
 892  928.7554  922.7590    14     5     4   696   901
 893  173.8393  922.7917    15     4     4   822   170
 894  539.2727  923.8881    14     4     4   712   532
 895  910.9189  924.1832    17     4     5   817   879
 896  308.8026  925.1262    14     4     4   758   307
 897   64.2476  928.7134    15     4     5   764    71
 898  659.2957  928.8333    17     5     5   860   648
 899  692.3820  930.3689    12     4     4   654   684
 900  901.9921  931.3698    13     4     4   760   868
 901  950.8386  931.5455    12     4     3   625   927
 902  430.4891  933.6007    17     5     5   905   414
 903   98.1780  933.6749    17     5     5   816   103
 904  653.0359  933.8322    15     4     4   749   644
 905  682.2612  935.1750    14     5     4   743   668
 906 1017.7566  935.3801    11     4     3   644   990
 907  314.4453  936.1968    26     5     6  1576   315
 908  438.8934  937.0157    15     4     4   788   425
 909  128.5238  938.2587    16     5     5   790   126
 910  732.4482  939.5684    17     5     5   769   722
 911  642.3929  939.5697    14     5     4   728   635
 912  495.1944  939.9323    14     4     4   716   486
 913  786.4608  941.7440    15     5     4   736   771
 914  887.3443  943.1429    14     4     4   686   859
 915  234.6198  945.0521    14     4     4   716   230
 916  268.9038  946.5203    17     5     5   861   265
 917   72.8866  948.8067    14     4     4   753    80
 918   61.6472  950.5502    16     5     5   778    66
 919  319.5711  950.9071    16     5     4   779   317
 920  106.7070  953.2179    15     5     4   696   110
 921  552.7111  955.8893    16     5     4   738   541
 922  648.5882  956.0625    12     3     4   664   641
 923  661.4448  956.0862    13     4     4   710   650
 924  664.7431  956.7316    13     4     5   743   654
 925  880.1602  956.9725    14     4     4   758   851
 926  366.2476  958.7868    14     4     4   663   357
 927 1001.3637  960.5000    17     5     5   867   976
 928  898.1137  962.0397    14     4     4   694   866
 929  579.0784  962.8441    14     4     4   695   570
 930  903.5695  963.0579    14     4     4   701   871
 931  884.6140  963.6710    16     5     4   809   858
 932  127.0584  965.8248    15     4     5   852   124
 933  573.2535  965.9806    15     5     4   795   563
 934 1016.0253  968.9900    15     4     5   801   986
 935  350.6125  970.9633    19     5     5  1088   341
 936  843.0528  971.1848    12     4     4   726   817
 937  245.9406  971.5162    12     4     3   676   240
 938  433.6645  972.2678    13     4     4   677   420
 939  491.4286  973.7989    13     3     5   662   478
 940  731.7661  973.8290    18     5     5   943   721
 941  834.5161  975.4211    16     5     4   844   808
 942  310.5051  975.5864    14     5     4   730   312
 943   45.8763  977.5610    15     4     5   724    50
 944  562.7452  977.7026    17     4     5   851   551
 945  866.5929  978.6271    17     5     5   870   835
 946  839.8314  978.7698    15     5     5   832   814
 947  228.8136  979.2121    17     5     4   830   223
 948  796.4323  979.5182    14     3     5   746   781
 949  478.9378  979.7396    16     4     5   811   457
 950   67.7394  980.1588    16     5     4   799    74
 951  982.3576  982.0367    16     5     4   827   959
 952  351.0515  983.2711    16     4     5   811   342
 953   25.0395  985.6168    12     4     3   702    31
 954   30.0285  985.8236    12     4     4   735    36
 955  481.1558  987.6003    17     4     5   908   462
 956   81.0193  988.3367    14     4     4   685    92
 957  550.1061  988.3794    15     4     5   772   536
 958  880.0991  988.4339    16     4     5   841   850
 959  583.5845  988.5172    15     5     5   789   577
 960  606.3918  990.9895    15     5     4   769   600
 961  598.5880  994.4240    11     4     3   610   593
 962  902.4145  995.6500    17     5     5   790   870
 963  980.5647  997.6393    15     4     5   753   953
 964  921.0085  998.7150    12     4     4   706   892
 965  981.3500 1003.7900    14     4     4   740   956
 966  703.7304 1004.0072    15     5     4   775   698
 967   97.8380 1004.1124    15     4     5   795   102
 968  571.1612 1008.8510    13     4     4   620   558
 969  538.2850 1008.8975    17     5     4   877   530
 970  654.4145 1009.7809    18     5     5   835   646
 971  555.5636 1011.2880    13     5     3   696   544
 972  579.1685 1011.8280    16     5     4   718   571
 973   13.0570 1012.5811    12     4     3   576    17
 974  739.9264 1012.6378    12     4     3   657   728
 975  986.2013 1013.5747    16     5     5   709   965
 976  581.9359 1014.6677    11     4     4   617   575
 977  151.7198 1014.8038    18     5     5   835   150
 978  234.3806 1014.9925    12     3     4   723   228
 979  482.3342 1016.4619    12     4     3   723   463
 980  710.6610 1016.7959    12     4     4   654   702
 981   68.6639 1018.3508    14     4     5   683    76
 982  103.5391 1018.6406    13     2     9   258   107
 983  871.5699 1018.6958    15     2     9   293   840
 984  615.5699 1018.6958    15     2     9   293   609
 985  359.5699 1018.6958    15     2     9   293   350
 986  999.1723 1018.7101    14     2     7   259   974
 987  231.1923 1018.7479    16     2     8   277   225
 988  487.1772 1018.8228    16     2     8   287   470
 989  743.1692 1018.8383    16     2     8   293   733
 990  407.9744 1019.0085    12     4     4   588   396
 991  787.4742 1021.2146    12     3     4   586   772
 992  807.9685 1021.3571    13     4     4   606   792
 993  286.8213 1021.7872    12     5     3   590   286
 994  921.3032 1021.9005     9     3     3   522   893
 995  938.2524 1022.2270     8     4     3   395   913
