999
   0  297.0400    2.2263    11     4     3   647   293
   1  697.4865    5.0161    12     3     4   711   695
   2  276.8906    5.7980    13     4     4   724   275
   3 1012.6262    6.5369     9     3     3   605   987
   4  288.4242    7.4453    13     3     5   697   287
   5  387.4211    7.7768    12     3     4   716   381
   6  892.2833   10.3342    14     5     3   749   866
   7  348.3050   11.8715    16     5     4   806   341
   8  603.9130   14.3593    12     4     3   660   597
   9  504.8919   15.6385    12     4     3   712   505
  10  481.5973   16.6141    15     4     5   746   464
  11  172.6985   16.6720    13     3     5   659   172
  12  404.4225   17.9177    15     5     4   782   394
  13   19.2152   17.9204    13     4     4   727    27
  14  918.4535   18.5674    15     4     5   773   890
  15  819.6897   18.7768    13     3     5   773   803
  16  418.3997   18.9599    14     4     4   788   402
  17  449.1442   22.4916    16     4     5   753   438
  18  993.9589   24.9130    14     4     4   772   969
  19  313.4900   25.1817    16     5     5   760   314
  20    6.6071   25.4643    13    10     2   270     7
  21  810.3222   26.5555    16     4     5   773   793
  22  587.1466   26.9583    18     5     5   876   579
  23  322.7124   27.4545    17     5     5   829   322
  24   46.2840   28.1448    14     4     4   765    52
  25  698.6609   28.3910    10     4     3   678   697
  26  301.2268   30.1778    15     4     5   721   296
  27  561.5085   31.0535    16     5     4   749   553
  28  751.2302   33.9751    14     4     4   822   738
  29  497.9831   34.3507    17     4     5   793   495
  30  382.2477   34.7196    15     4     5   792   378
  31  901.9645   35.3530    16     4     5   752   877
  32  227.0460   35.4985    17     5     5   855   217
  33  543.5173   36.1531    16     5     4   797   541
  34  162.6170   36.8798    14     4     4   764   163
  35   67.9667   37.4874    12     4     3   675    80
  36  929.4211   40.0592    16     5     4   743   910
  37  305.1616   40.3265    15     4     5   738   303
  38  335.7657   40.9929    16     5     4   860   330
  39  751.8265   41.2028    14     4     4   823   739
  40  913.1280   41.9909    14     4     4   796   885
  41  994.7543   43.0358    14     4     4   726   971
  42  264.1792   44.3085    18     5     5   953   260
  43  861.7916   45.8641    17     5     5   777   838
  44  476.1720   47.3113    15     4     4   717   456
  45  953.0852   48.1415    12     4     4   742   928
  46  897.8590   49.3205    16     5     5   745   874
  47  267.7285   49.5070    14     4     5   709   265
  48  800.4246   51.2806    12     3     4   717   785
  49  424.6587   52.9167    12     3     4   624   414
  50  494.1764   54.3374    14     4     4   755   485
  51   95.4015   54.6715    13     3     5   678   104
  52  202.4599   54.8822    15     5     4   723   194
  53 1004.4235   56.7456    15     5     4   712   982
  54  853.2544   57.5107    18     5     5   925   830
  55  927.7519   58.6406    14     4     5   787   905
  56  186.4572   61.5713    15     4     5   781   180
  57  763.0975   64.5542    12     4     3   674   748
  58  623.3904   66.2781    15     5     5   880   618
  59  248.2070   66.8011    14     4     5   751   247
  60  363.9224   67.7418    16     4     5   830   355
  61  705.4491   69.0025    16     5     4   749   702
  62   88.5926   70.9892    16     5     4   808    96
  63  663.3262   71.5770    14     5     5   750   656
  64  842.7691   71.8038    16     4     5   736   823
  65  886.1667   71.8608    13     4     4   748   861
  66  572.3456   71.9532    13     4     4   739   566
  67  769.1997   72.8924    14     4     4   716   756
  68  649.5604   73.8564    15     5     4   829   638
  69  343.8878   73.8630    14     4     4   826   336
  70  210.1343   74.7685    16     5     4   849   201
  71  575.8843   77.6601    14     4     4   702   571
  72  538.4871   77.9364    16     5     4   781   534
  73   29.1795   78.2967    15     5     4   824    36
  74  679.6612   81.3460    13     4     4   682   673
  75  997.6533   82.3989    15     5     4   763   976
  76  257.4736   82.4121     9     3     3   659   255
  77  906.3750   82.6012    14     5     3   812   878
  78  424.2541   87.0112    14     4     4   811   412
  79  245.4315   87.6278    14     5     3   680   244
  80  811.5496   89.1778    17     5     5   856   796
  81   77.6997   89.5983    15     4     5   811    87
  82  701.6602   89.6919    15     4     5   843   699
  83 1014.5220   90.0117    17     5     5   852   992
  84  200.1799   90.4731    16     5     5   791   191
  85  232.8403   90.4732    14     4     5   663   225
  86  371.5086   92.7823    16     5     4   741   367
  87  855.0080   94.4153    16     4     5   786   831
  88  586.7581   95.3992    11     4     3   606   578
  89  558.2179   96.0143    14     4     4   700   550
  90  840.2470   96.7238    11     4     3   691   818
  91  140.9658   98.6792    15     4     5   764   144
  92  926.5741   99.4719    12     3     5   619   902
  93  671.3863   99.9014    14     4     4   703   666
  94  257.2250  100.2688    13     4     4   701   253
  95  320.8355  100.7269    14     4     4   757   320
  96  665.3957  101.0387    14     4     4   773   659
  97  721.5682  102.0767    15     5     4   795   713
  98 1012.8003  102.1502    14     4     5   786   988
  99  445.6258  103.7677    14     4     5   760   433
 100  204.5223  105.2741    15     5     4   823   195
 101  477.0267  105.7799    14     4     4   776   460
 102  243.9686  105.9425    14     4     4   714   241
 103  497.3697  106.6083    18     5     5   863   494
 104  306.3255  107.0000    12     3     4   670   305
 105  654.9704  109.6151    12     4     3   728   645
 106   42.5161  109.7491    11     3     4   668    49
 107    7.5112  109.8829    12     4     4   658    14
 108  938.6437  111.7627    17     5     5   859   914
 109  258.6672  112.4619    15     4     5   754   257
 110  880.1170  112.9947    14     4     4   704   859
 111  856.4698  113.2742    17     5     4   799   835
 112    7.3405  113.4880    12     5     3   703    12
 113  338.8023  114.0212    14     4     4   752   334
 114  942.7566  115.0194    15     5     4   793   921
 115  444.3394  115.2848    17     5     5   830   432
 116  835.6367  115.8611    17     5     4   843   816
 117  425.8959  116.9992    14     4     4   731   415
 118  810.5957  120.9983    12     3     4   726   794
 119  955.4385  122.1893    16     5     4   794   931
 120  690.5323  122.3597    15     5     3   770   683
 121  925.6089  122.5244    16     5     4   775   900
 122  805.4896  123.7257     9     3     3   666   789
 123  621.7203  124.8013    14     4     4   671   613
 124  894.9144  126.6008    15     4     5   775   868
 125  570.3470  127.7796    15     5     4   758   564
 126  741.8386  128.4795    16     5     5   795   731
 127  315.9119  128.9027    14     4     4   798   318
 128  516.9884  130.3671    15     4     5   797   512
 129   32.9935  131.1071    14     4     4   756    42
 130  310.5063  131.4171    14     5     3   779   311
 131  420.5347  132.9224    14     5     4   746   407
 132  337.4858  133.0087    15     5     4   783   331
 133  222.5446  134.1784    14     4     5   678   212
 134 1014.9385  134.6201    17     5     5   861   993
 135  130.7845  136.2569    16     5     4   740   133
 136  826.5164  141.6551    13     5     3   678   812
 137  306.9931  141.9654    14     4     4   718   307
 138   18.8664  143.9432    13     4     4   755    25
 139  266.0590  144.0726    14     4     4   725   263
 140  200.8535  144.2891    14     4     4   652   192
 141   91.0895  144.3940    24     6     6  1419    99
 142  952.0193  145.9715    14     4     4   789   927
 143  455.2865  146.1528    14     4     4   716   443
 144  285.1539  147.4035    14     4     5   741   281
 145  923.3791  148.1218    16     5     4   739   895
 146  272.9613  148.1884    14     4     4   708   269
 147  567.2263  148.7978    16     4     5   741   561
 148  843.8573  150.0359    15     4     4   805   824
 149  622.1345  150.9619    14     4     4   731   615
 150  542.7671  152.2686    16     5     5   804   537
 151  276.4304  152.6375    16     5     5   749   273
 152  495.6073  152.6386    14     3     5   746   489
 153  281.8446  152.9423    15     4     4   774   277
 154  488.6618  153.0412    17     5     4   850   480
 155  237.3417  153.1345    18     5     5   875   228
 156    6.8226  153.7581    18    10     2   304     8
 157  160.6248  154.7542    17     5     4   819   159
 158  444.3380  157.8102    16     5     5   808   431
 159  960.2271  158.6759    15     5     4   872   937
 160  359.3673  158.6808    16     5     4   763   348
 161  800.4174  158.9435    12     3     4   713   784
 162   47.3771  159.4226    15     5     4   809    53
 163  917.9501  159.4985    14     4     4   811   888
 164  716.9835  160.6947    16     4     5   797   711
 165  659.2027  161.2340    18     5     5   883   650
 166  397.0333  161.2800    15     4     5   750   389
 167  187.0274  161.6393    16     4     5   835   182
 168  101.7865  161.8638    14     4     4   709   108
 169  855.0096  163.8408    14     4     4   762   832
 170  333.3923  165.7034    14     3     5   725   329
 171  518.1714  166.1339    15     4     4   710   514
 172   59.2796  166.4378    25     6     6  1584    69
 173  459.5000  169.1176    12     3     4   732   449
 174  410.1432  169.9868    14     4     4   709   399
 175  758.7083  170.0491    16     5     4   832   742
 176  798.7009  171.5393    16     5     5   822   781
 177  521.1481  172.4907    12     4     3   660   518
 178  241.5759  173.8440    16     5     4   753   234
 179   59.9984  174.0652    14     4     4   784    70
 180   87.0188  174.6233    18     4     5   845    94
 181  608.6268  175.5993    14     3     5   684   599
 182  268.4701  179.5756    15     5     5   785   266
 183  928.5965  180.0203    16     5     4   875   907
 184  242.8201  182.1656    16     5     5   788   238
 185  982.3442  182.3037    16     5     5   802   959
 186  818.6125  183.0882    13     4     4   708   802
 187  182.6221  184.3187    14     5     4   664   178
 188  546.1529  186.8614    16     5     4   860   543
 189  994.2940  187.3425    15     4     5   747   970
 190  379.9788  187.3470    15     4     5   810   375
 191  625.5252  187.5315    15     4     5   784   620
 192   69.3944  188.2250    13     4     4   679    81
 193   22.5462  189.6975    14     5     4   768    31
 194  365.2730  190.3020    13     4     4   716   361
 195  770.7112  190.9585    14     4     4   694   760
 196  727.5691  191.7576    17     5     4   865   719
 197  178.9913  193.1480    14     4     4   657   175
 198  601.1759  193.4012    16     5     5   737   593
 199  186.6597  194.4454     9     3     3   566   181
 200  430.4911  194.7530    16     5     4   836   424
 201  918.9689  195.0588    14     4     4   718   891
 202  549.9120  195.7342    14     4     4   742   545
 203   14.7670  197.0057    14     4     4   668    19
 204  397.8936  197.9590    14     4     4   798   390
 205  272.8946  199.9631    14     4     4   695   268
 206   30.9167  200.7663    15     5     4   762    37
 207  679.7621  200.8010    15     4     4   768   674
 208 1007.6627  202.3333    13     4     4   640   985
 209  764.6987  204.4663    14     4     4   764   749
 210  253.4283  205.2570    15     4     5   833   250
 211  916.2964  205.6233    18     5     5   902   886
 212  657.5799  206.9731    13     3     5   743   646
 213  127.2690  207.0379    12     4     4   713   129
 214  418.9344  207.6064    14     4     4   704   403
 215   65.9437  207.7026    15     4     4   851    77
 216  616.3566  208.5075     9     3     3   620   607
 217  248.7334  209.1934    15     4     5   724   249
 218  179.3479  209.6586    19     5     5  1117   176
 219  199.9599  209.8723    14     4     4   688   190
 220  111.6464  210.0888    17     5     5   812   118
 221  322.1445  210.1119    19     5     5   896   321
 222  135.9176  210.8577    14     4     4   741   139
 223  502.1189  212.6801    13     4     4   702   502
 224  966.5354  214.8470    13     4     4   666   944
 225  872.0698  214.9571    16     4     4   790   851
 226  207.3267  215.4531    15     4     5   704   197
 227  323.9667  217.5667    12     4     3   675   323
 228  120.4556  218.1945    14     5     5   703   121
 229  761.7682  218.8055    14     4     4   703   745
 230  276.4415  220.8404    14     5     4   704   274
 231 1012.8935  220.8431    14     4     4   755   989
 232   97.6774  222.7835    14     5     4   715   107
 233  426.3576  223.7700    17     5     5   844   416
 234  283.8636  225.6241    14     4     4   712   280
 235  868.5149  226.9786    12     3     4   657   847
 236  678.8793  227.2772    16     5     5   748   672
 237  131.1469  228.1518    13     4     4   736   134
 238  918.0385  228.8560    15     4     4   813   889
 239  872.7628  228.9006    15     4     4   854   854
 240  308.0294  230.4614    12     4     3   664   309
 241  379.9243  231.4268    13     4     5   731   374
 242  399.3185  231.7609    16     5     4   777   391
 243  164.5847  232.0716    15     5     4   799   169
 244  213.1710  233.3996    16     4     5   847   203
 245  476.4485  235.8389    14     5     4   742   457
 246  659.4746  237.1951    17     5     5   839   652
 247  215.6922  237.1995    15     5     5   769   204
 248  102.3496  241.0786    16     5     4   898   110
 249  407.6960  241.7423    16     5     5   808   397
 250   57.8111  241.7662    16     5     5   761    66
 251  748.8172  242.0858    14     4     4   717   737
 252  222.3297  242.4132    13     4     5   729   211
 253  134.8864  242.4243    15     4     5   784   136
 254  150.9680  242.6886    15     4     5   744   156
 255  935.9000  243.8239    13     4     4   800   913
 256   33.6465  245.8183    12     3     4   673    43
 257  872.6995  246.4069    26     7     5  1463   853
 258  449.0895  248.7875    15     4     4   776   437
 259  189.2880  249.9114    13     4     4   762   184
 260 1019.6677  251.3823    15     5     5   770   994
 261  957.3853  253.5263    10     4     3   632   935
 262  614.4481  253.8701    15     5     4   766   604
 263  814.8140  254.3212    16     4     5   848   799
 264  626.9872  256.2492    14     4     4   766   622
 265 1020.5858  257.2351    12     4     4   656   996
 266  217.5705  258.3071    13     3     5   669   206
 267  712.1905  258.7146    16     5     4   803   706
 268  368.2743  260.7929    16     5     5   860   364
 269  812.4986  260.8471    17     5     5   870   797
 270  940.9534  261.3647    12     4     3   667   919
 271  363.2741  261.9751    14     4     4   782   353
 272  220.3300  261.9767    14     4     4   740   208
 273  527.3230  263.2182    15     4     5   732   521
 274  127.6242  263.8893    12     3     4   716   130
 275  844.1473  263.9555    15     4     4   734   827
 276  493.9495  267.8863    14     5     4   694   484
 277  135.3429  268.9946    14     4     4   700   138
 278  592.9543  269.3403    15     4     5   795   585
 279  659.1090  270.0763    16     5     4   802   649
 280   51.7809  271.2294    14     4     4   820    59
 281  350.3639  271.3435    15     5     4   738   342
 282  518.3248  273.1688    13     4     4   758   515
 283  571.2906  274.2102    12     3     4   717   565
 284  221.2618  274.3642    13     4     4   638   209
 285   30.9973  275.4183    12     4     3   671    38
 286  303.6270  275.4655    14     5     4   691   298
 287  680.9503  275.7277    12     4     4   704   675
 288  800.0242  276.7823    14     4     4   760   783
 289  299.2938  276.9769    14     4     4   790   294
 290  692.9380  277.0515    14     4     4   713   689
 291  716.0615  277.6096    16     4     5   835   709
 292  355.5586  279.9813    14     4     4   703   345
 293  458.8349  280.1186    15     5     4   774   447
 294  397.0323  281.3677    16     4     5   795   388
 295    6.4858  281.4716    14    10     2   281     5
 296  972.4492  282.8446    15     4     5   800   950
 297  696.1515  284.0858    14     4     4   688   692
 298  458.5209  285.9873    17     5     4   839   446
 299  265.1983  288.4767    12     4     3   720   262
 300  971.2290  288.5878    13     4     4   654   948
 301  733.7787  290.3433    16     4     5   849   725
 302  768.1873  290.4691    16     4     5   742   755
 303  672.3236  291.9045    16     5     4   778   667
 304  987.8820  294.4599    14     4     5   763   963
 305  980.8569  296.0598    14     4     4   692   958
 306  257.4256  296.9264    12     3     4   725   254
 307  239.4576  297.7836    12     3     4   663   231
 308  480.6866  298.1172    16     5     4   787   463
 309   14.9735  299.6188    14     4     4   687    21
 310  668.6593  299.8581    16     5     4   819   662
 311  705.0425  299.9205    14     4     4   763   700
 312   35.8691  300.5715    17     5     5   869    44
 313  727.9921  301.8797    14     4     4   772   720
 314   88.9421  302.8912    15     4     4   720    97
 315  766.5548  303.1041    15     5     4   789   750
 316  419.6403  305.0644    12     3     4   726   405
 317  888.7542  305.1127    17     5     4   831   863
 318  602.2065  305.8242    17     4     5   790   594
 319  347.3031  305.8276    16     4     5   795   340
 320  487.2256  307.2413    13     4     4   764   475
 321  939.3652  310.2959    13     4     4   664   918
 322   15.5931  313.1953    12     3     4   668    22
 323  963.0163  313.2545    25     6     5  1480   939
 324  938.6474  317.5790    17     5     5   828   915
 325  818.1618  318.0864    15     4     4   694   801
 326  722.2898  320.5000    13     5     3   701   714
 327  126.0375  322.9125    16     5     4   720   126
 328  273.9643  323.7426    17     5     5   842   271
 329 1005.2339  325.3939    15     5     4   819   983
 330  364.9071  326.6301    15     4     5   742   358
 331   32.9826  331.7542    15     4     4   811    41
 332  646.6100  335.9357    17     5     4   870   636
 333  920.3149  336.5875    17     5     5   856   894
 334  248.6847  336.8817    14     4     5   795   248
 335  678.1315  337.3555    14     4     4   756   670
 336  436.8537  338.6555    14     4     4   796   427
 337  459.1007  338.8584    13     4     4   716   448
 338  479.7404  339.4968    16     5     5   788   462
 339  313.6180  340.0047    18     5     5   824   315
 340  420.2764  340.6606    18     5     5   927   406
 341  181.4521  341.0891    12     3     4   726   177
 342  624.1567  342.7189    14     4     4   743   619
 343  822.7852  343.5705    13     5     3   726   807
 344  602.2584  343.7145    11     4     3   702   595
 345  707.0563  343.9232    14     4     4   726   703
 346  419.5158  344.5123    12     3     4   690   404
 347  874.1894  344.8819    17     5     4   801   856
 348  391.0407  345.5901    17     5     5   858   384
 349  959.6225  346.6147    17     5     5   815   936
 350  933.5765  347.3527    15     5     4   856   912
 351  551.9493  347.5114    12     4     3   732   547
 352  137.5369  347.7634    15     5     4   746   141
 353  786.2587  350.1486    14     4     4   712   770
 354   67.7457  350.6314    17     5     5   817    79
 355  494.2132  352.8088    14     4     4   778   486
 356  766.7152  353.0105    15     5     4   861   752
 357  233.0759  354.8978    17     4     5   816   226
 358  389.5858  356.3612    17     5     4   869   383
 359  742.0429  356.4681    12     4     3   715   732
 360   77.3953  359.9819    12     3     4   674    86
 361  294.5709  360.1949    13     4     4   638   291
 362  361.6215  360.5052     9     3     3   666   351
 363  537.6817  361.0171    16     5     4   804   531
 364  908.7761  361.4791    14     4     4   810   883
 365  600.6832  361.5401    14     5     3   713   592
 366   10.0614  361.7713    14     4     4   726    16
 367  327.2806  364.3197    16     5     4   798   325
 368  211.8299  366.4949    16     5     5   745   202
 369  173.8422  371.9575    14     4     4   669   173
 370  649.4719  372.0156    16     5     4   800   637
 371  488.3737  372.2891    17     5     5   867   479
 372   71.1995  374.2635    13     4     4   739    83
 373  813.7955  374.4362    12     4     3   763   798
 374  984.6084  377.7806    14     4     5   721   961
 375  150.0381  378.1016    14     4     4   770   155
 376  545.0578  379.0969    13     4     4   718   542
 377  692.4394  383.9545    16     5     4   787   687
 378  286.4677  384.0742    16     5     5   780   284
 379  313.7410  384.1446    17     5     5   834   316
 380  826.4390  385.0581    17     5     5   858   811
 381    2.1968  387.6663     9     3     3   499     0
 382  583.5861  387.7251    15     5     4   812   575
 383  621.9260  388.6389    12     4     3   667   614
 384  824.8217  390.0297    14     4     4   712   809
 385   60.0000  392.8066    14     4     4   714    71
 386   31.6106  393.7634    17     5     4   785    39
 387  597.9774  395.1250    14     4     4   716   589
 388  160.9257  395.9901    15     4     4   756   160
 389  118.2734  396.6721    13     4     4   717   119
 390  856.2708  397.3727    15     5     4   739   834
 391   22.1208  401.4830    12     4     3   650    30
 392  716.1443  401.6232    12     4     3   761   710
 393  908.2033  401.8764    14     4     4   767   882
 394  443.7215  402.5396    16     5     5   792   430
 395  506.5413  404.1009    19     5     6  1062   509
 396   27.8714  404.4566    15     4     5   772    33
 397   49.9534  409.3044    13     4     4   677    57
 398    7.2692  409.7692    16     9     2   264    11
 399  496.4415  410.5364    13     5     3   762   491
 400  141.4970  411.2451    15     4     5   809   146
 401  519.8453  411.3567    16     4     5   774   517
 402  476.6265  413.1239    16     5     4   729   458
 403  775.6627  416.3149    17     5     5   840   763
 404  924.8876  418.5442    14     4     5   705   899
 405  945.7122  419.4904    10     4     3   623   924
 406  228.8679  421.1366    16     5     5   826   221
 407  570.3348  421.7638    18     5     5   870   563
 408  575.6137  423.2784    16     5     4   837   570
 409  492.1998  423.7007    15     5     4   713   482
 410  724.7738  424.3403    13     4     4   656   716
 411  928.9789  425.1056    16     4     4   728   908
 412   67.6689  425.3957    15     5     5   754    78
 413  304.6162  427.0810    17     5     4   781   301
 414  668.7793  427.2613    16     5     4   801   663
 415  145.5347  428.1399    12     3     4   667   149
 416  421.1884  431.1915    17     5     4   815   409
 417  243.0095  431.8180    15     4     5   782   239
 418  646.5291  432.5917    16     5     4   847   635
 419   60.6140  432.8383    12     3     4   655    72
 420  451.6730  432.8424    14     4     4   689   440
 421  573.4786  433.6744    15     5     4   712   568
 422  726.5695  436.3093    15     5     4   711   718
 423  714.1015  437.6097    12     4     3   667   707
 424  649.5606  439.8997    15     5     4   728   639
 425  421.5596  439.9583    18     5     5   935   410
 426  929.4210  440.1443    16     5     4   742   909
 427  307.6074  440.5963    14     3     5   680   308
 428  246.9139  441.0861    15     4     4   853   246
 429  785.0106  441.4431    12     4     3   735   768
 430  103.8688  441.4884    14     5     3   742   113
 431  543.4044  441.4919    15     5     3   767   540
 432  355.5881  442.0513    15     5     4   774   346
 433  759.8554  442.4042    15     5     4   724   743
 434   80.9479  443.7019    15     4     5   784    89
 435  734.9476  443.7380    16     4     5   723   728
 436  833.4315  444.6598    16     5     5   817   815
 437  639.2784  446.3063    13     4     4   703   632
 438  949.7997  446.8031    13     4     4   704   926
 439  314.0717  447.4027    16     4     5   725   317
 440  427.9301  448.1809    14     4     4   798   419
 441  303.7469  448.2741    15     4     5   721   299
 442  285.8933  450.2417    12     4     4   631   283
 443  500.0616  450.3988    12     4     3   713   497
 444  293.6900  451.3500    14     4     4   740   290
 445  994.7848  452.0557    15     4     5   796   972
 446   26.2222  452.3460    17     5     5   800    32
 447  939.0828  455.4045    11     4     3   623   916
 448  407.6967  456.5699    16     5     5   775   398
 449  666.2860  456.5753    14     4     5   724   661
 450  533.5897  458.2067    17     5     4   828   528
 451  387.6186  459.1106    14     4     4   764   382
 452  104.8091  460.6800    14     4     4   690   115
 453  844.0886  460.6811    14     4     4   648   826
 454  733.7696  462.0740    14     4     4   741   724
 455  715.4512  462.1195    12     3     4   714   708
 456  616.3967  462.4438    14     3     5   692   608
 457   48.5000  463.1411    17     5     4   900    55
 458  498.1910  464.3637    13     4     4   651   496
 459  237.5267  469.3692    17     5     5   843   229
 460  742.6490  470.7197    17     4     6   821   733
 461  305.0672  471.4552    16     4     5   740   302
 462  907.4181  472.9495    16     5     4   734   880
 463  811.0545  474.7414    15     4     5   792   795
 464  538.3473  474.8691    16     5     4   756   533
 465  740.3083  474.9632    16     5     4   812   730
 466  957.1300  475.5949    17     4     5   897   934
 467  896.0734  476.9126    13     4     4   702   869
 468  162.9316  477.1838    14     4     4   703   164
 469  653.8041  477.3712    11     4     3   669   643
 470  873.5713  478.6276    10     3     4   633   855
 471  141.2271  478.7492    14     4     4   730   145
 472  993.5542  478.8540    13     4     4   647   967
 473  632.8564  478.9619    16     5     4   738   627
 474  591.8786  479.0543    15     4     4   776   583
 475  494.8516  479.6828    16     5     5   800   487
 476  657.8344  480.6775    15     4     5   781   647
 477  908.1343  481.9558    14     4     4   706   881
 478  866.6519  484.5826    15     5     5   828   843
 479  975.2729  485.1190    12     4     4   666   955
 480    2.5439  486.1325    12     3     4   667     1
 481  964.5668  486.4603    15     5     3   704   942
 482  787.4286  486.6383    23     7     5  1589   772
 483  603.8589  487.3397    13     4     4   704   596
 484   54.8790  487.3806    14     4     4   760    62
 485  527.5426  488.5655    14     3     5   751   522
 486  486.1122  488.7562    15     4     5   841   470
 487  767.8053  488.8406    18     5     5   917   753
 488  620.1697  489.5991    15     4     5   816   611
 489  341.7586  490.6216    14     5     4   724   335
 490  919.9784  491.1709    14     4     4   696   893
 491  586.1168  491.3701    14     4     4   748   577
 492  566.3913  491.3834    13     4     4   636   559
 493  145.6285  491.5722     9     3     3   658   150
 494  136.2753  491.8345    13     4     4   713   140
 495  787.4814  491.9861    12     3     4   659   773
 496  726.3582  491.9949    16     5     5   851   717
 497  516.2018  493.9473    15     4     5   700   511
 498  973.1252  494.1778    14     4     4   711   953
 499  665.2458  494.5217    16     4     5   758   658
 500  486.1213  495.6672    14     4     4   750   471
 501  161.3915  497.2207    16     5     5   851   161
 502  808.1189  497.9628    14     4     4   691   791
 503  730.2601  498.7618    15     5     5   742   722
 504  827.4719  501.6333    14     3     5   710   814
 505  245.7207  503.2136    16     5     4   799   245
 506  191.4898  503.9388    16     5     5   846   186
 507  242.0554  505.6753    13     4     4   672   236
 508  598.5422  506.8244    12     3     4   641   591
 509  501.1282  506.8631    18     5     5   874   499
 510  743.0719  509.3153    14     4     4   703   734
 511  820.6340  509.8513    15     5     4   762   804
 512  685.3952  510.8918    16     5     4   742   678
 513   78.7642  511.1128    13     3     5   675    88
 514  454.3280  512.2000    12     4     4   620   441
 515   56.4335  512.8712    15     5     4   767    64
 516  552.0632  513.0737    15     4     4   720   548
 517  980.4023  517.3123     9     3     3   612   957
 518  302.8098  519.9494    15     4     4   773   297
 519  626.5493  520.0272    12     3     4   708   621
 520   14.1293  520.2429    15     4     5   784    18
 521  470.3463  521.5068    15     5     5   742   452
 522  687.5235  522.1248    14     5     4   737   682
 523  972.6019  525.2996    14     4     5   709   951
 524  187.7337  526.3665    14     5     3   799   183
 525  622.2434  527.8521    14     4     4   674   617
 526  383.7677  528.8074    14     4     4   719   379
 527  228.5223  529.2416    17     5     5   886   220
 528   47.7546  529.3331    16     4     5   753    54
 529  364.1723  530.7798    15     4     5   797   356
 530  221.4587  531.8902    12     3     4   653   210
 531  209.4385  533.2286    16     5     5   827   199
 532  417.2270  533.6724    18     5     5   876   400
 533  201.8526  533.7477    16     5     5   818   193
 534  989.0541  535.3694    12     4     3   656   965
 535  595.1243  535.6426    14     4     4   715   586
 536  454.3840  536.2714    13     4     4   725   442
 537  309.0786  536.3854    13     4     4   671   310
 538  587.2026  536.5922    13     5     3   705   580
 539  483.4152  536.5939    14     5     3   694   465
 540  345.6672  537.1737    15     5     5   766   338
 541    6.4708  537.4854    12    10     2   257     4
 542   91.5560  538.6600    14     3     5   765   101
 543  362.2887  539.5137    15     5     5   732   352
 544  239.7812  541.1854    14     4     4   798   232
 545  163.5422  541.8373    12     3     4   713   165
 546  282.1994  542.7592    15     5     5   802   278
 547  995.7596  543.0625    14     4     4   764   973
 548  898.7886  545.9197    16     5     4   801   876
 549   61.8084  548.6817    17     5     5   825    74
 550  486.8752  550.5585    16     4     5   741   473
 551  786.2066  551.1897    16     4     5   753   769
 552  711.5593  551.7948    15     3     5   825   705
 553  530.2051  552.9468    14     4     4   713   525
 554  197.0053  552.9486    16     4     4   724   188
 555  663.1071  553.5510    13     4     4   718   654
 556  796.7600  553.9852    14     4     4   713   779
 557  963.6209  555.0414    13     4     4   734   941
 558  886.2521  555.2436    16     4     5   745   862
 559  159.7079  557.5693    15     4     5   756   158
 560  681.6787  560.4138    18     5     5   818   677
 561  257.4750  560.7883    15     3     6   750   256
 562  365.1194  561.0619    14     4     4   697   360
 563  282.5705  561.3798    18     5     5   804   279
 564  529.1477  562.1339    16     5     4   739   523
 565  953.4415  563.1984    12     3     4   667   929
 566  668.8621  563.2496    15     4     4   857   664
 567   58.7334  564.1182    17     5     5   817    68
 568  257.1899  564.6882    13     4     4   704   252
 569  841.6086  568.2958    15     4     5   767   820
 570  372.0008  569.5153    16     4     5   813   368
 571  770.2682  571.4323    12     4     3   711   759
 572  312.4655  572.0000    16     5     4   740   313
 573  868.1081  572.6099    12     4     3   666   845
 574  364.6451  573.7632    16     5     5   863   357
 575   18.4967  574.9478    15     5     4   753    24
 576  800.0055  579.3237    15     4     5   791   782
 577  652.4248  580.2990     9     3     3   662   640
 578  825.6232  580.3379    14     5     3   757   810
 579  629.4021  583.3858    17     5     5   844   626
 580  448.5948  583.8649    17     5     5   940   436
 581    4.3187  584.6667    12     4     4   600     2
 582  809.3838  585.4085     9     3     3   658   792
 583  244.5821  585.9086    12     3     4   656   242
 584  942.4144  586.1862    17     5     5   801   920
 585  824.4691  587.0586    15     5     4   764   808
 586   56.6996  588.0252    14     4     4   696    65
 587  172.2734  588.7470    16     4     5   747   171
 588  587.6871  589.2215    16     5     4   871   581
 589  898.2790  590.4200    14     4     4   665   875
 590  991.3589  591.4959    19     5     5   913   966
 591  597.5385  594.5110    15     5     3   695   588
 592  426.9377  595.5312    15     4     5   792   418
 593  728.0399  596.0634    15     4     5   789   721
 594  777.2598  596.2316    16     4     5   797   765
 595  530.2154  598.3998    12     4     3   619   526
 596  769.4757  598.5000     9     3     3   667   757
 597  226.0692  598.6345    14     4     4   653   215
 598  537.9025  599.2206    15     4     4   719   532
 599  590.3491  600.2702    14     4     5   710   582
 600  216.5508  600.5825    15     4     5   780   205
 601  191.9538  603.5132    12     4     3   726   187
 602  613.8775  604.9446    14     4     5   736   603
 603  476.1678  605.2243    16     4     5   762   455
 604  219.3090  606.0879    16     5     4   757   207
 605  665.6574  607.1820    14     4     4   769   660
 606  424.3061  608.4786    14     4     4   795   413
 607  108.6876  609.2725    16     5     5   837   116
 608  927.9499  609.6526    16     4     5   789   906
 609   36.7753  610.1656    18     5     5   823    45
 610  642.4263  610.6074    17     5     5   794   633
 611  762.1581  611.2595    16     5     4   742   746
 612  133.3021  611.5568    15     5     5   731   135
 613   63.9741  612.6631    14     4     4   796    75
 614   95.1767  612.8566    14     4     4   771   103
 615   51.6067  612.9195    12     3     4   654    58
 616  329.5047  613.5187    15     3     5   790   328
 617  518.4426  613.5673    12     3     5   625   516
 618  821.9207  615.7605    16     4     5   778   806
 619  178.9327  616.3528    12     4     3   677   174
 620   73.4538  616.4615     9     3     3   610    84
 621   11.6717  618.8752    11     3     4   611    17
 622  352.3602  619.2171    13     4     4   745   344
 623  897.0641  619.3177    18     5     5   882   872
 624  448.1141  620.3473    14     4     4   736   435
 625  226.0755  622.1220    15     5     5   859   216
 626 1003.8800  622.1280    14     4     4   769   981
 627  147.8434  622.5032    15     4     5   779   153
 628   14.8348  623.6116    14     4     5   812    20
 629  432.0994  623.8667    16     4     5   809   426
 630  871.9715  623.9081    15     4     5   765   850
 631  224.2551  624.4897    12     4     4   704   214
 632  378.4669  624.5645    15     3     5   755   372
 633  686.0635  625.2606    13     5     3   673   681
 634  370.2155  625.3569    12     4     3   707   366
 635  265.1351  628.0198    14     4     4   721   261
 636  496.9656  628.3184    17     4     5   853   492
 637  927.4075  630.7757    13     4     4   703   904
 638  127.0111  631.8475    14     4     4   727   128
 639  287.0432  632.6694    16     4     5   762   285
 640  430.6963  633.1023    17     5     4   771   425
 641  311.1167  633.3233    21     6     5  1285   312
 642   41.9910  634.1917    14     4     4   753    48
 643  864.6264  635.2344    12     3     4   666   841
 644  254.1127  635.5885    13     5     3   729   251
 645   19.0777  636.9659    14     4     4   668    26
 646  143.2660  637.2520    15     5     5   791   147
 647    6.3000  638.9019    13     4     4   670     3
 648  939.3150  639.1262    14     4     4   675   917
 649  691.6488  639.2559    15     5     4   748   684
 650  564.0008  640.3095    15     4     5   801   557
 651  119.1423  643.6886    14     4     4   702   120
 652  464.2251  644.4357    14     4     4   762   451
 653  919.1415  647.9827    14     5     4   776   892
 654  627.8213  648.6134    13     5     3   712   624
 655   46.1532  649.5887    15     4     5   770    51
 656   89.5898  650.1317    17     5     5   827    98
 657  363.5329  650.5419    15     5     5   819   354
 658  719.6102  651.7874    15     4     5   731   712
 659  778.6841  651.7889    16     4     5   790   766
 660 1000.3617  653.5048    15     5     4   772   979
 661  440.5422  654.0390    14     5     4   756   428
 662  864.3730  654.7003    15     4     5   764   840
 663  104.0327  655.8938    12     4     4   732   114
 664  956.1739  655.8954    19     5     5   926   933
 665 1019.6874  658.2819    16     5     5   779   995
 666  364.9096  659.1502    15     4     4   819   359
 667  696.3653  662.0372    16     5     4   806   693
 668   54.1997  662.4681    13     4     4   756    61
 669  524.9839  662.5929    12     4     3   680   520
 670  262.6335  665.3703    10     3     4   632   258
 671  924.4778  665.6213    17     5     5   846   897
 672    6.9196  665.7589    18    10     2   292    10
 673  276.0899  666.6798    12     4     3   715   272
 674   28.7143  671.7363    10     4     3   646    35
 675  627.8165  672.1270    17     5     4   843   623
 676    7.9114  672.3260    16     4     5   775    15
 677  103.1612  674.3626    14     4     4   686   111
 678  125.5173  675.2124    15     5     4   842   124
 679  392.4478  675.7716    11     3     4   666   386
 680  659.4683  676.6037    19     5     5   884   651
 681  783.3188  683.9355    14     4     4   714   767
 682  516.0344  686.2852    16     4     5   770   510
 683  562.2829  687.1382    12     3     4   728   554
 684  373.4144  688.5219    12     5     3   669   370
 685  476.8361  689.9824    15     5     4   745   459
 686  988.1667  691.8689    16     4     5   751   964
 687  542.8288  692.9414    16     5     4   817   538
 688  866.7425  693.6054    17     7     3   834   844
 689  869.7967  695.5669    13     4     4   713   848
 690  381.7313  696.1938    16     5     4   787   377
 691  144.9181  696.4471    16     4     5   746   148
 692  955.7224  697.1834    15     5     4   766   932
 693  566.9782  697.5312    12     4     3   762   560
 694   54.0122  697.5901    12     4     3   653    60
 695  285.3036  698.6709    13     4     4   680   282
 696   70.5808  698.7310    16     5     4   779    82
 697  663.2363  701.8698    15     5     4   753   655
 698  501.7513  702.6345    13     5     3   695   500
 699  484.5323  702.8646    14     5     4   790   467
 700   84.0122  703.1763    16     4     5   818    92
 701  368.7734  704.8105    16     5     5   833   365
 702  428.5574  705.6019    14     3     5   680   421
 703  243.5722  706.2204    13     4     4   670   240
 704  966.5904  706.6980    13     4     4   716   945
 705  681.3133  707.2583    16     5     4   851   676
 706  724.4568  707.5691    10     3     4   679   715
 707  879.1637  716.4535    16     5     5   826   858
 708  420.8294  716.5709    12     4     3   712   408
 709  603.9134  716.6788    13     4     4   667   598
 710  460.0585  717.7124    15     4     5   748   450
 711  495.3097  718.2165    13     3     5   645   488
 712  290.1688  718.6002    16     5     5   779   288
 713  611.3158  718.9720    14     4     4   748   601
 714  404.0468  719.1990    16     4     5   758   393
 715  503.4130  719.4822    12     5     3   626   503
 716  487.6920  719.5784    13     4     4   755   477
 717  404.6836  723.4637    13     5     4   653   395
 718  791.0850  724.7117    13     4     4   730   774
 719  835.8278  725.7872    16     5     4   825   817
 720  356.0873  727.1399    15     4     5   797   347
 721  678.1892  727.7826    15     4     5   787   671
 722  610.4134  728.1854    17     5     4   828   600
 723  581.0000  729.3618    14     4     4   748   574
 724  156.1111  732.4583    16     5     5   808   157
 725  770.1272  732.7793    19     5     5  1153   758
 726  707.0584  733.1592    14     4     4   765   704
 727  536.3101  735.7151    22     5     6  1531   529
 728  577.6634  736.7829    15     4     5   811   573
 729  296.4167  737.8736    16     5     4   856   292
 730   96.4197  737.9575    14     4     4   763   105
 731  597.0860  738.1710    14     4     4   681   587
 732  473.3531  738.3588    13     4     4   654   454
 733 1020.8915  739.2672    14     4     5   707   997
 734  996.0936  739.7121    15     5     4   711   974
 735  924.4796  740.8234    17     5     5   906   898
 736  731.8614  741.8355    16     5     5   777   723
 737  101.7865  742.0534    14     4     4   702   109
 738  598.4439  743.2737    12     3     4   690   590
 739  505.4426  743.4409    14     5     4   715   506
 740  140.8254  743.6857    14     4     4   684   143
 741  182.9067  743.7676    14     4     4   708   179
 742  501.8789  745.9088    14     4     4   710   501
 743  456.9161  747.6339    12     4     3   680   445
 744  613.7260  748.9342    14     4     4   702   602
 745  570.0705  749.3188    16     4     5   756   562
 746   20.9864  751.1288    14     4     4   765    29
 747  242.1370  751.4653    12     4     3   726   237
 748  405.9082  752.0803    14     4     4   750   396
 749  123.5558  753.7810    12     3     4   693   123
 750  497.2689  759.2837    15     5     4   825   493
 751  224.1603  762.5635    17     5     5   847   213
 752  993.6095  764.0705    12     4     4   723   968
 753  635.2219  764.1356    14     4     4   719   631
 754  300.1789  764.2759    14     5     4   738   295
 755  925.8926  765.7441    16     5     4   840   901
 756  235.0329  766.2785    14     4     5   718   227
 757   17.3531  766.8254    16     5     4   793    23
 758  652.5383  768.6693    15     4     5   776   641
 759  394.2042  769.8328    12     4     4   742   387
 760  399.4094  770.0833    16     5     4   844   392
 761  126.4015  770.2738    16     5     4   779   127
 762  487.9874  770.4330    13     4     5   727   478
 763  574.6781  770.6255    17     5     4   855   569
 764  795.1553  774.1618    14     4     4   758   777
 765  860.7122  774.5369    12     4     3   662   837
 766  428.5981  774.6340     9     3     3   620   422
 767  471.4655  775.6859    17     5     5   778   453
 768   56.0067  778.4295    12     4     3   716    63
 769  163.7959  778.7279    13     4     4   718   167
 770  130.5851  781.0987    16     5     4   783   132
 771  456.1014  783.0486    13     4     4   717   444
 772  983.0745  783.5341    12     4     3   677   960
 773  229.7721  784.2980    15     5     5   749   223
 774  894.2767  784.8981    14     4     4   655   867
 775  736.4590  786.1997    16     5     4   746   729
 776  386.1121  786.6530    16     4     5   722   380
 777  338.7154  788.0916    14     4     4   762   333
 778  944.8527  789.9928    14     4     4   761   923
 779  618.3959  790.0174    16     5     4   794   610
 780  685.8929  791.3161    12     4     3   680   679
 781  367.9068  792.1780    14     4     4   730   363
 782  910.7442  792.2619    16     5     4   811   884
 783  772.0985  792.6538    12     4     3   653   762
 784  550.4682  792.8595    14     5     4   738   546
 785    6.5552  793.4586    14    10     2   285     6
 786   48.7331  795.8669    17     5     5   835    56
 787  505.6967  796.4833    10     4     3   578   507
 788  135.0306  796.7194    12     4     4   676   137
 789  360.4621  797.7803    12     3     4   648   350
 790  633.1029  797.8477    14     4     4   767   628
 791  477.0522  799.0540    15     4     4   706   461
 792  685.9754  800.4626    12     4     3   709   680
 793  317.9264  802.9094    14     4     4   670   319
 794  149.4800  802.9719    12     3     4   671   154
 795  795.5512  802.9832    17     5     5   795   778
 796  616.1421  806.4658    14     4     5   724   606
 797  794.2898  807.1476    14     5     4   787   776
 798  787.0646  807.8656    16     4     5   748   771
 799   81.8949  810.3042    14     4     4   763    90
 800  505.8670  810.8184    13     4     4   645   508
 801  428.5441  812.0245    12     3     4   732   420
 802  372.6119  812.8750    17     5     5   858   369
 803  491.0305  813.8072    13     4     4   703   481
 804  754.6296  813.8106    14     5     4   742   741
 805  674.6131  813.8770    14     4     4   750   668
 806  266.1372  814.6942    14     4     4   763   264
 807  770.7140  814.8967    14     4     4   682   761
 808  197.8702  815.5496    16     5     5   765   189
 809  500.8987  817.0098    15     4     4   762   498
 810  572.7512  817.9248    14     4     4   785   567
 811  365.4731  820.4462    15     3     5   745   362
 812  891.6935  820.5667    14     3     5   755   864
 813  927.0412  821.1448    15     4     4   806   903
 814  418.3017  821.3513    15     4     5   735   401
 815 1013.1305  824.1763    14     5     4   730   990
 816  800.9192  825.4731    15     4     5   744   786
 817  592.5013  825.8947    17     5     5   925   584
 818  304.4108  827.0632    15     5     4   823   300
 819  376.4482  827.5267    15     5     3   787   371
 820  943.9054  828.7838    15     5     4   816   922
 821  238.4624  830.2011    16     5     5   799   230
 822  817.0637  830.3693    16     4     5   749   800
 823  923.7088  832.5000    12     4     3   714   896
 824  228.2562  832.8531    13     5     4   770   218
 825  658.2460  833.6060    19     5     5   879   648
 826  122.5422  834.2315    14     4     5   803   122
 827  536.8671  836.1130    13     4     4   732   530
 828  973.9477  838.9906    15     4     4   733   954
 829  521.2547  839.2801    16     4     5   792   519
 830  804.8743  839.3642    17     4     5   862   788
 831  426.8679  840.2461    15     5     4   729   417
 832  963.1374  842.6096    16     4     5   844   940
 833  840.4057  842.9935    14     4     4   681   819
 834  504.0672  846.6175    12     4     3   656   504
 835  517.9698  849.5463    15     4     5   712   513
 836  692.7962  850.0455    13     4     4   812   688
 837  768.0815  850.5082    12     4     3   727   754
 838  806.3989  851.4363    15     5     5   684   790
 839  240.2818  851.7665    14     4     4   699   233
 840  327.5765  852.7783    17     5     5   824   326
 841   61.0379  858.2531    14     4     4   707    73
 842 1021.9850  858.8026    11     3     4   609   998
 843   27.8721  862.3923    15     4     5   744    34
 844 1000.1692  864.4985    13     4     4   777   978
 845  692.0169  866.9686    13     4     4   751   685
 846  761.0824  867.5848    15     4     5   775   744
 847  421.8045  867.9045    15     4     4   820   411
 848  486.1030  868.7463    14     4     4   810   469
 849  646.0143  869.2404    17     4     5   798   634
 850  734.7278  872.2221    13     4     4   749   727
 851  985.5702  875.3667    14     3     5   710   962
 852   58.4667  875.8683    15     5     4   780    67
 853  306.3813  876.2833    11     3     4   590   306
 854  734.2755  877.5182    12     4     3   668   726
 855  168.2513  878.7948    15     4     4   713   170
 856  292.5746  879.0388    17     5     4   840   289
 857  262.8087  879.1611    16     4     5   824   259
 858  842.3297  880.1022    14     4     4   698   822
 859  700.8819  880.1094    14     4     4   716   698
 860  487.3319  881.0429    12     4     4   715   476
 861  897.8014  883.2991    17     5     5   807   873
 862   32.7929  883.8402    15     4     5   785    40
 863  228.3691  884.3593    16     5     5   878   219
 864  675.3841  888.3641    15     4     5   849   669
 865  896.2177  888.5287    17     5     5   797   870
 866  693.9532  890.4101    12     4     3   654   691
 867  965.1079  892.1902    17     4     5   851   943
 868  209.4770  892.3938    19     6     5   887   200
 869   87.6731  892.6133    15     3     5   768    95
 870  204.8688  893.5355    16     4     5   865   196
 871  533.1718  894.2784    16     5     4   742   527
 872   74.6126  895.0015    16     5     4   844    85
 873  859.2609  895.2784    13     4     4   703   836
 874  241.8025  896.1395    16     5     5   798   235
 875  324.9093  897.7564    14     4     4   846   324
 876  692.9390  899.1033    14     4     4   755   690
 877   37.8121  899.3725    12     4     3   716    47
 878  820.9187  900.7430    14     4     4   749   805
 879  164.4587  900.8823    16     5     4   814   168
 880  862.4024  901.3030    16     5     5   754   839
 881 1006.2323  902.3169    17     4     5   820   984
 882  229.0726  904.5270    12     4     3   712   222
 883  705.2618  905.8165    13     4     4   743   701
 884  443.0639  907.5176    15     4     5   776   429
 885  633.9973  910.9704    15     4     4   707   630
 886  450.2952  911.1872    13     3     5   667   439
 887  338.2078  911.6266    15     4     5   790   332
 888  496.3663  913.0097    14     4     4   813   490
 889  844.0805  913.4379    12     4     3   716   825
 890    7.4800  914.8040    14     5     4   640    13
 891  954.0544  915.1265    15     4     4   747   930
 892  627.9527  915.8424    18     4     5   878   625
 893  662.6443  917.4258     9     3     3   575   653
 894  961.1535  917.8321    14     4     4   697   938
 895  244.8901  918.0398    14     4     4   768   243
 896  775.9513  920.0368    14     4     4   725   764
 897  949.3217  921.0460    12     4     4   664   925
 898  653.2242  921.2445    14     4     4   731   642
 899  618.0693  921.3011    13     4     4   678   609
 900    6.9196  921.7589    18    10     2   292     9
 901  344.8164  922.9325    25     5     7  1473   337
 902  762.2929  925.0782    17     5     4   822   747
 903  972.7309  926.3779    11     4     3   634   952
 904 1003.5207  926.4849     9     3     3   621   980
 905  208.5151  930.6496    12     3     4   715   198
 906  697.4442  933.1050    14     3     5   821   694
 907  542.5923  933.9031    17     5     5   820   536
 908  147.2846  937.7547    17     5     5   806   152
 909  351.2318  938.7468    16     4     5   861   343
 910  305.5125  940.5500    15     5     3   710   304
 911  621.5224  940.9523    12     3     4   655   612
 912  885.6287  941.6132    18     5     5   825   860
 913  907.1165  941.9519    15     4     4   794   879
 914  633.5176  942.8698    28     7     6  1643   629
 915  747.9194  942.9030    16     4     5   830   736
 916  392.1211  943.1421    15     4     4   720   385
 917  273.2289  943.8096    17     5     5   845   270
 918  563.4574  944.0805    14     4     4   798   555
 919  874.2838  946.6683    17     5     5   776   857
 920  558.6404  947.2115    13     3     5   650   551
 921   84.0192  947.9438    17     5     5   846    93
 922  126.0122  949.1867    14     4     4   839   125
 923  161.9530  950.1677    15     4     5   788   162
 924  933.2761  950.8464    17     5     4   782   911
 925  447.8539  954.7808    14     4     4   756   434
 926  493.5950  955.2858    15     5     5   813   483
 927  855.3488  955.3333    15     4     5   732   833
 928 1013.8791  956.2639    17     4     5   869   991
 929  379.8183  958.5880    12     4     3  1006   373
 930  549.6939  961.5145    16     4     5   779   544
 931  483.8741  962.8514    15     4     4   722   466
 932   96.8701  963.4439    12     4     4   655   106
 933  138.4654  964.6937    17     5     5   805   142
 934   83.0541  965.5929    15     4     5   742    91
 935  845.3916  966.7336    12     3     4   655   828
 936  346.0045  967.7852    12     4     4   681   339
 937  287.3494  969.8614    16     5     5   824   286
 938  692.2518  970.0933    14     4     4   708   686
 939  865.7300  972.0703    15     5     4   776   842
 940  849.6737  972.6851    13     4     4   654   829
 941  485.5456  972.9301    17     5     4   828   468
 942  872.2398  973.2616    16     4     5   848   852
 943  381.1340  973.2728    19     5     5   925   376
 944  163.6421  974.0074    12     3     4   725   166
 945  539.3015  974.5588    17     4     5   850   535
 946  997.1259  975.3960    12     4     3   668   975
 947  565.6462  976.0166    15     5     4   752   558
 948  802.0393  976.4470    14     4     4   763   787
 949  272.1521  979.7655    15     5     5   745   267
 950  792.3247  979.8333    15     4     5   726   775
 951  583.9554  980.1865    12     4     4   726   576
 952  752.4606  981.5984    13     5     4   689   740
 953 1011.7188  981.8833    14     4     4   821   986
 954  797.5000  983.2522    15     5     5   719   780
 955  577.4782  984.0487    14     5     4   736   572
 956  827.3907  984.4471     9     3     3   657   813
 957   64.2826  987.2256    16     4     5   827    76
 958   92.5118  988.4611    15     5     5   742   102
 959  971.7927  990.9415    14     4     4   772   949
 960  842.1186  993.4931    12     4     3   702   821
 961   37.1409  993.5531    14     4     4   761    46
 962   43.8582  993.6675    14     4     4   743    50
 963  109.6127  994.5704     9     3     3   658   117
 964  868.5140  999.7990    12     3     4   692   846
 965  529.7369 1000.9569    16     5     4   810   524
 966  665.1887 1001.0248    14     4     4   744   657
 967  555.1510 1001.3871    16     5     5   842   549
 968  969.2879 1002.3467    14     5     3   701   946
 969  891.8797 1002.6817    14     4     4   751   865
 970  543.0527 1003.9806    13     4     4   671   539
 971  622.2202 1005.0395    16     5     4   857   616
 972  561.2013 1005.2289    15     4     5   766   552
 973  129.8740 1007.1339    15     4     4   781   131
 974  970.4301 1007.2240    14     5     4   698   947
 975  563.4894 1008.9926    10     3     4   573   556
 976  486.6348 1010.4787    16     4     5   724   472
 977  697.6880 1013.5967    13     4     5   699   696
 978   20.6657 1013.9258    14     4     4   659    28
 979  977.4496 1014.7840    14     5     4   735   956
 980  429.1598 1014.8354    15     5     4   785   423
 981  190.7572 1015.7368    15     4     5   737   185
 982  670.6879 1015.8302    13     4     4   657   665
 983  278.0531 1016.7010    14     4     4   762   276
 984   91.2052 1018.3431    12     4     4   700   100
 985  743.2647 1018.4804    13     2     7   232   735
 986  871.5313 1018.6719    12     2     9   248   849
 987  999.2064 1018.6927    16     2     8   269   977
 988  359.5699 1018.6958    15     2     9   293   349
 989  615.5699 1018.6958    15     2     9   293   605
 990  231.1643 1018.7357    17     2     9   310   224
 991  103.5317 1018.7698    13     2     9   256   112
 992  487.1642 1018.8139    16     2     8   297   474
 993  896.2638 1021.4680    13     4     4   693   871
 994  327.7680 1021.5486    12     4     3   676   327
 995  917.1783 1021.8217    10     4     3   588   887
 996  654.9016 1021.9294    10     4     3   603   644
 997  766.5667 1022.0385     9     4     3   480   751
 998  146.2505 1022.0419    10     4     3   565   151
