999
   0  783.3919    2.1081    10     4     3   572   767
   1  317.7993    2.2208    11     4     3   658   315
   2  192.0222    4.6392    16     4     5   857   194
   3  202.6054    5.3659    13     5     3   652   201
   4 1002.9613    6.4449    12     4     3   701   977
   5  266.2702    7.2314    16     4     5   778   264
   6  507.7936    7.7921    15     5     4   821   507
   7  668.9433    8.4653    17     5     5   919   665
   8  467.3020    8.7431    17     5     5   857   450
   9  342.4577   11.6596    10     3     4   620   334
  10  363.4493   12.2463    16     5     5   909   354
  11  412.5706   15.2604    16     5     4   882   404
  12  644.0311   20.4377    15     4     5   728   639
  13  227.2690   21.4604    16     5     5   766   233
  14 1020.7481   22.0556    14     4     4   680   996
  15  939.5383   22.2942    14     4     5   689   915
  16  603.4605   23.3267     9     3     3   621   605
  17  236.9335   23.4253    12     4     3   669   241
  18  106.3813   24.4465    16     5     4   851   111
  19  495.8653   24.6033    12     4     3   662   492
  20  784.6910   25.0299    15     5     4   752   770
  21    6.5930   25.4845    12    10     2   249     7
  22  888.5493   25.7360    19     5     5   940   861
  23  573.6280   26.1905    16     5     5   816   567
  24  215.1281   27.2080    14     4     4   753   217
  25  311.2437   27.4831    15     4     5   743   306
  26  956.4370   32.3739    15     5     3   721   932
  27  458.2679   32.3781    12     4     3   719   442
  28  881.4116   34.0181    12     3     4   674   855
  29    6.9047   34.2407    13     4     4   639    13
  30  253.2477   34.6765    17     4     5   816   257
  31  832.7383   36.1321    13     4     4   709   809
  32  489.4110   36.3804    18     5     5   899   478
  33  220.1685   36.6604    15     4     5   705   223
  34  375.1389   37.7587    14     4     4   716   365
  35  148.7934   41.0717    16     5     4   753   147
  36  833.4106   44.1423    17     5     5   841   811
  37 1002.6188   44.9382    13     4     4   753   975
  38  181.2799   45.8795    14     4     4   717   179
  39   23.2773   48.5015    14     3     5   791    31
  40  617.3317   49.7340    14     4     5   764   620
  41  691.3946   50.8373    15     5     4   814   683
  42  184.7513   50.9194    14     5     4   729   182
  43  562.9976   51.3090    14     4     4   763   557
  44   99.3748   51.6029    11     4     3   693   103
  45  621.7984   53.5705    15     4     5   760   622
  46  291.2589   53.5709    17     5     5   875   288
  47  945.3691   56.1088    14     4     4   751   923
  48  378.1231   59.9991    14     4     4   721   369
  49  723.2814   60.1651    16     5     4   796   719
  50  740.2274   60.3851    15     5     4   803   731
  51  267.9814   61.5596    16     4     5   831   266
  52   36.8733   62.2541    17     5     5   837    42
  53  592.6656   63.9578    15     5     4   766   583
  54  872.5069   64.5000     9     3     3   668   841
  55  785.9542   65.5173    15     4     5   729   774
  56  962.4420   65.7484    11     3     4   593   937
  57  635.6384   66.6436    14     3     5   718   632
  58  917.7443   67.1294    14     4     4   758   889
  59  952.0836   67.5442    16     4     5   794   930
  60  494.8488   67.7504    14     5     5   699   488
  61  462.0658   67.8360    17     4     5   801   445
  62  412.7699   68.6109    15     5     4   817   405
  63  130.7920   69.2109    15     5     4   828   129
  64  305.5950   71.5831    19     5     5   864   301
  65  756.5766   71.8084    13     3     5   691   749
  66  839.9073   72.8951    14     4     4   798   818
  67  170.3339   73.5543    15     5     3   758   168
  68 1002.6581   75.4277    16     4     5   824   976
  69  412.0875   76.3333    16     5     5   754   401
  70  941.5946   77.0347    15     5     4   784   918
  71  384.8078   79.6691    17     4     5   862   375
  72  119.6332   80.6827    18     5     5   908   121
  73  976.6203   81.1992    11     3     4   642   955
  74  910.3110   82.2008    16     5     4   795   881
  75  525.3040   82.8619    16     5     4   859   522
  76  843.2255   83.5626    17     5     5   793   823
  77  777.5380   84.4271    17     5     5   828   765
  78  736.0184   85.5350    16     4     5   731   727
  79  743.0759   85.9752    15     4     5   815   737
  80  606.5376   86.3961    15     5     3   708   608
  81   55.4945   86.8022    12     3     4   666    65
  82  181.6672   88.0820    14     4     4   762   180
  83  248.0583   88.9363    15     4     4   707   252
  84  721.9113   89.8960    18     4     5   834   717
  85  379.6846   91.4605     9     3     3   621   370
  86  140.4243   91.6074     9     3     3   658   137
  87  677.4835   93.7483    17     5     5   899   670
  88  960.0548   94.9694    15     5     4   770   933
  89  271.2736   95.4503    12     4     3   703   270
  90  432.1147   95.4503    12     4     3   704   422
  91  172.2253   97.1920    15     4     5   809   170
  92  492.5366   97.2805    16     5     5   816   483
  93  481.9588   97.6479    16     4     5   755   467
  94 1011.4096   97.8782    12     3     4   662   984
  95  234.1076   98.5985    16     4     5   820   238
  96  562.7098   99.2098    15     4     4   760   555
  97  900.6368   99.3735    11     3     4   695   870
  98  598.3958  100.1088    12     3     4   667   592
  99  794.2691  101.5426    17     5     5   850   781
 100  162.1198  103.8491    15     4     5   826   162
 101  417.7265  104.7308    15     5     4   852   412
 102  525.7088  106.7360    17     5     5   831   523
 103  185.3883  106.8846    12     3     4   666   184
 104  931.1342  108.2676    14     4     4   695   907
 105  757.2109  110.4731    16     5     5   793   751
 106  440.8167  110.6851    15     5     4   712   426
 107  529.5484  111.1459    17     5     5   893   527
 108  275.2049  111.4426    15     4     5   760   275
 109   52.8588  112.1620    14     4     4   717    61
 110  671.0414  113.1847    14     4     4   768   667
 111  135.8141  113.1891    14     4     4   764   133
 112  873.8379  113.8259    14     4     4   726   843
 113  250.5590  114.7904    16     5     4   804   256
 114  354.5878  116.2555    17     5     5   808   345
 115  175.4786  117.2183    15     5     4   757   174
 116  190.3511  118.8601    14     4     4   751   193
 117  245.6520  118.8616    15     5     4   775   251
 118  373.4362  119.5638    13     4     5   647   363
 119  562.9949  123.7761    12     4     3   714   556
 120  307.7013  124.9604    12     3     4   726   302
 121  943.2058  127.4783    12     4     3   674   919
 122  647.2878  127.9262    14     4     4   682   641
 123  245.6252  129.1736    17     5     5   841   250
 124  142.9728  129.2578    17     4     5   777   140
 125   15.2461  130.4982    13     4     5   701    19
 126  566.8136  130.8576    14     4     5   730   559
 127  893.8411  131.4156    13     5     3   687   864
 128  905.0774  132.1823    13     4     4   750   877
 129  710.9470  132.3696    14     4     4   715   706
 130  405.4741  133.5049    15     3     5   767   395
 131  804.5633  133.9082    16     5     4   792   793
 132 1004.3336  138.4643    17     5     5   843   979
 133  632.8850  139.2825    15     5     4   711   629
 134  281.3467  139.3467    18     5     5   839   280
 135  501.6575  139.7905    16     5     5   814   500
 136   93.8148  140.1582    14     5     4   769    93
 137  341.0813  140.6762    15     4     4   814   332
 138   48.1426  141.2853    13     4     4   754    54
 139  663.9107  141.6964    13     4     4   690   661
 140  226.2979  142.3156    15     4     5   714   231
 141  365.5246  143.4123    15     3     5   720   357
 142  393.4611  145.5863    14     5     3   731   382
 143  207.3353  146.9326    13     4     4   731   209
 144  324.9331  147.5430    17     4     5   798   321
 145  215.1290  148.1210    14     4     4   760   218
 146  225.0930  148.7973    15     4     5   779   230
 147 1020.9731  150.3666    14     4     4   717   997
 148  220.1106  150.7121    13     4     4   677   222
 149  864.5755  151.0074    12     3     4   729   832
 150  859.5157  152.4091    15     3     5   722   830
 151  885.3409  153.3674    12     4     4   648   858
 152    6.9054  153.7523    17    10     2   281    14
 153  770.3464  154.1928    13     4     4   716   759
 154  166.5000  154.7580    16     5     4   784   165
 155  646.1257  155.2585    18     5     5   888   640
 156  954.6217  155.2667    15     4     5   750   931
 157  901.6561  156.4809    17     5     5   798   873
 158  406.5639  156.5758    16     4     5   833   396
 159  469.7350  158.9417    14     4     4   740   451
 160  919.3099  162.6190    16     5     5   807   890
 161  185.5557  167.8607    14     4     4   750   186
 162  692.0616  168.4149    12     4     4   672   686
 163 1018.9552  168.6048    12     4     3   645   990
 164  377.0493  169.9261    14     4     4   708   368
 165  717.1574  172.4228    14     5     4   788   713
 166  438.3636  172.5965    14     5     3   741   424
 167  152.3721  174.1266    17     5     5   936   152
 168  961.2090  174.2948    17     4     5   823   935
 169  355.5248  175.4174    16     5     5   765   347
 170  389.3009  175.4787    16     5     5   818   377
 171   26.9212  175.8167    14     4     5   743    34
 172  223.5605  178.8584    17     5     5   848   229
 173    2.4914  179.5407    11     3     4   577     0
 174  963.6733  179.8755    13     4     4   684   940
 175  870.2555  180.1559    17     5     4   853   837
 176  287.1187  180.3723    14     4     4   696   286
 177  803.4871  180.8666    16     5     4   782   791
 178  530.1478  181.9750    14     4     4   759   528
 179  926.8351  184.1421    15     4     4   720   899
 180    2.6046  184.5983     9     3     3   568     2
 181  491.7889  185.1032    14     4     4   770   482
 182  292.0457  185.9700    14     4     4   840   289
 183  766.5593  186.0523    16     5     4   801   757
 184  197.7973  186.0548    16     5     4   789   196
 185  950.1694  186.3707    14     5     4   751   928
 186  842.9309  188.2289    16     4     5   717   822
 187  519.1391  190.0126    14     5     4   733   517
 188   96.2193  190.5532    12     4     3   665    97
 189  628.6177  191.5030    17     5     5   841   626
 190  972.0622  191.5226    16     4     5   779   951
 191  202.2100  193.2082    13     4     4   692   199
 192  681.3967  193.8951    16     5     5   770   671
 193  704.7467  193.9891    15     4     5   835   702
 194  236.2021  194.7145    15     5     4   714   240
 195  881.0337  195.8630    14     4     4   837   854
 196  640.8082  197.8870    15     4     5   734   637
 197  576.7558  198.0380    12     4     4   726   572
 198  148.0658  198.2604    14     4     4   695   145
 199  453.9242  198.4913    15     5     5   843   438
 200  601.0642  198.7630    15     5     4   804   601
 201  836.3919  199.9634    12     3     4   666   815
 202  124.7377  201.6979    17     5     5   822   124
 203  282.4702  203.7784    15     5     4   854   283
 204  454.4255  203.9674    13     4     4   774   439
 205  353.7278  204.0601    15     5     4   782   343
 206   22.6939  206.0069    17     5     4   825    29
 207  804.6601  206.0160    16     5     4   722   794
 208  349.4349  206.9852    16     5     4   836   339
 209  221.5475  209.0848    12     3     4   751   226
 210  249.2792  211.1000    14     4     4   765   254
 211  257.8268  211.4265    15     4     5   817   261
 212   68.2995  211.8389    29     6     7  1612    76
 213  389.8441  212.8812    15     5     4   798   378
 214  478.6123  213.4493    12     4     4   672   460
 215 1020.2580  213.6784    11     3     4   676   995
 216  219.5151  215.1034    16     5     4   755   221
 217  885.0085  215.2687    16     4     5   748   857
 218  793.2991  215.5119    17     5     5   842   780
 219  943.6523  218.0402    16     5     5   856   920
 220  340.6458  220.1661    17     5     4   760   331
 221  847.9379  220.2803    14     4     4   768   826
 222  966.3908  221.5094    10     4     3   631   942
 223  666.7916  221.7075    13     4     4   713   664
 224  485.8504  221.7528    14     4     4   765   471
 225  153.5264  223.6599    16     5     5   804   153
 226   13.4148  224.2650    17     5     5   804    18
 227  348.7807  225.7440    14     4     4   685   338
 228  783.8522  226.5692    12     4     3   756   769
 229  418.7250  229.1766    15     4     4   719   414
 230   81.3629  230.0274    15     5     4   770    85
 231  936.6522  230.3685    10     4     3   678   912
 232  161.0479  231.7622    14     4     4   693   159
 233  154.3110  234.2688    10     4     3   645   154
 234  599.3256  234.9624    14     4     4   765   595
 235  684.3450  235.9225    14     4     4   753   675
 236  720.5653  235.9864    12     3     4   671   715
 237  971.4030  238.6538    13     3     5   728   949
 238   38.1016  239.9443    14     4     4   750    43
 239  760.7431  240.0764    14     4     4   716   753
 240  179.0000  240.2904    14     4     4   684   177
 241  187.4354  241.6706    17     5     5   897   189
 242  694.1750  242.3634    16     5     5   797   690
 243  299.5043  244.3514    18     6     4   880   297
 244   49.4011  245.2713    14     5     4   787    57
 245  669.1258  246.7450    17     4     5   766   666
 246   48.5360  247.6824    14     5     4   891    56
 247  296.3951  247.8596    15     5     4   798   294
 248   73.2574  249.4511    13     4     4   703    79
 249  161.6966  249.9857    17     5     4  1045   161
 250  693.8072  250.0025    12     4     4   719   689
 251  662.2409  252.3577    12     4     3   668   659
 252  351.7202  252.8839    14     4     4   812   342
 253  714.5208  254.1261    16     5     5   834   709
 254  200.9401  254.8292    14     5     4   699   198
 255   51.0564  255.3735    15     4     5   806    60
 256  940.6040  256.1515    12     3     4   668   916
 257  480.1955  256.2212    15     5     4   810   463
 258  204.9508  256.8672    12     4     4   730   206
 259  461.5721  257.4736    15     5     3   719   444
 260  213.0062  258.0186    13     4     4   695   215
 261  441.6922  260.3078    14     4     5   733   427
 262  427.5974  265.8930    14     4     4   715   419
 263  375.1334  266.6817    14     4     4   762   364
 264  544.0863  268.0144    13     4     4   756   534
 265  693.8019  268.5130    14     4     5   680   688
 266  987.7186  269.0416    17     5     4   783   963
 267   62.2109  269.3375    16     5     5   800    70
 268    3.1614  269.7000    13     5     4   700     5
 269  928.3926  269.7740    17     5     5   794   902
 270  427.6632  270.1288    14     4     4   765   420
 271  116.8375  270.3679    13     5     3   690   120
 272  493.5297  270.6753    16     5     4   833   486
 273  125.5517  270.9117    15     5     4   750   125
 274  880.0410  273.7429    17     4     5   841   852
 275  588.1322  273.8404    17     4     5   828   578
 276  723.0982  274.1351    13     4     4   700   718
 277  216.9624  274.4296    16     4     5   785   220
 278  272.6187  275.2241    15     5     4   748   271
 279  998.2560  276.0008    14     4     4   763   972
 280  221.1568  276.0928    14     4     4   749   225
 281  159.0406  277.8262    14     4     4   793   157
 282  403.7275  278.4481    16     5     5   815   393
 283  607.1825  279.0039    14     4     4   773   610
 284  628.4008  279.1585    16     5     4   775   625
 285  104.4617  279.3238     9     3     3   612   108
 286  922.8878  279.7226    13     4     4   705   895
 287   22.8004  279.9152    13     4     4   696    30
 288  712.5158  281.2338    16     5     5   791   707
 289  530.1997  282.0142    14     4     4   776   529
 290  188.5633  282.0828    17     5     5   913   190
 291  114.9970  283.9561    14     4     4   800   116
 292  872.0642  284.1605    13     4     4   722   839
 293  811.4707  284.4799    15     5     3   697   797
 294  228.0470  286.3293    18     5     5   924   234
 295  270.1377  286.6033    17     4     5   780   268
 296  875.0115  287.1195    14     4     4   705   845
 297   16.6552  288.0114    15     5     4   762    22
 298  806.0934  288.7795    14     4     4   809   795
 299  127.9248  289.6029    12     4     3   645   127
 300  405.4255  290.7927    12     3     4   711   394
 301   63.7227  291.4153    17     5     5   902    72
 302 1010.6189  291.6220    15     5     5   781   983
 303  752.4729  291.8419    16     5     5   824   743
 304   31.7248  291.9039    16     5     4   774    39
 305  654.2135  292.5731    15     5     5   848   648
 306  582.0554  293.4405    12     4     3   725   577
 307  489.0290  293.8902    15     4     4   719   477
 308  151.6226  294.0124    15     5     4   835   150
 309  698.6770  295.6257    15     4     5   715   693
 310  787.1548  296.1194    15     4     4   770   777
 311  255.2368  296.7251    16     5     5   844   259
 312   96.2708  297.1146    14     4     4   812    98
 313  337.1817  299.9765    14     4     4   715   329
 314  968.5400  300.5672    18     5     5   805   944
 315  136.9353  301.2261    14     4     4   673   134
 316  744.6930  301.8799    17     5     5   828   739
 317  297.0150  302.2811    14     4     4   775   295
 318  917.5688  302.6906    11     3     4   619   888
 319  867.8895  303.1028    28     8     4  1574   834
 320  383.9620  303.6392    15     4     5   782   373
 321  534.1392  304.7994    16     4     5   778   530
 322  833.3251  306.3834    13     5     3   679   810
 323 1014.8238  309.5673    17     5     5   868   986
 324  675.2897  311.2453    13     4     4   715   669
 325  106.0674  312.7574    14     4     4   711   110
 326  617.9824  319.1875    14     4     4   764   621
 327  357.7855  319.6791    16     4     5   724   350
 328  931.2744  321.1163    14     4     4   703   908
 329  562.6324  321.4881    14     4     5   729   554
 330  138.8732  323.4424    17     5     5   864   135
 331  148.0643  324.3339    12     4     3   680   144
 332  281.6208  326.6479    16     5     5   789   281
 333   63.2373  327.7966    16     4     5   750    71
 334  329.7614  328.2432    15     4     4   808   324
 335  591.7094  330.9368    15     5     4   704   581
 336  572.0000  333.6632    14     4     4   716   562
 337  951.7133  334.6177    14     5     3   726   929
 338  503.1862  335.2763    17     4     5   836   502
 339  457.1512  336.9431    17     5     5   838   441
 340 1019.0203  337.1356    14     4     4   730   991
 341  931.8172  337.8951    14     4     4   717   909
 342   39.8594  338.0890    16     5     4   761    45
 343  698.7158  338.5582    10     4     3   633   694
 344  783.6381  339.7081    12     3     4   663   768
 345 1019.2986  342.1250    14     5     4   716   992
 346  495.7612  344.2708    15     4     5   774   490
 347  512.5322  345.5997    16     5     5   812   511
 348  721.1885  346.5448    15     5     5   731   716
 349  354.0087  346.6014    15     4     5   781   344
 350  647.5563  347.2577    14     5     4   726   642
 351  481.9568  348.4543    16     4     5   773   466
 352  275.7756  350.7614    16     4     5   795   276
 353  739.8744  352.7217    12     4     3   729   730
 354   62.1591  356.1895    16     5     4   817    69
 355  332.3030  356.6667    13     5     3   658   325
 356  860.7800  358.6600    16     4     5   760   831
 357  962.9906  362.2060    14     4     5   725   938
 358  493.1698  362.6550    16     5     5   805   484
 359  222.2735  362.9530    14     4     4   714   228
 360  777.0352  363.1849    16     4     5   728   764
 361  547.4111  364.7033    19     7     5   854   536
 362   39.1344  365.3627    14     5     4   832    44
 363  960.5000  366.6449    16     5     4   802   934
 364  550.7826  367.7337    13     4     4   682   544
 365  111.0840  370.9239    15     5     4   787   114
 366  261.3636  371.0673    12     3     4   677   262
 367  158.4302  372.8368    13     3     5   703   156
 368  980.2390  372.9057    14     4     5   776   960
 369  971.1755  373.9078    14     4     4   704   948
 370  660.0703  375.0511    17     4     5   796   654
 371  917.2385  377.5662    17     4     5   759   887
 372  465.7873  378.3582    12     4     3   663   447
 373  444.8663  379.5858    12     4     3   726   428
 374  547.8670  382.2308    16     5     4   784   538
 375  914.5261  382.9000    16     5     4   735   886
 376   19.6714  383.3796    11     4     3   600    23
 377  945.7749  384.4494    23     6     6  1474   925
 378   46.9207  384.6138    16     4     5   740    51
 379  830.0354  384.8087    14     4     4   775   807
 380  755.7689  385.9151    14     4     4   735   748
 381  179.4262  387.4139    15     5     3   719   178
 382  526.9786  390.6281    14     4     5   702   524
 383  616.3615  391.3596    10     3     4   627   618
 384  446.2367  392.0053    14     4     4   797   429
 385  226.6968  392.1000    14     4     4   765   232
 386  886.7671  392.7791    13     4     4   714   859
 387  598.8783  393.1497    14     4     4   748   594
 388   20.7361  393.9199    14     4     4   733    25
 389  998.4634  396.8278    12     3     4   666   973
 390  360.1726  399.2028    15     4     5   712   352
 391  764.5937  400.0299    14     5     4   759   756
 392  498.3816  402.7648    17     5     4   812   495
 393  660.1263  403.2593    17     4     5   764   655
 394  451.3854  403.4701    16     4     5   762   435
 395  761.3615  403.5720    16     5     5   882   754
 396  599.5687  403.6693    14     3     5   766   596
 397  900.3101  404.1851    15     4     4   766   869
 398  401.2368  406.0377    14     4     4   763   389
 399  203.4458  406.2458    12     3     4   655   205
 400   45.8899  408.3104    15     4     5   804    50
 401  865.2853  408.3147    18     5     5   860   833
 402  934.4802  408.6520    16     5     5   818   910
 403    6.6721  409.7787    18    10     2   302     8
 404  590.8945  410.2890    12     4     4   703   580
 405  705.7188  410.8583    16     5     4   841   703
 406   95.6132  413.8062    15     4     5   777    96
 407  365.8175  415.0401    14     4     4   751   358
 408  647.9217  415.9042    14     4     4   766   644
 409  519.6333  415.9108    14     5     4   695   518
 410  295.6556  416.1662    16     5     5   867   293
 411  220.7244  416.9407    17     5     4   785   224
 412  658.2792  417.6467    16     5     5   794   653
 413  110.2025  417.7033    16     5     5   765   113
 414  438.9050  418.3721    14     4     4   703   425
 415  792.2997  420.1587    15     4     5   774   779
 416  372.2193  421.8748    16     5     5   755   361
 417  311.2237  422.8074    16     4     5   739   305
 418  425.9851  424.6564    12     4     3   625   418
 419  497.1468  424.6640    13     4     4   685   494
 420  364.5615  425.3205    15     5     5   735   355
 421   12.3887  426.3377    17     5     5   817    17
 422  663.0927  428.5514    12     4     3   665   660
 423  104.5163  429.3564    15     4     5   763   109
 424  608.1693  429.4204    15     4     5   791   611
 425  572.8851  430.1117    15     4     5   781   566
 426  316.8529  431.3913    14     4     5   701   313
 427  171.3600  431.6104    15     4     5   757   169
 428  357.5192  431.6992    14     5     5   662   349
 429  351.1704  432.0961    14     4     4   759   341
 430  684.3014  433.4129    13     4     4   704   674
 431  964.8879  433.6637    13     4     4   741   941
 432  203.1772  435.6431    15     4     5   751   203
 433  853.7560  437.8242    16     5     4   746   827
 434  707.2622  438.8444    15     4     4   722   704
 435 1019.6820  441.1393    14     5     4   761   993
 436  522.0717  442.4948    14     4     4   712   519
 437   91.3609  444.5630    16     4     5   843    90
 438  643.6606  446.3063    13     4     4   703   638
 439  211.7184  447.9035    16     5     4   792   213
 440  495.2133  449.4266    14     4     5   726   489
 441  658.2235  449.7522    15     5     5   725   652
 442   47.7504  450.0403    14     4     4   699    53
 443  555.2305  452.6636    16     5     5   802   546
 444  872.8069  453.0054    14     4     4   694   842
 445  755.0595  454.0354    13     4     4   752   746
 446  369.7067  454.9471    14     4     4   764   359
 447   32.7020  455.5101    12     4     3   714    41
 448  581.9276  456.1824    15     4     5   723   576
 449  596.3657  456.3612    15     5     5   820   590
 450   41.9909  457.0831    16     4     4   822    47
 451  902.2332  457.1174    16     5     5   756   874
 452   77.6598  457.1329    13     4     4   762    82
 453  877.3129  458.5210    16     4     5   780   850
 454  664.2834  461.3518    17     5     5   784   662
 455  598.7155  461.9507    14     4     4   748   593
 456  106.7914  464.2130    15     5     4   833   112
 457  490.0550  464.3054    12     4     4   711   480
 458  314.4333  464.3527    17     5     4   815   310
 459  514.7619  464.5057    11     4     3   637   512
 460  661.5103  466.0017    12     3     4   700   657
 461  562.2095  466.2444    16     4     5   876   553
 462  161.3149  467.8338    17     5     5   829   160
 463  875.6056  468.7593    15     5     4   794   846
 464  763.5918  470.0562    16     5     4   890   755
 465   96.8701  470.0599    14     4     4   783    99
 466  538.4860  470.3016    15     5     5   795   533
 467  572.5051  471.0094    12     3     4   705   564
 468  550.6472  471.5774    15     4     5   809   543
 469  508.0714  473.3112    12     4     4   708   508
 470  128.8605  473.6250    12     4     3   672   128
 471  904.5778  475.8258    13     3     5   747   876
 472  489.9952  476.1174    15     4     4   772   479
 473  398.5287  476.1610    16     5     4   753   388
 474  726.0927  477.3088    14     5     4   825   720
 475  887.5285  480.4030    17     5     5   871   860
 476  165.3870  481.3006    15     5     4   787   163
 477  602.2564  482.1758    14     4     4   686   602
 478  974.3650  482.3574    16     5     4   812   954
 479  240.6624  484.8217    15     4     5   778   244
 480  647.9178  484.8674    14     4     4   736   643
 481   41.0990  485.4591    14     4     5   751    46
 482  701.3460  485.8449    22     6     5  1545   700
 483  682.9895  485.8514    14     4     4   712   673
 484  840.3493  489.0248    14     4     4   744   819
 485  795.4920  489.2978    16     5     5   783   782
 486  215.2915  489.3104    16     5     5   793   219
 487   79.7011  490.1936    13     5     4   662    83
 488  824.7504  490.7612    14     4     4   699   802
 489  700.9668  491.5249    12     4     3   722   699
 490  650.5804  493.5254    17     5     5   879   647
 491  786.5144  493.5288    17     5     5   796   776
 492  499.0422  494.8408    15     4     5   731   496
 493  912.9238  495.1915    14     4     4   704   885
 494  840.3671  495.4650    11     4     3   682   820
 495  557.6922  496.6002    15     4     5   769   550
 496  970.8967  498.7711    15     5     5   755   947
 497  222.0712  499.0399    14     4     4   716   227
 498  720.5615  499.6019    12     3     4   738   714
 499  210.5129  500.2935    16     5     4   780   211
 500  325.4936  501.0239    14     4     4   768   322
 501  940.8639  501.9410    15     4     4   760   917
 502  240.9757  502.2482    18     5     5   859   245
 503  923.8272  502.3212    16     4     5   753   898
 504  856.5541  502.9986    17     5     5   910   828
 505 1015.0750  503.4500    15     4     5   750   987
 506   91.5130  504.0549    12     3     4   657    91
 507  471.2899  504.2150    15     5     4   764   454
 508  322.7346  504.2444    16     5     4   825   318
 509  740.3236  504.6046    14     5     4   809   732
 510  529.1686  505.7171    16     5     4   851   526
 511  274.2116  506.0029    16     4     5   850   273
 512  615.5905  506.4401    17     5     5   855   617
 513  660.3672  507.4008    18     5     5   835   656
 514  937.0077  507.7037    15     4     5   798   913
 515  732.5497  512.0097    16     5     4   884   725
 516  131.0653  517.5717    14     4     4   768   130
 517  575.2391  518.1734    14     4     4   688   570
 518   94.8933  519.2159    16     5     5   783    94
 519  372.2626  519.2301    17     5     5   785   362
 520  480.9699  519.6376    15     4     5   797   465
 521  617.0171  522.0736    14     4     4   813   619
 522  948.3225  522.0763    12     3     4   644   927
 523   20.9991  523.9867    13     4     4   695    27
 524  935.7304  526.9788    14     4     4   752   911
 525  270.7654  527.5897    12     4     3   655   269
 526   80.3707  528.9031    16     5     4   748    84
 527  572.5322  530.3462    13     3     5   689   565
 528  310.9520  530.9363    13     4     4   703   304
 529  427.9324  531.7527    14     4     4   702   421
 530  962.3935  532.7822    11     3     4   645   936
 531  304.4133  533.7095    17     5     5   862   300
 532  415.1122  534.6531    14     4     5   728   411
 533  292.8077  534.7923    14     4     5   725   291
 534  285.4575  535.0867    14     5     4   728   285
 535  150.5978  535.6990    12     3     4   713   149
 536    6.7045  537.4697    13    10     2   262     9
 537  973.3463  537.5597    17     5     5   840   953
 538  448.8435  539.8581    16     5     5   780   432
 539  103.4779  540.8322    14     5     4   727   106
 540  244.2833  541.0987    14     4     4   763   248
 541  376.7123  541.4637    16     5     5   876   367
 542  826.0755  542.1879    17     4     5   766   803
 543  555.3424  542.9639    17     5     4   849   547
 544  402.5103  543.7239    15     5     5   735   390
 545  320.6463  544.5641    11     3     4   609   317
 546  550.4677  544.6273    14     5     4   729   541
 547  471.2783  544.6283    13     4     4   730   453
 548  488.6661  545.3882    15     5     4   794   476
 549  922.1229  545.5998    12     4     3   661   892
 550  413.7304  547.6324    15     5     5   762   407
 551  355.9023  548.5456    16     4     5   774   348
 552  810.3990  549.8192    14     4     4   754   796
 553   97.7243  550.1003    15     5     4   783   101
 554  906.4692  551.1000    17     5     5   885   878
 555  279.3216  553.7007    12     3     4   703   279
 556  699.3328  554.1125    16     5     4   800   697
 557  238.5721  554.4500    17     5     4   850   243
 558   28.0893  554.6013    12     4     3   663    38
 559  709.6581  556.2188    17     5     5   796   705
 560  636.0248  560.8898    17     4     5   896   633
 561    3.1452  562.3624    12     4     3   585     4
 562   92.9260  564.4420    16     4     5   815    92
 563  757.8837  564.9178    14     4     4   669   752
 564  789.4014  565.2592    17     5     5   880   778
 565  600.9392  567.0926    15     4     4   717   600
 566  891.6371  567.0941    12     3     4   667   863
 567  968.5768  567.2412    15     5     4   749   945
 568  334.4186  568.4007    15     4     5   764   328
 569  490.6002  568.7589    15     4     4   799   481
 570  354.6040  572.2052    16     5     4   852   346
 571  516.3898  572.5616    15     5     3   767   514
 572  333.6443  572.8866    12     4     4   702   326
 573  830.1817  574.9700    17     5     5   770   808
 574  614.6581  575.2337    16     5     4   742   614
 575   58.6602  575.8120    14     5     4   733    68
 576  687.0808  577.6936    14     4     4   703   677
 577  742.2505  577.9178    12     4     4   637   734
 578   82.8306  579.1347    15     4     4   755    88
 579  414.1711  580.1144    13     4     4   729   409
 580  605.7492  580.3328    14     5     3   762   606
 581  102.4418  580.7006    15     5     4   803   105
 582  716.0614  581.3183    14     4     4   751   711
 583   15.5958  581.7136     9     3     3   633    20
 584  248.4673  583.5804    15     3     5   822   253
 585   20.8049  584.1837    13     4     4   658    26
 586  742.4091  584.3201    11     3     4   638   735
 587  873.9112  584.5305    14     4     5   731   844
 588  116.2546  584.8823    16     5     4   759   118
 589  726.1322  585.5036    12     4     3   672   721
 590  989.8019  585.8490    13     4     4   703   968
 591  148.2529  586.6933    15     5     4   745   146
 592  167.5303  586.7660    12     3     4   714   166
 593  515.9760  588.0240    15     4     4   734   513
 594  375.9774  589.7528    15     4     4   858   366
 595   65.7577  590.7165    11     4     3   692    73
 596   27.8698  591.0464    15     4     5   818    36
 597  417.8655  593.2517    15     5     4   730   413
 598  198.8121  593.8922    14     4     4   752   197
 599  319.4712  595.2292    17     5     5   794   316
 600    6.2263  595.7611    12     4     4   595     6
 601  833.7634  596.6510    16     4     5   756   812
 602  412.4763  598.7092    16     5     4   834   403
 603  876.5383  599.3748    14     5     4   715   847
 604   70.8670  601.0035    14     4     4   704    78
 605  266.4295  601.2721    14     3     5   750   265
 606  697.8445  602.8991    14     4     4   799   692
 607  894.7616  602.9639    13     4     4   753   865
 608  290.9061  604.3390    16     4     5   719   287
 609  300.3537  604.7788    16     5     4   741   299
 610  803.2469  605.4405    17     5     5   893   790
 611  596.6412  606.0862    16     5     4   769   591
 612  213.7020  606.2053    14     4     4   744   216
 613  986.7093  606.6429    18     5     5   887   962
 614  691.2626  607.1423    15     5     4   765   682
 615  186.6682  607.7991    12     3     4   655   188
 616  249.7187  609.5018    14     4     5   707   255
 617 1008.4412  609.6732    15     5     5   762   981
 618  292.4450  610.6053    16     5     5   815   290
 619   81.6059  611.0140    17     5     4   812    86
 620  134.0251  611.1989    14     4     4   698   132
 621  745.7768  611.2120    17     5     4   795   740
 622  921.8556  611.9735    13     4     4   715   891
 623   42.5523  612.8390    12     3     4   713    48
 624  868.9704  612.9778    13     4     4   806   836
 625  655.7169  613.4296    17     5     5   880   649
 626  581.2990  613.8452    15     4     4   767   575
 627  174.1835  614.4468    17     5     5   884   173
 628  797.7265  616.4061    11     4     3   600   784
 629  204.9714  616.6650    12     4     4   714   207
 630    9.2101  617.2436    13     4     4   637    16
 631  151.9088  619.0133    14     4     4   705   151
 632  466.0523  621.9428    15     5     4   762   448
 633  688.1350  622.1302    14     4     4   762   678
 634  880.0990  624.5573    16     4     5   736   853
 635  554.3333  627.2865    15     4     5   726   545
 636  293.4548  629.4655    26     7     6  1477   292
 637  802.9768  631.8671    14     4     4   723   789
 638  146.5610  632.1696    17     5     5   842   143
 639  972.6295  633.1727    14     4     4   696   952
 640  561.5092  634.4066    15     5     3   696   552
 641   76.7504  634.7094    16     5     4   795    80
 642  451.1484  638.2347    14     4     4   743   434
 643   98.9023  640.0595    15     4     5   856   102
 644  173.5065  640.1516    16     5     5   780   172
 645  610.7983  640.7504    16     5     4   807   612
 646  928.9207  640.8690    14     4     4   720   904
 647  557.2947  643.4680    11     4     3   641   549
 648  517.8882  645.7929    17     4     5   863   516
 649  945.4553  646.1294    13     4     4   667   924
 650  522.8770  646.6151    16     4     5   855   520
 651  326.5627  647.0313    16     5     4   830   323
 652  574.0361  647.2836    14     4     4   750   568
 653  115.0671  647.2845    14     4     4   706   117
 654  380.8455  647.2857    14     4     4   742   372
 655  594.7716  650.0974    13     4     4   756   588
 656  315.2472  651.6008    16     4     5   785   312
 657  482.6161  656.3652    10     3     4   634   468
 658  448.0243  657.1871    15     4     4   850   430
 659  715.2724  658.3569    15     4     5   730   710
 660  630.4676  658.8777    12     3     4   676   627
 661  343.1901  658.9585    14     4     4   779   335
 662  396.0938  660.0726    15     4     4   763   384
 663  818.3812  662.2459    12     3     4   667   799
 664  822.8837  662.3750    14     4     4   716   800
 665  188.7411  664.0777    18     5     4   881   191
 666    6.8106  665.7955    18    10     2   312    12
 667  361.7631  666.9703    21     6     5  1373   353
 668 1015.4688  668.1069    15     5     4   791   989
 669   27.8735  668.3434    17     5     5   834    37
 670  989.1764  668.4822    14     4     5   758   966
 671  510.6041  669.4107    15     5     5   755   509
 672  407.6510  671.7127    15     5     4   766   397
 673  413.8021  672.5440    18     5     5   885   408
 674  638.6163  674.2542    15     5     4   752   635
 675  841.0778  675.6621    14     4     4   763   821
 676  463.0276  677.1161    15     4     5   783   446
 677  120.9938  678.1304    14     4     4   784   123
 678  664.8616  679.4347    13     5     3   697   663
 679  451.4054  680.0482    14     4     4   700   436
 680  900.6849  680.5962     9     3     3   620   872
 681   22.6544  682.7064    17     5     5   766    28
 682  125.7003  683.2135    16     5     4   844   126
 683  312.1088  685.5357    16     4     5   748   307
 684  731.9067  686.7674    18     5     5   898   724
 685  989.0990  688.0802    13     4     4   716   965
 686  496.3411  691.1553    16     5     5   865   493
 687  322.7346  692.2606    16     5     4   795   319
 688  449.2515  692.8497    15     4     4   802   433
 689  186.3160  697.7913    13     4     4   717   187
 690   66.0472  698.6711    16     5     4   838    75
 691  649.8714  698.7357    14     4     4   700   645
 692  910.0210  700.2425    17     4     5   838   880
 693  166.4230  700.2737    16     5     5   783   164
 694  799.7197  700.3061    17     5     5   789   785
 695  145.0081  701.1356    14     4     4   815   142
 696  396.4774  702.5019     9     3     3   621   385
 697  593.2021  703.0794    15     4     5   761   584
 698  544.7837  703.8503    15     4     4   721   535
 699  979.1612  704.7117    17     4     5   784   959
 700  472.1504  712.0911    15     4     5   825   456
 701   55.2412  712.5768    15     4     5   749    64
 702  395.1146  713.7130    17     4     5   785   383
 703  141.5539  715.9675    12     3     4   751   139
 704  278.9167  716.6275    13     4     4   742   278
 705  937.9853  716.6827    14     4     4   649   914
 706  756.9453  719.4926    15     4     5   826   750
 707  207.2830  719.7588    14     4     4   739   208
 708  453.5857  722.4444    15     5     5   815   437
 709  883.7198  726.4558    18     5     5   858   856
 710  141.4414  727.1919    13     4     4   659   138
 711  626.0184  727.3374    16     4     5   812   623
 712  903.0244  727.3874    16     4     5   835   875
 713  317.2535  728.5455    15     5     5   787   314
 714  846.0782  730.1105    13     4     4   718   824
 715  599.6214  731.7342    14     3     5   725   597
 716  691.6545  734.4086    16     5     5   762   685
 717   84.8061  735.2466    17     5     5   758    89
 718  742.9065  736.2977    18     5     5  1292   736
 719  517.7094  737.1000    14     4     4   780   515
 720  173.3776  740.0684    17     5     5   791   171
 721  412.1481  740.5331    17     5     5   835   402
 722 1015.1788  740.7368    16     4     5   764   988
 723  139.1753  742.7892    15     4     4   769   136
 724  928.3205  749.1907    17     5     5   794   901
 725  312.6230  749.7127    17     5     5   861   308
 726  393.1571  750.0696    15     5     4   710   381
 727  655.8529  752.0768    16     5     4   857   650
 728  946.6097  752.9037    16     5     4   871   926
 729  638.5988  753.3781    16     5     5   808   634
 730  149.5769  755.1269    11     3     4   630   148
 731  255.9547  756.2402    15     4     4   812   260
 732  234.9609  756.3078    14     4     4   702   239
 733  977.7331  757.0230    15     5     4   802   958
 734  894.9123  759.5174    16     4     5   793   866
 735  785.7000  759.6891    17     5     5   905   773
 736  397.5978  760.7864    12     3     4   703   387
 737  928.6501  761.0814    15     5     4   783   903
 738  967.8858  762.4812    14     4     5   832   943
 739  714.4404  762.7555    16     5     5   798   708
 740  550.4723  763.3078    15     5     5   764   542
 741  242.4794  765.4074    16     5     4   743   247
 742  384.0114  766.2117    16     4     5   774   374
 743  689.0491  766.3513    16     4     5   792   679
 744  511.9866  766.9214    16     5     4   834   510
 745  308.9195  770.6187    14     4     4   755   303
 746  478.7454  770.6587    13     4     4   672   461
 747  535.1291  772.7003    15     4     5   789   532
 748  662.0276  773.5714    14     4     4   756   658
 749  113.1453  773.6199    13     4     4   722   115
 750  556.3451  774.5895    14     5     3   721   548
 751    2.5269  774.7763    11     3     4   519     1
 752  228.5152  777.8530    16     5     5   752   235
 753   25.9167  779.2971    14     4     4   692    32
 754   54.0102  780.1787    18     5     5   815    62
 755 1004.2027  781.3811    16     5     5   816   978
 756  435.0050  782.4684    12     4     3   722   423
 757  801.4968  784.0670    14     4     5   759   786
 758  365.0016  784.9471    16     4     4   784   356
 759  484.7356  786.2051    16     5     4   733   469
 760  500.1779  786.2079    14     4     4   674   498
 761  775.8856  786.6514    16     4     5   728   763
 762  593.5221  787.4779    13     5     3   763   586
 763  600.6684  787.7306    14     5     4   734   599
 764  802.6794  788.3596    16     5     5   801   788
 765  185.4428  788.8367    12     3     4   714   185
 766  410.1096  791.5368    15     4     5   775   399
 767  425.9254  792.5387    12     4     3   663   417
 768  796.5856  792.5909     9     3     3   651   783
 769    6.7800  793.4840    12    10     2   245    10
 770  991.9555  795.2661    14     4     4   713   970
 771  299.5330  796.1353    14     5     4   746   298
 772  409.4442  796.3088    10     3     4   602   398
 773  602.7843  797.4807    15     4     5   667   604
 774  833.7652  798.6127    16     4     5   737   813
 775  741.8400  799.2815    16     5     5   810   733
 776  461.5493  800.4212    14     5     3   749   443
 777  859.4605  800.4322     9     3     3   621   829
 778   47.7357  800.4775    12     4     3   697    52
 779  817.5362  801.4901    14     5     4   748   798
 780  494.1802  803.1628    16     4     5   848   487
 781  501.7096  804.4288    15     4     5   670   501
 782  487.0800  804.5417    14     4     5   740   472
 783  575.9484  806.0356    13     4     4   692   571
 784   26.1502  806.3885    15     4     5   796    33
 785  786.2708  806.6848    13     4     4   671   775
 786  593.5299  810.8708    13     5     4   699   587
 787  827.9977  812.2457    14     4     4   785   804
 788  771.9787  813.5711    16     4     5   793   761
 789  574.5708  814.1862    14     5     4   790   569
 790  596.3504  815.5897    18     5     5   882   589
 791  612.7437  816.8285    14     4     5   694   613
 792  977.0755  818.6264    14     4     4   670   956
 793  202.4156  819.5176    14     5     3   709   200
 794  534.4421  819.6030    23     5     6  1473   531
 795  657.2557  821.5738    15     4     5   760   651
 796  212.5037  822.2989    12     3     4   662   214
 797  244.3260  822.5068    15     4     5   742   249
 798  835.0823  822.8780    16     4     4   816   814
 799  922.1374  822.8848    14     4     4   813   893
 800  472.0888  822.8856    14     4     4   765   455
 801  638.9176  823.7944    14     4     4   765   636
 802  402.7532  824.6931    13     4     4   679   391
 803   27.2273  827.1152    14     4     4   800    35
 804  698.9561  827.3924    13     5     3   790   696
 805 1011.4567  827.3943     9     3     3   667   985
 806   65.9437  827.7454    15     4     4   851    74
 807   55.4964  827.7901    12     3     4   668    66
 808  570.2283  828.0859    17     5     4   851   561
 809  504.1854  828.8963    14     5     4   728   503
 810  922.5466  829.4713    15     3     5   708   894
 811  454.6164  830.5803    16     4     5   770   440
 812  500.5768  831.3674    10     3     4   673   499
 813  323.5226  833.7678    16     5     4   735   320
 814  703.5839  834.9753    15     5     4   758   701
 815  877.2692  837.3598    13     4     4   715   849
 816  297.0990  837.3607    12     4     4   716   296
 817  132.2331  837.6115    12     4     3   667   131
 818  385.6877  837.6246    16     6     4   730   376
 819  390.8904  839.2096    17     4     5   900   380
 820  802.2430  839.2666    17     5     5   847   787
 821  203.2472  842.3992    16     4     5   785   204
 822  495.7946  844.3105    15     4     5   778   491
 823    2.9442  844.7344    13     4     4   659     3
 824  579.9455  846.6634    12     4     3   726   573
 825  896.1365  848.2592    17     5     5   822   867
 826  350.7589  848.3706    17     5     5   873   340
 827  371.7660  850.0976    15     5     4   729   360
 828  971.8507  850.5075    12     4     3   656   950
 829  341.0882  850.6092    12     4     3   715   333
 830  420.0665  850.6570    14     4     4   809   415
 831  698.9181  850.8466    14     4     4   769   695
 832  273.0318  851.3045    17     5     5   830   272
 833  631.8040  851.8888    14     4     4   765   628
 834  977.4117  853.0848    16     5     4   726   957
 835  650.0484  854.0455    16     5     4   831   646
 836  900.6368  854.4011     9     3     3   565   871
 837  485.5678  854.5497    16     5     4   824   470
 838  466.8702  857.9531    16     5     5   811   449
 839  804.3342  858.2597    13     4     4   721   792
 840  969.3100  859.3830    14     5     4   798   946
 841  120.6717  860.7850    16     5     4   760   122
 842 1009.7195  861.4428    17     5     5   817   982
 843  448.8082  862.7590    16     5     5   851   431
 844  986.4128  863.3998    14     5     3   679   961
 845  635.3598  866.6014    15     4     5   742   630
 846  348.0279  867.3173    14     4     4   731   337
 847  155.2566  867.4938    17     5     5   811   155
 848  868.5635  867.6104    14     3     5   738   835
 849  178.3214  867.6889    16     5     5   843   175
 850  159.3677  868.2004    11     3     4   624   158
 851  557.8072  870.5112    17     5     5   795   551
 852  337.4739  870.9283    14     5     4   677   330
 853  733.4580  872.8108    12     3     4   667   726
 854  691.0530  873.5772    12     4     3   677   681
 855  783.2652  873.5777    12     4     3   712   766
 856  891.2357  874.2944    16     4     5   841   862
 857  505.5481  877.3277    11     3     4   609   505
 858  210.7363  877.5205    13     5     3   714   212
 859  471.0733  878.4452    16     4     5   781   452
 860  785.0671  878.5698    15     4     5   709   771
 861  346.9922  880.3287    16     4     5   802   336
 862  284.4844  882.3754    12     3     4   762   284
 863  411.5435  882.3829    16     5     4   758   400
 864  184.4924  884.6162    17     5     5   824   181
 865  589.3940  886.9260    12     3     4   667   579
 866  739.8730  886.9306    14     4     4   695   729
 867  397.0318  887.5069    16     4     5   741   386
 868  170.1892  887.8338    16     5     4   810   167
 869  614.7959  888.8033    16     5     5   836   615
 870  506.1609  889.1142    16     5     4   738   506
 871  238.4848  889.7770    16     5     5   752   242
 872  487.5421  891.4439    11     3     4   609   474
 873  253.2621  892.9084    14     4     4   762   258
 874  499.9659  893.9642    14     4     4   726   497
 875  754.4873  894.2822    14     5     4   691   745
 876  944.4383  896.3617    13     3     5   665   921
 877  929.8143  899.7881    14     5     4   789   905
 878   95.3550  900.6864     9     3     3   621    95
 879   49.9993  902.2372    17     4     5   893    59
 880  839.6734  903.6301    17     5     5   885   817
 881  403.1265  903.9188    14     4     4   737   392
 882  963.3688  905.1448    15     4     5   775   939
 883  751.6126  905.5889    13     3     5   636   742
 884  691.6453  906.0525    17     5     5   865   684
 885  547.4934  906.9337    17     5     5   924   537
 886  178.9953  907.2303    14     4     4   774   176
 887 1021.3233  907.4011    14     4     5   706   998
 888  143.7468  908.6706    14     5     4   691   141
 889  923.2238  909.1049    13     4     4   702   896
 890  527.2665  910.4134    15     4     5   831   525
 891  731.2387  910.7161    18     5     5   865   723
 892   77.3905  911.4031    14     3     5   697    81
 893  829.8671  913.1184    15     4     4   771   806
 894  754.0297  913.1378    14     4     4   695   744
 895  769.2209  914.5445    14     4     5   724   758
 896  504.4648  916.5778    14     3     5   680   504
 897  264.3530  917.5439    15     5     4   810   263
 898  523.4582  918.4024    14     5     4   714   521
 899  101.8890  920.2496    15     4     5   749   104
 900    6.8106  921.7955    18    10     2   312    11
 901  390.4024  923.1563    18     5     5   887   379
 902  912.5307  924.7669    16     5     5   812   883
 903   55.0614  927.8206    14     4     4   767    63
 904   45.8769  929.2868    17     5     5   775    49
 905  478.9873  932.2673    15     4     5   700   462
 906  274.4952  933.1190    15     5     4   780   274
 907  823.6404  935.2349    11     3     4   623   801
 908   81.8967  935.7311    14     4     4   750    87
 909  727.1313  937.9858    15     4     4   782   722
 910 1005.3280  939.5096    16     5     5   782   980
 911  770.5039  940.4020    12     5     3   630   760
 912  480.3889  940.7018    16     5     4   844   464
 913  195.6240  940.8719    13     4     4   727   195
 914  690.9302  941.3620    16     4     5   776   680
 915  908.4168  941.8266    12     3     4   613   879
 916  717.0299  943.8192    15     4     5   786   712
 917  278.8603  943.9711    21     5     6  1420   277
 918  684.5489  946.5562    15     3     5   702   676
 919  923.7055  946.6034    19     6     5   915   897
 920  229.2323  946.9352    14     4     4   719   236
 921  928.0809  947.3981    14     4     5   758   900
 922  548.5000  948.5794    14     5     4   732   539
 923  912.8365  949.6413    12     4     3   750   884
 924 1020.0863  950.7482    13     4     4   698   994
 925   96.9356  952.8220    15     4     5   740   100
 926  673.4692  952.8846    16     5     5   810   668
 927  413.1913  954.6209    14     4     4   694   406
 928  282.2350  957.9407    15     4     4   799   282
 929  423.2204  957.9425    14     4     4   766   416
 930  878.8547  961.2148    13     4     4   691   851
 931  493.5228  962.1667    14     5     4   755   485
 932   31.8019  963.1261    14     5     4   723    40
 933  696.7483  965.0050    18     5     4   780   691
 934  700.6211  965.2469    16     4     5   804   698
 935  682.4494  966.3728    15     5     4   763   672
 936  872.1164  966.9486    14     4     4   724   840
 937   48.4095  967.2511    15     5     4   813    55
 938  990.3303  968.4647    15     4     5   745   969
 939  899.4686  968.7902    12     3     4   661   868
 940  203.0404  968.8526    14     4     4   710   202
 941  334.2115  970.1521    15     4     4   722   327
 942  876.8986  970.4528    15     4     5   722   848
 943   15.9071  973.3478    15     4     5   774    21
 944  774.8079  973.6463    17     4     5   826   762
 945  566.8750  973.6775    15     4     5   798   560
 946   19.6798  973.7642    13     4     4   675    24
 947  838.5712  974.0588    16     5     4   806   816
 948  185.2767  975.3703    12     4     4   729   183
 949  600.0520  977.8598    14     4     4   707   598
 950   58.3097  978.5100    19     5     5   889    67
 951  314.8149  979.1151    18     5     4   923   311
 952  269.7166  979.3217    15     5     4   778   267
 953  911.6196  980.1794    15     5     4   752   882
 954  593.2054  980.5094    12     4     3   653   585
 955  414.6803  985.8248    13     4     4   718   410
 956  930.0136  988.4632    15     4     5   775   906
 957  488.6553  988.5471    14     5     5   713   475
 958  989.0570  989.4570    12     4     3   655   964
 959  314.2303  989.8142    17     5     4   867   309
 960  580.3853  990.2726    12     3     4   652   574
 961  944.4910  992.0776    12     3     4   674   922
 962  472.3847  992.9811    13     4     4   737   457
 963  989.7244  997.8375    14     4     4   706   967
 964  607.1310  998.2005    13     4     4   691   609
 965  564.8157  998.9759    15     4     4   793   558
 966  475.1684  999.0697    14     4     4   728   458
 967  635.5440  999.1509    12     3     4   756   631
 968   70.8297  999.4552    14     4     5   698    77
 969  626.2366 1002.3454    12     4     3   644   624
 970  747.5756 1003.8312    12     3     4   742   741
 971    6.9442 1009.9745    13     4     4   659    15
 972  785.2584 1010.7765    18     5     5   896   772
 973  993.2549 1011.3605     9     3     3   649   971
 974  693.4516 1012.5753     9     3     3   648   687
 975  189.9390 1012.8831    14     4     4   730   192
 976  116.2876 1013.1973    15     5     5   781   119
 977  592.2612 1014.5121    17     5     5   748   582
 978  549.8885 1015.1769    13     4     4   650   540
 979  755.2698 1015.3264    12     3     5   650   747
 980  602.2726 1016.5658    10     4     3   632   603
 981  572.4714 1016.6275    11     3     4   565   563
 982   49.9409 1018.3418    15     5     5   801    58
 983  231.2391 1018.3696    15     2     8   242   237
 984  871.5177 1018.5973    11     2     9   223   838
 985  359.5250 1018.6000    12     2     9   240   351
 986  487.1923 1018.6111    16     2     8   277   473
 987  743.2103 1018.6589    16     2     8   267   738
 988  103.5082 1018.8033    10     2     9   222   107
 989  999.1667 1018.8333    16     2     8   295   974
 990  615.5088 1018.9649    10     2     9   214   616
 991  606.1496 1018.9713    12     4     4   608   607
 992  242.1579 1019.8613    13     4     4   703   246
 993  829.0656 1020.2495    12     4     3   631   805
 994  847.4981 1020.8090    12     4     4   654   825
 995  476.3728 1021.2097    11     3     4   613   459
 996  737.0195 1022.0172    10     4     3   535   728
 997  210.2179 1022.0286    10     4     3   607   210
 998  380.4923 1022.0615    10     5     3   620   371
