997
   0  954.3619    1.9610    10     4     3   549   927
   1  813.0836    2.3481    11     4     3   696   793
   2  965.2963    4.3557    15     5     5   739   940
   3  509.2599    5.3130    12     4     3   703   506
   4  163.8981    5.5125    13     4     4   768   170
   5  173.8383    6.1914    13     4     4   668   178
   6  460.5258    6.2310    15     5     4   808   445
   7  235.2487    6.6409    12     4     3   709   242
   8  696.8854    7.1604    15     5     5   739   687
   9 1005.5215   10.2003    14     5     4   744   978
  10  315.5340   10.2800    11     3     4   610   306
  11  338.8288   10.5240    12     4     3   704   329
  12  395.3876   13.0405    16     5     4   863   385
  13  669.4286   18.8622    16     5     5   748   665
  14  623.0764   21.1308    18     5     5   933   616
  15  197.1642   21.8248    15     4     5   695   204
  16  495.0597   22.0651    15     4     4   711   487
  17  206.4458   23.3626    14     5     3   693   215
  18  588.1355   23.7839    14     4     4   760   584
  19    6.8008   25.4837    12    10     2   243    11
  20  951.9027   25.5428    17     5     5   848   924
  21  814.2388   25.6273    15     4     5   755   797
  22  281.6561   26.2717    18     5     5   872   283
  23   87.3814   27.1203    13     4     4   712    88
  24  185.6117   27.6631    15     4     5   714   190
  25  908.4258   28.4835     9     3     3   575   879
  26  449.8280   28.9592    15     5     4   775   429
  27  487.0681   32.2361    12     4     3   715   473
  28  222.6961   34.4572    15     4     5   711   229
  29  352.3713   34.6287    16     4     5   766   344
  30  965.8865   37.4894    13     5     3   694   942
  31  190.6479   37.4894     9     3     3   658   194
  32  901.9689   37.7367    15     4     4   826   871
  33  858.6385   38.5845    17     5     5   856   828
  34    3.6142   40.0582    14     5     4   604     5
  35  124.9604   44.7690    17     4     5   776   124
  36  638.2824   44.9426    16     4     5   831   632
  37  575.1708   45.1620    13     4     4   698   564
  38  858.9868   47.5912    16     4     5   840   829
  39  719.8844   48.3355    15     4     5   764   713
  40  643.4148   48.6461    14     3     5   715   640
  41  154.5393   48.9550    12     3     4   731   152
  42  262.1858   51.6165    12     4     3   661   268
  43 1005.1780   53.2179    17     5     5   847   977
  44  356.6888   54.2008    13     4     4   755   347
  45  158.0187   54.2300    14     4     4   703   163
  46  609.4771   56.6341    17     5     5   826   605
  47   17.2668   57.0229    16     5     4   816    23
  48  493.8017   58.3218    18     5     5   876   485
  49  752.3961   58.7346    15     5     5   785   739
  50  454.6350   58.7402    14     4     5   777   436
  51   81.8971   58.7487    13     4     5   689    84
  52  769.4740   59.7820    12     3     4   659   750
  53  658.0462   60.5622    12     4     3   715   651
  54  396.8272   60.6115    12     4     3   667   388
  55  239.0631   60.6115    12     4     3   667   246
  56  956.2759   65.4835    15     5     5   757   930
  57  396.4178   67.0711    12     3     4   619   387
  58  813.6113   68.0133    13     5     4   732   796
  59  278.2715   68.2397    13     5     3   664   281
  60  365.3731   71.1418    13     3     5   666   357
  61  530.0389   71.1625    16     4     5   726   524
  62  893.0218   72.1806    14     4     4   713   862
  63  784.8930   72.3507    14     4     4   743   767
  64   28.9157   73.3860    14     4     4   763    38
  65  624.2632   76.6441    18     5     5   881   617
  66  110.2223   77.2238    15     5     4   827   105
  67  970.6093   77.3907    14     5     3   680   950
  68  932.3806   77.3937    13     5     3   666   905
  69  961.6522   79.0217    15     5     4   794   936
  70  863.3131   79.3602    15     3     5   808   835
  71  146.1625   79.6009    16     5     5   794   141
  72  360.4984   81.8069    12     3     4   762   351
  73  420.2210   82.9661    13     4     4   750   410
  74  491.0324   83.1911    13     4     4   716   478
  75  478.6963   83.6692    13     4     4   721   462
  76  763.2049   84.5314    17     5     5   902   745
  77  770.2449   85.4937    15     5     5   789   751
  78  573.2604   86.0750    16     5     4   807   562
  79  804.2221   86.7998    14     4     4   687   788
  80  701.7377   87.6207    12     4     3   667   693
  81  748.5280   87.6859    14     5     3   748   736
  82  614.2859   88.2241    15     5     5   846   609
  83 1005.0635   89.5146    17     5     5   926   976
  84  221.1744   89.5698    14     4     5   742   227
  85  952.4668   89.5945    16     5     5   763   925
  86  101.0563   90.8311    13     4     4   716    99
  87  865.6773   91.2603    15     5     4   759   837
  88  404.2317   91.5100    12     4     3   720   397
  89  529.9326   91.5119    13     5     3   805   523
  90  245.0067   93.8889    15     4     5   744   255
  91  925.2421   94.0902    14     4     4   772   896
  92  157.7985   94.3988    16     5     5   743   161
  93  534.1600   95.4022    12     4     3   723   529
  94  982.3579   95.6781    15     5     4   734   961
  95  431.1392   95.8047    15     4     4   721   420
  96  208.5611  100.5168     9     3     3   565   217
  97   45.5733  101.2229    17     5     5   852    53
  98  120.3597  101.6194    18     5     5   900   119
  99  149.5952  104.8285    14     4     4   697   146
 100  693.2099  105.4231    14     4     4   764   682
 101  334.6170  106.0631    12     3     4   667   322
 102  818.5609  106.0804    13     4     4   721   802
 103  572.5639  107.2923    14     3     5   766   561
 104  355.5608  107.6081    16     5     5   752   345
 105  250.7708  109.2586    14     5     4   753   260
 106  967.7183  111.3688    15     4     5   851   947
 107  781.8202  111.4561    17     5     5   854   766
 108  141.0340  113.0887    14     4     4   743   138
 109  915.8612  113.3311    13     5     3   728   883
 110  576.5000  113.5104     9     3     3   666   565
 111  163.0000  113.9530    13     4     4   704   169
 112  226.5167  115.0870    12     3     4   718   235
 113 1013.7714  115.9619    14     4     4   770   987
 114  666.0800  116.6815    15     4     5   800   661
 115  392.3266  117.6442    15     4     5   767   380
 116  285.7200  118.5265    11     4     3   601   284
 117  222.1667  119.7395    14     4     4   737   228
 118  501.8824  119.8021    14     4     4   663   499
 119  942.1060  125.2086    17     5     5   774   916
 120  118.0385  125.6240    16     4     5   797   116
 121  649.4139  125.8828    14     5     4   767   646
 122  154.7535  125.9110    14     4     5   775   154
 123  168.8977  126.1252    13     4     4   653   174
 124  890.7586  127.1798    13     4     4   714   860
 125  732.8438  127.8003    14     4     4   716   723
 126  379.8212  129.3757    17     4     5   886   368
 127  322.6935  129.8585    17     5     5   873   311
 128  349.1594  129.8595    19     5     5   877   342
 129  223.1330  130.1174    14     4     4   715   230
 130   44.2515  130.7766    17     5     5   846    50
 131  682.3287  131.3711    15     5     3   763   672
 132  260.3104  135.5519    15     5     5   767   264
 133  465.8048  137.0500    15     4     5   770   447
 134  306.3849  137.9194    12     3     4   728   298
 135  395.1682  138.1729    17     4     5   815   383
 136  824.4620  141.0354    16     5     4   739   805
 137  662.0360  141.8968    14     4     4   765   656
 138  126.2809  142.5278    15     4     5   725   126
 139  206.2836  145.8037    14     5     4   736   214
 140  951.8387  147.8212    16     5     5   845   922
 141  907.1750  148.1821    13     4     4   693   877
 142  917.4254  150.2463    12     3     4   656   885
 143  431.4902  150.6000    16     5     4   770   421
 144  206.0077  152.4111    16     4     5   745   213
 145  364.2691  152.8606    14     4     4   703   356
 146  188.4411  153.2964    15     5     4   710   192
 147  196.1219  153.3011    13     4     4   688   202
 148   11.9313  153.4536    11     4     3   627    19
 149    7.3042  153.9266    17    10     2   313    15
 150  201.1864  155.1545    15     4     5   810   209
 151  378.1858  156.8854    14     4     5   716   367
 152  788.8014  157.0627    14     4     4   714   770
 153  533.0712  157.8076    15     4     5   810   528
 154   82.2990  159.0402    14     4     4   762    85
 155  708.3421  159.8970    15     5     4   815   698
 156  490.9620  159.9977    14     4     4   785   477
 157  342.0119  160.4866    15     4     5   822   334
 158 1006.1789  162.7246    15     4     4   720   980
 159   41.6297  163.7952    13     4     4   716    48
 160  521.0852  164.8391    14     4     4   774   518
 161  878.5230  166.4098    16     5     5   770   848
 162  150.9743  166.8168    15     4     5   734   149
 163  733.4583  167.3420     9     3     3   666   724
 164  873.7166  167.4376     9     3     3   667   844
 165  897.6791  171.3070    15     5     4   725   866
 166  449.8130  173.4170    18     5     6   867   428
 167  639.2739  173.5553    15     4     5   747   633
 168  271.9035  174.4897    14     4     5   819   274
 169  583.3218  174.7414    16     5     5   856   574
 170 1022.1247  176.2062     9     3     4   495   996
 171  912.3045  176.4403    10     4     3   586   880
 172  609.0697  177.4830    13     4     4   718   604
 173  170.8718  177.6679    13     4     4   684   175
 174  450.5698  178.5419    15     4     5   795   431
 175  277.8173  179.1613    15     5     4   711   280
 176  960.5000  179.3289    17     5     5   889   934
 177  651.1158  180.7333    14     4     4   710   647
 178  693.7446  182.6722    13     4     4   641   683
 179  208.7782  183.0056    13     4     4   662   218
 180  927.6520  185.0385    12     3     4   666   902
 181  717.4140  186.1298    15     5     4   755   712
 182  477.1216  186.4662    14     4     4   761   459
 183  343.7679  187.5296    16     4     5   802   336
 184  780.1182  188.3848    15     4     5   810   762
 185  140.2002  188.9482    15     4     5   797   137
 186  816.9094  189.0833    15     4     4   702   801
 187  339.5377  190.7731    14     5     4   671   330
 188  382.4032  191.7615    16     5     4   749   371
 189  484.8911  194.1836    14     5     4   769   469
 190  185.1109  194.3959    12     4     3   706   188
 191 1020.3320  196.1255    12     3     4   638   993
 192  223.9679  196.6487    16     4     5   799   232
 193  880.5000  197.9333    15     5     4   780   850
 194  270.9787  197.9803    14     4     4   773   273
 195  965.5634  200.6901    18     5     5   890   941
 196  190.5586  200.8515    12     3     4   615   193
 197  853.4756  202.5521    14     5     5   754   822
 198   23.9916  203.1522    14     4     4   738    28
 199  414.4301  204.4130    13     3     5   774   406
 200  332.4319  204.6362    15     5     4   752   320
 201  967.6033  206.7717    14     3     5   740   946
 202  674.7516  207.1779    14     4     4   764   670
 203    1.8694  208.3217     7     2     4   384     0
 204  932.9454  208.5604    12     4     3   733   906
 205  341.7581  208.8677    16     5     4   780   333
 206  248.0496  209.6652    15     4     5   725   258
 207  239.4625  210.7338    14     3     5   726   248
 208  603.6625  211.3872    13     3     5   653   600
 209  954.6648  212.8521    12     3     4   654   928
 210   89.2930  213.1587    17     5     5   885    90
 211  211.9203  213.5349    15     5     5   809   222
 212  845.6559  213.6821    14     4     4   788   813
 213    2.0084  213.7303     8     3     3   436     1
 214  139.2823  214.4510    18     5     5   915   135
 215  814.2438  214.7529    14     4     5   749   798
 216  888.7692  215.6709    17     5     5   872   857
 217  974.9601  219.8141    14     4     5   729   954
 218  210.8563  219.8668    16     5     5   828   219
 219  117.6225  221.4077    14     5     3   736   115
 220  801.5504  222.2563    12     3     4   715   783
 221  689.9670  223.7303    16     4     5   781   680
 222  479.6839  227.2002    16     5     5   807   463
 223  460.5192  228.7830    16     5     5   888   444
 224  726.3494  229.5151    17     5     5   834   719
 225  698.9613  231.4192    12     4     4   714   691
 226  790.3202  231.6169    14     5     4   713   772
 227  673.0977  231.7036    14     4     4   744   667
 228  440.3924  232.7840    16     5     5   727   425
 229  294.7915  234.4059    12     4     3   662   293
 230  348.5000  234.6032    14     5     4   731   341
 231   21.1709  235.5750    12     4     3   667    26
 232  665.4488  236.1164    16     5     5   843   660
 233  853.5804  236.1328    16     5     5   819   823
 234  890.1246  236.2065    16     4     5   746   858
 235   64.3246  237.4530    16     4     6   884    71
 236  292.4917  238.4603    17     5     5   774   292
 237  697.3524  238.9444    12     3     4   750   688
 238  426.3642  239.1159    13     5     4   734   414
 239  148.1913  239.5129    12     4     3   661   144
 240  544.4301  239.5170     9     3     3   619   537
 241   66.3278  239.8864     9     3     4   636    72
 242  765.2190  240.8876    14     4     4   834   746
 243  493.3641  241.1269    16     5     5   881   483
 244  426.8671  243.3535    12     4     3   673   416
 245 1020.9620  244.5792    12     4     3   739   994
 246  373.9105  245.0687    15     4     5   776   359
 247  946.3176  245.5713    16     5     5   763   920
 248  716.9904  246.1592    16     4     5   788   711
 249  156.9440  246.6067    18     5     5   930   158
 250  588.4667  248.3133    17     5     4   861   586
 251  150.6023  250.0677    13     3     5   736   147
 252  967.9743  250.9807    15     4     4   772   948
 253  184.1421  251.9158    14     4     4   710   187
 254  175.6017  252.1431    16     5     4   740   181
 255  529.9010  252.9719    14     4     4   746   522
 256  403.6933  253.5844    14     5     3   709   396
 257   13.2742  255.0579    15     5     4   677    20
 258  606.7650  255.1894    16     5     5   775   603
 259   79.2652  255.8522    15     5     4   823    82
 260  694.1672  257.1754    14     4     4   750   684
 261  938.6431  257.3312    14     5     3   762   912
 262  627.9497  257.8721    15     4     4   717   624
 263  199.6077  262.5327     9     3     3   610   207
 264  212.1988  263.6134    14     4     5   731   223
 265  203.8530  263.8925    15     4     4   708   211
 266  489.0221  264.3347    16     4     5   771   475
 267  160.3677  264.6667    19     5     5  1180   166
 268  406.5000  265.7725    15     4     5   807   398
 269  580.5989  267.3644    15     4     5   777   571
 270  722.1400  267.4392    14     4     5   765   715
 271  972.0606  268.7197    16     4     5   820   951
 272  273.8133  269.4352    16     5     5   824   277
 273   38.0156  270.0111    14     4     4   815    43
 274  710.3308  272.7809    13     4     4   721   701
 275  651.4155  274.8615    16     5     5   752   649
 276   48.9733  275.7145    26     5     7  1477    57
 277  533.0441  276.0890    14     4     4   741   527
 278   73.1849  276.1788    14     4     4   797    79
 279  218.8807  278.9281    15     5     4   720   225
 280  223.1484  279.9896    15     5     4   824   231
 281  387.1741  280.9681    14     4     4   815   375
 282  273.2029  281.2396    16     5     5   786   275
 283    6.6429  281.4921    11    10     2   236     8
 284  940.4002  283.4472    13     3     5   641   915
 285  340.8491  283.5680    17     5     5   846   332
 286   51.6552  284.4310     9     3     3   612    61
 287  694.4868  284.5411    14     5     3   748   685
 288  231.9942  288.6436    12     4     4   719   240
 289  747.6623  290.1462    14     3     5   793   735
 290  127.6242  290.9044    12     3     4   716   130
 291  192.1662  291.5539    17     5     5   838   196
 292  118.8076  291.5571    14     4     5   735   117
 293  302.2360  292.2210    15     4     4   813   296
 294  162.2508  292.5623    16     4     5   770   168
 295  807.1889  293.4842    13     5     3   699   789
 296  260.7019  293.7888    16     5     4   804   267
 297  877.5184  293.8842    12     3     4   664   847
 298  559.6876  294.6876    13     4     4   679   550
 299  926.7819  295.8966    16     4     5   866   900
 300  669.1220  296.5000    16     4     5   750   664
 301  801.3264  296.7240    15     4     5   726   782
 302  612.7726  297.0987    13     4     4   728   608
 303   63.8881  297.1425    14     4     4   761    70
 304  738.2492  298.6481    12     4     3   714   728
 305  987.5174  299.4786    19     5     5   938   965
 306  363.6102  300.7688    17     5     5   914   355
 307    4.0941  300.7706    13     4     4   603     7
 308  781.0470  300.7718    17     4     5   777   764
 309  107.6009  302.1879    15     5     4   794   102
 310  867.9113  302.8435    16     4     6   780   838
 311  920.3292  305.1160    17     5     4   808   887
 312  118.8322  305.1223    14     4     4   733   118
 313  870.6925  306.3806    12     4     3   681   841
 314  998.1218  306.5897    14     4     4   764   973
 315  586.6096  306.7456    16     5     4   844   580
 316  502.9194  307.3527    16     5     4  1097   500
 317  567.7022  307.9660    14     4     4   773   558
 318  132.6992  308.8459    12     3     4   652   132
 319  157.1244  309.3629    16     4     5   751   159
 320  459.4952  309.8826    13     3     5   752   442
 321   24.3270  310.8807    14     4     4   689    29
 322  337.9668  313.3412    15     4     5   767   326
 323  495.9917  316.7782    14     4     4   805   490
 324  511.5368  318.2677    17     5     5   876   508
 325   18.1459  318.3803    15     4     5   760    24
 326   67.1168  318.4756    17     4     5   825    74
 327  825.6389  318.5708    17     5     5   933   806
 328  143.4598  318.6394    15     5     5   846   139
 329  291.3471  319.2361    16     5     4   755   290
 330  101.1281  320.2278    14     4     4   702   100
 331  859.7547  320.4525    11     4     3   742   830
 332  862.8413  320.8803    12     4     4   709   833
 333  482.8282  321.4896    14     4     5   719   464
 334 1010.0913  321.7061    14     4     4   693   982
 335   33.9362  321.8102    14     4     4   759    40
 336  912.5093  326.5634    16     5     5   807   881
 337  687.5045  327.9955    17     5     4   842   678
 338  966.2396  328.8051    15     4     5   799   944
 339  363.5390  328.9643    15     5     4   766   354
 340  637.6163  329.7824    15     5     4   752   631
 341  113.1879  334.0064    14     4     4   768   109
 342  493.5228  336.8954    17     5     5   873   484
 343 1013.8695  338.4017    12     4     3   710   988
 344  157.8810  339.0459    14     5     4   728   162
 345  708.0461  339.4096    13     4     5   694   697
 346  148.2367  339.7779    14     4     4   759   145
 347  543.0524  339.8873    14     4     4   770   536
 348  344.1803  342.3136    14     5     3   800   337
 349  770.2795  342.5712    14     4     4   716   752
 350  546.2351  343.3191    15     5     4   769   539
 351  289.5524  344.3789    15     3     5   761   288
 352  925.0361  345.2098    15     4     5   760   894
 353  725.1477  348.6213    16     4     5   844   718
 354   69.3550  352.9083    12     4     4   720    76
 355  468.9884  354.5316    15     4     5   752   451
 356  450.1023  356.7174    14     4     4   761   430
 357  542.9938  359.1631    14     4     4   707   535
 358  945.8168  359.1849    15     4     4   734   919
 359  645.9937  360.5802    13     4     4   766   643
 360  924.3639  360.6606    15     5     4   723   892
 361 1017.5767  363.8083    15     5     5   776   991
 362   44.5541  364.4835    17     5     5   836    51
 363  760.1182  364.6404    14     4     5   724   743
 364  238.9807  364.9100    14     4     4   762   245
 365  278.4169  367.0452    17     5     5   856   282
 366  523.8458  368.1071    14     4     4   756   519
 367 1017.7697  368.1779    12     4     4   654   992
 368  451.7233  370.5763    10     4     3   624   433
 369  846.2851  372.1768    14     4     4   796   816
 370  604.1231  373.7036    14     4     4   798   601
 371  588.1725  374.2905    14     4     4   708   585
 372   69.9531  379.0262    14     4     4   769    77
 373  498.3603  381.6044    18     5     5   860   493
 374  456.9446  383.2872    13     4     4   708   440
 375  175.0811  383.4733    12     4     3   681   180
 376  735.8208  383.9403    15     5     4   736   727
 377  374.7306  384.4321    16     4     5   793   362
 378  956.7852  385.1025    15     4     5   711   932
 379  588.0837  385.9944    14     4     4   767   583
 380  124.6046  387.6262    16     5     4   810   123
 381  412.3782  388.5997    16     5     4   792   403
 382  953.6935  388.9295    12     4     4   709   926
 383   45.0780  389.1070    14     4     4   794    52
 384  643.0301  390.7786    13     4     5   794   639
 385  580.0448  392.5795    12     4     3   711   570
 386  247.2795  392.7726    13     4     4   706   257
 387  810.8771  392.7845    13     4     4   724   791
 388  198.8780  394.5335    16     4     5   787   206
 389  975.5835  395.3978    15     4     5   737   956
 390  904.8286  395.7873    16     4     5   790   874
 391  965.2709  396.0648    16     5     4   854   939
 392  517.0066  396.4688    12     4     3   728   514
 393  742.7072  399.2401    14     4     5   748   731
 394  901.6195  400.3412    15     5     4   761   870
 395  446.5536  400.4083    10     3     4   678   427
 396  381.3162  401.3209    16     5     4   802   370
 397  739.1115  402.6583    16     5     5   855   729
 398  630.5666  403.1623    13     3     5   746   626
 399  684.5481  403.6959    14     3     5   722   676
 400  936.3138  403.8646    24     7     6  1518   910
 401   54.6993  405.5507    14     4     4   752    64
 402   23.3662  405.8289    12     3     4   643    27
 403  639.8246  406.0361    14     4     4   750   636
 404  497.3663  406.4502    16     5     5   803   492
 405  870.2237  406.6537    15     5     4   729   840
 406  435.3676  408.2250    17     5     5   850   423
 407  387.6220  408.3336    15     4     5   781   377
 408  316.6614  409.2477    11     3     4   649   308
 409    6.8106  409.7955    18    10     2   312    12
 410  225.6222  409.9241    14     4     4   713   234
 411  380.9599  412.6839    16     4     5   758   369
 412  562.9918  414.3245    12     4     3   667   555
 413  332.0214  414.4875    12     4     3   680   318
 414   24.8268  415.1420    14     4     4   749    30
 415  594.1513  415.4165    14     4     4   811   588
 416  995.7579  416.9810    14     4     4   772   971
 417  244.1566  418.2609    14     4     4   734   254
 418  884.0686  418.3017    14     4     4   745   853
 419  643.4181  418.3172    10     3     4   576   641
 420  845.6667  418.9271    14     4     4   716   815
 421  375.0025  420.1601    14     4     4   749   364
 422  369.4085  420.9409    12     3     4   721   358
 423  768.1335  422.6011    16     4     5   793   748
 424  338.0767  423.3131    14     4     4   766   327
 425  922.1423  424.6592    12     4     3   654   889
 426  662.3780  425.3213    15     4     5   732   657
 427   54.4605  426.5410    18     5     5   839    63
 428  518.6380  427.2543    11     3     4   639   516
 429  111.0260  427.8425    15     4     4   804   106
 430  127.5264  429.9380    12     3     4   725   129
 431  683.3152  433.2572    13     4     4   682   674
 432  495.6880  435.2245    14     4     5   688   489
 433  624.5441  436.3125    14     5     4   684   618
 434  194.8670  437.5051    12     4     3   714   201
 435  228.2037  438.1756    16     5     5   835   236
 436  546.9099  439.7058    16     4     5   743   540
 437  122.1916  441.1039    14     4     4   756   121
 438  637.6090  441.1593    14     5     4   727   630
 439   14.8852  442.7632    14     4     4   763    22
 440  569.8353  444.7421    18     5     5   845   559
 441  830.7818  445.1071    17     5     4   791   808
 442  387.4737  445.3853    10     3     4   632   376
 443  582.2550  445.4715    14     5     4   736   572
 444  955.8858  447.8512    14     4     4   775   929
 445  237.8938  449.4415    16     5     5   810   244
 446  584.1859  451.7379    13     4     4   668   575
 447  727.9397  452.7233    17     4     5   900   721
 448  491.3189  452.7342    14     4     5   742   479
 449  512.3764  452.9757    15     5     4   789   510
 450  642.1215  454.3300    12     4     3   614   638
 451 1016.7275  454.9497    14     4     4   707   990
 452  107.9833  455.2950    12     4     4   720   103
 453  552.6391  455.7080    15     5     4   804   545
 454  338.3348  459.0304    14     4     4   715   328
 455  639.4731  459.5000     9     3     3   611   634
 456  532.4098  460.0639    14     4     4   750   526
 457  850.4605  460.2530    12     3     4   703   819
 458  561.3127  461.6378    17     5     5   816   553
 459  542.6608  461.8311    18     5     5   914   534
 460   57.9561  462.0094    16     4     4   798    67
 461  506.5982  463.3268    15     5     4   710   504
 462  882.8873  465.4954    16     4     5   808   851
 463  855.0105  465.5290    16     4     5   781   825
 464  491.3484  466.8032    14     4     5   793   480
 465   92.7925  467.0487    14     4     4   776    93
 466   39.9956  467.2213    14     4     4   707    47
 467   51.0823  468.3034    14     4     4   796    59
 468  413.5848  468.4495    14     5     3   694   405
 469  735.1375  469.6874    14     5     4   711   726
 470  126.4844  471.6810    15     5     5   791   127
 471  186.6719  472.0520    14     4     4   803   191
 472  852.8096  474.5711    16     5     5   793   821
 473  698.6145  474.9236    14     4     4   690   690
 474  586.5968  475.2567    17     5     5   914   579
 475  115.5146  477.4544    15     5     3   698   112
 476  151.6808  478.9937    16     5     4   796   150
 477  626.4109  479.7891    13     4     4   680   620
 478  884.9312  481.9578    14     4     4   780   854
 479  658.0632  482.2519    14     4     4   797   652
 480  674.7547  482.8586    18     5     5  1354   671
 481  191.8561  484.3130    17     4     5   785   195
 482  269.1136  484.3303    16     4     5   820   271
 483  865.2786  485.5157    16     5     5   797   836
 484  674.3040  489.0273    14     4     4   635   669
 485  498.9960  489.0848    16     4     4   779   494
 486  966.0300  489.3123    16     4     5   794   943
 487  628.5405  489.6106    17     5     5   812   625
 488  243.9583  490.0366    14     4     4   727   253
 489  766.4356  490.3462    15     5     4   709   747
 490  548.2864  491.5239    12     4     3   663   542
 491  813.3512  491.5744    11     4     3   688   795
 492   50.4753  492.1074    13     3     5   777    58
 493  796.6867  492.7019    14     4     4   665   775
 494  757.0205  494.0387    15     4     5   809   741
 495   96.0988  495.3085    14     4     4   798    95
 496  813.3092  497.7709    15     4     5   737   794
 497  692.5391  498.2691    14     4     5   677   681
 498  349.7193  498.7332    18     5     5   896   343
 499  251.0363  499.3528    12     4     3   616   261
 500  893.8392  499.3541    14     5     4   709   863
 501  475.8873  500.3143    13     4     4   760   458
 502  239.3788  500.8191    11     3     4   671   247
 503  524.2040  502.0316    18     5     5   876   520
 504  270.0890  502.1614    16     4     5   795   272
 505  347.2323  502.1823    13     4     5   750   340
 506  961.5955  503.1788    16     5     4   736   935
 507  597.6205  503.8490    17     5     5   809   594
 508  711.2407  503.9411    14     4     4   811   703
 509  830.5113  505.0105    15     5     4   767   807
 510  302.3418  505.1672    14     4     4   810   297
 511  636.9626  505.3043    14     4     4   702   629
 512  926.1730  505.4461    12     4     4   695   899
 513  906.2535  505.7135    15     5     4   726   876
 514  109.9242  507.0325    14     4     4   694   104
 515 1011.6097  507.3052    15     4     5   761   984
 516  921.6100  510.2120    14     4     5   758   888
 517  703.5015  511.5379    18     5     5   866   694
 518  562.9143  517.1779    14     4     4   823   554
 519  391.4655  518.5542    13     5     3   739   379
 520  154.9422  518.5844    12     4     3   665   156
 521  483.8696  518.5870    12     4     3   626   465
 522  114.0244  520.1975    14     4     4   735   110
 523  598.6355  521.5913    16     4     5   839   596
 524  934.7109  522.5238    13     5     3   718   908
 525   26.2511  524.3876    17     5     5   873    33
 526  920.0329  526.7862    14     4     4   748   886
 527  299.2436  527.8125    16     5     4   784   295
 528   97.2760  528.5544    16     5     5   803    97
 529  560.6390  531.4804    14     5     3   701   552
 530  336.7955  531.5325    13     5     3   746   325
 531  951.5000  531.7715    14     5     4   755   921
 532  439.4922  533.0562    17     5     5   810   424
 533  330.6036  534.4381    18     5     5   875   317
 534  176.4375  534.9357    12     3     4   680   183
 535  964.6190  535.6133    16     5     4   866   937
 536  319.8723  535.6331    14     4     4   696   310
 537  312.9719  535.7896    14     4     4   727   302
 538  428.5442  536.4929     9     3     3   656   418
 539    6.7240  537.4840    12    10     2   245     9
 540  123.9090  539.1222    13     4     4   707   122
 541  797.7334  541.3025    14     4     4   697   776
 542  273.2473  541.6919    16     5     4   801   276
 543  457.0436  542.6664    17     5     5   915   441
 544  904.2798  543.0536    15     4     4   822   873
 545  395.2877  543.9864    15     5     4   847   384
 546  546.1112  546.3528    17     5     5   795   538
 547  345.2994  546.6557    18     5     5   848   339
 548  417.7452  546.8542    17     5     4   794   409
 549  117.2687  547.0212    14     4     4   754   114
 550  886.4673  548.1655    12     3     4   670   855
 551  542.0852  548.2681    14     4     4   774   533
 552  475.8847  548.5031    15     4     5   792   457
 553  781.3165  549.2374    14     5     4   734   765
 554  490.3551  549.4876     9     3     3   573   476
 555   34.9126  549.5899    12     4     3   721    42
 556  427.0519  551.7000    17     4     5   835   417
 557  376.8101  551.7557    16     5     5   821   365
 558  267.4497  554.8735    14     5     4   737   270
 559  306.6790  555.2419    14     4     5   760   299
 560    3.3743  556.2465    13     5     4   631     3
 561  672.6742  556.5653    18     5     5   823   666
 562  682.4277  558.4841    15     5     3   717   673
 563  111.4498  559.4149    17     5     5   828   107
 564  958.8125  560.7901    14     4     5   764   933
 565  870.0659  562.3859    14     5     3   815   839
 566  760.3402  564.8299    14     4     4   722   744
 567  728.9567  565.7979    16     4     5   865   722
 568  615.7605  565.9207    16     5     4   778   610
 569   71.1524  568.1082    16     5     4   816    78
 570   99.2633  571.7881    14     4     4   685    98
 571  803.1360  572.2734    15     4     4   812   785
 572   19.3302  572.4287    10     3     4   577    25
 573  357.1264  573.2546    14     4     6   686   348
 574  121.5527  573.9236    16     5     4   729   120
 575  585.4482  573.9804    12     3     4   680   577
 576   25.9118  574.0359    14     4     4   752    32
 577  984.6003  576.2491    13     4     4   708   962
 578  491.7905  577.4016    16     4     5   790   481
 579  137.1529  578.0948    15     5     4   804   134
 580  356.2615  578.3147    13     4     5   675   346
 581  374.9901  578.3458    15     5     5   805   363
 582  850.8401  578.8432    16     4     5   804   820
 583  714.2857  579.9317    15     5     4   794   707
 584   34.2405  580.0848    16     5     4   738    41
 585   79.2612  581.2119    15     5     4   820    81
 586  172.4497  581.6075     9     3     3   667   177
 587  513.6221  581.8314    11     3     4   626   512
 588  662.3980  582.6595    15     4     5   758   658
 589  193.1483  582.9202    14     4     4   666   197
 590  597.5348  582.9321    16     5     4   734   593
 591    7.4756  584.2561    14     5     4   632    16
 592  689.5167  584.8090    15     5     4   807   679
 593  275.7522  584.8913    14     4     4   715   279
 594  714.8233  586.4700    15     5     5   716   708
 595  699.4028  588.6763    15     5     5   757   692
 596  589.9957  589.0941    14     4     4   719   587
 597  426.8532  589.4484    13     5     3   750   415
 598   84.6994  590.2601    12     4     4   737    87
 599  225.3454  591.8160    13     4     4   725   233
 600  854.7131  591.9951    14     4     4   750   824
 601  808.2356  592.3278    18     5     5   929   790
 602  981.0628  593.6831    15     4     5   811   960
 603  875.1145  594.3015    13     4     4   654   846
 604 1005.5258  596.0994    17     5     5   829   979
 605   51.3058  599.0072    14     4     4   763    60
 606  393.2145  599.0761    13     4     4   715   381
 607   96.5773  599.3024    12     3     4   702    96
 608  513.4273  599.9694    12     3     4   725   511
 609  906.1064  600.6444    16     5     5   818   875
 610  342.1613  602.0045    13     4     4   691   335
 611   10.8851  602.2583    14     4     4   649    17
 612  155.3246  602.9609    15     5     4   777   157
 613  777.1998  603.1039    14     4     4   703   758
 614  211.6049  604.1222    16     5     4   827   221
 615  291.9283  604.4919    15     4     5   771   291
 616  429.7282  604.7832    13     4     4   748   419
 617  239.6138  605.0019    12     3     4   656   249
 618  847.2640  605.0280    17     5     5   831   817
 619  674.0552  608.9914    14     4     4   783   668
 620  198.2657  609.4818    14     4     5   746   205
 621  315.1060  609.6523    14     4     5   744   305
 622  323.7473  610.9153    15     5     4   805   313
 623  424.6607  610.9807    16     4     5   832   413
 624  275.2840  611.4280    13     4     4   644   278
 625  174.0688  611.8138    14     4     4   787   179
 626  720.1524  613.7852    14     4     4   701   714
 627  772.3364  614.0872    16     5     5   814   753
 628  668.1241  614.0958    16     5     5   833   663
 629  229.9075  614.3691    16     5     5   771   238
 630  860.3012  614.5090    17     5     5   839   831
 631  315.7862  616.4071    12     4     3   658   307
 632  965.2687  616.6612    15     5     4   764   938
 633  582.9889  619.0111    15     4     4   733   573
 634   89.8598  619.9838    18     5     5   922    91
 635  167.1471  623.4559    14     4     5   752   172
 636  636.2076  623.7443    18     5     5   929   628
 637  915.8460  625.6746    13     4     4   760   882
 638  114.4369  626.3026    14     4     4   758   111
 639  779.4012  628.6049    17     5     5   828   761
 640  570.1200  628.7162    17     4     5   799   560
 641  934.8047  629.3853    15     5     4   708   909
 642  666.4849  630.5753     9     3     3   621   662
 643  194.7427  633.7751    16     4     5   778   199
 644  131.8471  634.2834    14     4     4   768   131
 645  314.8789  636.5121    24     7     6  1475   304
 646  470.5769  639.5280    15     5     3   722   454
 647  547.1500  645.0076    17     5     4   830   541
 648   32.7259  646.1321    15     4     5   854    39
 649 1013.2830  646.5563    16     5     5   782   986
 650  985.5112  647.2407    11     3     4   646   963
 651  553.6239  652.6693    13     4     4   703   546
 652  803.2496  655.6244    16     5     5   787   787
 653  798.7345  656.0468    18     6     4   875   778
 654  597.7559  657.2378    16     5     4   797   595
 655  456.8518  657.5356    12     4     3   626   439
 656  344.2767  658.3775    17     5     5   864   338
 657  207.9508  658.3840    16     4     5   841   216
 658   26.3756  658.6050    16     5     5   779    36
 659  333.1602  661.9541    14     4     4   761   321
 660  135.0306  662.9133    13     4     4   701   133
 661  550.4502  663.3110    15     5     5   732   544
 662  887.9020  663.7059    15     4     5   762   856
 663  393.8204  663.8608    14     4     4   758   382
 664  985.7840  664.3305    17     4     5   825   964
 665  695.8673  665.5754    14     4     5   777   686
 666    6.8106  665.7955    18    10     2   312    13
 667  823.7939  665.9265    14     4     4   766   804
 668  565.3779  666.6623    15     5     4   797   557
 669  515.6959  666.8839    14     6     4   773   513
 670  520.0269  667.8465    13     4     4   762   517
 671  139.7873  668.1356    16     5     5   783   136
 672  584.1937  668.7787    16     4     5   813   576
 673  358.2350  672.9821    16     5     4   745   349
 674  617.0179  675.5420    12     4     3   763   611
 675   73.8681  675.9976    13     4     4   763    80
 676  453.4407  678.7981    18     5     5   871   435
 677  484.5193  678.9228    17     5     5   844   468
 678  406.6549  679.0261    12     3     4   656   399
 679  975.4232  679.6661    12     4     4   680   955
 680  899.8248  680.6533    12     4     3   668   868
 681  374.6318  683.3018    20     5     6  1406   360
 682  157.7953  687.4465    16     5     5   739   160
 683   61.1800  687.8833    15     5     5   750    68
 684  180.3228  689.7641    13     4     4   717   184
 685  200.8645  690.5502    16     4     5   758   208
 686  626.0143  691.2765    14     4     4   735   619
 687  715.8575  692.3185    14     4     4   691   710
 688  416.3423  692.6394    17     6     4   823   408
 689  931.3234  693.3309    13     4     4   668   904
 690  509.5323  693.6044     9     3     3   617   507
 691  651.1161  693.6450    12     4     3   727   648
 692  421.7976  693.7689    13     4     4   792   411
 693  784.9003  695.2893    17     4     5   787   768
 694  325.9733  697.2327    14     4     4   776   315
 695  152.3592  701.1211    17     5     4   880   151
 696  466.1409  701.5982    13     4     4   751   448
 697  455.5607  704.2886    14     3     5   717   437
 698  335.2671  705.4551    16     5     5   761   324
 699  895.2032  706.7709    13     4     4   669   864
 700  874.9493  708.1284    18     4     5   772   845
 701  150.6424  711.6494     9     3     3   659   148
 702   90.9014  711.8356    14     4     4   718    92
 703 1014.2805  712.3594    15     5     5   847   989
 704  218.6000  714.9370    15     5     4   690   224
 705  639.5255  715.8540    12     3     4   668   635
 706  836.6554  716.9727    12     4     4   725   811
 707  496.4151  717.3436    16     5     5   761   491
 708  453.0631  718.0684    13     4     4   693   434
 709  745.6790  720.8657    16     5     4   808   734
 710  289.5943  723.8261    14     3     5   787   289
 711  923.9160  724.5968    13     4     4   719   891
 712  403.4707  724.7325    15     5     4   765   395
 713  146.2195  726.2880    15     5     5   749   142
 714  586.7721  726.5697    17     4     5   758   581
 715  943.3850  726.6452    18     5     5   841   917
 716  976.2045  728.4985    14     4     4   810   957
 717  181.2803  728.9533    14     4     4   718   186
 718  541.5204  730.1934    16     5     5   796   532
 719  966.3312  734.2713    13     4     4   681   945
 720  925.3893  736.1132    15     5     4   755   897
 721  401.0129  736.1814    16     4     5   860   393
 722  890.6652  738.3194    13     4     4   717   859
 723  154.8859  739.6359    15     4     5   790   155
 724  473.5945  739.6889    13     3     5   744   455
 725  734.5078  740.0780    22     6     5  1502   725
 726  324.6875  741.8446    15     4     5   774   314
 727    3.3817  744.6649    13     5     4   688     4
 728  684.4281  746.7827    14     4     4   766   675
 729  620.5330  748.5974    16     5     5   766   614
 730   27.2271  748.8684    14     4     4   653    37
 731  455.7044  749.9567    13     3     5   673   438
 732 1004.5109  751.2539    17     5     4   812   975
 733   55.4095  752.1630    12     3     4   761    65
 734  115.6840  752.4430    15     5     5   764   113
 735  781.0470  755.4555    12     4     3   727   763
 736  239.7133  755.6031    13     4     4   702   250
 737  595.5458  755.6959    16     5     4   793   590
 738  260.4984  759.2371    16     5     4   799   265
 739  316.9059  762.3822    15     4     5   761   309
 740  992.3224  764.9707    16     5     4   757   967
 741  414.6831  765.8424    13     4     4   720   407
 742  245.5961  765.8508    14     5     4   733   256
 743  517.0710  765.8531    13     4     4   736   515
 744  652.4214  769.8784    12     3     4   667   650
 745  711.5048  771.1795    13     3     5   754   704
 746   47.8057  771.6975    16     4     5   788    56
 747  635.6830  773.4208     9     3     3   620   627
 748  395.3895  773.6054    15     5     4   738   386
 749  229.4514  775.6135    16     5     5   777   237
 750   26.3752  776.1224    17     5     5   803    35
 751  801.0623  776.9768    16     5     5   850   780
 752  185.1917  778.7283    13     4     4   717   189
 753  687.1392  778.8853    15     4     4   721   677
 754  802.9413  780.6726    13     4     4   692   784
 755  309.9452  782.6339    13     4     4   750   301
 756  860.7790  783.4916    12     4     3   715   832
 757  776.2221  783.6357    14     5     3   759   757
 758  398.5257  784.8997    16     5     4   743   391
 759  835.2981  785.3429    17     5     5   794   810
 760  797.7387  785.7596    16     4     5   734   777
 761  384.6293  788.9582    14     4     4   666   373
 762  978.1511  789.0398    17     5     5   835   958
 763  661.6760  790.3207    15     4     5   758   655
 764  819.7601  791.1411    11     3     4   606   803
 765  550.1000  791.6426    14     4     4   715   543
 766    6.7823  793.4839    12    10     2   244    10
 767  511.8128  796.6431    14     5     4   853   509
 768 1012.3704  796.8248    14     4     4   765   985
 769   26.2670  797.6877    15     5     4   768    34
 770  925.0119  797.7448    14     4     4   769   893
 771  831.8861  800.0652    14     4     4   715   809
 772  478.6907  800.2835    11     4     3   692   461
 773   53.3782  800.3228    15     5     4   782    62
 774   63.4619  801.2556    16     5     4   790    69
 775  790.0515  801.6010    12     4     3   615   771
 776  535.3238  801.6475     9     3     3   612   530
 777  744.9766  802.3500    17     4     5   810   733
 778  556.5714  802.5968    18     5     5   810   548
 779  925.8915  804.5645    16     5     5   842   898
 780  363.2203  805.2347    14     5     4   762   353
 781  296.2843  806.1009    15     5     4   799   294
 782  840.4581  809.5220    12     5     3   621   812
 783  433.9832  809.9916    14     4     4   734   422
 784  777.2528  810.9443    14     4     4   759   759
 785  602.2515  811.9076    14     4     4   643   599
 786  196.5323  812.0536    17     5     5   851   203
 787  595.0513  812.4884    15     4     5   754   589
 788    2.3962  815.1291    12     3     4   573     2
 789  499.8760  815.5955    16     4     5   809   495
 790  484.3354  815.6113    16     5     5   816   467
 791  205.8370  816.5041    17     5     5   903   212
 792  407.9664  816.6292    16     4     5   756   401
 793  883.2903  818.0790    16     5     4   761   852
 794  423.9756  818.9268    13     4     4   704   412
 795  125.8883  819.2460    13     4     4   748   125
 796  406.8030  821.1338    14     4     5   678   400
 797  605.4482  821.2331    17     5     5   807   602
 798  974.4769  822.3582    16     5     5   809   953
 799  236.8802  822.6667    16     4     5   736   243
 800  979.6440  824.9006    15     5     4   789   959
 801  902.7140  827.0378    15     5     4   851   872
 802  460.0572  828.8398    14     4     4   761   443
 803  811.5559  831.2923    17     5     4   796   792
 804  578.7712  831.8851    15     5     4   729   568
 805  972.5274  832.1433    15     5     4   806   952
 806  493.8947  832.2313    13     4     4   733   486
 807 1011.0641  832.7562    13     4     4   731   983
 808  907.7968  832.7703    15     5     4   716   878
 809  501.7219  833.3683    16     5     5   836   498
 810  486.4599  833.4888    13     3     5   753   472
 811  193.2661  835.0823    14     4     4   760   198
 812  597.2237  835.1632    14     5     4   719   592
 813  988.3670  835.5236    17     5     5   764   966
 814  707.3716  837.0024    14     4     4   763   696
 815  664.0852  837.6115    12     4     3   730   659
 816  617.7282  838.9245    12     3     4   716   613
 817  600.6973  839.3012    18     5     5   844   598
 818  577.9887  839.7919    18     5     5   800   567
 819  111.7655  841.5493    15     5     3   779   108
 820  645.6047  842.5349    17     5     5   829   642
 821  713.1569  843.7786    17     5     5   852   706
 822  286.8293  845.7256    14     4     4   796   286
 823  314.1833  846.6144    12     4     3   723   303
 824  536.3403  847.4339    20     5     5  1365   531
 825  397.1246  847.8328    15     4     4   808   389
 826  816.6304  849.8957    16     5     4   850   800
 827  879.2227  850.5069    13     5     3   707   849
 828  470.2471  850.5549    14     5     3   741   453
 829  143.5049  853.0971    16     5     4   773   140
 830  574.5802  853.4018    18     5     5   791   563
 831  147.1787  854.4689    12     5     3   730   143
 832  900.9986  854.9304    14     4     4   830   869
 833  260.5077  855.5031    16     5     4   806   266
 834  504.2519  856.7127    14     4     5   676   501
 835  165.2966  856.8777    16     5     4   814   171
 836  451.3533  856.9992    15     5     4   777   432
 837  377.7752  858.4728    15     5     5   775   366
 838  500.4315  858.9840    14     4     4   797   497
 839  711.2258  859.7151    14     4     4   749   702
 840  383.2803  860.5087    15     4     5   728   372
 841  340.0607  864.3607    13     4     4   740   331
 842  329.7770  865.2787    15     4     5   724   316
 843  361.6769  868.4635     9     3     3   610   352
 844  798.7925  868.7729    14     5     4   752   779
 845  661.3748  869.4516    14     3     5   739   654
 846  641.8498  870.0710    17     5     5   776   637
 847  586.1194  870.0898    16     5     4   767   578
 848  495.4069  871.0420    12     3     4   668   488
 849  194.7429  871.7713    16     4     5   794   200
 850  801.2500  873.4775    14     4     4   808   781
 851  413.1902  873.6775    12     4     3   672   404
 852  951.8625  873.9197    15     5     4   779   923
 853  168.6623  874.9483    12     3     4   613   173
 854  749.3061  875.6003    17     5     5   928   737
 855  154.6856  876.4800    11     3     5   611   153
 856  938.8641  878.7940    16     5     4   745   913
 857   43.0244  880.1098    14     4     4   714    49
 858  484.1555  880.3995    15     4     5   777   466
 859   84.0152  881.7470    15     4     4   806    86
 860  334.8543  881.7480    14     4     4   761   323
 861  706.4981  882.5753     9     3     3   621   695
 862  968.9700  882.6297    12     4     3   737   949
 863  463.5954  882.9191    12     4     4   707   446
 864  647.4486  883.0228    15     5     4   831   644
 865  323.1323  883.8925    13     4     4   693   312
 866  443.5615  886.5228    15     5     3   719   426
 867  267.0893  887.4716    16     4     5   793   269
 868  220.0122  887.8955    14     5     4   757   226
 869  758.0695  888.5361    17     5     5   918   742
 870  933.6130  889.7771    17     5     5   834   907
 871  856.7714  891.8662    14     4     4   678   827
 872   66.9385  892.1039    16     5     4   819    73
 873  234.0889  893.2168    16     4     5   739   241
 874  563.8806  893.2452    15     4     5   778   556
 875  773.6688  893.6210    15     4     5   778   755
 876  332.0832  893.8294    17     4     5   765   319
 877  127.3841  895.3350    11     3     4   619   128
 878  160.3249  897.8763    17     5     5   861   165
 879  506.0840  900.8883    15     5     4   799   503
 880  467.8339  901.6307    16     5     5   795   450
 881  401.4374  901.9679    12     3     4   727   394
 882  848.7826  903.1266    18     5     5   863   818
 883   88.1300  903.9184    15     5     4   769    89
 884  772.3707  905.1483    16     5     5   794   754
 885  385.0888  905.5218    15     4     5   792   374
 886  627.8444  905.8159    14     4     4   770   623
 887  599.6184  906.2496    14     3     5   723   597
 888  925.1286  908.0054    14     4     4   700   895
 889   46.3156  909.2376    14     4     4   704    54
 890   38.1700  910.3723    14     4     5   743    44
 891  506.9710  911.4186    16     4     5   799   505
 892  790.9822  912.0092    14     4     4   843   773
 893  775.8881  912.3932    14     4     4   730   756
 894  752.7056  913.1315    14     4     4   680   740
 895  711.5555  913.4393     9     3     3   667   705
 896  486.0560  913.5354    12     4     3   656   470
 897  499.9664  915.8205    15     4     4   746   496
 898  241.7402  918.9505    16     5     4   797   252
 899   69.2133  919.9731    14     4     4   698    75
 900  390.3721  920.7859    16     5     5   856   378
 901 1007.5097  920.8420    13     3     5   747   981
 902    6.8106  921.7955    18    10     2   312    14
 903  554.0721  926.2712    14     4     4   813   547
 904  845.6664  927.0425    14     4     4   717   814
 905  922.7897  927.4075    13     4     4   703   890
 906  531.2193  930.0109    12     4     4   715   525
 907  936.4111  931.7927    13     4     4   704   911
 908  940.3980  932.6098    13     3     5   640   914
 909 1021.9833  933.9241    10     3     4   640   995
 910  171.8669  934.8908    13     4     4   716   176
 911  250.0893  935.2156    14     5     4   773   259
 912  505.0819  935.7028    14     4     4   702   502
 913  927.3607  936.0459    14     4     4   750   901
 914  526.8959  936.8530    14     4     4   817   521
 915  374.7027  937.1182    14     4     4   732   361
 916  795.6503  937.9870    16     5     4   739   774
 917  752.0745  939.9345    12     4     4   670   738
 918   81.2522  940.1373    14     4     4   697    83
 919  203.4545  944.4401     9     3     3   574   210
 920  253.3259  946.1987    21     5     6  1428   262
 921  742.4566  946.5542    15     3     5   703   730
 922  714.9182  946.7547    17     5     5   806   709
 923  475.5165  949.0629    18     5     4   848   456
 924   24.8333  949.3401    12     4     4   639    31
 925  898.3331  951.2917    18     5     5   809   867
 926  708.9392  952.2037    14     4     4   707   700
 927   38.7964  954.6088    12     4     3   653    45
 928  993.9580  955.1145    16     4     5   850   970
 929  477.1233  956.2320    17     4     5   823   460
 930  892.6647  957.9408    15     5     4   733   861
 931  917.0149  958.5616    12     4     3   656   884
 932  697.4897  958.9734    12     3     4   703   689
 933  255.5352  960.1697    17     5     5   824   263
 934   11.5519  961.1064    17     6     4   767    18
 935   14.5035  961.8264    11     3     4   689    21
 936  897.1444  961.8283    15     4     5   808   865
 937  556.7872  962.4481    13     5     3   708   549
 938  176.0281  965.0053    16     4     4   730   182
 939  398.5112  966.2673    15     5     4   773   390
 940  863.1309  967.8138    13     4     4   726   834
 941   46.5796  968.2598    13     3     5   771    55
 942  727.3842  968.5579    13     4     5   717   720
 943  723.4620  968.6392    17     5     5   723   717
 944  409.9259  969.5067    16     4     5   754   402
 945  158.6395  970.5251    17     4     5   808   164
 946  708.3488  971.1504    15     5     4   785   699
 947  803.1847  971.1911    14     5     4   768   786
 948  927.9478  971.1932    13     4     4   733   903
 949  492.1388  974.5987    16     5     5   758   482
 950  308.9762  975.6544    14     4     4   749   300
 951  240.7027  979.8186    16     4     5   816   251
 952  944.0403  980.4542    12     4     3   666   918
 953  993.3515  980.4546     9     3     3   575   968
 954  287.6900  982.5344    19     5     5  1206   287
 955  578.9826  983.1700    16     4     5   763   569
 956  956.3801  984.4915    16     5     5   869   931
 957  617.7117  985.7974    11     3     4   658   612
 958  609.8564  988.3007    15     4     5   742   606
 959  993.8667  990.6433    14     4     4   740   969
 960  286.4079  992.5529    17     5     5   832   285
 961  398.9068  993.2885    13     4     4   688   392
 962   56.2945  993.4599    16     5     5   783    66
 963  486.3349  996.7064    14     4     5   794   471
 964  595.6630  997.1723    14     4     4   729   591
 965  466.8473 1000.3675    17     5     5   789   449
 966  778.4270 1003.1504    12     3     4   695   760
 967  626.6448 1003.1830    12     3     4   631   622
 968  659.0617 1003.2407    15     4     4   798   653
 969  577.3285 1004.8741    14     4     4   688   566
 970  470.0082 1005.5247    16     4     5   768   452
 971    3.6145 1006.1652    14     5     4   594     6
 972  648.5899 1006.2553    12     3     4   643   645
 973  996.5905 1007.9172    15     5     4   802   972
 974  815.4218 1009.3576    15     5     5   789   799
 975   95.4572 1011.3074     9     3     3   604    94
 976  161.4411 1011.4040    14     5     3   734   167
 977  722.7048 1013.8063    15     5     4   780   716
 978  785.9669 1014.5316    16     4     5   824   769
 979  871.6000 1016.6000     5     2     4   100   842
 980   39.1020 1017.0724    13     4     4   738    46
 981  609.9400 1017.7118    11     4     3   535   607
 982  487.1829 1018.6545    16     2     8   283   474
 983  231.1860 1018.7231    16     2     8   281   239
 984  560.0515 1018.7234    15     4     5   732   551
 985  743.1780 1018.7542    16     2     8   278   732
 986  103.5643 1018.7714    15     2     9   290   101
 987  999.1642 1018.8139    16     2     8   297   974
 988  211.2830 1019.0099    14     4     4   693   220
 989  359.5473 1019.0946    14     2     9   288   350
 990  621.6913 1019.2426    11     3     4   549   615
 991  855.9083 1019.2940    12     4     4   649   826
 992  586.7822 1019.8734    12     4     4   602   582
 993  872.3657 1020.1219    13     3     5   696   843
 994  626.4207 1021.4004     9     3     3   582   621
 995  768.1584 1021.5556    11     4     3   596   749
 996  180.6962 1021.6190    11     4     3   589   185
