998
   0    0     -0.996     -0.532      0.000 4
  -1   -2     -0.996      0.669      0.000 4
   3    1     -0.996      0.495      0.000 4
   1    3     -0.996      0.659      0.000 4
   5    4     -0.995     -0.101      0.000 4
   4    5     -0.995     -0.667      0.000 4
   6    6     -0.989     -0.171      0.000 4
   7    8     -0.989      0.952      0.000 4
   8    9     -0.988     -0.049      0.000 4
   9   10     -0.988      0.201      0.000 4
  12   12     -0.988     -0.299      0.000 4
  11   11     -0.987     -0.799      0.000 4
  10   13     -0.987     -0.549      0.000 4
  13   14     -0.987      0.701      0.000 4
  14   15     -0.987      0.939      0.000 4
  15   17     -0.984     -0.973      0.000 4
  16   16     -0.984     -0.215      0.000 4
  17   18     -0.978      0.180      0.000 4
  18   19     -0.975      0.583      0.000 4
  19   20     -0.972     -0.142      0.000 4
  21   21     -0.970      0.460      0.000 4
  20   22     -0.970      0.760      0.000 4
  22   24     -0.966     -0.906      0.000 4
  23   23     -0.964      0.269      0.000 4
  25   25     -0.963     -0.147      0.000 4
  24   27     -0.963      0.247      0.000 4
  26   26     -0.962     -0.022      0.000 4
  28   28     -0.958     -0.349      0.000 4
  27   30     -0.958     -0.907      0.000 4
  29   29     -0.958      0.475      0.000 4
  30   31     -0.956      0.618      0.000 4
  31   37     -0.953      0.913      0.000 4
  32   33     -0.951     -0.541      0.000 4
  34   32     -0.950     -0.162      0.000 4
  33   36     -0.950     -0.593      0.000 4
  35   34     -0.950     -0.086      0.000 4
  36   35     -0.949     -0.321      0.000 4
  37   38     -0.947     -0.632      0.000 4
  38   39     -0.947      0.675      0.000 4
  40   40     -0.941      0.121      0.000 4
  39   41     -0.941      0.452      0.000 4
  41   42     -0.933     -0.887      0.000 4
  44   43     -0.928      0.305      0.000 4
  42   47     -0.926      0.552      0.000 4
  45   45     -0.926      0.360      0.000 4
  46   44     -0.926      0.058      0.000 4
  47   46     -0.924      0.117      0.000 4
  43   49     -0.924      0.887      0.000 4
  48   48     -0.922     -0.207      0.000 4
  49   50     -0.916      0.217      0.000 4
  50   52     -0.913      0.266      0.000 4
  51   51     -0.913      0.131      0.000 4
  53   53     -0.907     -0.580      0.000 4
  52   55     -0.905     -0.824      0.000 4
  54   54     -0.906      0.539      0.000 4
  55   57     -0.903      0.739      0.000 4
  58   56     -0.901      0.522      0.000 4
  57   62     -0.898     -0.894      0.000 4
  59   61     -0.898     -0.774      0.000 4
  62   58     -0.896     -0.408      0.000 4
  60   63     -0.895     -0.988      0.000 4
  61   60     -0.895     -0.541      0.000 4
  66   59     -0.893     -0.129      0.000 4
  63   65     -0.892      0.793      0.000 4
  64   64     -0.890     -0.633      0.000 4
  65   67     -0.886     -0.821      0.000 4
  67   69     -0.886      0.841      0.000 4
  69   66     -0.884      0.322      0.000 4
  71   70     -0.881      0.379      0.000 4
  70   71     -0.880      0.494      0.000 4
  73   68     -0.880     -0.160      0.000 4
  68   74     -0.878     -0.915      0.000 4
  72   72     -0.878      0.451      0.000 4
  74   73     -0.876     -0.379      0.000 4
  77   75     -0.870     -0.181      0.000 4
  75   76     -0.869     -0.632      0.000 4
  78   77     -0.865      0.604      0.000 4
  81   79     -0.858     -0.250      0.000 4
  82   78     -0.858      0.116      0.000 4
  79   83     -0.858      0.532      0.000 4
  83   81     -0.855      0.048      0.000 4
  84   82     -0.853     -0.032      0.000 4
  80   86     -0.851     -0.953      0.000 4
  86   84     -0.850     -0.201      0.000 4
  87   85     -0.848     -0.135      0.000 4
  85   89     -0.842     -0.790      0.000 4
  88   88     -0.840      0.569      0.000 4
  89   87     -0.838     -0.451      0.000 4
  91   90     -0.833      0.019      0.000 4
  92   91     -0.832      0.141      0.000 4
  90   96     -0.831     -0.835      0.000 4
  93   92     -0.830     -0.105      0.000 4
  94   93     -0.827     -0.012      0.000 4
  95   95     -0.823      0.204      0.000 4
  96   94     -0.822      0.088      0.000 4
  97   97     -0.821     -0.076      0.000 4
 100   98     -0.816     -0.259      0.000 4
  98  100     -0.815      0.437      0.000 4
 103   99     -0.812     -0.138      0.000 4
 105  101     -0.810     -0.057      0.000 4
  99  104     -0.810      0.739      0.000 4
 101  105     -0.808      0.643      0.000 4
 106  102     -0.807      0.172      0.000 4
 102  106     -0.805     -0.769      0.000 4
 109  103     -0.804      0.101      0.000 4
 104  112     -0.799     -0.866      0.000 4
 108  108     -0.798     -0.988      0.000 4
 110  110     -0.798      0.471      0.000 4
 112  109     -0.797      0.405      0.000 4
 113  107     -0.796      0.195      0.000 4
 107  115     -0.795      0.905      0.000 4
 114  111     -0.792      0.289      0.000 4
 111  116     -0.791     -0.805      0.000 4
 118  113     -0.786     -0.146      0.000 4
 117  114     -0.785     -0.273      0.000 4
 115  120     -0.781      0.956      0.000 4
 116  117     -0.780     -0.524      0.000 4
 119  118     -0.778      0.461      0.000 4
 120  121     -0.774      0.488      0.000 4
 121  119     -0.772     -0.335      0.000 4
 125  123     -0.763     -0.344      0.000 4
 126  122     -0.762      0.080      0.000 4
 129  124     -0.759     -0.009      0.000 4
 122  129     -0.759     -0.979      0.000 4
 123  127     -0.758     -0.691      0.000 4
 127  126     -0.756      0.486      0.000 4
 124  131     -0.755      0.850      0.000 4
 130  128     -0.753      0.449      0.000 4
 128  130     -0.752      0.619      0.000 4
 131  125     -0.751     -0.199      0.000 4
 132  135     -0.736     -0.646      0.000 4
 134  132     -0.736      0.425      0.000 4
 135  133     -0.735      0.381      0.000 4
 136  134     -0.732     -0.461      0.000 4
 133  142     -0.732      0.871      0.000 4
 138  136     -0.730     -0.408      0.000 4
 139  139     -0.729     -0.430      0.000 4
 141  137     -0.726     -0.241      0.000 4
 143  138     -0.725     -0.149      0.000 4
 140  141     -0.725     -0.378      0.000 4
 137  145     -0.724      0.788      0.000 4
 146  140     -0.722     -0.046      0.000 4
 145  144     -0.717      0.378      0.000 4
 148  143     -0.717     -0.214      0.000 4
 142  150     -0.714      0.828      0.000 4
 149  146     -0.711     -0.484      0.000 4
 144  151     -0.710      0.756      0.000 4
 147  152     -0.708     -0.781      0.000 4
 151  148     -0.708      0.438      0.000 4
 150  153     -0.705      0.624      0.000 4
 156  149     -0.701      0.282      0.000 4
 157  147     -0.701      0.091      0.000 4
 153  156     -0.697      0.575      0.000 4
 155  157     -0.697      0.554      0.000 4
 154  159     -0.695      0.670      0.000 4
 152  162     -0.695      0.924      0.000 4
 160  154     -0.694      0.064      0.000 4
 159  158     -0.692      0.468      0.000 4
 158  163     -0.689     -0.701      0.000 4
 164  155     -0.689     -0.149      0.000 4
 165  160     -0.683     -0.375      0.000 4
 163  164     -0.684      0.523      0.000 4
 162  167     -0.683      0.558      0.000 4
  -1   -2     -0.681     -0.702      0.000 4
 167  161     -0.680      0.163      0.000 4
 170  165     -0.675     -0.203      0.000 4
 169  166     -0.675     -0.255      0.000 4
 166  171     -0.671      0.804      0.000 4
 171  169     -0.666     -0.452      0.000 4
 168  172     -0.665      0.706      0.000 4
 175  170     -0.662      0.251      0.000 4
 172  174     -0.656     -0.739      0.000 4
 173  178     -0.653      0.861      0.000 4
 180  173     -0.652     -0.190      0.000 4
 174  179     -0.650      0.816      0.000 4
 177  177     -0.649      0.539      0.000 4
 181  175     -0.646     -0.368      0.000 4
 176  182     -0.645      0.777      0.000 4
 182  176     -0.644     -0.301      0.000 4
 178  180     -0.643     -0.700      0.000 4
 179  185     -0.637     -0.775      0.000 4
 185  181     -0.637     -0.546      0.000 4
 187  184     -0.635      0.457      0.000 4
 188  186     -0.632      0.536      0.000 4
 183  192     -0.630      0.832      0.000 4
 186  189     -0.629     -0.731      0.000 4
 184  193     -0.630      0.913      0.000 4
 194  183     -0.629     -0.161      0.000 4
 189  191     -0.629      0.679      0.000 4
 191  195     -0.624      0.796      0.000 4
 190  196     -0.623      0.904      0.000 4
 192  198     -0.620     -0.906      0.000 4
 197  187     -0.620      0.153      0.000 4
 200  188     -0.618      0.211      0.000 4
 201  190     -0.616     -0.206      0.000 4
 193  199     -0.615      0.773      0.000 4
 195  205     -0.610     -0.978      0.000 4
 208  194     -0.608      0.025      0.000 4
 196  208     -0.608      0.993      0.000 4
 202  203     -0.607      0.508      0.000 4
 199  204     -0.606      0.642      0.000 4
 210  197     -0.604      0.129      0.000 4
 207  202     -0.603     -0.409      0.000 4
 198  210     -0.602     -0.839      0.000 4
 203  207     -0.601     -0.604      0.000 4
 206  206     -0.600      0.504      0.000 4
 212  200     -0.599     -0.185      0.000 4
 214  201     -0.598      0.046      0.000 4
 204  211     -0.598      0.628      0.000 4
 205  212     -0.596     -0.648      0.000 4
 209  220     -0.587      0.991      0.000 4
 211  221     -0.585     -0.893      0.000 4
 221  209     -0.585      0.027      0.000 4
 220  213     -0.584      0.189      0.000 4
 215  214     -0.584      0.501      0.000 4
 213  219     -0.584      0.717      0.000 4
 217  216     -0.581     -0.608      0.000 4
 216  222     -0.578     -0.715      0.000 4
 219  217     -0.578      0.469      0.000 4
 223  215     -0.577      0.295      0.000 4
 229  218     -0.571      0.237      0.000 4
 218  227     -0.570     -0.995      0.000 4
 225  223     -0.571      0.464      0.000 4
 222  226     -0.568      0.714      0.000 4
 226  224     -0.566      0.584      0.000 4
 224  235     -0.562      0.949      0.000 4
 227  229     -0.562      0.595      0.000 4
 228  233     -0.559      0.709      0.000 4
 232  228     -0.558      0.444      0.000 4
 234  232     -0.555     -0.519      0.000 4
 231  236     -0.555      0.654      0.000 4
 239  225     -0.553     -0.082      0.000 4
 230  239     -0.552      0.930      0.000 4
 236  237     -0.549     -0.987      0.000 4
 241  231     -0.549      0.055      0.000 4
 242  230     -0.549      0.020      0.000 4
  -1   -2     -0.549      0.712      0.000 4
 235  242     -0.546      0.724      0.000 4
 240  238     -0.545     -0.477      0.000 4
 245  234     -0.543     -0.056      0.000 4
 237  245     -0.538      0.959      0.000 4
 238  247     -0.535     -0.849      0.000 4
 249  241     -0.533     -0.138      0.000 4
 244  246     -0.531      0.621      0.000 4
 250  243     -0.529     -0.189      0.000 4
 248  244     -0.529     -0.494      0.000 4
 243  248     -0.527      0.809      0.000 4
 246  249     -0.522     -0.736      0.000 4
 251  250     -0.519     -0.605      0.000 4
 247  251     -0.519      0.955      0.000 4
 252  260     -0.507     -0.991      0.000 4
 255  256     -0.508      0.588      0.000 4
 253  257     -0.507      0.748      0.000 4
 254  259     -0.506      0.769      0.000 4
 258  252     -0.506      0.420      0.000 4
 259  255     -0.504     -0.474      0.000 4
 262  253     -0.502      0.275      0.000 4
 256  262     -0.500      0.827      0.000 4
 264  254     -0.497     -0.172      0.000 4
 257  263     -0.497      0.776      0.000 4
 260  265     -0.493     -0.741      0.000 4
 263  264     -0.491      0.586      0.000 4
 265  258     -0.490     -0.029      0.000 4
 261  267     -0.488      0.933      0.000 4
 268  261     -0.483      0.013      0.000 4
 267  268     -0.476      0.438      0.000 4
 274  266     -0.474     -0.080      0.000 4
 272  269     -0.471      0.313      0.000 4
 266  273     -0.470     -0.789      0.000 4
 270  271     -0.470      0.460      0.000 4
 277  272     -0.463     -0.395      0.000 4
  -1  276     -0.462     -0.044      0.000 4
 269  279     -0.462      0.987      0.000 4
 275  277     -0.459     -0.658      0.000 4
 271  280     -0.459      0.880      0.000 4
 280  274     -0.458      0.359      0.000 4
 273  282     -0.455     -0.910      0.000 4
 276  283     -0.455      0.813      0.000 4
 278  285     -0.449     -0.818      0.000 4
 279  286     -0.449      0.781      0.000 4
 286  275     -0.448     -0.177      0.000 4
 281  289     -0.447     -0.043      0.000 4
 289  278     -0.445     -0.189      0.000 4
  -1  281     -0.445     -0.227      0.000 4
 283  287     -0.443      0.599      0.000 4
 291   -2     -0.440     -0.224      0.000 4
 282  290     -0.440     -0.840      0.000 4
 284  291     -0.438      0.726      0.000 4
 292  284     -0.438      0.185      0.000 4
 287  292     -0.434     -0.718      0.000 4
 285  295     -0.432     -0.867      0.000 4
 290  294     -0.431      0.644      0.000 4
 296  288     -0.430     -0.178      0.000 4
 295  293     -0.425      0.405      0.000 4
 288   -2     -0.424     -0.041      0.000 4
 293  298     -0.422      0.633      0.000 4
 297  297     -0.420      0.511      0.000 4
 298  302     -0.414     -0.628      0.000 4
 300  300     -0.414     -0.547      0.000 4
 301  301     -0.414      0.518      0.000 4
 294  305     -0.414      0.895      0.000 4
 302  296     -0.411     -0.036      0.000 4
 303  299     -0.407      0.171      0.000 4
 307  303     -0.402      0.091      0.000 4
 305  304     -0.401     -0.331      0.000 4
 304  310     -0.399     -0.496      0.000 4
 310  306     -0.397     -0.266      0.000 4
 311  307     -0.396      0.154      0.000 4
 309  311     -0.394     -0.455      0.000 4
 312  308     -0.392     -0.158      0.000 4
 315  309     -0.391     -0.062      0.000 4
  -1   -2     -0.387      0.015      0.000 4
 306  318     -0.388      0.858      0.000 4
 314  314     -0.386     -0.414      0.000 4
 308  317     -0.387      0.752      0.000 4
 320  313     -0.382      0.021      0.000 4
 319  315     -0.379     -0.343      0.000 4
 313  321     -0.375      0.947      0.000 4
 322  316     -0.375     -0.257      0.000 4
 317  324     -0.370     -0.929      0.000 4
 318  325     -0.369     -0.908      0.000 4
 326  319     -0.365     -0.115      0.000 4
 328  320     -0.364     -0.107      0.000 4
 323  326     -0.363     -0.618      0.000 4
 325  322     -0.363      0.351      0.000 4
 321  327     -0.363      0.996      0.000 4
 327  323     -0.360      0.296      0.000 4
 324  328     -0.356      0.706      0.000 4
 329  329     -0.346      0.405      0.000 4
 332  330     -0.341     -0.278      0.000 4
 331  333     -0.333     -0.690      0.000 4
 330  336     -0.333     -0.889      0.000 4
 333  332     -0.332      0.560      0.000 4
 334  337     -0.328     -0.650      0.000 4
  -1   -2     -0.328      0.151      0.000 4
 335  340     -0.324      0.718      0.000 4
 342  334     -0.322     -0.113      0.000 4
 344  335     -0.320     -0.069      0.000 4
 345  339     -0.316      0.313      0.000 4
 339  341     -0.316      0.549      0.000 4
 336  349     -0.316      0.977      0.000 4
 347  338     -0.315      0.151      0.000 4
 338  345     -0.314     -0.708      0.000 4
 340  346     -0.313     -0.682      0.000 4
 341  344     -0.314      0.586      0.000 4
 343  343     -0.313      0.495      0.000 4
 346  350     -0.309     -0.645      0.000 4
 351  342     -0.308      0.213      0.000 4
 349  347     -0.307      0.365      0.000 4
 348  353     -0.305      0.591      0.000 4
 353  348     -0.303     -0.292      0.000 4
 355  351     -0.301      0.163      0.000 4
 350  356     -0.299      0.648      0.000 4
 354  354     -0.298     -0.988      0.000 4
 356  352     -0.297      0.182      0.000 4
 352  358     -0.297      0.766      0.000 4
 358  355     -0.291      0.107      0.000 4
 357  360     -0.288     -0.519      0.000 4
 361  357     -0.287     -0.014      0.000 4
 362  359     -0.285      0.169      0.000 4
 363  361     -0.279     -0.146      0.000 4
 365  362     -0.278     -0.055      0.000 4
 360  363     -0.278      0.711      0.000 4
 359  365     -0.277      0.976      0.000 4
 364  367     -0.269     -0.646      0.000 4
 366  366     -0.268      0.466      0.000 4
 368  364     -0.266     -0.254      0.000 4
 367  368     -0.262      0.759      0.000 4
 370  370     -0.258      0.657      0.000 4
 369  372     -0.255      0.925      0.000 4
 373  369     -0.254      0.394      0.000 4
 374  371     -0.252     -0.481      0.000 4
 371  373     -0.250      0.880      0.000 4
 372  374     -0.248      0.815      0.000 4
 375  378     -0.244     -0.993      0.000 4
 376  375     -0.244     -0.621      0.000 4
 377  383     -0.238      0.839      0.000 4
 378  382     -0.236      0.571      0.000 4
 381  379     -0.235     -0.449      0.000 4
 384  376     -0.235     -0.277      0.000 4
 379  385     -0.234      0.645      0.000 4
 383  380     -0.234     -0.379      0.000 4
 380  384     -0.233     -0.623      0.000 4
 387  377     -0.233      0.066      0.000 4
 385  381     -0.232     -0.358      0.000 4
 382  389     -0.229     -0.792      0.000 4
 388  388     -0.226     -0.469      0.000 4
 391  386     -0.225     -0.059      0.000 4
 390  387     -0.225      0.198      0.000 4
 386  390     -0.225      0.705      0.000 4
 389  391     -0.218     -0.719      0.000 4
 393  393     -0.213      0.441      0.000 4
 392  395     -0.211     -0.594      0.000 4
 396  392     -0.211     -0.299      0.000 4
 395  394     -0.211      0.418      0.000 4
 394  400     -0.206     -0.752      0.000 4
 401  396     -0.204     -0.161      0.000 4
 402  397     -0.202     -0.066      0.000 4
 397  405     -0.202      0.729      0.000 4
 404  398     -0.201     -0.127      0.000 4
 399  402     -0.200     -0.537      0.000 4
 398  406     -0.200      0.682      0.000 4
  -1   -2     -0.199     -0.528      0.000 4
 406  399     -0.199     -0.042      0.000 4
 405  401     -0.199     -0.300      0.000 4
 403  403     -0.198     -0.429      0.000 4
 412  407     -0.193     -0.151      0.000 4
 407  408     -0.191     -0.708      0.000 4
 408  409     -0.187      0.845      0.000 4
 409  411     -0.186      0.861      0.000 4
 411  410     -0.185     -0.854      0.000 4
 410  413     -0.185      0.970      0.000 4
 413  415     -0.181     -0.918      0.000 4
 414  412     -0.181      0.536      0.000 4
 415  418     -0.177      0.787      0.000 4
 416  417     -0.176     -0.644      0.000 4
 417  414     -0.176      0.162      0.000 4
 419  416     -0.173     -0.037      0.000 4
 420  419     -0.168     -0.529      0.000 4
 418  422     -0.166     -0.861      0.000 4
 421  421     -0.166      0.464      0.000 4
  -1   -2     -0.166      0.456      0.000 4
 424  424     -0.151     -0.509      0.000 4
 423  425     -0.151      0.805      0.000 4
 425  423     -0.149      0.173      0.000 4
 426  426     -0.141      0.648      0.000 4
 427  428     -0.138      0.474      0.000 4
 429  427     -0.136      0.246      0.000 4
 428  432     -0.134      0.774      0.000 4
 430  429     -0.134      0.222      0.000 4
 431  431     -0.130     -0.270      0.000 4
 432  430     -0.130     -0.052      0.000 4
 433  433     -0.126     -0.337      0.000 4
 435  434     -0.124     -0.234      0.000 4
 436  435     -0.123      0.201      0.000 4
 437  436     -0.122     -0.313      0.000 4
 434  437     -0.121     -0.667      0.000 4
 438  438     -0.117     -0.393      0.000 4
 439  439     -0.112      0.596      0.000 4
  -1   -2     -0.112      0.585      0.000 4
 440  441     -0.111     -0.603      0.000 4
 442  440     -0.110      0.326      0.000 4
 443  446     -0.101      0.935      0.000 4
 444  444     -0.099     -0.544      0.000 4
 446  443     -0.099     -0.307      0.000 4
 445  445     -0.099      0.480      0.000 4
 447  449     -0.094      0.862      0.000 4
 449  447     -0.093     -0.204      0.000 4
 448  448     -0.093      0.247      0.000 4
 450  450     -0.087     -0.657      0.000 4
 451  453     -0.084      0.983      0.000 4
 453  452     -0.083      0.014      0.000 4
 454  451     -0.083     -0.061      0.000 4
 452  455     -0.081      0.675      0.000 4
 456  454     -0.080     -0.373      0.000 4
 455  456     -0.078     -0.698      0.000 4
 457  457     -0.078     -0.587      0.000 4
 458  458     -0.075     -0.932      0.000 4
 459  459     -0.070     -0.945      0.000 4
 460  460     -0.067     -0.990      0.000 4
 461  461     -0.066     -0.485      0.000 4
 462  463     -0.065      0.566      0.000 4
 465  462     -0.064     -0.015      0.000 4
 463  465     -0.063     -0.808      0.000 4
 464  464     -0.063      0.481      0.000 4
 467  466     -0.061      0.304      0.000 4
 466  468     -0.060     -0.825      0.000 4
 468  467     -0.059     -0.268      0.000 4
 469  469     -0.058      0.800      0.000 4
 470  470     -0.054     -0.515      0.000 4
 471  471     -0.051     -0.650      0.000 4
 472  472     -0.051      0.549      0.000 4
 474  474     -0.049     -0.551      0.000 4
 473  473     -0.049     -0.988      0.000 4
 476  475     -0.048     -0.062      0.000 4
 475  476     -0.048     -0.724      0.000 4
 477  477     -0.046      0.408      0.000 4
 478  480     -0.045     -0.923      0.000 4
 480  478     -0.045      0.087      0.000 4
 481  479     -0.045      0.066      0.000 4
 479  482     -0.044      0.927      0.000 4
 482  481     -0.043     -0.105      0.000 4
 483  483     -0.040      0.622      0.000 4
 485  484     -0.038      0.277      0.000 4
 484  485     -0.038      0.801      0.000 4
 486  486     -0.037      0.453      0.000 4
 487  487     -0.036     -0.869      0.000 4
 488  488     -0.035     -0.548      0.000 4
 490  489     -0.034      0.115      0.000 4
 489  490     -0.034      0.862      0.000 4
 492  492     -0.032     -0.630      0.000 4
 491  491     -0.032      0.312      0.000 4
 493  493     -0.032      0.951      0.000 4
 494  494     -0.031     -0.333      0.000 4
 495  495     -0.030      0.161      0.000 4
 496  496     -0.027      0.201      0.000 4
 497  497     -0.026      0.031      0.000 4
 498  499     -0.024     -0.515      0.000 4
 499  498     -0.024     -0.729      0.000 4
 500  500     -0.023     -0.604      0.000 4
 501  501     -0.021      0.714      0.000 4
 502  502     -0.021     -0.551      0.000 4
 503  503     -0.018      0.329      0.000 4
  -1   -2     -0.016     -0.599      0.000 4
 505  505     -0.016     -0.775      0.000 4
 506  506     -0.014     -0.695      0.000 4
 507  507     -0.012     -0.719      0.000 4
 508  508     -0.010      0.984      0.000 4
 509  509     -0.007      0.071      0.000 4
 510  510     -0.002     -0.292      0.000 4
 511  511     -0.000     -0.478      0.000 4
 512  512      0.001      0.309      0.000 4
 513  513      0.007      0.087      0.000 4
 514  514      0.009     -0.140      0.000 4
 515  515      0.010     -0.112      0.000 4
 516  516      0.011     -0.420      0.000 4
 518  517      0.012      0.612      0.000 4
 517  518      0.012     -0.248      0.000 4
 519  519      0.016      0.177      0.000 4
 521  520      0.020     -0.778      0.000 4
 520  523      0.021      0.128      0.000 4
 523  521      0.023      0.830      0.000 4
 522  524      0.023     -0.249      0.000 4
 524  522      0.023      0.781      0.000 4
 525  525      0.027     -0.763      0.000 4
 527  526      0.031      0.772      0.000 4
 526  527      0.031      0.224      0.000 4
 528  528      0.033      0.629      0.000 4
 530  529      0.035      0.431      0.000 4
 529  530      0.037      0.011      0.000 4
 531  531      0.042     -0.581      0.000 4
 532  532      0.044      0.387      0.000 4
 533  533      0.045     -0.489      0.000 4
 534  534      0.055      0.076      0.000 4
 535  535      0.062      0.459      0.000 4
 537  536      0.065     -0.756      0.000 4
 536  539      0.066     -0.357      0.000 4
 538  537      0.066     -0.841      0.000 4
 540  538      0.068     -0.978      0.000 4
 539  540      0.072      0.274      0.000 4
 541  541      0.073      0.241      0.000 4
 542  542      0.075     -0.471      0.000 4
  -1   -2      0.079      0.269      0.000 4
 544  545      0.080     -0.060      0.000 4
 545  544      0.080      0.074      0.000 4
 550  546      0.085     -0.683      0.000 4
 547  547      0.087     -0.494      0.000 4
 546  550      0.087     -0.214      0.000 4
 548  553      0.090      0.110      0.000 4
 549  554      0.090     -0.057      0.000 4
 553  548      0.092      0.896      0.000 4
 554  549      0.092      0.797      0.000 4
 551  556      0.093     -0.244      0.000 4
 555  551      0.094      0.747      0.000 4
 557  552      0.095     -0.945      0.000 4
 552  558      0.095      0.028      0.000 4
 560  555      0.099     -0.892      0.000 4
 558  559      0.101      0.356      0.000 4
 561  557      0.101      0.733      0.000 4
 556  560      0.102     -0.227      0.000 4
 559  563      0.104      0.084      0.000 4
 563  561      0.109     -0.981      0.000 4
 564  562      0.111      0.948      0.000 4
 562  564      0.111     -0.599      0.000 4
 565  568      0.120      0.334      0.000 4
 570   -2      0.120     -0.572      0.000 4
 572  567      0.123      0.598      0.000 4
  -1  565      0.123     -0.555      0.000 4
 574  566      0.125     -0.927      0.000 4
 567  572      0.125      0.076      0.000 4
 569  571      0.125      0.152      0.000 4
 568  574      0.126     -0.034      0.000 4
 571  573      0.127     -0.252      0.000 4
 575  570      0.129     -0.636      0.000 4
 573  575      0.132     -0.012      0.000 4
 576  576      0.138      0.411      0.000 4
 577  581      0.143     -0.189      0.000 4
 578  582      0.144      0.103      0.000 4
 579  578      0.144     -0.717      0.000 4
 581  577      0.146     -0.977      0.000 4
 582  579      0.147      0.870      0.000 4
 583  580      0.148     -0.907      0.000 4
 580  583      0.149      0.449      0.000 4
  -1   -2      0.157     -0.566      0.000 4
 587  588      0.158     -0.520      0.000 4
 590  584      0.159      0.797      0.000 4
 584  591      0.159      0.339      0.000 4
 592  585      0.161     -0.902      0.000 4
 585  594      0.161      0.189      0.000 4
 589  590      0.162     -0.576      0.000 4
 588  592      0.163     -0.358      0.000 4
  -1   -2      0.164     -0.982      0.000 4
 598  589      0.166      0.954      0.000 4
 593  596      0.168      0.526      0.000 4
 597  595      0.169      0.598      0.000 4
 591  600      0.169     -0.258      0.000 4
 596  593      0.171     -0.986      0.000 4
 599  599      0.172     -0.521      0.000 4
 608  597      0.173     -0.943      0.000 4
 607  598      0.173      0.825      0.000 4
 594  603      0.174      0.103      0.000 4
 595  604      0.174     -0.176      0.000 4
 600  602      0.174     -0.413      0.000 4
 604  601      0.176     -0.540      0.000 4
 601  605      0.177      0.222      0.000 4
 603  606      0.178      0.202      0.000 4
 602  607      0.179      0.093      0.000 4
 606  611      0.184     -0.103      0.000 4
 610  609      0.186      0.441      0.000 4
 609  612      0.187      0.055      0.000 4
 616  608      0.192      0.900      0.000 4
 614  610      0.193     -0.722      0.000 4
 613  613      0.194     -0.579      0.000 4
 611  615      0.194     -0.128      0.000 4
 612  618      0.197      0.154      0.000 4
 619  614      0.201      0.892      0.000 4
 617  616      0.201     -0.988      0.000 4
 615  619      0.202     -0.241      0.000 4
 624  617      0.209     -0.952      0.000 4
 622  620      0.210      0.364      0.000 4
 618  622      0.212     -0.118      0.000 4
 620  621      0.212      0.226      0.000 4
 621  625      0.214      0.010      0.000 4
 623  628      0.217     -0.019      0.000 4
 625  623      0.221      0.614      0.000 4
 628  627      0.226      0.719      0.000 4
 626  631      0.227     -0.407      0.000 4
 630  624      0.227     -0.946      0.000 4
 631  626      0.227      0.866      0.000 4
 629  629      0.228     -0.650      0.000 4
 627  630      0.228      0.442      0.000 4
 633  632      0.233     -0.679      0.000 4
 632  636      0.240     -0.276      0.000 4
 638  633      0.242      0.960      0.000 4
 634  634      0.244     -0.595      0.000 4
 636  635      0.245      0.603      0.000 4
 635  639      0.249     -0.458      0.000 4
 640  638      0.252      0.687      0.000 4
 641  637      0.252      0.742      0.000 4
 639  641      0.256     -0.306      0.000 4
 637  642      0.256     -0.092      0.000 4
 643  640      0.263     -0.655      0.000 4
 642  644      0.270      0.124      0.000 4
 644  643      0.271      0.312      0.000 4
 647  647      0.276     -0.353      0.000 4
 645  650      0.276      0.181      0.000 4
 650  645      0.279     -0.592      0.000 4
 646  652      0.279      0.051      0.000 4
 649  649      0.280      0.418      0.000 4
 651  651      0.283     -0.457      0.000 4
 653  646      0.284      0.716      0.000 4
 648  656      0.285      0.035      0.000 4
 661  648      0.289      0.983      0.000 4
 656  654      0.292      0.497      0.000 4
 657  657      0.293     -0.499      0.000 4
 652  660      0.294     -0.192      0.000 4
 666  653      0.296      0.773      0.000 4
 654  663      0.298      0.179      0.000 4
 663  658      0.298      0.557      0.000 4
 658  662      0.298      0.260      0.000 4
 655  664      0.300      0.118      0.000 4
 669  655      0.299     -0.854      0.000 4
 659  665      0.300      0.206      0.000 4
 668  661      0.305      0.509      0.000 4
 660  668      0.305      0.009      0.000 4
 662  670      0.306      0.087      0.000 4
 670  659      0.308      0.813      0.000 4
 665  667      0.308     -0.318      0.000 4
 664  671      0.308      0.158      0.000 4
 667  672      0.312      0.096      0.000 4
 672  666      0.316     -0.882      0.000 4
 674  669      0.321     -0.842      0.000 4
 673  673      0.323      0.614      0.000 4
 671  675      0.323      0.384      0.000 4
 676  674      0.332      0.899      0.000 4
 675  678      0.333      0.531      0.000 4
 677  676      0.333     -0.832      0.000 4
 681  677      0.335     -0.975      0.000 4
 680  679      0.338     -0.762      0.000 4
 682  680      0.339     -0.697      0.000 4
 684  682      0.341      0.665      0.000 4
  -1   -2      0.343     -0.880      0.000 4
 683  684      0.347     -0.487      0.000 4
 678  692      0.350      0.050      0.000 4
 679  691      0.351      0.150      0.000 4
 693  683      0.351     -0.880      0.000 4
 690  685      0.353      0.520      0.000 4
 689  686      0.353      0.505      0.000 4
 691  688      0.355      0.469      0.000 4
 688  690      0.355     -0.426      0.000 4
 694  687      0.357     -0.654      0.000 4
 686  695      0.358     -0.210      0.000 4
 685  696      0.358     -0.125      0.000 4
 695  689      0.359     -0.607      0.000 4
 692  699      0.365     -0.181      0.000 4
 696  698      0.367      0.417      0.000 4
 699  694      0.367     -0.623      0.000 4
 700  693      0.368      0.616      0.000 4
 697  701      0.372      0.333      0.000 4
 704  697      0.374      0.738      0.000 4
 698  705      0.378     -0.173      0.000 4
 701  706      0.383     -0.080      0.000 4
 708  700      0.383     -0.838      0.000 4
 702  709      0.386      0.040      0.000 4
 703  711      0.387      0.051      0.000 4
 711  704      0.390      0.659      0.000 4
 705  713      0.392      0.194      0.000 4
 707  708      0.392      0.446      0.000 4
 713  702      0.393      0.822      0.000 4
 709  707      0.393      0.499      0.000 4
 715  703      0.394      0.881      0.000 4
 706  715      0.397      0.141      0.000 4
 712  712      0.397     -0.483      0.000 4
 716  714      0.403      0.535      0.000 4
 710  719      0.403     -0.084      0.000 4
 718  710      0.403     -0.827      0.000 4
 714  721      0.409     -0.281      0.000 4
 719  720      0.413      0.461      0.000 4
 722  716      0.413     -0.774      0.000 4
 717  725      0.415     -0.133      0.000 4
 720  724      0.417      0.320      0.000 4
 727  717      0.418     -0.994      0.000 4
  -1   -2      0.420      0.832      0.000 4
 723  722      0.421     -0.700      0.000 4
 721  729      0.425      0.025      0.000 4
 729  723      0.426      0.882      0.000 4
 730  727      0.432     -0.728      0.000 4
 732  726      0.433      0.831      0.000 4
 724  730      0.435     -0.141      0.000 4
 725  734      0.436      0.068      0.000 4
 728  731      0.439     -0.337      0.000 4
 734  728      0.439     -0.959      0.000 4
 733  733      0.446     -0.557      0.000 4
 731  741      0.449      0.000      0.000 4
 736  732      0.453     -0.982      0.000 4
 742  735      0.453     -0.766      0.000 4
 735  742      0.454      0.310      0.000 4
 737  740      0.455     -0.435      0.000 4
 745  737      0.457     -0.781      0.000 4
 739  743      0.458      0.409      0.000 4
 747  736      0.459      0.859      0.000 4
 746  738      0.460     -0.744      0.000 4
 748  739      0.462      0.784      0.000 4
 738  745      0.464      0.015      0.000 4
 740  747      0.467     -0.127      0.000 4
 741  746      0.467     -0.140      0.000 4
 749  744      0.472      0.430      0.000 4
 743  751      0.472     -0.192      0.000 4
 753  750      0.482      0.531      0.000 4
 750  755      0.485     -0.404      0.000 4
 757  749      0.486     -0.785      0.000 4
 755  752      0.487      0.638      0.000 4
 758  748      0.487     -0.835      0.000 4
 751  757      0.488      0.247      0.000 4
 752  758      0.491      0.114      0.000 4
 759  754      0.491      0.700      0.000 4
 762  753      0.493     -0.900      0.000 4
 754  764      0.498     -0.102      0.000 4
 756  765      0.500      0.213      0.000 4
 764  756      0.501      0.836      0.000 4
 763  760      0.503     -0.589      0.000 4
 760  768      0.506      0.220      0.000 4
 761  770      0.509      0.083      0.000 4
 766  759      0.510      0.996      0.000 4
 767  761      0.512      0.951      0.000 4
 769  762      0.512     -0.973      0.000 4
 765  767      0.514     -0.537      0.000 4
 771  763      0.516      0.873      0.000 4
 770  766      0.518     -0.706      0.000 4
 772  769      0.521     -0.716      0.000 4
 773  771      0.525      0.560      0.000 4
 768  774      0.527      0.293      0.000 4
 774  773      0.531     -0.577      0.000 4
 778  772      0.534      0.804      0.000 4
 776  775      0.536     -0.485      0.000 4
 775  778      0.538      0.340      0.000 4
 777  777      0.540      0.425      0.000 4
 780  776      0.543      0.583      0.000 4
 783  780      0.553     -0.550      0.000 4
 779  785      0.554      0.038      0.000 4
 786  779      0.557      0.742      0.000 4
 787  781      0.559      0.651      0.000 4
 781  788      0.559     -0.104      0.000 4
 785  782      0.559     -0.642      0.000 4
 791  783      0.561     -0.678      0.000 4
 782  789      0.561      0.182      0.000 4
 788  786      0.564     -0.535      0.000 4
 793  784      0.564      0.603      0.000 4
 792  787      0.565     -0.543      0.000 4
 790  790      0.570     -0.371      0.000 4
 784  792      0.571      0.046      0.000 4
 789  793      0.572     -0.205      0.000 4
 795  791      0.576      0.442      0.000 4
 794  796      0.582     -0.236      0.000 4
 796  799      0.584     -0.184      0.000 4
 797  795      0.586      0.451      0.000 4
 800  794      0.591     -0.828      0.000 4
 799  798      0.593     -0.570      0.000 4
 798  803      0.599     -0.074      0.000 4
 802  797      0.600     -0.990      0.000 4
 804  800      0.605     -0.786      0.000 4
 806  801      0.608      0.931      0.000 4
 807  802      0.609      0.916      0.000 4
 801  806      0.609     -0.297      0.000 4
 805  805      0.612     -0.592      0.000 4
  -1   -2      0.617     -0.298      0.000 4
 813  804      0.619     -0.903      0.000 4
 817  807      0.624      0.861      0.000 4
 812  810      0.624     -0.614      0.000 4
 811  813      0.625     -0.566      0.000 4
 816  809      0.625      0.618      0.000 4
 818  808      0.626     -0.769      0.000 4
 808  817      0.627      0.044      0.000 4
 809  819      0.630     -0.059      0.000 4
 820  811      0.631      0.841      0.000 4
 815  815      0.631      0.410      0.000 4
 810  818      0.632      0.255      0.000 4
 814  820      0.637     -0.124      0.000 4
 822  814      0.636     -0.991      0.000 4
 821  816      0.637      0.641      0.000 4
 819  822      0.643     -0.168      0.000 4
 826  821      0.650      0.579      0.000 4
 823  823      0.651     -0.326      0.000 4
 827  824      0.656     -0.434      0.000 4
 825  826      0.657      0.048      0.000 4
 824  827      0.657      0.035      0.000 4
 828  825      0.667      0.711      0.000 4
 830  829      0.674     -0.572      0.000 4
 832  828      0.677      0.714      0.000 4
 829  834      0.680      0.151      0.000 4
 835  830      0.686     -0.890      0.000 4
 834  832      0.686     -0.702      0.000 4
 831  839      0.687      0.020      0.000 4
 833  837      0.688      0.310      0.000 4
 839  831      0.689      0.879      0.000 4
 837  833      0.691      0.659      0.000 4
 840  835      0.694      0.785      0.000 4
 844  836      0.696     -0.897      0.000 4
 838  843      0.697      0.420      0.000 4
 836  846      0.700      0.211      0.000 4
 841  842      0.700     -0.987      0.000 4
 845  838      0.700     -0.880      0.000 4
 843  845      0.703      0.458      0.000 4
 850  841      0.706      0.936      0.000 4
 847  844      0.706     -0.645      0.000 4
 842  851      0.708     -0.202      0.000 4
 846  848      0.710      0.452      0.000 4
 852  847      0.713      0.630      0.000 4
 848  854      0.717      0.121      0.000 4
 854  852      0.718      0.479      0.000 4
 856  850      0.719      0.711      0.000 4
 849  855      0.719     -0.145      0.000 4
 860  849      0.721      0.952      0.000 4
 858  853      0.723      0.593      0.000 4
 851  858      0.723      0.089      0.000 4
 853  859      0.724     -0.175      0.000 4
 855  861      0.725      0.110      0.000 4
 859  860      0.729     -0.430      0.000 4
 857  862      0.729     -0.226      0.000 4
 861  856      0.731     -0.717      0.000 4
 864  857      0.734      0.753      0.000 4
 862  866      0.740      0.244      0.000 4
 868  863      0.742     -0.895      0.000 4
 865  864      0.742     -0.668      0.000 4
 863  870      0.745      0.066      0.000 4
 870  865      0.747      0.814      0.000 4
 867  869      0.747     -0.496      0.000 4
 872  867      0.752      0.706      0.000 4
 871  868      0.751     -0.679      0.000 4
 866  873      0.753     -0.110      0.000 4
 875  871      0.757      0.752      0.000 4
 869  876      0.757     -0.183      0.000 4
 878  872      0.761     -0.845      0.000 4
 873  880      0.765     -0.340      0.000 4
 876  879      0.765     -0.433      0.000 4
 880  875      0.766      0.847      0.000 4
 874  881      0.766      0.221      0.000 4
 881  874      0.766     -0.916      0.000 4
 884  877      0.770     -0.860      0.000 4
 883  878      0.770     -0.813      0.000 4
 877  883      0.772      0.114      0.000 4
 879  884      0.777      0.076      0.000 4
 886  882      0.781      0.875      0.000 4
 882  887      0.781     -0.078      0.000 4
 885  886      0.781     -0.380      0.000 4
 889  885      0.787      0.696      0.000 4
 888  893      0.792      0.265      0.000 4
 892  888      0.792     -0.854      0.000 4
 890  890      0.793      0.425      0.000 4
 887  896      0.793      0.037      0.000 4
 893  889      0.793     -0.785      0.000 4
 894  891      0.796     -0.621      0.000 4
  -1   -2      0.796      0.276      0.000 4
  -1   -2      0.796     -0.634      0.000 4
 896  899      0.801      0.470      0.000 4
 900  894      0.801     -0.856      0.000 4
 899  898      0.804      0.655      0.000 4
 902  895      0.803     -0.932      0.000 4
 903  900      0.807     -0.767      0.000 4
 897  903      0.808     -0.203      0.000 4
 907  901      0.809      0.799      0.000 4
 898  906      0.810     -0.067      0.000 4
 904  902      0.811      0.490      0.000 4
 906  904      0.812     -0.501      0.000 4
 905  905      0.813     -0.478      0.000 4
 901  907      0.813      0.022      0.000 4
 909  909      0.820      0.389      0.000 4
 908  910      0.820     -0.261      0.000 4
 910  911      0.822      0.356      0.000 4
 913  908      0.825      0.959      0.000 4
 911  912      0.826      0.568      0.000 4
 916  913      0.830      0.857      0.000 4
 912  918      0.831      0.213      0.000 4
 915  920      0.833     -0.414      0.000 4
 920  914      0.833     -0.939      0.000 4
 919  915      0.835      0.763      0.000 4
 918  917      0.835      0.518      0.000 4
 914  922      0.835     -0.028      0.000 4
 924  916      0.837      0.896      0.000 4
 921  919      0.837     -0.762      0.000 4
 917  923      0.838      0.011      0.000 4
 922  921      0.839      0.592      0.000 4
 923  927      0.845      0.023      0.000 4
 925  925      0.848     -0.486      0.000 4
 928  926      0.851      0.653      0.000 4
 929  924      0.851      0.875      0.000 4
 927  928      0.851      0.263      0.000 4
 926  929      0.851     -0.273      0.000 4
 932  930      0.858      0.711      0.000 4
 930  933      0.858     -0.018      0.000 4
 933  931      0.860      0.940      0.000 4
 931  932      0.860      0.364      0.000 4
 934  934      0.868      0.825      0.000 4
  -1   -2      0.872      0.676      0.000 4
 936  935      0.873      0.878      0.000 4
 938  937      0.874     -0.779      0.000 4
 939  938      0.877      0.665      0.000 4
 937  939      0.878      0.299      0.000 4
  -1   -2      0.882      0.308      0.000 4
 942  940      0.884      0.586      0.000 4
 941  943      0.885     -0.041      0.000 4
 943  945      0.888      0.163      0.000 4
 945  942      0.888     -0.693      0.000 4
 944  944      0.888     -0.506      0.000 4
 946  946      0.891      0.432      0.000 4
 949  947      0.893     -0.676      0.000 4
 948  949      0.894      0.553      0.000 4
 950  948      0.894      0.644      0.000 4
 947  950      0.895     -0.112      0.000 4
 951  952      0.898      0.286      0.000 4
 952  953      0.900      0.030      0.000 4
 955  951      0.902      0.851      0.000 4
 953  956      0.902     -0.247      0.000 4
 958  954      0.904     -0.681      0.000 4
 957  955      0.904     -0.615      0.000 4
 954  957      0.905     -0.050      0.000 4
 956  959      0.906      0.064      0.000 4
 959  958      0.907     -0.495      0.000 4
 960  960      0.912     -0.391      0.000 4
 961  961      0.915      0.288      0.000 4
 962  962      0.922     -0.701      0.000 4
 965  963      0.926     -0.934      0.000 4
 964  965      0.927      0.494      0.000 4
 966  964      0.927     -0.949      0.000 4
 963  967      0.928     -0.193      0.000 4
 968  966      0.928     -0.896      0.000 4
 967  968      0.931     -0.358      0.000 4
 969  969      0.932     -0.319      0.000 4
 971  971      0.934     -0.570      0.000 4
 972  970      0.934     -0.974      0.000 4
 970  972      0.935     -0.150      0.000 4
 973  973      0.948      0.481      0.000 4
 975  974      0.949     -0.987      0.000 4
 974  975      0.950      0.239      0.000 4
 976  976      0.955      0.917      0.000 4
 977  977      0.955      0.861      0.000 4
 978  978      0.956      0.990      0.000 4
 979  979      0.958      0.744      0.000 4
 980  980      0.958     -0.544      0.000 4
 981  981      0.959     -0.843      0.000 4
 983  982      0.968     -0.697      0.000 4
 982  983      0.970     -0.199      0.000 4
 984  985      0.972      0.450      0.000 4
 985  984      0.972      0.820      0.000 4
 986  986      0.972     -0.633      0.000 4
 987  987      0.980      0.415      0.000 4
 988  988      0.980     -0.464      0.000 4
 990  989      0.983     -0.318      0.000 4
 989  990      0.983      0.020      0.000 4
 991  991      0.987      0.688      0.000 4
 993  992      0.988     -0.864      0.000 4
  -1   -2      0.989      0.360      0.000 4
 994  997      0.989      0.350      0.000 4
 996  993      0.990      0.960      0.000 4
 995  995      0.990      0.602      0.000 4
 998  996      0.991      0.722      0.000 4
 999  998      0.991     -0.783      0.000 4
 997  999      0.992      0.149      0.000 4
