1000
   0    0     -0.997     -0.541      0.000 4
   2    1     -0.997      0.505      0.000 4
  -1   -2     -0.996      0.677      0.000 4
   3    4     -0.996      0.668      0.000 4
   4    3     -0.995     -0.104      0.000 4
   5    5     -0.994     -0.676      0.000 4
   6    6     -0.989     -0.175      0.000 4
  -1    7     -0.989      0.452      0.000 4
   7    8     -0.989      0.952      0.000 4
   8    9     -0.988     -0.049      0.000 4
   9   10     -0.988      0.201      0.000 4
  11   11     -0.987     -0.799      0.000 4
  10   12     -0.988     -0.299      0.000 4
  12   13     -0.987     -0.549      0.000 4
  13   14     -0.987      0.701      0.000 4
  14   16     -0.985      0.941      0.000 4
  16   15     -0.984     -0.220      0.000 4
  15   17     -0.983     -0.973      0.000 4
  17   18     -0.978      0.186      0.000 4
  18   19     -0.975      0.592      0.000 4
  19   20     -0.973     -0.146      0.000 4
  20   21     -0.971      0.470      0.000 4
  21   22     -0.969      0.767      0.000 4
  23   23     -0.965      0.277      0.000 4
  22   27     -0.964     -0.909      0.000 4
  24   25     -0.964     -0.151      0.000 4
  26   24     -0.963     -0.022      0.000 4
  25   26     -0.963      0.255      0.000 4
  27   28     -0.959     -0.358      0.000 4
  29   29     -0.958      0.486      0.000 4
  28   30     -0.955     -0.910      0.000 4
  30   31     -0.955      0.627      0.000 4
  33   32     -0.951     -0.166      0.000 4
  32   34     -0.951     -0.551      0.000 4
  35   33     -0.951     -0.088      0.000 4
  36   35     -0.950     -0.329      0.000 4
  34   36     -0.949     -0.602      0.000 4
  31   37     -0.950      0.915      0.000 4
  37   38     -0.946     -0.641      0.000 4
  38   40     -0.946      0.683      0.000 4
  39   39     -0.943      0.125      0.000 4
  40   41     -0.941      0.462      0.000 4
  41   45     -0.930     -0.890      0.000 4
  42   42     -0.929      0.314      0.000 4
  45   43     -0.928      0.061      0.000 4
  44   44     -0.927      0.370      0.000 4
  46   46     -0.926      0.122      0.000 4
  43   48     -0.926      0.561      0.000 4
  48   47     -0.924     -0.212      0.000 4
  47   50     -0.922      0.890      0.000 4
  49   49     -0.918      0.224      0.000 4
  51   51     -0.915      0.137      0.000 4
  50   52     -0.915      0.274      0.000 4
  52   53     -0.907     -0.590      0.000 4
  54   54     -0.905      0.549      0.000 4
  53   57     -0.902     -0.829      0.000 4
  56   55     -0.901      0.531      0.000 4
  55   59     -0.900      0.746      0.000 4
  59   58     -0.897     -0.416      0.000 4
  62   56     -0.896     -0.133      0.000 4
  61   60     -0.895     -0.550      0.000 4
  58   61     -0.895     -0.780      0.000 4
  57   62     -0.894     -0.897      0.000 4
  60   63     -0.892     -0.988      0.000 4
  64   64     -0.889     -0.641      0.000 4
  63   67     -0.889      0.799      0.000 4
  67   65     -0.885      0.331      0.000 4
  65   70     -0.883     -0.826      0.000 4
  70   66     -0.883     -0.164      0.000 4
  66   73     -0.883      0.845      0.000 4
  68   68     -0.882      0.388      0.000 4
  69   69     -0.880      0.503      0.000 4
  72   72     -0.879      0.460      0.000 4
  73   71     -0.877     -0.388      0.000 4
  71   75     -0.873     -0.917      0.000 4
  74   74     -0.873     -0.186      0.000 4
  75   76     -0.868     -0.640      0.000 4
  76   80     -0.865      0.615      0.000 4
  78   77     -0.862      0.120      0.000 4
  77   78     -0.862     -0.256      0.000 4
  -1   82     -0.862      0.610      0.000 4
  80   79     -0.859      0.050      0.000 4
  81   81     -0.858     -0.032      0.000 4
  79   85     -0.857      0.541      0.000 4
  83   83     -0.853     -0.206      0.000 4
  84   84     -0.852     -0.138      0.000 4
  82   89     -0.846     -0.954      0.000 4
  87   88     -0.839     -0.459      0.000 4
  86   91     -0.839      0.577      0.000 4
  85   93     -0.837     -0.795      0.000 4
  88   86     -0.838      0.021      0.000 4
  89   87     -0.836      0.146      0.000 4
  91   90     -0.835     -0.107      0.000 4
  92   92     -0.832     -0.012      0.000 4
  94   94     -0.827      0.091      0.000 4
  93   96     -0.827      0.209      0.000 4
  90   99     -0.826     -0.839      0.000 4
  95   95     -0.826     -0.077      0.000 4
  96   97     -0.820     -0.265      0.000 4
  98   98     -0.817     -0.141      0.000 4
  97  101     -0.816      0.445      0.000 4
  99  100     -0.816     -0.057      0.000 4
 102  102     -0.812      0.176      0.000 4
 104  103     -0.809      0.104      0.000 4
 100  106     -0.806      0.745      0.000 4
 101  105     -0.805      0.650      0.000 4
 103  112     -0.801     -0.774      0.000 4
 109  104     -0.800      0.200      0.000 4
 106  108     -0.798     -0.988      0.000 4
 108  107     -0.798      0.413      0.000 4
 107  109     -0.798      0.479      0.000 4
 111  110     -0.795      0.295      0.000 4
 105  114     -0.793     -0.869      0.000 4
 113  111     -0.791     -0.149      0.000 4
 114  113     -0.789     -0.278      0.000 4
 110  115     -0.789      0.907      0.000 4
 112  116     -0.786     -0.809      0.000 4
 116  117     -0.780     -0.531      0.000 4
 117  119     -0.778      0.468      0.000 4
 119  118     -0.776     -0.341      0.000 4
 115  124     -0.775      0.957      0.000 4
 118  121     -0.773      0.495      0.000 4
 121  120     -0.769      0.083      0.000 4
 120  123     -0.767     -0.350      0.000 4
 122  122     -0.766     -0.009      0.000 4
 129  125     -0.757     -0.202      0.000 4
 125  126     -0.756      0.492      0.000 4
 124  128     -0.754     -0.697      0.000 4
 127  127     -0.754      0.456      0.000 4
 123  130     -0.751     -0.979      0.000 4
 128  129     -0.749      0.625      0.000 4
 126  131     -0.748      0.853      0.000 4
 131  134     -0.738      0.431      0.000 4
 132  132     -0.737      0.387      0.000 4
 133  138     -0.734     -0.467      0.000 4
 130  141     -0.733     -0.651      0.000 4
 135  137     -0.732     -0.414      0.000 4
 137  135     -0.732     -0.244      0.000 4
 138  133     -0.732     -0.151      0.000 4
 136  139     -0.732     -0.436      0.000 4
 141  136     -0.730     -0.046      0.000 4
 139  140     -0.728     -0.383      0.000 4
 134  144     -0.725      0.873      0.000 4
 143  142     -0.724     -0.217      0.000 4
 142  143     -0.720      0.384      0.000 4
 140  147     -0.717      0.791      0.000 4
 145  146     -0.712     -0.489      0.000 4
 151  145     -0.709      0.093      0.000 4
 148  149     -0.709      0.443      0.000 4
 150  148     -0.706      0.286      0.000 4
 144  152     -0.706      0.831      0.000 4
 146  154     -0.704      0.760      0.000 4
 147  155     -0.701     -0.784      0.000 4
 149  153     -0.702      0.629      0.000 4
 156  150     -0.701      0.065      0.000 4
 159  151     -0.696     -0.150      0.000 4
 152  158     -0.695      0.579      0.000 4
 153  157     -0.695      0.559      0.000 4
 157  159     -0.692      0.473      0.000 4
 154  163     -0.690      0.674      0.000 4
 160  160     -0.687     -0.379      0.000 4
 164  156     -0.687      0.166      0.000 4
 155  167     -0.687      0.925      0.000 4
 158  165     -0.683     -0.705      0.000 4
 161  164     -0.682      0.527      0.000 4
 165  161     -0.682     -0.206      0.000 4
 166  162     -0.681     -0.258      0.000 4
 162  166     -0.681      0.562      0.000 4
  -1   -2     -0.675     -0.706      0.000 4
 168  170     -0.668     -0.457      0.000 4
 170  168     -0.667      0.254      0.000 4
 167  172     -0.663      0.806      0.000 4
 169  175     -0.659      0.709      0.000 4
 173  171     -0.659     -0.191      0.000 4
 171  176     -0.651     -0.742      0.000 4
 176  174     -0.649     -0.371      0.000 4
 178  173     -0.649     -0.304      0.000 4
 175  177     -0.647      0.543      0.000 4
 172  180     -0.644      0.862      0.000 4
 174  183     -0.642      0.818      0.000 4
 179  184     -0.638     -0.702      0.000 4
 181  179     -0.637     -0.549      0.000 4
 177  187     -0.637      0.780      0.000 4
 187  178     -0.637     -0.162      0.000 4
 182  181     -0.635      0.460      0.000 4
 180  190     -0.631     -0.778      0.000 4
 183  188     -0.631      0.539      0.000 4
 192  182     -0.627      0.155      0.000 4
 193  186     -0.624      0.213      0.000 4
 185  192     -0.623     -0.734      0.000 4
 194  185     -0.623     -0.207      0.000 4
 188  193     -0.623      0.681      0.000 4
 184  196     -0.622      0.834      0.000 4
 186  197     -0.621      0.914      0.000 4
 197  189     -0.617      0.025      0.000 4
 189  199     -0.617      0.798      0.000 4
 190  201     -0.614      0.904      0.000 4
 201  191     -0.612      0.129      0.000 4
 191  203     -0.611     -0.907      0.000 4
 195  204     -0.608      0.774      0.000 4
 206  195     -0.607     -0.186      0.000 4
 207  194     -0.607      0.047      0.000 4
 202  198     -0.606     -0.411      0.000 4
 199  200     -0.606      0.511      0.000 4
 200  207     -0.602      0.644      0.000 4
 196  209     -0.601     -0.978      0.000 4
 205  206     -0.599      0.506      0.000 4
 204  208     -0.598     -0.606      0.000 4
 198  211     -0.599      0.993      0.000 4
 212  202     -0.594      0.027      0.000 4
 203  214     -0.594     -0.840      0.000 4
 208  210     -0.594      0.630      0.000 4
 209  212     -0.593     -0.650      0.000 4
 213  205     -0.592      0.190      0.000 4
 214  216     -0.583      0.503      0.000 4
 219  213     -0.582      0.296      0.000 4
 216  218     -0.578     -0.609      0.000 4
 218  217     -0.579      0.470      0.000 4
 220  215     -0.577      0.239      0.000 4
 215  221     -0.577      0.718      0.000 4
 210  222     -0.577      0.991      0.000 4
 211  224     -0.576     -0.893      0.000 4
 217  223     -0.572     -0.716      0.000 4
 222  220     -0.571      0.466      0.000 4
 224  228     -0.564      0.585      0.000 4
 231  219     -0.562     -0.082      0.000 4
 223  230     -0.562      0.715      0.000 4
 221  234     -0.561     -0.995      0.000 4
 228  229     -0.559      0.445      0.000 4
 226  232     -0.559      0.596      0.000 4
 235  226     -0.558      0.021      0.000 4
 234  225     -0.558      0.055      0.000 4
 229  231     -0.555     -0.520      0.000 4
 227  236     -0.553      0.709      0.000 4
 239  227     -0.552     -0.056      0.000 4
 225  239     -0.552      0.948      0.000 4
 230  238     -0.550      0.655      0.000 4
 233   -2     -0.549     -0.988      0.000 4
 238  235     -0.546     -0.477      0.000 4
 232  241     -0.543      0.930      0.000 4
  -1   -2     -0.542      0.712      0.000 4
 242  233     -0.542     -0.139      0.000 4
 237  242     -0.539      0.725      0.000 4
 244  237     -0.537     -0.189      0.000 4
 245  243     -0.530     -0.494      0.000 4
 240  246     -0.528      0.959      0.000 4
 243  244     -0.528      0.621      0.000 4
 241  245     -0.526     -0.849      0.000 4
 246  251     -0.519      0.809      0.000 4
 247  250     -0.516     -0.736      0.000 4
 248  247     -0.516     -0.605      0.000 4
 249  257     -0.509      0.955      0.000 4
 254  252     -0.508      0.420      0.000 4
 256  249     -0.507      0.274      0.000 4
 258  248     -0.505     -0.172      0.000 4
 255  254     -0.505     -0.473      0.000 4
 251  256     -0.505      0.587      0.000 4
 252  258     -0.500      0.748      0.000 4
 262  253     -0.500     -0.029      0.000 4
 253  260     -0.499      0.768      0.000 4
 250  261     -0.498     -0.991      0.000 4
 264  255     -0.493      0.012      0.000 4
 257  263     -0.491      0.826      0.000 4
 259  265     -0.489      0.775      0.000 4
 261  262     -0.488      0.585      0.000 4
 260  264     -0.487     -0.740      0.000 4
 266  259     -0.483     -0.079      0.000 4
 263  271     -0.478      0.933      0.000 4
 265  268     -0.477      0.437      0.000 4
 267  266     -0.476      0.312      0.000 4
  -1  272     -0.471     -0.043      0.000 4
 269  270     -0.470      0.458      0.000 4
 270  269     -0.467     -0.393      0.000 4
 268  277     -0.462     -0.788      0.000 4
 275  273     -0.461      0.357      0.000 4
 280  274     -0.456     -0.176      0.000 4
 271  283     -0.456     -0.043      0.000 4
 273  280     -0.455     -0.656      0.000 4
 282  275     -0.453     -0.188      0.000 4
 272  282     -0.452      0.986      0.000 4
 274  284     -0.450      0.879      0.000 4
 283  278     -0.449     -0.224      0.000 4
 276  286     -0.446     -0.909      0.000 4
 277  285     -0.447      0.812      0.000 4
 288  279     -0.445      0.183      0.000 4
 278  288     -0.441     -0.817      0.000 4
 279  289     -0.441      0.779      0.000 4
 284  287     -0.440      0.596      0.000 4
 292  281     -0.438     -0.176      0.000 4
 281   -2     -0.433     -0.040      0.000 4
 286  293     -0.432     -0.838      0.000 4
 287  292     -0.432      0.723      0.000 4
 289  294     -0.429     -0.715      0.000 4
 293  290     -0.427      0.402      0.000 4
 291  295     -0.427      0.641      0.000 4
 290  299     -0.424     -0.866      0.000 4
 301  291     -0.420     -0.035      0.000 4
 296  298     -0.419      0.508      0.000 4
 295  300     -0.418      0.630      0.000 4
 302  296     -0.415      0.169      0.000 4
 298  301     -0.414     -0.544      0.000 4
 299  302     -0.413      0.514      0.000 4
 297  306     -0.412     -0.625      0.000 4
 303  297     -0.411      0.090      0.000 4
 304  304     -0.406     -0.328      0.000 4
 300  313     -0.405      0.894      0.000 4
 306  305     -0.404     -0.263      0.000 4
 307  303     -0.404      0.152      0.000 4
 309  308     -0.400     -0.157      0.000 4
 310  307     -0.400     -0.061      0.000 4
 305  310     -0.399     -0.492      0.000 4
 308  312     -0.396     -0.451      0.000 4
  -1   -2     -0.396      0.015      0.000 4
 315  311     -0.390      0.021      0.000 4
 313  314     -0.389     -0.410      0.000 4
 316  315     -0.384     -0.340      0.000 4
 318  316     -0.381     -0.254      0.000 4
 314  319     -0.380      0.749      0.000 4
 312  320     -0.380      0.856      0.000 4
 321  317     -0.373     -0.114      0.000 4
 322  318     -0.371     -0.105      0.000 4
 317  324     -0.367      0.946      0.000 4
 324  321     -0.366      0.347      0.000 4
 326  322     -0.365      0.292      0.000 4
 319  325     -0.361     -0.928      0.000 4
 320  326     -0.361     -0.906      0.000 4
 323  323     -0.361     -0.614      0.000 4
 325  329     -0.354      0.996      0.000 4
 327  330     -0.350      0.702      0.000 4
 328  328     -0.348      0.400      0.000 4
 329  327     -0.347     -0.274      0.000 4
  -1   -2     -0.334      0.148      0.000 4
 332  334     -0.330      0.555      0.000 4
 330  336     -0.329     -0.686      0.000 4
 336  332     -0.330     -0.112      0.000 4
 337  333     -0.328     -0.068      0.000 4
 331  340     -0.325     -0.887      0.000 4
 333  338     -0.325     -0.645      0.000 4
 341  335     -0.321      0.149      0.000 4
 338  337     -0.320      0.309      0.000 4
 335  341     -0.319      0.714      0.000 4
 339  343     -0.315      0.543      0.000 4
 347  339     -0.313      0.209      0.000 4
 345  345     -0.313      0.489      0.000 4
 344  348     -0.311      0.580      0.000 4
 342  350     -0.310     -0.703      0.000 4
 343  349     -0.309     -0.677      0.000 4
 348  346     -0.310      0.359      0.000 4
 350  342     -0.308     -0.287      0.000 4
 340  354     -0.308      0.977      0.000 4
 346  351     -0.307     -0.639      0.000 4
 351  344     -0.306      0.159      0.000 4
 354  347     -0.303      0.179      0.000 4
 349  355     -0.302      0.585      0.000 4
 353  356     -0.298     -0.988      0.000 4
 356  352     -0.297      0.105      0.000 4
 352  358     -0.296      0.642      0.000 4
 358  353     -0.294     -0.014      0.000 4
 355  362     -0.291      0.762      0.000 4
 359  357     -0.291      0.166      0.000 4
 357  361     -0.288     -0.512      0.000 4
 360  360     -0.285     -0.143      0.000 4
 361  359     -0.285     -0.055      0.000 4
 362  365     -0.273      0.706      0.000 4
 366  363     -0.271     -0.249      0.000 4
 363  367     -0.270      0.976      0.000 4
 365  364     -0.269      0.459      0.000 4
 364  366     -0.267     -0.640      0.000 4
 367  370     -0.256      0.754      0.000 4
 370  368     -0.256      0.387      0.000 4
 368  371     -0.254      0.651      0.000 4
 371  369     -0.253     -0.474      0.000 4
 369  374     -0.249      0.924      0.000 4
 372  377     -0.244      0.877      0.000 4
 373  380     -0.242      0.812      0.000 4
 375  375     -0.242     -0.614      0.000 4
 379  373     -0.239     -0.272      0.000 4
 383  372     -0.238      0.065      0.000 4
 374  384     -0.238     -0.993      0.000 4
 378  378     -0.236     -0.442      0.000 4
 381  376     -0.236     -0.372      0.000 4
 384  379     -0.234     -0.351      0.000 4
 377  383     -0.234      0.563      0.000 4
 376  388     -0.233      0.836      0.000 4
 382  385     -0.232     -0.616      0.000 4
 380  386     -0.232      0.638      0.000 4
 387  381     -0.230     -0.058      0.000 4
 388  382     -0.230      0.193      0.000 4
 386  387     -0.227     -0.462      0.000 4
 385  389     -0.225     -0.786      0.000 4
 389  391     -0.221      0.699      0.000 4
 390  396     -0.215     -0.713      0.000 4
 393  390     -0.214     -0.293      0.000 4
 391  392     -0.214      0.433      0.000 4
 394  394     -0.212      0.410      0.000 4
 392  398     -0.210     -0.586      0.000 4
 396  393     -0.208     -0.158      0.000 4
 397  395     -0.207     -0.065      0.000 4
 399  397     -0.206     -0.124      0.000 4
 403  399     -0.204     -0.042      0.000 4
 395  404     -0.202     -0.746      0.000 4
 404  400     -0.201     -0.293      0.000 4
 400  403     -0.200     -0.529      0.000 4
 405  402     -0.200     -0.422      0.000 4
  -1   -2     -0.199     -0.520      0.000 4
 398  407     -0.198      0.723      0.000 4
 401  406     -0.198      0.676      0.000 4
 406  401     -0.197     -0.148      0.000 4
 407  408     -0.189     -0.701      0.000 4
 408  412     -0.183      0.842      0.000 4
 410  413     -0.181     -0.850      0.000 4
 409  414     -0.181      0.858      0.000 4
 413  411     -0.180      0.528      0.000 4
 411  415     -0.180      0.969      0.000 4
 416  409     -0.179      0.157      0.000 4
 412  417     -0.177     -0.915      0.000 4
 417  410     -0.177     -0.037      0.000 4
 415  416     -0.175     -0.636      0.000 4
 414  418     -0.174      0.782      0.000 4
 418  419     -0.168     -0.521      0.000 4
  -1  421     -0.166      0.447      0.000 4
 420   -2     -0.166      0.456      0.000 4
 419  422     -0.163     -0.857      0.000 4
 424  423     -0.152      0.168      0.000 4
 422  424     -0.151     -0.501      0.000 4
 423  425     -0.147      0.801      0.000 4
 425  429     -0.139      0.641      0.000 4
 427  426     -0.138      0.239      0.000 4
 426  427     -0.138      0.465      0.000 4
 429  428     -0.136      0.216      0.000 4
 431  430     -0.133     -0.051      0.000 4
 430  431     -0.132     -0.264      0.000 4
 428  433     -0.132      0.768      0.000 4
 432  432     -0.128     -0.330      0.000 4
 433  434     -0.126     -0.229      0.000 4
 434  435     -0.125      0.195      0.000 4
 435  436     -0.124     -0.306      0.000 4
 436  437     -0.120     -0.659      0.000 4
 437  438     -0.118     -0.385      0.000 4
 438  440     -0.111      0.587      0.000 4
 441  439     -0.111      0.318      0.000 4
 440  441     -0.111     -0.594      0.000 4
  -1   -2     -0.111      0.576      0.000 4
 444  443     -0.100     -0.300      0.000 4
 443  445     -0.099     -0.534      0.000 4
 445  444     -0.099      0.470      0.000 4
 442  447     -0.098      0.934      0.000 4
 447  446     -0.095     -0.199      0.000 4
 448  448     -0.095      0.241      0.000 4
 446  449     -0.092      0.858      0.000 4
 449  452     -0.086     -0.648      0.000 4
 452  451     -0.085     -0.060      0.000 4
 451  450     -0.085      0.013      0.000 4
 450  454     -0.082      0.981      0.000 4
 454  453     -0.080     -0.365      0.000 4
 453  455     -0.080      0.667      0.000 4
 455  457     -0.078     -0.690      0.000 4
 456  456     -0.078     -0.578      0.000 4
 457  458     -0.073     -0.930      0.000 4
 458  459     -0.068     -0.942      0.000 4
 459  462     -0.066     -0.989      0.000 4
 460  460     -0.066     -0.476      0.000 4
 462  461     -0.065     -0.015      0.000 4
 461  463     -0.065      0.556      0.000 4
 464  464     -0.063      0.472      0.000 4
 463  466     -0.062     -0.801      0.000 4
 465  465     -0.061      0.296      0.000 4
 467  467     -0.060     -0.261      0.000 4
 466  468     -0.060     -0.819      0.000 4
 468  469     -0.057      0.795      0.000 4
 469  470     -0.054     -0.506      0.000 4
 470  472     -0.051     -0.641      0.000 4
 471  471     -0.051      0.540      0.000 4
 473  473     -0.049     -0.988      0.000 4
 472  474     -0.049     -0.542      0.000 4
 474  475     -0.048     -0.061      0.000 4
 475  476     -0.047     -0.716      0.000 4
 476  477     -0.046      0.399      0.000 4
 478  478     -0.045      0.084      0.000 4
 479  479     -0.045      0.063      0.000 4
 477  481     -0.044     -0.920      0.000 4
 481  480     -0.044     -0.103      0.000 4
 480  482     -0.043      0.925      0.000 4
 482  483     -0.039      0.613      0.000 4
 483  484     -0.038      0.269      0.000 4
 484  485     -0.038      0.796      0.000 4
 485  486     -0.037      0.443      0.000 4
 486  487     -0.036     -0.864      0.000 4
 487  488     -0.035     -0.539      0.000 4
 488  489     -0.034      0.111      0.000 4
 489  490     -0.033      0.858      0.000 4
 491  491     -0.032      0.304      0.000 4
 490  492     -0.032     -0.621      0.000 4
 492  494     -0.032      0.950      0.000 4
 493  493     -0.031     -0.325      0.000 4
 494  495     -0.030      0.156      0.000 4
 495  496     -0.027      0.195      0.000 4
 496  497     -0.026      0.029      0.000 4
 498  498     -0.024     -0.722      0.000 4
 497  499     -0.024     -0.505      0.000 4
 499  500     -0.023     -0.595      0.000 4
 500  501     -0.021      0.707      0.000 4
 501  502     -0.021     -0.541      0.000 4
 502  503     -0.017      0.320      0.000 4
  -1   -2     -0.016     -0.590      0.000 4
 504  505     -0.016     -0.769      0.000 4
 505  506     -0.014     -0.687      0.000 4
 506  507     -0.013     -0.712      0.000 4
 507  508     -0.011      0.983      0.000 4
 508  509     -0.007      0.068      0.000 4
 509  510     -0.002     -0.285      0.000 4
 510  511     -0.000     -0.468      0.000 4
 511  512      0.002      0.301      0.000 4
 512  513      0.008      0.084      0.000 4
 513  514      0.010     -0.137      0.000 4
 514  516      0.011     -0.110      0.000 4
 515  517      0.012     -0.411      0.000 4
 516  515      0.012      0.604      0.000 4
 517  518      0.013     -0.242      0.000 4
 518  520      0.017      0.172      0.000 4
 519  519      0.019     -0.772      0.000 4
 521  521      0.021      0.826      0.000 4
 523  522      0.022      0.776      0.000 4
 520  523      0.023      0.123      0.000 4
 522  524      0.024     -0.243      0.000 4
 524  525      0.026     -0.756      0.000 4
 525  526      0.029      0.767      0.000 4
 526  528      0.032      0.218      0.000 4
 527  527      0.032      0.620      0.000 4
 528  529      0.036      0.422      0.000 4
 529  530      0.038      0.010      0.000 4
 530  531      0.042     -0.572      0.000 4
 531  532      0.044      0.378      0.000 4
 532  533      0.045     -0.480      0.000 4
 533  534      0.058      0.074      0.000 4
 534  538      0.062      0.450      0.000 4
 535  536      0.063     -0.749      0.000 4
 537  535      0.064     -0.836      0.000 4
 538  537      0.065     -0.977      0.000 4
 536  539      0.067     -0.349      0.000 4
 539  540      0.073      0.266      0.000 4
 540  542      0.075      0.234      0.000 4
 541  541      0.076     -0.463      0.000 4
  -1   -2      0.081      0.261      0.000 4
 544  547      0.084      0.071      0.000 4
 543  548      0.084     -0.059      0.000 4
 545  543      0.084     -0.675      0.000 4
 546  549      0.087     -0.485      0.000 4
 550  545      0.088      0.894      0.000 4
 551  546      0.089      0.792      0.000 4
 547  553      0.090     -0.209      0.000 4
 553  551      0.091      0.741      0.000 4
 554  550      0.092     -0.943      0.000 4
 548  555      0.093      0.106      0.000 4
 549  556      0.094     -0.057      0.000 4
 556  552      0.096     -0.889      0.000 4
 552  557      0.096     -0.239      0.000 4
 558  554      0.098      0.727      0.000 4
 555  559      0.099      0.027      0.000 4
 557  561      0.102      0.348      0.000 4
 559  562      0.105     -0.222      0.000 4
 561  558      0.105     -0.980      0.000 4
 562  560      0.107      0.947      0.000 4
 560  564      0.108      0.081      0.000 4
 563  563      0.110     -0.590      0.000 4
 567   -2      0.120     -0.563      0.000 4
 568  565      0.120     -0.924      0.000 4
 566  567      0.121      0.590      0.000 4
 564  569      0.122      0.326      0.000 4
  -1  566      0.123     -0.547      0.000 4
 573  570      0.127     -0.628      0.000 4
 570  571      0.129      0.147      0.000 4
 569  573      0.130      0.073      0.000 4
 572  572      0.130     -0.246      0.000 4
 571  574      0.131     -0.034      0.000 4
 574  580      0.136     -0.012      0.000 4
 575  579      0.139      0.403      0.000 4
 579  575      0.141     -0.976      0.000 4
 578  578      0.142     -0.710      0.000 4
 580  576      0.143      0.867      0.000 4
 581  577      0.143     -0.904      0.000 4
 576  583      0.147     -0.185      0.000 4
 577  586      0.149      0.100      0.000 4
 582  581      0.150      0.441      0.000 4
 585  582      0.155      0.792      0.000 4
 587  584      0.156     -0.899      0.000 4
  -1   -2      0.156     -0.559      0.000 4
  -1   -2      0.159     -0.981      0.000 4
 584  589      0.159     -0.512      0.000 4
 592  587      0.161      0.953      0.000 4
 589  591      0.161     -0.568      0.000 4
 586  594      0.162      0.332      0.000 4
 590  597      0.166     -0.351      0.000 4
 596  590      0.166     -0.985      0.000 4
 588  598      0.166      0.184      0.000 4
 594  595      0.167      0.590      0.000 4
 593  596      0.168      0.518      0.000 4
 598  592      0.168     -0.942      0.000 4
 599  593      0.169      0.821      0.000 4
 597  599      0.172     -0.514      0.000 4
 595  601      0.173     -0.253      0.000 4
 603  600      0.176     -0.533      0.000 4
 602  602      0.177     -0.406      0.000 4
 600  605      0.179      0.100      0.000 4
 601  604      0.179     -0.172      0.000 4
 604  606      0.181      0.216      0.000 4
 605  608      0.183      0.197      0.000 4
 606  611      0.185      0.090      0.000 4
 610  603      0.187      0.898      0.000 4
 608  609      0.187      0.433      0.000 4
 611  607      0.189     -0.716      0.000 4
 607  613      0.190     -0.101      0.000 4
 609  615      0.193      0.053      0.000 4
 612  612      0.193     -0.572      0.000 4
 615  610      0.195      0.890      0.000 4
 613  617      0.200     -0.125      0.000 4
 616  616      0.201     -0.988      0.000 4
 618  614      0.203     -0.951      0.000 4
 614  618      0.203      0.150      0.000 4
 617  619      0.207     -0.236      0.000 4
 619  622      0.213      0.357      0.000 4
 621  625      0.217      0.221      0.000 4
 620  627      0.218     -0.116      0.000 4
 624  623      0.219      0.608      0.000 4
 627  620      0.220     -0.945      0.000 4
 622  630      0.221      0.009      0.000 4
 628  621      0.221      0.863      0.000 4
 625  624      0.221      0.714      0.000 4
 623  632      0.224     -0.019      0.000 4
 629  626      0.225     -0.644      0.000 4
 630  631      0.229      0.435      0.000 4
 626  633      0.230     -0.400      0.000 4
 631  628      0.230     -0.673      0.000 4
 633  629      0.235      0.959      0.000 4
 634  635      0.242     -0.589      0.000 4
 635  634      0.243      0.596      0.000 4
 632  638      0.245     -0.272      0.000 4
 638  636      0.247      0.738      0.000 4
 637  637      0.248      0.682      0.000 4
 636  639      0.251     -0.451      0.000 4
 641  640      0.260     -0.650      0.000 4
 639  641      0.260     -0.301      0.000 4
 640  642      0.263     -0.090      0.000 4
 643  646      0.276      0.307      0.000 4
 642  648      0.277      0.121      0.000 4
 646  645      0.278     -0.586      0.000 4
 650  644      0.280      0.711      0.000 4
 644  650      0.281     -0.349      0.000 4
 652  643      0.281      0.983      0.000 4
 648  647      0.281      0.412      0.000 4
 645  653      0.283      0.178      0.000 4
 649  652      0.285     -0.451      0.000 4
 647  658      0.288      0.050      0.000 4
 656  649      0.290      0.770      0.000 4
 653  654      0.291      0.491      0.000 4
 661  651      0.293     -0.851      0.000 4
 651  660      0.293      0.034      0.000 4
 654  657      0.294     -0.493      0.000 4
 658  656      0.296      0.552      0.000 4
 666  655      0.301      0.810      0.000 4
 655  663      0.301     -0.189      0.000 4
 663  661      0.304      0.504      0.000 4
 659  664      0.304      0.256      0.000 4
 657  665      0.305      0.176      0.000 4
 660  667      0.307      0.116      0.000 4
 662  666      0.307      0.202      0.000 4
 670  659      0.308     -0.880      0.000 4
 667  671      0.313     -0.314      0.000 4
 664  673      0.313      0.008      0.000 4
 671  662      0.314     -0.840      0.000 4
 665  675      0.315      0.085      0.000 4
 668  674      0.315      0.156      0.000 4
 669  678      0.320      0.094      0.000 4
 672  669      0.320      0.609      0.000 4
 674  668      0.324      0.898      0.000 4
 673  679      0.326      0.380      0.000 4
 676  672      0.326     -0.830      0.000 4
 677  670      0.326     -0.974      0.000 4
 675  680      0.332      0.526      0.000 4
 678  676      0.331     -0.758      0.000 4
 679  681      0.335     -0.694      0.000 4
  -1   -2      0.335     -0.878      0.000 4
 680  682      0.336      0.661      0.000 4
 685  683      0.342     -0.879      0.000 4
 682  684      0.348     -0.483      0.000 4
 686  686      0.352      0.516      0.000 4
 687  687      0.352      0.501      0.000 4
 690  685      0.353     -0.650      0.000 4
 688  689      0.356      0.465      0.000 4
 693  688      0.357     -0.604      0.000 4
 689  691      0.358     -0.422      0.000 4
 684  694      0.359      0.148      0.000 4
 683  695      0.359      0.049      0.000 4
 697  690      0.364      0.613      0.000 4
 696  693      0.365     -0.620      0.000 4
 691  698      0.365     -0.208      0.000 4
 692  699      0.367     -0.124      0.000 4
 699  692      0.368      0.735      0.000 4
 695  697      0.369      0.413      0.000 4
 694  704      0.373     -0.180      0.000 4
 702  696      0.376     -0.837      0.000 4
 698  702      0.376      0.330      0.000 4
 708  701      0.384      0.821      0.000 4
 710  700      0.385      0.880      0.000 4
 705  703      0.385      0.657      0.000 4
 700  708      0.387     -0.172      0.000 4
 701  712      0.392     -0.080      0.000 4
 709  706      0.393      0.496      0.000 4
 707  707      0.394      0.443      0.000 4
 703  714      0.396      0.039      0.000 4
 715  705      0.395     -0.826      0.000 4
 704  715      0.396      0.050      0.000 4
 712  709      0.398     -0.481      0.000 4
 706  716      0.399      0.193      0.000 4
 713  711      0.402      0.533      0.000 4
 711  719      0.405      0.140      0.000 4
 718  710      0.406     -0.773      0.000 4
 721   -2      0.409     -0.994      0.000 4
  -1   -2      0.411      0.831      0.000 4
 714  724      0.413     -0.084      0.000 4
 717  720      0.413      0.459      0.000 4
 716  725      0.415     -0.279      0.000 4
 723  718      0.416     -0.698      0.000 4
 725  717      0.417      0.881      0.000 4
 720  726      0.422      0.319      0.000 4
 719  727      0.424     -0.132      0.000 4
 727  721      0.425      0.831      0.000 4
 726  723      0.426     -0.727      0.000 4
 731  722      0.429     -0.959      0.000 4
 724  733      0.434      0.024      0.000 4
 728  738      0.444     -0.141      0.000 4
 730  736      0.444     -0.336      0.000 4
 734  728      0.445     -0.983      0.000 4
 732  732      0.445     -0.556      0.000 4
 729  739      0.445      0.068      0.000 4
 735  729      0.446     -0.765      0.000 4
 740  730      0.450      0.859      0.000 4
 738  731      0.450     -0.780      0.000 4
 741  735      0.453     -0.743      0.000 4
 742  734      0.455      0.784      0.000 4
 737  740      0.458     -0.434      0.000 4
 733  743      0.459      0.000      0.000 4
 736  742      0.459      0.309      0.000 4
 739  741      0.460      0.409      0.000 4
 746  747      0.474      0.430      0.000 4
 743  752      0.474      0.015      0.000 4
 745  753      0.476     -0.140      0.000 4
 744  754      0.476     -0.127      0.000 4
 752  744      0.478     -0.835      0.000 4
 750  745      0.479     -0.785      0.000 4
 748  749      0.481      0.531      0.000 4
 747  755      0.481     -0.192      0.000 4
 751  748      0.483      0.638      0.000 4
 756  746      0.484     -0.900      0.000 4
 755  750      0.485      0.700      0.000 4
 749  757      0.489     -0.404      0.000 4
 759  751      0.492      0.837      0.000 4
 753  762      0.495      0.247      0.000 4
 754  764      0.500      0.115      0.000 4
 763  756      0.501      0.996      0.000 4
 760  761      0.501     -0.589      0.000 4
 764  759      0.503      0.951      0.000 4
 765  758      0.502     -0.973      0.000 4
 767  760      0.507      0.873      0.000 4
 757  768      0.507     -0.103      0.000 4
 758  767      0.508      0.213      0.000 4
 768  763      0.512     -0.707      0.000 4
 766  766      0.513     -0.537      0.000 4
 761  770      0.514      0.221      0.000 4
 769  765      0.515     -0.717      0.000 4
 762  772      0.517      0.083      0.000 4
 770  771      0.523      0.562      0.000 4
 773  769      0.526      0.805      0.000 4
 772  773      0.529     -0.578      0.000 4
 771  775      0.533      0.294      0.000 4
 774  776      0.537     -0.486      0.000 4
 777  774      0.540      0.585      0.000 4
 776  777      0.542      0.427      0.000 4
 775  779      0.542      0.342      0.000 4
 780  778      0.550      0.744      0.000 4
 778  782      0.552     -0.552      0.000 4
 781  780      0.554      0.653      0.000 4
 783  783      0.555     -0.644      0.000 4
 784  781      0.556     -0.680      0.000 4
 787  784      0.561      0.605      0.000 4
 779  787      0.563      0.038      0.000 4
 786  785      0.563     -0.537      0.000 4
 788  786      0.565     -0.545      0.000 4
 782  790      0.568     -0.104      0.000 4
 785  789      0.569      0.184      0.000 4
 789  792      0.574     -0.373      0.000 4
 792  791      0.577      0.445      0.000 4
 790  796      0.580      0.047      0.000 4
 791  795      0.581     -0.206      0.000 4
 796  788      0.584     -0.830      0.000 4
 795  794      0.587      0.454      0.000 4
 793  801      0.589     -0.238      0.000 4
 799  793      0.591     -0.991      0.000 4
 797  797      0.591     -0.573      0.000 4
 794  802      0.592     -0.185      0.000 4
 800  800      0.598     -0.789      0.000 4
 801  798      0.600      0.932      0.000 4
 802  799      0.601      0.916      0.000 4
 798  808      0.609     -0.074      0.000 4
 806  803      0.609     -0.905      0.000 4
 804  805      0.610     -0.595      0.000 4
 803  812      0.615     -0.300      0.000 4
 807  804      0.615      0.863      0.000 4
 811  806      0.620     -0.772      0.000 4
 810  809      0.622      0.621      0.000 4
 808  810      0.622     -0.617      0.000 4
 814  807      0.623      0.843      0.000 4
  -1   -2      0.624     -0.301      0.000 4
 809  813      0.624     -0.570      0.000 4
 818  811      0.628     -0.991      0.000 4
 815  816      0.632      0.415      0.000 4
 819  814      0.633      0.645      0.000 4
 812  818      0.636      0.045      0.000 4
 816  817      0.637      0.259      0.000 4
 813  820      0.639     -0.059      0.000 4
 817  821      0.645     -0.126      0.000 4
 821  819      0.648      0.584      0.000 4
 820  823      0.650     -0.170      0.000 4
 822  825      0.656     -0.330      0.000 4
 823  824      0.658     -0.438      0.000 4
 826  822      0.662      0.715      0.000 4
 824  829      0.665      0.049      0.000 4
 825  830      0.665      0.036      0.000 4
 828  826      0.672      0.718      0.000 4
 827  828      0.673     -0.578      0.000 4
 830  827      0.678     -0.893      0.000 4
 834  831      0.682      0.881      0.000 4
 831  832      0.682     -0.707      0.000 4
 835  835      0.687      0.664      0.000 4
 829  838      0.687      0.154      0.000 4
 836  834      0.687      0.789      0.000 4
 837  833      0.688     -0.899      0.000 4
 833  839      0.692      0.315      0.000 4
 841  836      0.693     -0.883      0.000 4
 832  843      0.695      0.021      0.000 4
  -1  840      0.696      0.426      0.000 4
 843  837      0.699      0.937      0.000 4
 840  842      0.700     -0.987      0.000 4
 838   -2      0.702      0.426      0.000 4
 844  841      0.703     -0.651      0.000 4
 842  844      0.704      0.464      0.000 4
 839  849      0.706      0.215      0.000 4
 847  846      0.710      0.636      0.000 4
 846  848      0.710      0.458      0.000 4
 852  845      0.714      0.953      0.000 4
 850  847      0.714      0.716      0.000 4
 845  852      0.715     -0.205      0.000 4
 849  851      0.718      0.485      0.000 4
 853  850      0.720      0.599      0.000 4
 848  856      0.724      0.124      0.000 4
 851  857      0.726     -0.147      0.000 4
 859  853      0.727     -0.722      0.000 4
 860  854      0.729      0.758      0.000 4
 854  860      0.729      0.092      0.000 4
 855  861      0.730     -0.178      0.000 4
 857  858      0.730     -0.436      0.000 4
 856  863      0.732      0.113      0.000 4
 858  864      0.735     -0.230      0.000 4
 862  855      0.735     -0.897      0.000 4
 863  862      0.739     -0.674      0.000 4
 865  859      0.741      0.818      0.000 4
 861  869      0.745      0.249      0.000 4
 867  865      0.748      0.712      0.000 4
 868  866      0.748     -0.686      0.000 4
 866  868      0.748     -0.503      0.000 4
 864  873      0.752      0.068      0.000 4
 870  867      0.753      0.758      0.000 4
 872  870      0.755     -0.849      0.000 4
 869  876      0.759     -0.112      0.000 4
 877  871      0.759     -0.918      0.000 4
 875  872      0.761      0.850      0.000 4
 871  877      0.763     -0.187      0.000 4
 878  874      0.764     -0.863      0.000 4
 879  875      0.765     -0.817      0.000 4
 874  878      0.767     -0.440      0.000 4
 873  880      0.768     -0.346      0.000 4
 876  881      0.771      0.226      0.000 4
 882  879      0.775      0.877      0.000 4
 880  884      0.777      0.117      0.000 4
 881  887      0.783      0.078      0.000 4
 885  882      0.784      0.702      0.000 4
 884  886      0.784     -0.386      0.000 4
 883  892      0.787     -0.079      0.000 4
 887  883      0.787     -0.858      0.000 4
 890  885      0.789     -0.790      0.000 4
 888  893      0.794      0.433      0.000 4
 891  890      0.794     -0.628      0.000 4
  -1   -2      0.794     -0.641      0.000 4
 886  895      0.795      0.271      0.000 4
 895  888      0.796     -0.860      0.000 4
 897  889      0.798     -0.934      0.000 4
 889  900      0.798      0.038      0.000 4
  -1   -2      0.800      0.282      0.000 4
 896  894      0.801      0.663      0.000 4
 894  898      0.802      0.479      0.000 4
 898  896      0.803     -0.773      0.000 4
 900  897      0.805      0.804      0.000 4
 902  901      0.811      0.499      0.000 4
 899  905      0.812     -0.206      0.000 4
 903  902      0.813     -0.509      0.000 4
 904  903      0.814     -0.486      0.000 4
 901  906      0.815     -0.068      0.000 4
 905  910      0.818      0.023      0.000 4
 909  904      0.821      0.960      0.000 4
 906  908      0.821      0.397      0.000 4
 907  913      0.824     -0.267      0.000 4
 908  912      0.824      0.364      0.000 4
 910  909      0.824      0.576      0.000 4
 911  907      0.826      0.861      0.000 4
 914  911      0.828     -0.940      0.000 4
 915  914      0.831      0.769      0.000 4
 918  915      0.833      0.899      0.000 4
 916  917      0.834      0.527      0.000 4
 912  920      0.834      0.219      0.000 4
 919  916      0.833     -0.768      0.000 4
 913  919      0.835     -0.422      0.000 4
 921  918      0.837      0.600      0.000 4
 917  922      0.840     -0.028      0.000 4
 920  924      0.843      0.013      0.000 4
 925  921      0.848      0.878      0.000 4
 923  925      0.848     -0.494      0.000 4
 924  923      0.849      0.660      0.000 4
 922  928      0.849      0.024      0.000 4
 926  929      0.853      0.270      0.000 4
 927  930      0.853     -0.278      0.000 4
 928  927      0.856      0.718      0.000 4
 930  926      0.856      0.942      0.000 4
 931  932      0.861      0.372      0.000 4
 929  934      0.863     -0.018      0.000 4
 932  931      0.865      0.829      0.000 4
 934  933      0.869      0.882      0.000 4
  -1   -2      0.871      0.683      0.000 4
 935  936      0.872     -0.785      0.000 4
 936  937      0.876      0.673      0.000 4
 937  938      0.880      0.307      0.000 4
 939  939      0.883      0.595      0.000 4
  -1   -2      0.884      0.316      0.000 4
 942  940      0.887     -0.701      0.000 4
 940  945      0.888     -0.041      0.000 4
 943  942      0.888     -0.515      0.000 4
 941  948      0.890      0.169      0.000 4
 944  944      0.891      0.441      0.000 4
 945  943      0.892     -0.684      0.000 4
 947  946      0.893      0.652      0.000 4
 946  947      0.893      0.563      0.000 4
 948  950      0.898     -0.114      0.000 4
 951  949      0.900      0.855      0.000 4
 949  951      0.900      0.293      0.000 4
 950  954      0.903      0.031      0.000 4
 953  952      0.903     -0.689      0.000 4
 954  953      0.903     -0.624      0.000 4
 952  955      0.904     -0.253      0.000 4
 955  957      0.908     -0.051      0.000 4
 957  956      0.907     -0.505      0.000 4
 956  958      0.909      0.066      0.000 4
 958  959      0.913     -0.400      0.000 4
 959  960      0.916      0.296      0.000 4
 960  961      0.921     -0.709      0.000 4
 961  962      0.924     -0.936      0.000 4
 963  963      0.925     -0.951      0.000 4
 962  965      0.927      0.504      0.000 4
 965  964      0.927     -0.899      0.000 4
 964  967      0.930     -0.197      0.000 4
 966  968      0.932     -0.366      0.000 4
 967  970      0.933     -0.326      0.000 4
 969  966      0.933     -0.974      0.000 4
 968  969      0.934     -0.580      0.000 4
 970  971      0.936     -0.154      0.000 4
 971  972      0.947      0.491      0.000 4
 972  973      0.949     -0.987      0.000 4
 973  974      0.951      0.246      0.000 4
 974  975      0.954      0.920      0.000 4
 975  976      0.954      0.865      0.000 4
 976  977      0.955      0.992      0.000 4
 977  978      0.958      0.751      0.000 4
 978  980      0.958     -0.553      0.000 4
 979  979      0.959     -0.848      0.000 4
 980  981      0.968     -0.706      0.000 4
 981  985      0.971     -0.203      0.000 4
 983  982      0.972      0.825      0.000 4
 982  983      0.972      0.460      0.000 4
 984  984      0.972     -0.642      0.000 4
 985  986      0.980      0.424      0.000 4
 986  987      0.980     -0.473      0.000 4
 987  988      0.983     -0.325      0.000 4
 988  990      0.985      0.022      0.000 4
 989  989      0.986      0.696      0.000 4
 990  991      0.987     -0.868      0.000 4
 993  992      0.989      0.962      0.000 4
  -1   -2      0.989      0.369      0.000 4
 994  993      0.989      0.612      0.000 4
 995  994      0.990      0.729      0.000 4
 992  997      0.990      0.359      0.000 4
 996  996      0.990     -0.790      0.000 4
 997  998      0.993      0.154      0.000 4
