999
  -1   -2     -0.997      0.651      0.000 4
   2    0     -0.996     -0.512      0.000 4
   1    1     -0.997      0.641      0.000 4
   3    4     -0.995     -0.649      0.000 4
   4    5     -0.995     -0.097      0.000 4
   5    3     -0.996      0.475      0.000 4
   6    6     -0.989     -0.163      0.000 4
   9    7     -0.989      0.952      0.000 4
  11    9     -0.988      0.201      0.000 4
  12    8     -0.988     -0.049      0.000 4
  13   10     -0.988     -0.549      0.000 4
  16   11     -0.987     -0.799      0.000 4
  15   12     -0.988     -0.299      0.000 4
   7   14     -0.989      0.935      0.000 4
  14   13     -0.988      0.701      0.000 4
   8   15     -0.987     -0.971      0.000 4
  17   16     -0.983     -0.205      0.000 4
  18   17     -0.977      0.168      0.000 4
  19   18     -0.976      0.563      0.000 4
  20   20     -0.972      0.747      0.000 4
  22   19     -0.971     -0.135      0.000 4
  21   22     -0.969     -0.900      0.000 4
  23   21     -0.969      0.439      0.000 4
  25   23     -0.963      0.252      0.000 4
  24   27     -0.962     -0.901      0.000 4
  26   24     -0.961      0.232      0.000 4
  27   25     -0.960     -0.140      0.000 4
  28   26     -0.960     -0.022      0.000 4
  32   28     -0.957     -0.332      0.000 4
  30   30     -0.957      0.599      0.000 4
  31   29     -0.957      0.455      0.000 4
  29   31     -0.957      0.907      0.000 4
  33   32     -0.950     -0.521      0.000 4
  34   33     -0.950     -0.574      0.000 4
  35   38     -0.949      0.658      0.000 4
  36   37     -0.948     -0.614      0.000 4
  38   34     -0.947     -0.153      0.000 4
  37   36     -0.947     -0.304      0.000 4
  39   35     -0.946     -0.082      0.000 4
  41   39     -0.940      0.431      0.000 4
  40   41     -0.938     -0.880      0.000 4
  42   40     -0.937      0.111      0.000 4
  43   43     -0.930      0.880      0.000 4
  44   42     -0.927      0.533      0.000 4
  45   44     -0.925      0.288      0.000 4
  46   45     -0.924      0.341      0.000 4
  47   46     -0.921      0.053      0.000 4
  48   47     -0.919      0.108      0.000 4
  49   48     -0.918     -0.196      0.000 4
  50   52     -0.911     -0.814      0.000 4
  53   49     -0.912      0.204      0.000 4
  56   50     -0.910      0.250      0.000 4
  54   53     -0.907     -0.562      0.000 4
  59   51     -0.908      0.122      0.000 4
  52   55     -0.908      0.726      0.000 4
  51   57     -0.906     -0.888      0.000 4
  58   54     -0.907      0.518      0.000 4
  -1   -2     -0.905      0.522      0.000 4
  55   60     -0.903     -0.987      0.000 4
  57   59     -0.903     -0.761      0.000 4
  60   58     -0.902      0.503      0.000 4
  61   63     -0.899      0.783      0.000 4
  64   61     -0.895     -0.523      0.000 4
  62   65     -0.893     -0.811      0.000 4
  66   62     -0.893     -0.391      0.000 4
  63   67     -0.893      0.832      0.000 4
  65   64     -0.892     -0.616      0.000 4
  67   68     -0.887     -0.910      0.000 4
  68   66     -0.886     -0.124      0.000 4
  70   69     -0.880      0.305      0.000 4
  69   70     -0.880      0.475      0.000 4
  72   71     -0.878      0.361      0.000 4
  71   72     -0.877      0.432      0.000 4
  76   73     -0.873     -0.153      0.000 4
  73   75     -0.872     -0.616      0.000 4
  74   74     -0.872     -0.364      0.000 4
  75   76     -0.868      0.588      0.000 4
  77   80     -0.862     -0.951      0.000 4
  79   77     -0.863     -0.173      0.000 4
  78   79     -0.858      0.514      0.000 4
  81   81     -0.851     -0.239      0.000 4
  80   85     -0.849     -0.779      0.000 4
  83   82     -0.849      0.108      0.000 4
  85   83     -0.845      0.044      0.000 4
  86   84     -0.844     -0.032      0.000 4
  84   88     -0.843      0.552      0.000 4
  87   86     -0.842     -0.192      0.000 4
  82   90     -0.841     -0.826      0.000 4
  88   87     -0.839     -0.130      0.000 4
  89   89     -0.835     -0.435      0.000 4
  92   92     -0.823      0.133      0.000 4
  94   91     -0.822      0.016      0.000 4
  96   93     -0.819     -0.101      0.000 4
  90   99     -0.818      0.728      0.000 4
  99   94     -0.816     -0.013      0.000 4
  91  102     -0.814     -0.758      0.000 4
 100   95     -0.814      0.193      0.000 4
  95  101     -0.814      0.629      0.000 4
  98   98     -0.813      0.421      0.000 4
 102   96     -0.812      0.083      0.000 4
  93  104     -0.811     -0.860      0.000 4
 103   97     -0.810     -0.073      0.000 4
 104  100     -0.808     -0.249      0.000 4
  97  107     -0.808      0.901      0.000 4
 101  111     -0.801     -0.796      0.000 4
 108  103     -0.801     -0.133      0.000 4
 109  105     -0.799     -0.055      0.000 4
 106  108     -0.798     -0.988      0.000 4
 107  110     -0.797      0.456      0.000 4
 111  106     -0.797      0.162      0.000 4
 110  112     -0.794      0.390      0.000 4
 105  115     -0.794      0.954      0.000 4
 112  109     -0.793      0.094      0.000 4
 113  113     -0.786      0.185      0.000 4
 115  114     -0.784      0.277      0.000 4
 116  116     -0.780     -0.510      0.000 4
 117  119     -0.777      0.447      0.000 4
 120  117     -0.776     -0.263      0.000 4
 122  118     -0.774     -0.141      0.000 4
 114  122     -0.773     -0.977      0.000 4
 119  120     -0.773      0.473      0.000 4
 118  124     -0.768      0.844      0.000 4
 121  123     -0.765     -0.680      0.000 4
 123  121     -0.764     -0.323      0.000 4
 124  128     -0.758      0.607      0.000 4
 125  127     -0.756      0.472      0.000 4
 127  125     -0.755     -0.333      0.000 4
 128  130     -0.751      0.436      0.000 4
 130  126     -0.749      0.076      0.000 4
 126  133     -0.746      0.866      0.000 4
 132  129     -0.745     -0.010      0.000 4
 129  132     -0.742     -0.635      0.000 4
 134  131     -0.739     -0.193      0.000 4
 131  137     -0.736      0.780      0.000 4
 135  134     -0.734      0.413      0.000 4
 137  135     -0.730      0.369      0.000 4
 138  136     -0.729     -0.450      0.000 4
 133  142     -0.727      0.823      0.000 4
 140  139     -0.724     -0.419      0.000 4
 141  138     -0.724     -0.397      0.000 4
 136  144     -0.722      0.749      0.000 4
 139  147     -0.720     -0.773      0.000 4
 144  140     -0.718     -0.368      0.000 4
 146  141     -0.715     -0.234      0.000 4
 145  145     -0.712      0.368      0.000 4
 143  150     -0.712      0.614      0.000 4
 149  143     -0.711     -0.145      0.000 4
 142  152     -0.711      0.921      0.000 4
 147  149     -0.709     -0.474      0.000 4
 154  146     -0.707     -0.045      0.000 4
 150  151     -0.705      0.427      0.000 4
 155  148     -0.704     -0.208      0.000 4
 148  154     -0.704      0.661      0.000 4
 151  153     -0.701      0.564      0.000 4
 153  155     -0.700      0.544      0.000 4
 152  158     -0.697     -0.693      0.000 4
 160  156     -0.692      0.273      0.000 4
 158  159     -0.691      0.459      0.000 4
  -1   -2     -0.689     -0.694      0.000 4
 159  162     -0.687      0.549      0.000 4
 163  157     -0.686      0.087      0.000 4
 161  163     -0.685      0.513      0.000 4
 157  166     -0.685      0.799      0.000 4
 168  160     -0.678      0.061      0.000 4
 167  165     -0.676     -0.367      0.000 4
 162  168     -0.676      0.699      0.000 4
 169  164     -0.674     -0.145      0.000 4
 165  172     -0.668     -0.733      0.000 4
 164  173     -0.669      0.858      0.000 4
 172  167     -0.666      0.158      0.000 4
 166  174     -0.665      0.812      0.000 4
 171  171     -0.662     -0.444      0.000 4
 176  169     -0.662     -0.249      0.000 4
 178  170     -0.661     -0.199      0.000 4
 170  176     -0.659      0.772      0.000 4
 174  178     -0.652     -0.693      0.000 4
 173  179     -0.651     -0.771      0.000 4
 179  177     -0.652      0.532      0.000 4
 184  175     -0.651      0.244      0.000 4
 175  184     -0.647      0.912      0.000 4
 177  183     -0.647      0.829      0.000 4
 183  186     -0.640     -0.726      0.000 4
 180  190     -0.641      0.902      0.000 4
 181  192     -0.639     -0.903      0.000 4
 182  191     -0.639      0.793      0.000 4
 186  185     -0.638     -0.540      0.000 4
 185  189     -0.639      0.673      0.000 4
 191  181     -0.637     -0.362      0.000 4
 193  180     -0.636     -0.186      0.000 4
 189  188     -0.635      0.529      0.000 4
 192  187     -0.633      0.450      0.000 4
 195  182     -0.632     -0.296      0.000 4
 187  195     -0.629     -0.977      0.000 4
 188  193     -0.630      0.769      0.000 4
 190  196     -0.626      0.993      0.000 4
 194  198     -0.618     -0.836      0.000 4
 196  199     -0.615      0.638      0.000 4
 203  194     -0.612     -0.159      0.000 4
 200  202     -0.609      0.503      0.000 4
 199  204     -0.606      0.624      0.000 4
 201  203     -0.605     -0.599      0.000 4
 197  209     -0.606      0.991      0.000 4
 198  211     -0.604     -0.891      0.000 4
 208  197     -0.604      0.150      0.000 4
 202  205     -0.604     -0.644      0.000 4
 207  200     -0.604      0.208      0.000 4
 205  206     -0.601      0.499      0.000 4
 211  201     -0.600     -0.203      0.000 4
 210  207     -0.596     -0.405      0.000 4
 204  213     -0.596      0.714      0.000 4
 206  218     -0.590     -0.994      0.000 4
 216  208     -0.590      0.024      0.000 4
 209  216     -0.589     -0.713      0.000 4
 218  210     -0.587      0.126      0.000 4
 213  217     -0.585     -0.605      0.000 4
 215  215     -0.585      0.497      0.000 4
 221  212     -0.583     -0.183      0.000 4
 212  224     -0.581      0.948      0.000 4
 214  222     -0.581      0.712      0.000 4
 224  214     -0.580      0.045      0.000 4
 220  219     -0.577      0.465      0.000 4
 222  226     -0.572      0.581      0.000 4
 219  228     -0.571      0.707      0.000 4
 217  230     -0.571      0.930      0.000 4
 230  220     -0.570      0.187      0.000 4
 226  225     -0.569      0.462      0.000 4
 223  227     -0.568      0.593      0.000 4
 233  221     -0.567      0.026      0.000 4
 232  223     -0.567      0.292      0.000 4
 225  231     -0.565      0.652      0.000 4
  -1   -2     -0.562      0.711      0.000 4
 229  235     -0.559      0.723      0.000 4
 237  229     -0.558      0.235      0.000 4
 228  237     -0.557      0.960      0.000 4
 235  232     -0.556      0.442      0.000 4
 234  234     -0.554     -0.518      0.000 4
 231  238     -0.553     -0.848      0.000 4
 238  236     -0.549     -0.987      0.000 4
 236  243     -0.544      0.809      0.000 4
 242  240     -0.542     -0.476      0.000 4
 240  244     -0.540      0.621      0.000 4
 239  247     -0.539      0.956      0.000 4
 241  246     -0.535     -0.736      0.000 4
 248  239     -0.535     -0.082      0.000 4
 250  241     -0.531      0.054      0.000 4
 251  242     -0.530      0.020      0.000 4
 243  252     -0.527     -0.990      0.000 4
 247  248     -0.527     -0.494      0.000 4
 255  245     -0.524     -0.056      0.000 4
 246  251     -0.523     -0.605      0.000 4
 245  253     -0.521      0.749      0.000 4
 244  254     -0.521      0.769      0.000 4
 249  256     -0.517      0.828      0.000 4
 257  249     -0.515     -0.139      0.000 4
 253  255     -0.514      0.589      0.000 4
 258  250     -0.513     -0.189      0.000 4
 252  257     -0.512      0.777      0.000 4
 254  261     -0.507      0.934      0.000 4
 256  260     -0.506     -0.743      0.000 4
 259  258     -0.503      0.421      0.000 4
 261  259     -0.501     -0.476      0.000 4
 260  263     -0.498      0.588      0.000 4
 265  262     -0.490      0.276      0.000 4
 262  266     -0.484     -0.791      0.000 4
 263  269     -0.481      0.987      0.000 4
 269  264     -0.480     -0.173      0.000 4
 264  271     -0.478      0.881      0.000 4
 266  273     -0.474     -0.911      0.000 4
 270  267     -0.473      0.441      0.000 4
 275  265     -0.472     -0.030      0.000 4
 267  276     -0.471      0.815      0.000 4
 273  270     -0.469      0.463      0.000 4
 271  275     -0.467     -0.661      0.000 4
 279  268     -0.465      0.013      0.000 4
 268  278     -0.464     -0.821      0.000 4
 272  279     -0.464      0.784      0.000 4
 278  272     -0.462      0.316      0.000 4
 274  282     -0.456     -0.842      0.000 4
 281  277     -0.456     -0.399      0.000 4
 284  274     -0.455     -0.081      0.000 4
 277  284     -0.452      0.729      0.000 4
 283  280     -0.451      0.363      0.000 4
 276  285     -0.449     -0.869      0.000 4
 280  283     -0.449      0.603      0.000 4
 282  287     -0.445     -0.722      0.000 4
  -1  288     -0.443     -0.044      0.000 4
 285  290     -0.440      0.649      0.000 4
 289  286     -0.433     -0.179      0.000 4
 286  294     -0.432      0.897      0.000 4
 287  293     -0.431      0.638      0.000 4
 293  289     -0.430     -0.192      0.000 4
 288  299     -0.429     -0.044      0.000 4
 296  291     -0.428     -0.228      0.000 4
 299  292     -0.423      0.188      0.000 4
 292  297     -0.422      0.517      0.000 4
 295  295     -0.421      0.411      0.000 4
 290  298     -0.420     -0.634      0.000 4
 297  301     -0.416      0.524      0.000 4
 298  300     -0.416     -0.554      0.000 4
 302  296     -0.414     -0.180      0.000 4
 294   -2     -0.406     -0.042      0.000 4
 300  306     -0.404      0.861      0.000 4
 301  308     -0.400      0.757      0.000 4
 305  304     -0.397     -0.504      0.000 4
 312  302     -0.393     -0.036      0.000 4
 311  303     -0.393      0.175      0.000 4
 303  313     -0.393      0.948      0.000 4
 310  305     -0.391     -0.338      0.000 4
 309  309     -0.390     -0.463      0.000 4
 306  317     -0.387     -0.931      0.000 4
 314  307     -0.387      0.094      0.000 4
 307  318     -0.386     -0.911      0.000 4
 313  310     -0.385     -0.272      0.000 4
 316  311     -0.382      0.158      0.000 4
 315  314     -0.381     -0.422      0.000 4
 308  321     -0.380      0.997      0.000 4
 319  312     -0.377     -0.162      0.000 4
 320  315     -0.374     -0.063      0.000 4
  -1   -2     -0.370      0.016      0.000 4
 321  319     -0.370     -0.351      0.000 4
 318  323     -0.369     -0.627      0.000 4
 317  324     -0.366      0.713      0.000 4
 323  320     -0.365      0.022      0.000 4
 324  322     -0.363     -0.263      0.000 4
 326  325     -0.357      0.360      0.000 4
 327  327     -0.352      0.304      0.000 4
 329  326     -0.349     -0.118      0.000 4
 325  330     -0.348     -0.893      0.000 4
 331  328     -0.348     -0.109      0.000 4
 330  329     -0.342      0.415      0.000 4
 328  331     -0.341     -0.700      0.000 4
 335  333     -0.336      0.571      0.000 4
 333  335     -0.335      0.726      0.000 4
 334  334     -0.334     -0.660      0.000 4
 332  336     -0.332      0.979      0.000 4
 337  332     -0.330     -0.286      0.000 4
 336  338     -0.323     -0.718      0.000 4
 338  340     -0.321     -0.693      0.000 4
 339  339     -0.320      0.560      0.000 4
 340  341     -0.318      0.597      0.000 4
 341  346     -0.315     -0.656      0.000 4
  -1   -2     -0.315      0.157      0.000 4
 342  343     -0.314      0.507      0.000 4
 344  348     -0.310      0.602      0.000 4
 347  345     -0.309      0.324      0.000 4
 343  352     -0.308      0.774      0.000 4
 348  342     -0.308     -0.117      0.000 4
 345  350     -0.307      0.658      0.000 4
 350  344     -0.306     -0.070      0.000 4
 353  347     -0.303      0.158      0.000 4
 349  349     -0.302      0.376      0.000 4
 351  354     -0.298     -0.988      0.000 4
 354  351     -0.297      0.221      0.000 4
 356  353     -0.294     -0.302      0.000 4
 352  359     -0.291      0.977      0.000 4
 358  355     -0.289      0.170      0.000 4
 357  357     -0.288     -0.532      0.000 4
 355  360     -0.287      0.721      0.000 4
 359  356     -0.286      0.190      0.000 4
 363  358     -0.279      0.112      0.000 4
 360  364     -0.274     -0.659      0.000 4
 365  362     -0.274      0.177      0.000 4
 368  361     -0.274     -0.013      0.000 4
 361  367     -0.272      0.768      0.000 4
 367  366     -0.268      0.480      0.000 4
 362  369     -0.268      0.927      0.000 4
 371  363     -0.266     -0.151      0.000 4
 372  365     -0.265     -0.057      0.000 4
 366  370     -0.265      0.669      0.000 4
 364  371     -0.263      0.884      0.000 4
 369  372     -0.259      0.822      0.000 4
 370  375     -0.257     -0.994      0.000 4
 374  368     -0.257     -0.263      0.000 4
 377  373     -0.251      0.408      0.000 4
 375  374     -0.251     -0.495      0.000 4
 373  377     -0.249      0.846      0.000 4
 376  376     -0.247     -0.635      0.000 4
 378  379     -0.241      0.658      0.000 4
 380  378     -0.240      0.585      0.000 4
 379  382     -0.238     -0.801      0.000 4
 381  380     -0.237     -0.638      0.000 4
 383  381     -0.233     -0.464      0.000 4
 382  386     -0.232      0.717      0.000 4
 385  383     -0.229     -0.393      0.000 4
 388  384     -0.227     -0.288      0.000 4
 387  385     -0.226     -0.371      0.000 4
 384  389     -0.225     -0.732      0.000 4
 386  388     -0.224     -0.485      0.000 4
 390  387     -0.222      0.071      0.000 4
 392  390     -0.217      0.208      0.000 4
 396  391     -0.215     -0.061      0.000 4
 391  392     -0.214     -0.609      0.000 4
 389  394     -0.213     -0.764      0.000 4
 394  393     -0.212      0.457      0.000 4
 397  395     -0.209      0.433      0.000 4
 393  397     -0.209      0.740      0.000 4
 395  398     -0.207      0.695      0.000 4
 399  396     -0.205     -0.311      0.000 4
 398  399     -0.201     -0.554      0.000 4
  -1   -2     -0.200     -0.545      0.000 4
 402  407     -0.197     -0.722      0.000 4
 400  408     -0.196      0.852      0.000 4
 407  403     -0.196     -0.445      0.000 4
 408  401     -0.195     -0.168      0.000 4
 403  410     -0.195      0.971      0.000 4
 404  409     -0.195      0.867      0.000 4
 405  411     -0.194     -0.863      0.000 4
 411  402     -0.193     -0.069      0.000 4
 409  405     -0.192     -0.313      0.000 4
 412  404     -0.192     -0.132      0.000 4
 406  413     -0.191     -0.924      0.000 4
 413  406     -0.190     -0.043      0.000 4
 410  415     -0.185      0.796      0.000 4
 416  412     -0.185     -0.158      0.000 4
 414  414     -0.183      0.553      0.000 4
 415  416     -0.180     -0.660      0.000 4
 417  418     -0.174     -0.869      0.000 4
 418  420     -0.169     -0.547      0.000 4
 421  417     -0.169      0.171      0.000 4
 419  421     -0.166      0.481      0.000 4
  -1   -2     -0.166      0.473      0.000 4
 422  419     -0.165     -0.038      0.000 4
 423  423     -0.157      0.815      0.000 4
 424  424     -0.151     -0.527      0.000 4
 425  426     -0.145      0.664      0.000 4
 427  425     -0.144      0.184      0.000 4
 426  428     -0.140      0.785      0.000 4
 428  427     -0.138      0.492      0.000 4
 429  429     -0.132      0.259      0.000 4
 430  430     -0.129      0.235      0.000 4
 432  431     -0.126     -0.283      0.000 4
 431  434     -0.124     -0.684      0.000 4
 434  432     -0.124     -0.054      0.000 4
 433  433     -0.123     -0.352      0.000 4
 436  435     -0.120     -0.246      0.000 4
 437  436     -0.119      0.213      0.000 4
 435  437     -0.119     -0.327      0.000 4
 440  438     -0.115     -0.410      0.000 4
 438  439     -0.114      0.613      0.000 4
  -1   -2     -0.113      0.602      0.000 4
 441  440     -0.113     -0.621      0.000 4
 443  442     -0.108      0.343      0.000 4
 442  443     -0.106      0.938      0.000 4
 445  444     -0.099     -0.562      0.000 4
 446  445     -0.099      0.498      0.000 4
 444  447     -0.098      0.868      0.000 4
 447  446     -0.096     -0.321      0.000 4
 449  448     -0.091      0.262      0.000 4
 451  449     -0.091     -0.214      0.000 4
 450  450     -0.089     -0.674      0.000 4
 448  451     -0.088      0.984      0.000 4
 452  452     -0.083      0.690      0.000 4
 453  455     -0.081     -0.714      0.000 4
 457  454     -0.080     -0.063      0.000 4
 456  453     -0.080      0.016      0.000 4
 455  457     -0.079     -0.606      0.000 4
 458  456     -0.079     -0.390      0.000 4
 454  458     -0.078     -0.937      0.000 4
 459  459     -0.073     -0.949      0.000 4
 460  460     -0.070     -0.992      0.000 4
 461  462     -0.066      0.584      0.000 4
 463  461     -0.066     -0.504      0.000 4
 462  463     -0.065     -0.819      0.000 4
 465  464     -0.063      0.500      0.000 4
 464  466     -0.062     -0.836      0.000 4
 466  465     -0.061     -0.014      0.000 4
 468  467     -0.060      0.320      0.000 4
 467  469     -0.060      0.810      0.000 4
 469  468     -0.058     -0.281      0.000 4
 470  470     -0.054     -0.534      0.000 4
 471  471     -0.052     -0.668      0.000 4
 472  472     -0.052      0.568      0.000 4
 473  474     -0.049     -0.570      0.000 4
 474  473     -0.049     -0.987      0.000 4
 475  475     -0.048     -0.739      0.000 4
 476  478     -0.046     -0.929      0.000 4
 479  476     -0.046     -0.064      0.000 4
 478  477     -0.046      0.427      0.000 4
 477  479     -0.045      0.930      0.000 4
 481  481     -0.044      0.071      0.000 4
 480  480     -0.044      0.094      0.000 4
 482  482     -0.043     -0.110      0.000 4
 483  483     -0.040      0.639      0.000 4
 484  484     -0.039      0.811      0.000 4
 485  485     -0.038      0.292      0.000 4
 486  487     -0.037     -0.877      0.000 4
 487  486     -0.037      0.472      0.000 4
 488  488     -0.036     -0.567      0.000 4
 489  489     -0.034      0.869      0.000 4
 490  490     -0.034      0.123      0.000 4
 493  491     -0.033      0.328      0.000 4
 492  492     -0.032     -0.648      0.000 4
 491  493     -0.032      0.953      0.000 4
 494  494     -0.031     -0.349      0.000 4
 495  495     -0.030      0.171      0.000 4
 496  496     -0.027      0.214      0.000 4
 497  497     -0.026      0.034      0.000 4
 498  499     -0.024     -0.744      0.000 4
 499  498     -0.024     -0.534      0.000 4
 500  500     -0.023     -0.622      0.000 4
 501  501     -0.021      0.728      0.000 4
 502  502     -0.021     -0.570      0.000 4
 503  503     -0.018      0.346      0.000 4
  -1   -2     -0.016     -0.617      0.000 4
 505  505     -0.015     -0.788      0.000 4
 506  506     -0.013     -0.712      0.000 4
 507  507     -0.012     -0.735      0.000 4
 509  508     -0.009      0.986      0.000 4
 508  509     -0.009      0.076      0.000 4
 510  510     -0.004     -0.306      0.000 4
 511  511     -0.001     -0.497      0.000 4
 512  512      0.000      0.326      0.000 4
 513  513      0.005      0.094      0.000 4
 514  514      0.007     -0.148      0.000 4
 515  515      0.008     -0.117      0.000 4
 517  516      0.010     -0.438      0.000 4
 516  517      0.011     -0.260      0.000 4
 519  518      0.013      0.630      0.000 4
 518  519      0.014      0.188      0.000 4
 520  520      0.019      0.136      0.000 4
 521  522      0.020     -0.262      0.000 4
 522  521      0.022     -0.792      0.000 4
 523  523      0.025      0.839      0.000 4
 524  524      0.026      0.792      0.000 4
 525  526      0.028      0.238      0.000 4
 526  525      0.029     -0.776      0.000 4
 527  529      0.033      0.013      0.000 4
 529  527      0.033      0.784      0.000 4
 530  528      0.035      0.645      0.000 4
 528  530      0.035      0.450      0.000 4
 531  532      0.042      0.405      0.000 4
 532  531      0.043     -0.599      0.000 4
 533  533      0.044     -0.508      0.000 4
 534  534      0.051      0.082      0.000 4
 535  535      0.062      0.477      0.000 4
 536  536      0.063     -0.374      0.000 4
 537  539      0.068      0.288      0.000 4
 539  537      0.068     -0.770      0.000 4
 538  541      0.069      0.254      0.000 4
 542  538      0.070     -0.851      0.000 4
 545  540      0.073     -0.981      0.000 4
 540  544      0.074     -0.063      0.000 4
 544  542      0.074     -0.490      0.000 4
 541  545      0.075      0.080      0.000 4
  -1   -2      0.075      0.282      0.000 4
 546  546      0.082     -0.224      0.000 4
 547  548      0.084      0.117      0.000 4
 548  549      0.084     -0.060      0.000 4
 551  547      0.086     -0.512      0.000 4
 550  551      0.088     -0.256      0.000 4
 549  552      0.088      0.031      0.000 4
 552  550      0.089     -0.699      0.000 4
 553  556      0.096     -0.238      0.000 4
 554  559      0.097      0.090      0.000 4
 555  558      0.098      0.373      0.000 4
 556  554      0.098      0.807      0.000 4
 557  555      0.099      0.759      0.000 4
 558  553      0.099      0.901      0.000 4
 559  557      0.102     -0.949      0.000 4
 560  561      0.106      0.745      0.000 4
 561  560      0.106     -0.900      0.000 4
 564  562      0.113     -0.616      0.000 4
 565  565      0.116      0.349      0.000 4
 569  563      0.117     -0.983      0.000 4
 563  567      0.117      0.081      0.000 4
 562  568      0.117     -0.035      0.000 4
 566  569      0.118      0.161      0.000 4
 571  564      0.119      0.950      0.000 4
 567  571      0.120     -0.263      0.000 4
 572   -2      0.121     -0.589      0.000 4
 568  573      0.123     -0.011      0.000 4
  -1  566      0.124     -0.573      0.000 4
 573  572      0.126      0.614      0.000 4
 576  575      0.132     -0.652      0.000 4
 578  574      0.133     -0.932      0.000 4
 574  577      0.134     -0.198      0.000 4
 575  578      0.136      0.110      0.000 4
 577  576      0.136      0.427      0.000 4
 579  580      0.148      0.466      0.000 4
 582  579      0.150     -0.731      0.000 4
 580  585      0.153      0.199      0.000 4
 581  584      0.155      0.354      0.000 4
 589  581      0.156     -0.979      0.000 4
 590  582      0.157      0.876      0.000 4
 583  588      0.158     -0.372      0.000 4
 591  583      0.158     -0.913      0.000 4
 585  587      0.158     -0.537      0.000 4
  -1   -2      0.158     -0.582      0.000 4
 584  591      0.161     -0.269      0.000 4
 594  589      0.164     -0.591      0.000 4
 586  594      0.164      0.109      0.000 4
 588  595      0.164     -0.183      0.000 4
 601  590      0.168      0.805      0.000 4
 592  602      0.168      0.098      0.000 4
 593  601      0.169      0.233      0.000 4
 599  593      0.170      0.542      0.000 4
 595  603      0.170      0.212      0.000 4
 597  600      0.170     -0.428      0.000 4
 603  592      0.171     -0.908      0.000 4
 600  599      0.172     -0.537      0.000 4
 596  606      0.173     -0.107      0.000 4
 602  597      0.173      0.612      0.000 4
 598  609      0.175      0.059      0.000 4
  -1   -2      0.175     -0.983      0.000 4
 604  604      0.176     -0.556      0.000 4
 608  598      0.178      0.955      0.000 4
 605  611      0.182     -0.133      0.000 4
 612  605      0.183     -0.988      0.000 4
 611  607      0.184      0.832      0.000 4
 613  608      0.185     -0.947      0.000 4
 609  610      0.185      0.456      0.000 4
 607  612      0.187      0.162      0.000 4
 610  615      0.192     -0.250      0.000 4
 616  613      0.196     -0.594      0.000 4
 614  618      0.200     -0.123      0.000 4
 620  614      0.200     -0.734      0.000 4
 619  617      0.201     -0.988      0.000 4
 615  621      0.201      0.012      0.000 4
 618  620      0.203      0.236      0.000 4
 617  623      0.204     -0.019      0.000 4
 622  616      0.205      0.904      0.000 4
 621  622      0.206      0.377      0.000 4
 624  619      0.214      0.896      0.000 4
 623  626      0.222     -0.419      0.000 4
 627  624      0.222     -0.955      0.000 4
 626  627      0.226      0.455      0.000 4
 628  625      0.227      0.627      0.000 4
 625  632      0.230     -0.286      0.000 4
 630  629      0.233     -0.662      0.000 4
 631  628      0.235      0.729      0.000 4
 633  633      0.240     -0.691      0.000 4
 636  630      0.240     -0.949      0.000 4
 635  631      0.241      0.870      0.000 4
 629  637      0.241     -0.095      0.000 4
 634  635      0.246     -0.470      0.000 4
 632  639      0.246     -0.316      0.000 4
 637  634      0.247     -0.607      0.000 4
 639  636      0.251      0.614      0.000 4
 638  642      0.256      0.129      0.000 4
 644  638      0.257      0.961      0.000 4
 646  640      0.261      0.697      0.000 4
 647  641      0.263      0.751      0.000 4
 642  644      0.264      0.322      0.000 4
 640  646      0.264      0.054      0.000 4
 641  645      0.264      0.188      0.000 4
 645  647      0.268     -0.364      0.000 4
 648  643      0.268     -0.666      0.000 4
 643  648      0.270      0.037      0.000 4
 650  649      0.277      0.429      0.000 4
 649  652      0.280     -0.197      0.000 4
 653  651      0.280     -0.468      0.000 4
 658  650      0.283     -0.603      0.000 4
 651  655      0.285      0.122      0.000 4
 652  654      0.285      0.185      0.000 4
 656  658      0.288      0.268      0.000 4
 655  659      0.288      0.213      0.000 4
 654  660      0.289      0.010      0.000 4
 657  662      0.291      0.091      0.000 4
 661  657      0.292     -0.509      0.000 4
 663  656      0.292      0.508      0.000 4
 659  664      0.294      0.164      0.000 4
 664  653      0.296      0.724      0.000 4
 660  667      0.296      0.100      0.000 4
 662  665      0.297     -0.326      0.000 4
 665  663      0.301      0.567      0.000 4
 667  661      0.306      0.984      0.000 4
 666  668      0.306      0.519      0.000 4
 669  666      0.310      0.779      0.000 4
 670  669      0.314     -0.859      0.000 4
 668  671      0.318      0.393      0.000 4
 673  670      0.322      0.817      0.000 4
 675  673      0.330      0.622      0.000 4
 678  672      0.332     -0.885      0.000 4
 671  678      0.333      0.052      0.000 4
 672  679      0.335      0.154      0.000 4
 677  675      0.336      0.540      0.000 4
 680  674      0.336     -0.847      0.000 4
 674  685      0.341     -0.127      0.000 4
 676  686      0.343     -0.214      0.000 4
 681  683      0.345     -0.495      0.000 4
 689  677      0.348     -0.837      0.000 4
 683  682      0.348     -0.704      0.000 4
 679  692      0.349     -0.185      0.000 4
 692  676      0.349      0.901      0.000 4
 691  680      0.350     -0.768      0.000 4
 682  688      0.350     -0.433      0.000 4
 687  684      0.351      0.672      0.000 4
 697  681      0.353     -0.975      0.000 4
 684  691      0.354      0.476      0.000 4
 686  689      0.354      0.512      0.000 4
 690  690      0.355      0.527      0.000 4
  -1   -2      0.360     -0.883      0.000 4
 685  698      0.362     -0.177      0.000 4
 696  696      0.364      0.423      0.000 4
 695  697      0.364      0.339      0.000 4
 699  694      0.364     -0.660      0.000 4
 698  695      0.364     -0.614      0.000 4
 688  701      0.365     -0.081      0.000 4
 703  693      0.367     -0.883      0.000 4
 693  702      0.368      0.041      0.000 4
 694  703      0.369      0.052      0.000 4
 705  699      0.373     -0.629      0.000 4
 706  700      0.375      0.622      0.000 4
 701  705      0.377      0.198      0.000 4
 702  706      0.380      0.143      0.000 4
 704  710      0.385     -0.086      0.000 4
 711  704      0.388      0.742      0.000 4
 709  707      0.391      0.451      0.000 4
 710  712      0.394     -0.488      0.000 4
 712  709      0.394      0.504      0.000 4
 708  714      0.396     -0.285      0.000 4
 707  717      0.397     -0.135      0.000 4
 716  708      0.399     -0.841      0.000 4
 715  711      0.400      0.664      0.000 4
 713  721      0.406      0.025      0.000 4
 718  716      0.406      0.540      0.000 4
 714  720      0.407      0.324      0.000 4
 721  713      0.409      0.825      0.000 4
 720  719      0.411      0.465      0.000 4
 723  715      0.412      0.883      0.000 4
 717  725      0.417      0.068      0.000 4
 719  724      0.417     -0.143      0.000 4
 725  718      0.419     -0.830      0.000 4
 726  722      0.427     -0.777      0.000 4
 724  728      0.428     -0.340      0.000 4
 722  731      0.430      0.001      0.000 4
 728  723      0.431     -0.703      0.000 4
  -1   -2      0.436      0.833      0.000 4
 735  727      0.438     -0.994      0.000 4
 737  730      0.444     -0.730      0.000 4
 729  735      0.444      0.312      0.000 4
 740  729      0.445      0.882      0.000 4
 727  738      0.445      0.015      0.000 4
 736  733      0.447     -0.560      0.000 4
 731  740      0.448     -0.128      0.000 4
 730  741      0.449     -0.140      0.000 4
 733  737      0.450     -0.437      0.000 4
 741  732      0.450      0.832      0.000 4
 738  736      0.450     -0.987      0.000 4
 739  739      0.453      0.411      0.000 4
 734  743      0.455     -0.193      0.000 4
 745  734      0.459     -0.958      0.000 4
 748  742      0.466     -0.767      0.000 4
 743  749      0.468      0.430      0.000 4
 749  745      0.471     -0.781      0.000 4
 751  746      0.472     -0.745      0.000 4
 742  752      0.473      0.114      0.000 4
 753  744      0.474     -0.981      0.000 4
 744  751      0.475      0.247      0.000 4
 755  747      0.477      0.860      0.000 4
 747  750      0.477     -0.404      0.000 4
 756  748      0.478      0.785      0.000 4
 746  754      0.479     -0.103      0.000 4
 757  753      0.485      0.531      0.000 4
 750  756      0.486      0.212      0.000 4
 752  761      0.490      0.083      0.000 4
 754  760      0.492      0.219      0.000 4
 758  755      0.496      0.637      0.000 4
 759  757      0.501     -0.784      0.000 4
 761  759      0.503      0.699      0.000 4
 763  758      0.503     -0.835      0.000 4
 760  763      0.506     -0.587      0.000 4
 765  762      0.512     -0.899      0.000 4
 764  765      0.514     -0.535      0.000 4
 762  768      0.516      0.291      0.000 4
 768  764      0.518      0.835      0.000 4
 772  770      0.528     -0.704      0.000 4
 777  766      0.529      0.996      0.000 4
 766  775      0.529      0.337      0.000 4
 770  773      0.530      0.558      0.000 4
 778  767      0.532      0.951      0.000 4
 775  772      0.532     -0.714      0.000 4
 779  769      0.532     -0.972      0.000 4
 771  776      0.533     -0.482      0.000 4
 780  771      0.534      0.872      0.000 4
 774  774      0.534     -0.574      0.000 4
 767  779      0.535      0.037      0.000 4
 773  777      0.536      0.422      0.000 4
 769  781      0.540     -0.103      0.000 4
 776  782      0.546      0.180      0.000 4
 783  780      0.548      0.579      0.000 4
 786  778      0.550      0.802      0.000 4
 781  784      0.552      0.045      0.000 4
 784  783      0.554     -0.546      0.000 4
 782  789      0.557     -0.203      0.000 4
 785  790      0.560     -0.367      0.000 4
 789  788      0.564     -0.530      0.000 4
 791  785      0.565     -0.637      0.000 4
 790  792      0.566     -0.538      0.000 4
 788  794      0.567     -0.233      0.000 4
 787  796      0.567     -0.182      0.000 4
 794  787      0.568      0.647      0.000 4
 796  791      0.569     -0.674      0.000 4
 797  786      0.570      0.739      0.000 4
 795  793      0.570      0.598      0.000 4
 792  795      0.573      0.436      0.000 4
 793  798      0.581     -0.073      0.000 4
 798  797      0.584      0.445      0.000 4
 800  799      0.595     -0.564      0.000 4
 799  801      0.597     -0.292      0.000 4
  -1   -2      0.606     -0.293      0.000 4
 806  800      0.607     -0.824      0.000 4
 802  808      0.609      0.042      0.000 4
 803  809      0.612     -0.058      0.000 4
 807  805      0.615     -0.585      0.000 4
 811  802      0.617     -0.990      0.000 4
 810  804      0.619     -0.781      0.000 4
 805  810      0.620      0.249      0.000 4
 804  814      0.620     -0.122      0.000 4
 816  806      0.625      0.930      0.000 4
 809  815      0.626      0.402      0.000 4
 817  807      0.627      0.914      0.000 4
 808  819      0.627     -0.164      0.000 4
 812  811      0.627     -0.558      0.000 4
 815  812      0.629     -0.605      0.000 4
 818  816      0.632      0.610      0.000 4
 821  813      0.636     -0.900      0.000 4
 820  818      0.638     -0.763      0.000 4
 822  817      0.639      0.858      0.000 4
 813  825      0.640      0.046      0.000 4
 814  824      0.640      0.033      0.000 4
 819  823      0.641     -0.319      0.000 4
 824  821      0.645      0.633      0.000 4
 825  820      0.646      0.837      0.000 4
 823  827      0.651     -0.425      0.000 4
 828  822      0.653     -0.991      0.000 4
 826  826      0.655      0.570      0.000 4
 827  829      0.666      0.145      0.000 4
 829  831      0.671      0.018      0.000 4
 831  830      0.677     -0.562      0.000 4
 832  828      0.677      0.703      0.000 4
 830  833      0.680      0.300      0.000 4
 836  832      0.687      0.705      0.000 4
 833  836      0.688      0.203      0.000 4
 835  838      0.694      0.408      0.000 4
 839  834      0.694     -0.693      0.000 4
 834  842      0.695     -0.196      0.000 4
 843  837      0.698      0.648      0.000 4
 841  841      0.700     -0.987      0.000 4
 840  843      0.702      0.445      0.000 4
 847  835      0.701     -0.886      0.000 4
 848  839      0.703      0.874      0.000 4
 837  848      0.703      0.116      0.000 4
 849  840      0.705      0.778      0.000 4
 838  849      0.705     -0.141      0.000 4
 846  846      0.708      0.439      0.000 4
 842  851      0.709      0.085      0.000 4
 844  853      0.710     -0.170      0.000 4
 853  844      0.711     -0.893      0.000 4
 851  847      0.711     -0.634      0.000 4
 845  855      0.712      0.105      0.000 4
 856  845      0.714     -0.875      0.000 4
 852  854      0.717      0.466      0.000 4
 850  857      0.717     -0.219      0.000 4
 855  852      0.719      0.618      0.000 4
 859  850      0.720      0.934      0.000 4
 854  859      0.724     -0.418      0.000 4
 860  858      0.727      0.580      0.000 4
 861  856      0.728      0.701      0.000 4
 858  862      0.730      0.233      0.000 4
 857  863      0.732      0.062      0.000 4
 864  860      0.734      0.950      0.000 4
 865  861      0.739     -0.706      0.000 4
 862  866      0.740     -0.107      0.000 4
 867  864      0.744      0.743      0.000 4
 863  869      0.746     -0.177      0.000 4
 866  867      0.746     -0.482      0.000 4
 868  865      0.748     -0.655      0.000 4
 875  868      0.755     -0.890      0.000 4
 869  874      0.757      0.211      0.000 4
 877  870      0.758      0.806      0.000 4
 874  871      0.757     -0.667      0.000 4
 870  873      0.757     -0.328      0.000 4
 878  872      0.760      0.694      0.000 4
 871  877      0.760      0.108      0.000 4
 873  876      0.762     -0.419      0.000 4
 872  879      0.765      0.071      0.000 4
 879  875      0.766      0.742      0.000 4
 876  882      0.769     -0.076      0.000 4
 882  878      0.772     -0.837      0.000 4
 880  885      0.775     -0.366      0.000 4
 884  880      0.777      0.840      0.000 4
 885  881      0.778     -0.912      0.000 4
 886  883      0.780     -0.804      0.000 4
 888  884      0.781     -0.852      0.000 4
 881  887      0.781      0.033      0.000 4
 883  888      0.784      0.253      0.000 4
  -1   -2      0.790      0.263      0.000 4
 889  890      0.790      0.409      0.000 4
 892  886      0.791      0.869      0.000 4
 893  889      0.794      0.682      0.000 4
 890  897      0.799     -0.194      0.000 4
 891  898      0.799     -0.065      0.000 4
 896  894      0.799     -0.605      0.000 4
  -1   -2      0.800     -0.618      0.000 4
 895  896      0.801      0.454      0.000 4
 898  893      0.801     -0.773      0.000 4
 899  892      0.802     -0.846      0.000 4
 894  901      0.802      0.020      0.000 4
 902  899      0.809      0.640      0.000 4
 906  900      0.810     -0.848      0.000 4
 901  905      0.811     -0.462      0.000 4
 903  904      0.812      0.473      0.000 4
 904  906      0.812     -0.485      0.000 4
 900  908      0.812     -0.251      0.000 4
 908  903      0.814     -0.755      0.000 4
 910  902      0.814     -0.928      0.000 4
 911  907      0.817      0.789      0.000 4
 905  909      0.817      0.373      0.000 4
 907  910      0.818      0.340      0.000 4
 909  912      0.823      0.202      0.000 4
 912  914      0.826     -0.029      0.000 4
 915  911      0.828      0.550      0.000 4
 913  917      0.828      0.009      0.000 4
 914  915      0.830     -0.398      0.000 4
 918  913      0.834      0.956      0.000 4
 917  918      0.835      0.500      0.000 4
 916  923      0.836      0.020      0.000 4
 919  916      0.838      0.850      0.000 4
 923  919      0.841      0.751      0.000 4
 921  922      0.841      0.574      0.000 4
 924  921      0.842     -0.749      0.000 4
 927  920      0.842     -0.935      0.000 4
 928  924      0.845      0.890      0.000 4
 920  926      0.844     -0.261      0.000 4
 922  927      0.845      0.249      0.000 4
 926  925      0.847     -0.469      0.000 4
 925  930      0.850     -0.019      0.000 4
 930  928      0.854      0.636      0.000 4
 929  931      0.857      0.347      0.000 4
 931  929      0.858      0.868      0.000 4
 932  932      0.863      0.697      0.000 4
 934  933      0.867      0.937      0.000 4
 937  934      0.874      0.815      0.000 4
 935  937      0.874      0.284      0.000 4
  -1   -2      0.876      0.660      0.000 4
 936  941      0.878     -0.040      0.000 4
 941  936      0.878      0.872      0.000 4
  -1   -2      0.879      0.293      0.000 4
 942  938      0.879     -0.766      0.000 4
 943  939      0.881      0.649      0.000 4
 940  943      0.883      0.153      0.000 4
 944  942      0.886      0.567      0.000 4
 946  944      0.888     -0.488      0.000 4
 947  946      0.890      0.413      0.000 4
 945  947      0.890     -0.107      0.000 4
 949  945      0.891     -0.677      0.000 4
 948  952      0.894      0.026      0.000 4
 950  951      0.895      0.270      0.000 4
 952  948      0.896      0.534      0.000 4
 954  949      0.896     -0.659      0.000 4
 955  950      0.897      0.626      0.000 4
 951  953      0.897     -0.236      0.000 4
 953  954      0.899     -0.049      0.000 4
 956  956      0.901      0.058      0.000 4
 959  955      0.906      0.841      0.000 4
 957  957      0.906     -0.597      0.000 4
 960  958      0.906     -0.664      0.000 4
 958  959      0.907     -0.477      0.000 4
 961  960      0.910     -0.375      0.000 4
 962  961      0.913      0.272      0.000 4
 964  962      0.924     -0.684      0.000 4
 963  963      0.925     -0.184      0.000 4
 965  964      0.927      0.475      0.000 4
 969  965      0.929     -0.930      0.000 4
 966  967      0.929     -0.343      0.000 4
 967  969      0.930     -0.304      0.000 4
 970  966      0.930     -0.946      0.000 4
 968  970      0.931     -0.143      0.000 4
 971  968      0.932     -0.889      0.000 4
 972  971      0.935     -0.552      0.000 4
 973  972      0.937     -0.973      0.000 4
 975  973      0.948      0.461      0.000 4
 974  974      0.948      0.225      0.000 4
 976  975      0.949     -0.987      0.000 4
 977  976      0.957      0.912      0.000 4
 978  977      0.957      0.853      0.000 4
 979  978      0.957      0.987      0.000 4
 980  980      0.959     -0.525      0.000 4
 981  979      0.960      0.729      0.000 4
 982  981      0.961     -0.833      0.000 4
 983  982      0.967     -0.190      0.000 4
 984  983      0.969     -0.680      0.000 4
 985  984      0.972      0.431      0.000 4
 987  985      0.974      0.809      0.000 4
 986  986      0.973     -0.614      0.000 4
 989  987      0.980      0.396      0.000 4
 988  989      0.980      0.017      0.000 4
 990  988      0.980     -0.445      0.000 4
 991  990      0.981     -0.304      0.000 4
 993  991      0.988      0.671      0.000 4
  -1   -2      0.988      0.342      0.000 4
 995  994      0.989      0.332      0.000 4
 994  997      0.989      0.139      0.000 4
 997  993      0.989     -0.854      0.000 4
 996  995      0.991      0.583      0.000 4
 998  996      0.992      0.957      0.000 4
 999  998      0.992      0.706      0.000 4
1000  999      0.992     -0.770      0.000 4
