996
   0   -2     -0.998      0.690      0.000 4
   1   -2     -0.997      0.280      0.000 4
   2   -2     -0.995      0.065      0.000 4
   3   -2     -0.993     -0.156      0.000 4
   4   -2     -0.989     -0.275      0.000 4
   5   -2     -0.989      0.452      0.000 4
   6   -2     -0.988     -0.549      0.000 4
   7   -2     -0.989     -0.049      0.000 4
   8   -2     -0.989      0.952      0.000 4
   9   -2     -0.988      0.201      0.000 4
  10   -2     -0.987     -0.799      0.000 4
  11   -2     -0.988     -0.299      0.000 4
  12   -2     -0.988      0.701      0.000 4
  13   -2     -0.986     -0.348      0.000 4
  17   -2     -0.983      0.337      0.000 4
  16   -2     -0.983      0.809      0.000 4
  15   -2     -0.982     -0.814      0.000 4
  -1   -2     -0.983      0.815      0.000 4
  18   -2     -0.980     -0.232      0.000 4
  19   -2     -0.977     -0.012      0.000 4
  20   -2     -0.975     -0.243      0.000 4
  21   -2     -0.974      0.465      0.000 4
  22   -2     -0.973      0.438      0.000 4
  23   -2     -0.970      0.660      0.000 4
  24   -2     -0.968     -0.543      0.000 4
  25   -2     -0.968     -0.135      0.000 4
  26   -2     -0.967     -0.273      0.000 4
  27   -2     -0.962     -0.513      0.000 4
  28   -2     -0.961      0.254      0.000 4
  29   -2     -0.959      0.756      0.000 4
  33   -2     -0.954      0.142      0.000 4
  30   -2     -0.955      0.975      0.000 4
  31   -2     -0.954      0.673      0.000 4
  32   -2     -0.951     -0.981      0.000 4
  34   -2     -0.951      0.249      0.000 4
  35   -2     -0.949     -0.351      0.000 4
  36   -2     -0.944      0.272      0.000 4
  38   -2     -0.943      0.514      0.000 4
  37   -2     -0.940     -0.721      0.000 4
  39   -2     -0.940      0.402      0.000 4
  41   -2     -0.937     -0.216      0.000 4
  40   -2     -0.937      0.652      0.000 4
  43   -2     -0.935      0.569      0.000 4
  44   -2     -0.934      0.464      0.000 4
  42   -2     -0.934      0.869      0.000 4
  45   -2     -0.928     -0.758      0.000 4
  47   -2     -0.927     -0.268      0.000 4
  46   -2     -0.928      0.778      0.000 4
  50   -2     -0.920     -0.032      0.000 4
  49   -2     -0.919     -0.302      0.000 4
  52   -2     -0.917      0.118      0.000 4
  48   -2     -0.916     -0.785      0.000 4
  51   -2     -0.913     -0.946      0.000 4
  53   -2     -0.913      0.237      0.000 4
  54   -2     -0.911     -0.222      0.000 4
  57   -2     -0.907      0.063      0.000 4
  55   -2     -0.906      0.814      0.000 4
  59   -2     -0.905      0.005      0.000 4
  56   -2     -0.904     -0.597      0.000 4
  58   -2     -0.904     -0.329      0.000 4
  62   -2     -0.903     -0.166      0.000 4
  61   -2     -0.902     -0.403      0.000 4
  65   -2     -0.900     -0.112      0.000 4
  64   -2     -0.900      0.519      0.000 4
  63   -2     -0.899      0.726      0.000 4
  60   -2     -0.898     -0.946      0.000 4
  67   -2     -0.896     -0.077      0.000 4
  68   -2     -0.895      0.184      0.000 4
  66   -2     -0.895      0.956      0.000 4
  69   -2     -0.894      0.271      0.000 4
  70   -2     -0.891     -0.563      0.000 4
  71   -2     -0.890     -0.220      0.000 4
  72   -2     -0.885      0.574      0.000 4
  73   -2     -0.883      0.200      0.000 4
  76   -2     -0.877      0.359      0.000 4
  74   -2     -0.874     -0.742      0.000 4
  75   -2     -0.874      0.712      0.000 4
  79   -2     -0.873     -0.228      0.000 4
  77   -2     -0.873      0.698      0.000 4
  80   -2     -0.872      0.309      0.000 4
  81   -2     -0.871     -0.403      0.000 4
  78   -2     -0.870     -0.710      0.000 4
  83   -2     -0.867      0.008      0.000 4
  82   -2     -0.864      0.636      0.000 4
  85   -2     -0.861      0.159      0.000 4
  84   -2     -0.860      0.338      0.000 4
  86   -2     -0.855      0.671      0.000 4
  87   -2     -0.851     -0.934      0.000 4
  88   -2     -0.847      0.938      0.000 4
  89   -2     -0.846     -0.410      0.000 4
  90   -2     -0.845     -0.053      0.000 4
  92   -2     -0.842     -0.298      0.000 4
  91   -2     -0.837     -0.774      0.000 4
  94   -2     -0.835     -0.217      0.000 4
  93   -2     -0.835     -0.619      0.000 4
  96   -2     -0.831      0.451      0.000 4
  95   -2     -0.828      0.846      0.000 4
 100   -2     -0.821      0.161      0.000 4
 102   -2     -0.820      0.119      0.000 4
  98   -2     -0.817     -0.477      0.000 4
  97   -2     -0.816      0.693      0.000 4
 104   -2     -0.815     -0.308      0.000 4
 105   -2     -0.814     -0.347      0.000 4
 108   -2     -0.812     -0.208      0.000 4
  99   -2     -0.810     -0.897      0.000 4
 101   -2     -0.809     -0.866      0.000 4
 103   -2     -0.809     -0.768      0.000 4
 109   -2     -0.807     -0.484      0.000 4
 106   -2     -0.804      0.748      0.000 4
 107   -2     -0.803      0.878      0.000 4
 110   -2     -0.802      0.603      0.000 4
 111   -2     -0.794     -0.988      0.000 4
 112   -2     -0.795      0.568      0.000 4
 118   -2     -0.789     -0.280      0.000 4
 117   -2     -0.790      0.254      0.000 4
 113   -2     -0.788     -0.936      0.000 4
 114   -2     -0.788      0.906      0.000 4
 115   -2     -0.783      0.715      0.000 4
 116   -2     -0.780     -0.892      0.000 4
 120   -2     -0.777     -0.253      0.000 4
 121   -2     -0.774     -0.344      0.000 4
 119   -2     -0.771      0.624      0.000 4
 122   -2     -0.768     -0.209      0.000 4
 125   -2     -0.767      0.049      0.000 4
 124   -2     -0.764      0.404      0.000 4
 123   -2     -0.763     -0.502      0.000 4
 129   -2     -0.757      0.076      0.000 4
 128   -2     -0.754     -0.534      0.000 4
 127   -2     -0.754      0.607      0.000 4
 126   -2     -0.750     -0.946      0.000 4
 135   -2     -0.750      0.049      0.000 4
 132   -2     -0.750      0.219      0.000 4
 131   -2     -0.749      0.519      0.000 4
 130   -2     -0.748     -0.656      0.000 4
 136   -2     -0.747     -0.262      0.000 4
 134   -2     -0.747      0.351      0.000 4
 138   -2     -0.745      0.183      0.000 4
 133   -2     -0.743     -0.554      0.000 4
 140   -2     -0.741     -0.231      0.000 4
 137   -2     -0.739      0.627      0.000 4
 139   -2     -0.735      0.586      0.000 4
 141   -2     -0.735      0.507      0.000 4
 144   -2     -0.734     -0.383      0.000 4
 145   -2     -0.731     -0.479      0.000 4
 142   -2     -0.731     -0.583      0.000 4
 143   -2     -0.731      0.558      0.000 4
 147   -2     -0.729      0.287      0.000 4
 150   -2     -0.725     -0.092      0.000 4
 152   -2     -0.722      0.036      0.000 4
 148   -2     -0.722      0.617      0.000 4
 146   -2     -0.719     -0.864      0.000 4
 153   -2     -0.719     -0.059      0.000 4
 149   -2     -0.719      0.756      0.000 4
 154   -2     -0.719      0.078      0.000 4
 155   -2     -0.712      0.248      0.000 4
 151   -2     -0.708     -0.967      0.000 4
 156   -2     -0.705     -0.453      0.000 4
 157   -2     -0.701     -0.591      0.000 4
 161   -2     -0.700     -0.157      0.000 4
 158   -2     -0.699      0.554      0.000 4
 159   -2     -0.694      0.823      0.000 4
 160   -2     -0.691     -0.892      0.000 4
 166   -2     -0.685     -0.213      0.000 4
 165   -2     -0.683      0.294      0.000 4
 164   -2     -0.679     -0.541      0.000 4
 162   -2     -0.676     -0.994      0.000 4
 163   -2     -0.676     -0.842      0.000 4
 168   -2     -0.675     -0.026      0.000 4
 167   -2     -0.669      0.570      0.000 4
 170   -2     -0.668      0.020      0.000 4
 171   -2     -0.663      0.354      0.000 4
 173   -2     -0.662     -0.185      0.000 4
 169   -2     -0.661      0.717      0.000 4
 178   -2     -0.657     -0.080      0.000 4
 177   -2     -0.651     -0.468      0.000 4
  -1   -2     -0.649     -0.041      0.000 4
 172   -2     -0.648     -0.771      0.000 4
 176   -2     -0.645     -0.729      0.000 4
 174   -2     -0.644     -0.863      0.000 4
 175   -2     -0.644      0.934      0.000 4
 179   -2     -0.637     -0.906      0.000 4
 180   -2     -0.635     -0.040      0.000 4
 181   -2     -0.635      0.609      0.000 4
 182   -2     -0.631      0.640      0.000 4
 186   -2     -0.625      0.529      0.000 4
 183   -2     -0.623      0.972      0.000 4
 184   -2     -0.623      0.656      0.000 4
 189   -2     -0.616     -0.175      0.000 4
 187   -2     -0.616      0.636      0.000 4
 185   -2     -0.612     -0.037      0.000 4
 190   -2     -0.611      0.295      0.000 4
 194   -2     -0.611     -0.186      0.000 4
 188   -2     -0.609      0.698      0.000 4
 191   -2     -0.603     -0.602      0.000 4
 198   -2     -0.599     -0.032      0.000 4
 197   -2     -0.598     -0.170      0.000 4
 199   -2     -0.597     -0.219      0.000 4
 192   -2     -0.596      0.886      0.000 4
 195   -2     -0.594      0.603      0.000 4
 202   -2     -0.589      0.183      0.000 4
 196   -2     -0.583     -0.983      0.000 4
 201   -2     -0.581      0.590      0.000 4
 210   -2     -0.578      0.087      0.000 4
 200   -2     -0.578      0.728      0.000 4
 213   -2     -0.577     -0.056      0.000 4
 204   -2     -0.574      0.554      0.000 4
  -1   -2     -0.572      0.014      0.000 4
 206   -2     -0.572      0.505      0.000 4
 203   -2     -0.571      0.830      0.000 4
 207   -2     -0.570      0.546      0.000 4
 211   -2     -0.569      0.473      0.000 4
 214   -2     -0.568     -0.749      0.000 4
 212   -2     -0.568      0.497      0.000 4
 217   -2     -0.568      0.313      0.000 4
 215   -2     -0.567     -0.493      0.000 4
 222   -2     -0.566      0.019      0.000 4
 221   -2     -0.565     -0.143      0.000 4
 208   -2     -0.564      0.801      0.000 4
 223   -2     -0.563      0.160      0.000 4
 209   -2     -0.563      0.897      0.000 4
  -1   -2     -0.560     -0.746      0.000 4
 219   -2     -0.559      0.534      0.000 4
 225   -2     -0.558      0.141      0.000 4
 218   -2     -0.554     -0.820      0.000 4
 224   -2     -0.550     -0.533      0.000 4
 226   -2     -0.549     -0.988      0.000 4
 220   -2     -0.550      0.858      0.000 4
 227   -2     -0.545     -0.497      0.000 4
 229   -2     -0.545     -0.378      0.000 4
 233   -2     -0.542     -0.100      0.000 4
 234   -2     -0.541     -0.093      0.000 4
 231   -2     -0.541      0.422      0.000 4
 235   -2     -0.539     -0.239      0.000 4
 228   -2     -0.538     -0.627      0.000 4
 232   -2     -0.535     -0.466      0.000 4
 237   -2     -0.533      0.344      0.000 4
 230   -2     -0.533      0.742      0.000 4
 236   -2     -0.525     -0.727      0.000 4
 239   -2     -0.520     -0.619      0.000 4
 238   -2     -0.519     -0.765      0.000 4
 244   -2     -0.519     -0.223      0.000 4
 245   -2     -0.517     -0.295      0.000 4
 240   -2     -0.513      0.932      0.000 4
 241   -2     -0.510     -0.661      0.000 4
 243   -2     -0.508      0.702      0.000 4
 248   -2     -0.506      0.418      0.000 4
 242   -2     -0.506      0.825      0.000 4
 246   -2     -0.504      0.661      0.000 4
 247   -2     -0.504      0.645      0.000 4
 250   -2     -0.499      0.590      0.000 4
 249   -2     -0.496     -0.747      0.000 4
 256   -2     -0.493     -0.057      0.000 4
 258   -2     -0.492     -0.093      0.000 4
 257   -2     -0.490     -0.294      0.000 4
 253   -2     -0.489      0.597      0.000 4
 255   -2     -0.488      0.432      0.000 4
 251   -2     -0.487      0.793      0.000 4
 252   -2     -0.486     -0.789      0.000 4
 261   -2     -0.482      0.118      0.000 4
 254   -2     -0.482      0.828      0.000 4
 260   -2     -0.481      0.362      0.000 4
 263   -2     -0.474     -0.228      0.000 4
 259   -2     -0.474      0.869      0.000 4
 262   -2     -0.471     -0.582      0.000 4
 268   -2     -0.470      0.244      0.000 4
 270   -2     -0.466      0.115      0.000 4
 269   -2     -0.465     -0.354      0.000 4
 266   -2     -0.460     -0.708      0.000 4
 264   -2     -0.460      0.802      0.000 4
 265   -2     -0.460      0.778      0.000 4
 267   -2     -0.458      0.837      0.000 4
 271   -2     -0.454      0.643      0.000 4
 279   -2     -0.452     -0.015      0.000 4
 276   -2     -0.451     -0.390      0.000 4
 272   -2     -0.451      0.714      0.000 4
 273   -2     -0.450      0.602      0.000 4
 277   -2     -0.449      0.287      0.000 4
 274   -2     -0.448      0.560      0.000 4
 283   -2     -0.445      0.119      0.000 4
 284   -2     -0.445      0.076      0.000 4
 287   -2     -0.441      0.159      0.000 4
 275   -2     -0.441      0.912      0.000 4
 289   -2     -0.439     -0.045      0.000 4
 278   -2     -0.438      0.704      0.000 4
 290   -2     -0.436      0.133      0.000 4
 282   -2     -0.436      0.549      0.000 4
 280   -2     -0.434      0.902      0.000 4
 288   -2     -0.433     -0.425      0.000 4
 291   -2     -0.433      0.694      0.000 4
 293   -2     -0.430     -0.111      0.000 4
 285   -2     -0.427     -0.836      0.000 4
 296   -2     -0.426     -0.225      0.000 4
 286   -2     -0.425     -0.909      0.000 4
 299   -2     -0.424      0.120      0.000 4
  -1   -2     -0.422      0.692      0.000 4
 297   -2     -0.419     -0.475      0.000 4
 298   -2     -0.419      0.445      0.000 4
 295   -2     -0.415      0.703      0.000 4
 300   -2     -0.415      0.238      0.000 4
 292   -2     -0.415      0.988      0.000 4
 294   -2     -0.413     -0.985      0.000 4
 301   -2     -0.410      0.446      0.000 4
 304   -2     -0.406      0.321      0.000 4
 302   -2     -0.404     -0.702      0.000 4
 303   -2     -0.398     -0.887      0.000 4
 306   -2     -0.394     -0.595      0.000 4
 305   -2     -0.393      0.985      0.000 4
 309   -2     -0.391     -0.186      0.000 4
 307   -2     -0.390      0.533      0.000 4
 311   -2     -0.384      0.272      0.000 4
 310   -2     -0.379     -0.693      0.000 4
 308   -2     -0.378      0.995      0.000 4
 314   -2     -0.375     -0.545      0.000 4
 312   -2     -0.373      0.710      0.000 4
 319   -2     -0.370      0.038      0.000 4
 313   -2     -0.370      0.939      0.000 4
 315   -2     -0.369     -0.824      0.000 4
 316   -2     -0.369      0.781      0.000 4
 318   -2     -0.365      0.730      0.000 4
 317   -2     -0.364      0.918      0.000 4
 324   -2     -0.363     -0.046      0.000 4
 320   -2     -0.359      0.569      0.000 4
 322   -2     -0.357      0.554      0.000 4
 321   -2     -0.354      0.734      0.000 4
 323   -2     -0.347      0.950      0.000 4
 325   -2     -0.344     -0.642      0.000 4
 330   -2     -0.343     -0.194      0.000 4
 326   -2     -0.341      0.792      0.000 4
 327   -2     -0.340     -0.733      0.000 4
 329   -2     -0.338     -0.512      0.000 4
 332   -2     -0.337      0.125      0.000 4
 333   -2     -0.332      0.378      0.000 4
 328   -2     -0.331      0.945      0.000 4
 331   -2     -0.328      0.656      0.000 4
 335   -2     -0.327     -0.050      0.000 4
 339   -2     -0.324     -0.035      0.000 4
 334   -2     -0.321     -0.991      0.000 4
 343   -2     -0.321     -0.111      0.000 4
 344   -2     -0.321     -0.088      0.000 4
 338   -2     -0.318      0.443      0.000 4
 342   -2     -0.317     -0.392      0.000 4
 345   -2     -0.315     -0.249      0.000 4
 336   -2     -0.315      0.722      0.000 4
 337   -2     -0.313     -0.759      0.000 4
 346   -2     -0.313      0.272      0.000 4
 348   -2     -0.311     -0.265      0.000 4
 347   -2     -0.310      0.425      0.000 4
 340   -2     -0.310      0.762      0.000 4
 341   -2     -0.308      0.916      0.000 4
 352   -2     -0.305     -0.103      0.000 4
 351   -2     -0.304     -0.203      0.000 4
 355   -2     -0.300      0.335      0.000 4
 349   -2     -0.299     -0.782      0.000 4
 353   -2     -0.298     -0.988      0.000 4
 357   -2     -0.296     -0.347      0.000 4
 350   -2     -0.296      0.845      0.000 4
 356   -2     -0.294     -0.526      0.000 4
 354   -2     -0.292     -0.876      0.000 4
 360   -2     -0.291      0.458      0.000 4
 361   -2     -0.289     -0.317      0.000 4
 363   -2     -0.287     -0.200      0.000 4
 358   -2     -0.286     -0.814      0.000 4
 359   -2     -0.285      0.975      0.000 4
 368   -2     -0.281     -0.031      0.000 4
 366   -2     -0.281      0.460      0.000 4
 365   -2     -0.281     -0.513      0.000 4
 364   -2     -0.279     -0.569      0.000 4
 362   -2     -0.279      0.666      0.000 4
 367   -2     -0.274      0.600      0.000 4
 370   -2     -0.271     -0.330      0.000 4
 372   -2     -0.271      0.092      0.000 4
 369   -2     -0.267     -0.553      0.000 4
 371   -2     -0.260      0.857      0.000 4
 373   -2     -0.257     -0.581      0.000 4
 376   -2     -0.255      0.276      0.000 4
 374   -2     -0.253      0.515      0.000 4
 378   -2     -0.251     -0.291      0.000 4
 379   -2     -0.251      0.295      0.000 4
 375   -2     -0.249      0.802      0.000 4
 380   -2     -0.246     -0.500      0.000 4
 377   -2     -0.245      0.603      0.000 4
 383   -2     -0.233     -0.466      0.000 4
 381   -2     -0.232     -0.853      0.000 4
 382   -2     -0.229     -0.885      0.000 4
 385   -2     -0.228      0.415      0.000 4
 387   -2     -0.227      0.095      0.000 4
 384   -2     -0.225      0.928      0.000 4
 386   -2     -0.223     -0.465      0.000 4
  -1   -2     -0.221     -0.369      0.000 4
 389   -2     -0.219     -0.377      0.000 4
 392   -2     -0.216      0.511      0.000 4
 388   -2     -0.216      0.983      0.000 4
 393   -2     -0.214      0.579      0.000 4
 395   -2     -0.213     -0.430      0.000 4
 391   -2     -0.212     -0.819      0.000 4
 394   -2     -0.210      0.655      0.000 4
 396   -2     -0.208     -0.039      0.000 4
 397   -2     -0.201      0.490      0.000 4
 398   -2     -0.196      0.138      0.000 4
 399   -2     -0.195      0.123      0.000 4
 402   -2     -0.190      0.297      0.000 4
 404   -2     -0.189     -0.168      0.000 4
 401   -2     -0.188      0.635      0.000 4
 405   -2     -0.187     -0.362      0.000 4
 400   -2     -0.186      0.963      0.000 4
 406   -2     -0.186      0.367      0.000 4
 407   -2     -0.184     -0.146      0.000 4
 409   -2     -0.182      0.108      0.000 4
 408   -2     -0.179     -0.563      0.000 4
 410   -2     -0.176      0.557      0.000 4
 411   -2     -0.174     -0.211      0.000 4
 412   -2     -0.172     -0.341      0.000 4
 414   -2     -0.172     -0.195      0.000 4
 413   -2     -0.167     -0.657      0.000 4
 415   -2     -0.165      0.712      0.000 4
 417   -2     -0.164     -0.470      0.000 4
 418   -2     -0.164      0.523      0.000 4
 416   -2     -0.162      0.961      0.000 4
 419   -2     -0.161     -0.600      0.000 4
 420   -2     -0.160     -0.543      0.000 4
 421   -2     -0.155      0.811      0.000 4
 425   -2     -0.155      0.302      0.000 4
 422   -2     -0.154      0.746      0.000 4
 424   -2     -0.153      0.581      0.000 4
 423   -2     -0.153      0.886      0.000 4
 426   -2     -0.151     -0.247      0.000 4
 428   -2     -0.145      0.187      0.000 4
 427   -2     -0.144     -0.974      0.000 4
 429   -2     -0.137     -0.125      0.000 4
 430   -2     -0.137     -0.188      0.000 4
 432   -2     -0.129      0.134      0.000 4
 435   -2     -0.126     -0.003      0.000 4
 436   -2     -0.125     -0.043      0.000 4
 431   -2     -0.125     -0.738      0.000 4
 433   -2     -0.124      0.657      0.000 4
 437   -2     -0.122      0.471      0.000 4
 434   -2     -0.122      0.748      0.000 4
 438   -2     -0.119      0.774      0.000 4
 439   -2     -0.114     -0.841      0.000 4
 440   -2     -0.112     -0.746      0.000 4
 442   -2     -0.111     -0.416      0.000 4
 441   -2     -0.110      0.953      0.000 4
 443   -2     -0.109     -0.484      0.000 4
 444   -2     -0.109      0.300      0.000 4
  -1   -2     -0.106      0.399      0.000 4
 448   -2     -0.106     -0.361      0.000 4
 445   -2     -0.105      0.410      0.000 4
 446   -2     -0.104      0.681      0.000 4
 449   -2     -0.101     -0.229      0.000 4
 450   -2     -0.097      0.632      0.000 4
 451   -2     -0.089     -0.018      0.000 4
 452   -2     -0.080     -0.469      0.000 4
 453   -2     -0.077     -0.398      0.000 4
 454   -2     -0.075     -0.161      0.000 4
 455   -2     -0.074      0.167      0.000 4
 456   -2     -0.072     -0.310      0.000 4
 457   -2     -0.068      0.495      0.000 4
 458   -2     -0.068     -0.514      0.000 4
 460   -2     -0.065      0.298      0.000 4
 459   -2     -0.065      0.898      0.000 4
 461   -2     -0.064      0.767      0.000 4
 462   -2     -0.062      0.375      0.000 4
 463   -2     -0.059     -0.044      0.000 4
 465   -2     -0.056     -0.333      0.000 4
 464   -2     -0.055      0.965      0.000 4
 466   -2     -0.054      0.037      0.000 4
 467   -2     -0.054      0.025      0.000 4
 468   -2     -0.052     -0.857      0.000 4
 469   -2     -0.051     -0.067      0.000 4
 472   -2     -0.049     -0.988      0.000 4
 473   -2     -0.049      0.357      0.000 4
 470   -2     -0.049     -0.655      0.000 4
 471   -2     -0.049     -0.880      0.000 4
 474   -2     -0.048     -0.363      0.000 4
 475   -2     -0.048      0.239      0.000 4
 477   -2     -0.047     -0.458      0.000 4
 478   -2     -0.046     -0.680      0.000 4
 476   -2     -0.046     -0.964      0.000 4
 479   -2     -0.044      0.665      0.000 4
 480   -2     -0.041     -0.543      0.000 4
 481   -2     -0.040      0.148      0.000 4
 483   -2     -0.035     -0.840      0.000 4
 482   -2     -0.035      0.432      0.000 4
 484   -2     -0.035      0.273      0.000 4
 486   -2     -0.034      0.053      0.000 4
 485   -2     -0.034      0.881      0.000 4
 487   -2     -0.033     -0.361      0.000 4
 488   -2     -0.032      0.666      0.000 4
 489   -2     -0.031      0.171      0.000 4
 490   -2     -0.030     -0.748      0.000 4
 491   -2     -0.029     -0.200      0.000 4
 493   -2     -0.029      0.766      0.000 4
 492   -2     -0.028     -0.437      0.000 4
 494   -2     -0.028      0.927      0.000 4
 495   -2     -0.026      0.078      0.000 4
 496   -2     -0.023      0.102      0.000 4
 497   -2     -0.021     -0.549      0.000 4
 498   -2     -0.020      0.006      0.000 4
 499   -2     -0.020      0.541      0.000 4
 500   -2     -0.019     -0.412      0.000 4
 501   -2     -0.019     -0.332      0.000 4
 503   -2     -0.016     -0.609      0.000 4
 502   -2     -0.016     -0.363      0.000 4
 504   -2     -0.016      0.966      0.000 4
 506   -2     -0.012     -0.509      0.000 4
 507   -2     -0.012     -0.537      0.000 4
  -1   -2     -0.012     -0.407      0.000 4
 508   -2     -0.008      0.182      0.000 4
 509   -2      0.006      0.714      0.000 4
 510   -2      0.009      0.637      0.000 4
 511   -2      0.010     -0.615      0.000 4
 512   -2      0.012     -0.303      0.000 4
 514   -2      0.013      0.422      0.000 4
 513   -2      0.014      0.028      0.000 4
 515   -2      0.015      0.624      0.000 4
 516   -2      0.016     -0.594      0.000 4
 517   -2      0.018     -0.175      0.000 4
 518   -2      0.021      0.170      0.000 4
 519   -2      0.026     -0.942      0.000 4
 521   -2      0.030      0.441      0.000 4
 520   -2      0.031     -0.261      0.000 4
 522   -2      0.036     -0.709      0.000 4
 523   -2      0.040      0.037      0.000 4
 527   -2      0.042      0.830      0.000 4
 524   -2      0.043     -0.087      0.000 4
 528   -2      0.044     -0.883      0.000 4
 525   -2      0.045     -0.149      0.000 4
 526   -2      0.045     -0.072      0.000 4
 529   -2      0.046     -0.588      0.000 4
 532   -2      0.049     -0.949      0.000 4
 533   -2      0.049      0.923      0.000 4
 534   -2      0.050     -0.794      0.000 4
 531   -2      0.051     -0.394      0.000 4
 530   -2      0.052      0.089      0.000 4
 535   -2      0.053      0.668      0.000 4
 536   -2      0.057      0.260      0.000 4
 540   -2      0.062     -0.855      0.000 4
 539   -2      0.061      0.596      0.000 4
 537   -2      0.062     -0.151      0.000 4
 538   -2      0.064      0.061      0.000 4
 541   -2      0.068     -0.316      0.000 4
 542   -2      0.069      0.578      0.000 4
 545   -2      0.069     -0.944      0.000 4
 543   -2      0.073      0.119      0.000 4
 544   -2      0.074      0.228      0.000 4
 546   -2      0.075     -0.504      0.000 4
 547   -2      0.077      0.790      0.000 4
 548   -2      0.078     -0.824      0.000 4
 549   -2      0.080     -0.952      0.000 4
 550   -2      0.080      0.934      0.000 4
 552   -2      0.084     -0.961      0.000 4
 551   -2      0.086      0.285      0.000 4
 553   -2      0.087     -0.817      0.000 4
 554   -2      0.088     -0.888      0.000 4
 555   -2      0.095     -0.004      0.000 4
 556   -2      0.097      0.677      0.000 4
 558   -2      0.100      0.844      0.000 4
 557   -2      0.100      0.722      0.000 4
 560   -2      0.106      0.831      0.000 4
 561   -2      0.108     -0.906      0.000 4
 559   -2      0.109     -0.307      0.000 4
 564   -2      0.115     -0.555      0.000 4
 562   -2      0.117     -0.223      0.000 4
 563   -2      0.118     -0.326      0.000 4
 566   -2      0.118      0.424      0.000 4
 565   -2      0.119     -0.422      0.000 4
 568   -2      0.120     -0.898      0.000 4
 571   -2      0.124      0.944      0.000 4
 569   -2      0.125     -0.463      0.000 4
 567   -2      0.126      0.034      0.000 4
 572   -2      0.127      0.793      0.000 4
 570   -2      0.131      0.154      0.000 4
 573   -2      0.135     -0.399      0.000 4
 574   -2      0.139      0.134      0.000 4
 575   -2      0.143      0.152      0.000 4
 576   -2      0.143     -0.386      0.000 4
 577   -2      0.152     -0.573      0.000 4
 579   -2      0.153      0.969      0.000 4
 578   -2      0.157      0.216      0.000 4
 580   -2      0.160      0.436      0.000 4
 582   -2      0.164      0.588      0.000 4
 581   -2      0.170      0.034      0.000 4
 583   -2      0.172     -0.136      0.000 4
 584   -2      0.173     -0.045      0.000 4
  -1   -2      0.175     -0.404      0.000 4
 589   -2      0.175      0.626      0.000 4
 587   -2      0.177     -0.414      0.000 4
 585   -2      0.177     -0.155      0.000 4
 588   -2      0.182      0.056      0.000 4
 590   -2      0.184      0.368      0.000 4
 598   -2      0.185     -0.954      0.000 4
 596   -2      0.185     -0.773      0.000 4
 591   -2      0.188      0.204      0.000 4
 601   -2      0.188      0.859      0.000 4
 600   -2      0.189     -0.816      0.000 4
 593   -2      0.190      0.265      0.000 4
 592   -2      0.190     -0.043      0.000 4
 594   -2      0.190      0.298      0.000 4
 602   -2      0.192      0.733      0.000 4
 597   -2      0.193     -0.366      0.000 4
 595   -2      0.193     -0.146      0.000 4
 603   -2      0.195      0.560      0.000 4
 605   -2      0.196      0.679      0.000 4
 599   -2      0.197      0.007      0.000 4
 604   -2      0.199      0.470      0.000 4
 606   -2      0.200     -0.538      0.000 4
 608   -2      0.201     -0.987      0.000 4
 607   -2      0.203     -0.388      0.000 4
 613   -2      0.203     -0.763      0.000 4
 611   -2      0.206     -0.427      0.000 4
 610   -2      0.207     -0.371      0.000 4
 612   -2      0.208     -0.507      0.000 4
 614   -2      0.208      0.604      0.000 4
 609   -2      0.209      0.042      0.000 4
 615   -2      0.210     -0.821      0.000 4
 616   -2      0.215     -0.754      0.000 4
 618   -2      0.224      0.467      0.000 4
 617   -2      0.227     -0.165      0.000 4
 619   -2      0.234      0.086      0.000 4
 622   -2      0.235     -0.525      0.000 4
 620   -2      0.235      0.303      0.000 4
 624   -2      0.236      0.844      0.000 4
 621   -2      0.238      0.219      0.000 4
 630   -2      0.242     -0.992      0.000 4
 623   -2      0.244      0.038      0.000 4
 629   -2      0.244     -0.669      0.000 4
 627   -2      0.246     -0.460      0.000 4
 632   -2      0.248     -0.777      0.000 4
 626   -2      0.248     -0.288      0.000 4
 625   -2      0.249     -0.029      0.000 4
 633   -2      0.250      0.769      0.000 4
 628   -2      0.252     -0.245      0.000 4
 631   -2      0.258     -0.015      0.000 4
 636   -2      0.260      0.850      0.000 4
 637   -2      0.261     -0.947      0.000 4
 634   -2      0.262     -0.128      0.000 4
 638   -2      0.266      0.663      0.000 4
 639   -2      0.266     -0.771      0.000 4
  -1   -2      0.268      0.788      0.000 4
 645   -2      0.270     -0.979      0.000 4
 635   -2      0.271      0.058      0.000 4
 641   -2      0.272      0.571      0.000 4
 644   -2      0.275     -0.600      0.000 4
 649   -2      0.278      0.792      0.000 4
 646   -2      0.279     -0.472      0.000 4
 643   -2      0.280      0.320      0.000 4
 642   -2      0.281      0.117      0.000 4
 648   -2      0.283      0.511      0.000 4
 647   -2      0.287     -0.178      0.000 4
 652   -2      0.290      0.447      0.000 4
 654   -2      0.291      0.831      0.000 4
 650   -2      0.292      0.253      0.000 4
 655   -2      0.294     -0.714      0.000 4
 651   -2      0.295      0.142      0.000 4
 653   -2      0.303      0.130      0.000 4
 660   -2      0.311     -0.564      0.000 4
 656   -2      0.311     -0.124      0.000 4
 662   -2      0.313      0.588      0.000 4
 666   -2      0.312     -0.885      0.000 4
 658   -2      0.313     -0.301      0.000 4
 657   -2      0.315      0.062      0.000 4
 661   -2      0.316      0.392      0.000 4
 659   -2      0.316     -0.348      0.000 4
 667   -2      0.317      0.748      0.000 4
 664   -2      0.318      0.535      0.000 4
 668   -2      0.318      0.989      0.000 4
 670   -2      0.319     -0.975      0.000 4
 665   -2      0.321      0.408      0.000 4
 672   -2      0.321      0.943      0.000 4
 663   -2      0.323      0.056      0.000 4
 673   -2      0.325     -0.738      0.000 4
 679   -2      0.327     -0.809      0.000 4
 678   -2      0.329     -0.721      0.000 4
 680   -2      0.330     -0.674      0.000 4
 687   -2      0.333      0.816      0.000 4
 676   -2      0.334      0.442      0.000 4
 669   -2      0.335     -0.076      0.000 4
 685   -2      0.336     -0.640      0.000 4
 682   -2      0.336     -0.541      0.000 4
 671   -2      0.336     -0.174      0.000 4
 688   -2      0.337      0.859      0.000 4
 684   -2      0.338     -0.523      0.000 4
 674   -2      0.339      0.101      0.000 4
 675   -2      0.339      0.032      0.000 4
 681   -2      0.340     -0.400      0.000 4
 677   -2      0.341      0.155      0.000 4
 686   -2      0.343      0.323      0.000 4
 690   -2      0.344     -0.702      0.000 4
 683   -2      0.346     -0.094      0.000 4
 691   -2      0.347     -0.755      0.000 4
 689   -2      0.351     -0.362      0.000 4
 692   -2      0.357      0.442      0.000 4
 693   -2      0.366      0.429      0.000 4
 700   -2      0.371      0.794      0.000 4
 694   -2      0.373     -0.090      0.000 4
 701   -2      0.374      0.676      0.000 4
 695   -2      0.376     -0.210      0.000 4
 696   -2      0.382      0.002      0.000 4
 697   -2      0.382      0.239      0.000 4
 699   -2      0.385     -0.237      0.000 4
 698   -2      0.386     -0.019      0.000 4
 703   -2      0.387      0.401      0.000 4
 704   -2      0.390      0.482      0.000 4
 702   -2      0.390     -0.280      0.000 4
 705   -2      0.395     -0.417      0.000 4
 708   -2      0.401      0.617      0.000 4
 706   -2      0.402      0.318      0.000 4
 707   -2      0.403      0.447      0.000 4
 709   -2      0.407     -0.704      0.000 4
 710   -2      0.410     -0.693      0.000 4
 711   -2      0.414      0.745      0.000 4
 716   -2      0.420     -0.836      0.000 4
 718   -2      0.421      0.932      0.000 4
 722   -2      0.422     -0.914      0.000 4
 721   -2      0.423      0.918      0.000 4
 712   -2      0.426      0.367      0.000 4
 717   -2      0.432      0.404      0.000 4
 714   -2      0.432      0.210      0.000 4
 715   -2      0.434      0.142      0.000 4
 713   -2      0.435     -0.075      0.000 4
 720   -2      0.436     -0.372      0.000 4
 724   -2      0.437     -0.527      0.000 4
 723   -2      0.439     -0.265      0.000 4
 719   -2      0.440      0.095      0.000 4
 726   -2      0.441      0.427      0.000 4
 725   -2      0.441     -0.440      0.000 4
 731   -2      0.447      0.874      0.000 4
 728   -2      0.450     -0.987      0.000 4
 734   -2      0.450     -0.803      0.000 4
 727   -2      0.454      0.169      0.000 4
 733   -2      0.455      0.525      0.000 4
 735   -2      0.456      0.667      0.000 4
 729   -2      0.459      0.146      0.000 4
 741   -2      0.459      0.858      0.000 4
 738   -2      0.461     -0.691      0.000 4
 737   -2      0.464     -0.584      0.000 4
 730   -2      0.464      0.039      0.000 4
 732   -2      0.464     -0.160      0.000 4
 736   -2      0.472      0.027      0.000 4
 742   -2      0.474      0.303      0.000 4
 743   -2      0.474      0.574      0.000 4
 744   -2      0.476      0.602      0.000 4
 739   -2      0.476      0.097      0.000 4
 740   -2      0.476      0.133      0.000 4
 747   -2      0.478     -0.796      0.000 4
 746   -2      0.479     -0.659      0.000 4
 749   -2      0.484      0.630      0.000 4
 745   -2      0.490      0.073      0.000 4
 751   -2      0.494     -0.591      0.000 4
 748   -2      0.495      0.082      0.000 4
 750   -2      0.498      0.007      0.000 4
 755   -2      0.499     -0.914      0.000 4
 752   -2      0.504     -0.549      0.000 4
 754   -2      0.507      0.437      0.000 4
 753   -2      0.507      0.412      0.000 4
 759   -2      0.509     -0.921      0.000 4
 756   -2      0.518     -0.432      0.000 4
 761   -2      0.519      0.902      0.000 4
 762   -2      0.519     -0.908      0.000 4
 757   -2      0.521      0.315      0.000 4
 758   -2      0.524      0.138      0.000 4
 763   -2      0.528     -0.582      0.000 4
 760   -2      0.529     -0.193      0.000 4
 766   -2      0.534      0.674      0.000 4
 768   -2      0.535      0.698      0.000 4
 771   -2      0.538      0.766      0.000 4
 773   -2      0.539      0.950      0.000 4
 770   -2      0.543     -0.583      0.000 4
 765   -2      0.544     -0.169      0.000 4
 764   -2      0.544      0.048      0.000 4
 779   -2      0.546      0.832      0.000 4
 774   -2      0.546     -0.575      0.000 4
 781   -2      0.548      0.772      0.000 4
 767   -2      0.549     -0.116      0.000 4
 777   -2      0.550     -0.619      0.000 4
 769   -2      0.551      0.192      0.000 4
 772   -2      0.554     -0.276      0.000 4
 784   -2      0.554     -0.670      0.000 4
 783   -2      0.554     -0.647      0.000 4
 780   -2      0.554     -0.519      0.000 4
 775   -2      0.555     -0.340      0.000 4
 778   -2      0.557      0.325      0.000 4
 787   -2      0.558      0.965      0.000 4
 776   -2      0.560     -0.166      0.000 4
 782   -2      0.560     -0.422      0.000 4
 785   -2      0.564      0.472      0.000 4
 792   -2      0.568     -0.924      0.000 4
 791   -2      0.570     -0.767      0.000 4
 786   -2      0.572      0.144      0.000 4
 793   -2      0.576      0.657      0.000 4
 788   -2      0.580     -0.076      0.000 4
 794   -2      0.580     -0.633      0.000 4
 790   -2      0.582      0.043      0.000 4
 789   -2      0.582      0.054      0.000 4
 797   -2      0.584      0.736      0.000 4
 795   -2      0.584      0.507      0.000 4
 796   -2      0.587      0.520      0.000 4
 800   -2      0.598      0.786      0.000 4
 802   -2      0.598     -0.942      0.000 4
 798   -2      0.600     -0.082      0.000 4
 799   -2      0.604     -0.134      0.000 4
 804   -2      0.605      0.822      0.000 4
 807   -2      0.607      0.868      0.000 4
 808   -2      0.607     -0.892      0.000 4
 801   -2      0.610      0.397      0.000 4
 810   -2      0.614     -0.794      0.000 4
 803   -2      0.615      0.284      0.000 4
 813   -2      0.616     -0.904      0.000 4
 812   -2      0.618     -0.732      0.000 4
 814   -2      0.620      0.724      0.000 4
 806   -2      0.621     -0.147      0.000 4
 805   -2      0.621      0.032      0.000 4
 815   -2      0.623     -0.662      0.000 4
 809   -2      0.625      0.080      0.000 4
 811   -2      0.625      0.347      0.000 4
 819   -2      0.628      0.896      0.000 4
 821   -2      0.630     -0.873      0.000 4
 822   -2      0.635      0.828      0.000 4
 816   -2      0.639      0.254      0.000 4
 826   -2      0.640      0.794      0.000 4
 818   -2      0.641      0.265      0.000 4
 817   -2      0.641     -0.211      0.000 4
 820   -2      0.645      0.008      0.000 4
 824   -2      0.645     -0.435      0.000 4
 830   -2      0.645      0.917      0.000 4
 829   -2      0.646      0.700      0.000 4
 827   -2      0.646      0.509      0.000 4
 831   -2      0.649     -0.763      0.000 4
 823   -2      0.649     -0.152      0.000 4
 833   -2      0.649     -0.904      0.000 4
 825   -2      0.651     -0.138      0.000 4
 835   -2      0.653     -0.954      0.000 4
 834   -2      0.654     -0.775      0.000 4
 828   -2      0.657      0.025      0.000 4
 832   -2      0.663      0.144      0.000 4
 836   -2      0.663     -0.906      0.000 4
 839   -2      0.670     -0.859      0.000 4
 840   -2      0.680     -0.536      0.000 4
 837   -2      0.682     -0.114      0.000 4
 838   -2      0.685      0.112      0.000 4
 841   -2      0.685      0.585      0.000 4
 844   -2      0.690      0.798      0.000 4
 842   -2      0.690      0.609      0.000 4
 845   -2      0.694      0.583      0.000 4
 849   -2      0.695     -0.851      0.000 4
 846   -2      0.698      0.549      0.000 4
 850   -2      0.698      0.873      0.000 4
 843   -2      0.698      0.245      0.000 4
 847   -2      0.700     -0.987      0.000 4
 855   -2      0.704     -0.959      0.000 4
 856   -2      0.710      0.985      0.000 4
 854   -2      0.710     -0.377      0.000 4
 852   -2      0.713     -0.297      0.000 4
  -1   -2      0.715     -0.381      0.000 4
 853   -2      0.716     -0.257      0.000 4
 860   -2      0.717     -0.991      0.000 4
 857   -2      0.722      0.356      0.000 4
 864   -2      0.722      0.914      0.000 4
 863   -2      0.722      0.776      0.000 4
  -1   -2      0.726     -0.757      0.000 4
 858   -2      0.727      0.063      0.000 4
 862   -2      0.728     -0.426      0.000 4
 859   -2      0.729     -0.125      0.000 4
 869   -2      0.731      0.939      0.000 4
 867   -2      0.731     -0.631      0.000 4
 861   -2      0.731     -0.234      0.000 4
 865   -2      0.731     -0.748      0.000 4
 866   -2      0.739      0.076      0.000 4
 870   -2      0.741      0.438      0.000 4
 872   -2      0.741     -0.853      0.000 4
 873   -2      0.742      0.855      0.000 4
 871   -2      0.743     -0.563      0.000 4
 875   -2      0.755      0.927      0.000 4
 874   -2      0.762     -0.088      0.000 4
 876   -2      0.762     -0.992      0.000 4
 877   -2      0.767      0.970      0.000 4
 880   -2      0.773     -0.580      0.000 4
 882   -2      0.775      0.719      0.000 4
 878   -2      0.777     -0.227      0.000 4
 884   -2      0.777      0.634      0.000 4
 879   -2      0.779      0.081      0.000 4
 885   -2      0.781      0.654      0.000 4
 881   -2      0.781     -0.165      0.000 4
 886   -2      0.784      0.591      0.000 4
 883   -2      0.784     -0.069      0.000 4
 888   -2      0.785      0.740      0.000 4
 890   -2      0.787      0.786      0.000 4
 891   -2      0.787      0.827      0.000 4
 892   -2      0.788      0.899      0.000 4
 887   -2      0.788      0.327      0.000 4
 896   -2      0.791      0.932      0.000 4
 889   -2      0.792      0.243      0.000 4
 895   -2      0.792     -0.659      0.000 4
 898   -2      0.797     -0.871      0.000 4
 893   -2      0.798      0.091      0.000 4
 897   -2      0.799      0.684      0.000 4
 894   -2      0.800      0.071      0.000 4
 899   -2      0.801     -0.638      0.000 4
 900   -2      0.806      0.380      0.000 4
 901   -2      0.807     -0.531      0.000 4
 902   -2      0.808     -0.482      0.000 4
 903   -2      0.812     -0.290      0.000 4
  -1   -2      0.814      0.807      0.000 4
 905   -2      0.820     -0.327      0.000 4
 904   -2      0.821      0.052      0.000 4
 908   -2      0.822      0.565      0.000 4
 906   -2      0.823      0.801      0.000 4
 907   -2      0.825      0.209      0.000 4
 909   -2      0.829     -0.254      0.000 4
 913   -2      0.832      0.359      0.000 4
 911   -2      0.832     -0.208      0.000 4
 912   -2      0.833      0.195      0.000 4
 915   -2      0.834      0.532      0.000 4
 916   -2      0.834     -0.654      0.000 4
 914   -2      0.835      0.163      0.000 4
 919   -2      0.835     -0.820      0.000 4
 918   -2      0.838      0.421      0.000 4
  -1   -2      0.838      0.435      0.000 4
 920   -2      0.841     -0.581      0.000 4
 921   -2      0.843      0.918      0.000 4
 923   -2      0.845      0.748      0.000 4
 925   -2      0.846     -0.811      0.000 4
 922   -2      0.849     -0.273      0.000 4
 926   -2      0.851      0.790      0.000 4
 924   -2      0.852      0.130      0.000 4
 927   -2      0.858     -0.158      0.000 4
 929   -2      0.861     -0.816      0.000 4
 928   -2      0.861      0.209      0.000 4
 930   -2      0.864      0.725      0.000 4
 931   -2      0.865      0.549      0.000 4
 932   -2      0.871      0.150      0.000 4
 935   -2      0.872     -0.772      0.000 4
 934   -2      0.872     -0.682      0.000 4
 933   -2      0.873     -0.396      0.000 4
 939   -2      0.877     -0.960      0.000 4
 937   -2      0.878     -0.310      0.000 4
 936   -2      0.878     -0.108      0.000 4
 938   -2      0.880      0.364      0.000 4
 943   -2      0.880     -0.967      0.000 4
 941   -2      0.881      0.623      0.000 4
 942   -2      0.883      0.432      0.000 4
 944   -2      0.883     -0.940      0.000 4
 940   -2      0.885      0.087      0.000 4
 945   -2      0.886     -0.831      0.000 4
 946   -2      0.892     -0.417      0.000 4
 950   -2      0.894     -0.677      0.000 4
 951   -2      0.896      0.482      0.000 4
 952   -2      0.895     -0.981      0.000 4
 947   -2      0.896     -0.090      0.000 4
  -1   -2      0.898      0.494      0.000 4
 948   -2      0.898      0.063      0.000 4
 955   -2      0.912      0.684      0.000 4
 953   -2      0.912     -0.024      0.000 4
 954   -2      0.913      0.046      0.000 4
 957   -2      0.915      0.468      0.000 4
 956   -2      0.916      0.066      0.000 4
 958   -2      0.916     -0.572      0.000 4
 959   -2      0.917     -0.743      0.000 4
 960   -2      0.925     -0.005      0.000 4
 961   -2      0.927      0.299      0.000 4
 962   -2      0.928      0.471      0.000 4
 963   -2      0.932     -0.387      0.000 4
 964   -2      0.933      0.959      0.000 4
 965   -2      0.936      0.928      0.000 4
 966   -2      0.937      0.676      0.000 4
 968   -2      0.938     -0.534      0.000 4
 970   -2      0.939     -0.915      0.000 4
 967   -2      0.940     -0.046      0.000 4
 971   -2      0.942      0.861      0.000 4
 969   -2      0.943     -0.171      0.000 4
 972   -2      0.944     -0.485      0.000 4
 973   -2      0.947      0.081      0.000 4
 975   -2      0.948     -0.725      0.000 4
 974   -2      0.949      0.139      0.000 4
 976   -2      0.949     -0.987      0.000 4
 977   -2      0.951     -0.064      0.000 4
 978   -2      0.953     -0.833      0.000 4
 980   -2      0.956      0.905      0.000 4
 979   -2      0.957     -0.307      0.000 4
 981   -2      0.959     -0.791      0.000 4
 982   -2      0.963      0.409      0.000 4
 984   -2      0.964      0.649      0.000 4
 983   -2      0.965     -0.239      0.000 4
 985   -2      0.969     -0.926      0.000 4
 986   -2      0.972      0.995      0.000 4
 987   -2      0.973      0.827      0.000 4
 989   -2      0.973     -0.883      0.000 4
 988   -2      0.974      0.615      0.000 4
 990   -2      0.974     -0.651      0.000 4
 991   -2      0.976      0.848      0.000 4
 992   -2      0.977      0.771      0.000 4
  -1   -2      0.988      0.557      0.000 4
 993   -2      0.990      0.545      0.000 4
 995   -2      0.991     -0.714      0.000 4
 996   -2      0.992     -0.484      0.000 4
 997   -2      0.994     -0.317      0.000 4
