996
   0    0     -0.998      0.042      0.000 4
   1    1     -0.998      0.217      0.000 4
   2    2     -0.993     -0.130      0.000 4
   4    4     -0.990      0.754      0.000 4
   3    5     -0.989     -0.760      0.000 4
  -1   -2     -0.990      0.761      0.000 4
   6    3     -0.989     -0.226      0.000 4
   7    7     -0.989     -0.049      0.000 4
   8    8     -0.989      0.952      0.000 4
   9   10     -0.989      0.452      0.000 4
  10    9     -0.988     -0.549      0.000 4
  12   11     -0.989      0.701      0.000 4
  11   12     -0.988     -0.299      0.000 4
  13   13     -0.987     -0.799      0.000 4
  14   14     -0.987      0.201      0.000 4
  15   15     -0.985     -0.285      0.000 4
  16   16     -0.981      0.263      0.000 4
  17   17     -0.977     -0.190      0.000 4
  18   18     -0.974      0.579      0.000 4
  20   19     -0.971     -0.018      0.000 4
  21   20     -0.971      0.377      0.000 4
  22   21     -0.971     -0.198      0.000 4
  19   23     -0.971      0.960      0.000 4
  25   22     -0.970      0.351      0.000 4
  24   24     -0.969      0.690      0.000 4
  23   25     -0.967     -0.978      0.000 4
  26   26     -0.965     -0.459      0.000 4
  27   27     -0.963     -0.112      0.000 4
  28   28     -0.961     -0.220      0.000 4
  29   29     -0.960      0.595      0.000 4
  30   30     -0.958     -0.428      0.000 4
  31   31     -0.955      0.189      0.000 4
  32   32     -0.952      0.831      0.000 4
  33   33     -0.950     -0.651      0.000 4
  34   34     -0.946      0.100      0.000 4
  35   38     -0.944      0.718      0.000 4
  37   36     -0.943      0.573      0.000 4
  39   35     -0.943      0.184      0.000 4
  36   39     -0.942     -0.695      0.000 4
  40   37     -0.940     -0.282      0.000 4
  38   41     -0.939     -0.933      0.000 4
  41   40     -0.939      0.422      0.000 4
  44   42     -0.935      0.203      0.000 4
  42   45     -0.934     -0.728      0.000 4
  43   43     -0.935      0.481      0.000 4
  45   44     -0.933      0.316      0.000 4
  46   47     -0.928     -0.933      0.000 4
  48   46     -0.929      0.375      0.000 4
  47   48     -0.927      0.763      0.000 4
  50   49     -0.923     -0.173      0.000 4
  49   50     -0.923      0.940      0.000 4
  51   51     -0.916      0.659      0.000 4
  52   52     -0.911     -0.215      0.000 4
  53   53     -0.905     -0.517      0.000 4
  54   54     -0.903     -0.243      0.000 4
  55   57     -0.898      0.433      0.000 4
  59   55     -0.897     -0.033      0.000 4
  60   56     -0.896      0.081      0.000 4
  61   58     -0.895      0.176      0.000 4
  57   60     -0.894     -0.681      0.000 4
  58   61     -0.893      0.645      0.000 4
  56   67     -0.892     -0.919      0.000 4
  62   64     -0.891      0.630      0.000 4
  67   59     -0.890     -0.178      0.000 4
  64   63     -0.890     -0.484      0.000 4
  65   66     -0.889      0.491      0.000 4
  68   62     -0.889     -0.330      0.000 4
  63   68     -0.888     -0.644      0.000 4
  69   65     -0.886     -0.266      0.000 4
  66   72     -0.885      0.920      0.000 4
  70   69     -0.882      0.040      0.000 4
  72   70     -0.878     -0.135      0.000 4
  73   71     -0.878     -0.004      0.000 4
  71   75     -0.877      0.561      0.000 4
  75   74     -0.874      0.206      0.000 4
  77   73     -0.873     -0.094      0.000 4
  74   77     -0.872      0.602      0.000 4
  79   76     -0.871      0.135      0.000 4
  76   80     -0.867     -0.722      0.000 4
  81   78     -0.866     -0.067      0.000 4
  78   82     -0.866      0.808      0.000 4
  82   79     -0.864     -0.178      0.000 4
  84   81     -0.861      0.284      0.000 4
  80   86     -0.858     -0.873      0.000 4
  85   83     -0.856      0.149      0.000 4
  83   87     -0.855     -0.834      0.000 4
  86   84     -0.855     -0.334      0.000 4
  90   85     -0.851      0.241      0.000 4
  87   91     -0.847      0.849      0.000 4
  92   89     -0.843     -0.550      0.000 4
  89   94     -0.843     -0.988      0.000 4
  96   88     -0.843     -0.186      0.000 4
  88   95     -0.842     -0.922      0.000 4
  91   92     -0.842     -0.718      0.000 4
  93   93     -0.841      0.631      0.000 4
  99   90     -0.840      0.268      0.000 4
  -1   96     -0.839      0.697      0.000 4
  95   99     -0.836      0.884      0.000 4
  98   -2     -0.835      0.692      0.000 4
  97  101     -0.834     -0.869      0.000 4
 101   97     -0.829     -0.001      0.000 4
 100  100     -0.827     -0.344      0.000 4
 102   98     -0.827      0.118      0.000 4
 103  102     -0.822      0.377      0.000 4
 106  104     -0.815      0.535      0.000 4
 105  105     -0.815      0.659      0.000 4
 104  107     -0.812     -0.936      0.000 4
 107  103     -0.811     -0.248      0.000 4
 109  106     -0.806     -0.412      0.000 4
 108  109     -0.804      0.499      0.000 4
 111  108     -0.801     -0.049      0.000 4
 110  111     -0.798     -0.988      0.000 4
 114  110     -0.796     -0.182      0.000 4
 112  112     -0.796     -0.420      0.000 4
 113  113     -0.791      0.562      0.000 4
 117  114     -0.785     -0.294      0.000 4
 118  115     -0.781     -0.260      0.000 4
 115  118     -0.780     -0.840      0.000 4
 120  116     -0.778      0.124      0.000 4
 116  121     -0.776     -0.963      0.000 4
 123  117     -0.775      0.089      0.000 4
 119  120     -0.772      0.548      0.000 4
 121  122     -0.769     -0.604      0.000 4
 126  119     -0.767     -0.176      0.000 4
 122  123     -0.765      0.716      0.000 4
 125  124     -0.762      0.571      0.000 4
 124  128     -0.759     -0.874      0.000 4
 128  126     -0.754     -0.446      0.000 4
 130  129     -0.751     -0.479      0.000 4
 134  125     -0.752      0.207      0.000 4
 131  130     -0.752      0.459      0.000 4
 129  131     -0.751      0.530      0.000 4
 127  134     -0.750      0.795      0.000 4
 137  127     -0.748     -0.240      0.000 4
 138  132     -0.745      0.345      0.000 4
 136  133     -0.745     -0.501      0.000 4
 135  136     -0.745      0.565      0.000 4
 132  139     -0.743     -0.995      0.000 4
 139  137     -0.742      0.502      0.000 4
 133  142     -0.739     -0.818      0.000 4
 140  138     -0.739     -0.532      0.000 4
 142  135     -0.739     -0.299      0.000 4
 141  141     -0.735      0.451      0.000 4
 143  140     -0.731     -0.219      0.000 4
 147  145     -0.718     -0.430      0.000 4
 148  144     -0.719      0.301      0.000 4
 152  143     -0.716     -0.183      0.000 4
 145  149     -0.715     -0.845      0.000 4
 144  153     -0.714     -0.895      0.000 4
 146  152     -0.714      0.925      0.000 4
 149  147     -0.712     -0.547      0.000 4
 151  148     -0.710      0.505      0.000 4
 150  156     -0.707      0.683      0.000 4
 155  146     -0.707      0.035      0.000 4
 153  158     -0.702     -0.745      0.000 4
 156  151     -0.702     -0.342      0.000 4
 158  150     -0.702      0.183      0.000 4
 159  155     -0.698     -0.231      0.000 4
 160  154     -0.697      0.059      0.000 4
 154  163     -0.696      0.967      0.000 4
 162  157     -0.692      0.152      0.000 4
 157  164     -0.691     -0.701      0.000 4
 164  161     -0.689      0.246      0.000 4
 165  160     -0.687     -0.205      0.000 4
 167  159     -0.687      0.036      0.000 4
 163  162     -0.686     -0.412      0.000 4
 161  165     -0.686      0.529      0.000 4
 166  166     -0.680     -0.502      0.000 4
 168  171     -0.669      0.876      0.000 4
 170  170     -0.666      0.609      0.000 4
 174  167     -0.664      0.214      0.000 4
 169  176     -0.662     -0.981      0.000 4
 171  173     -0.662      0.576      0.000 4
 172  175     -0.661      0.627      0.000 4
 176  168     -0.657     -0.085      0.000 4
 173  177     -0.656      0.674      0.000 4
 179  169     -0.654      0.026      0.000 4
 180  172     -0.652      0.063      0.000 4
 175  178     -0.651      0.608      0.000 4
 181  174     -0.649     -0.057      0.000 4
 184  179     -0.642      0.262      0.000 4
 177  184     -0.641      0.819      0.000 4
 178  185     -0.639      0.891      0.000 4
 186  181     -0.636     -0.439      0.000 4
 185  183     -0.635      0.499      0.000 4
 191  180     -0.634     -0.144      0.000 4
 182  187     -0.633      0.711      0.000 4
 190  182     -0.632      0.322      0.000 4
 183  188     -0.631      0.789      0.000 4
 189  191     -0.624     -0.737      0.000 4
 187  192     -0.624     -0.811      0.000 4
 195  186     -0.623     -0.197      0.000 4
 188  193     -0.623      0.851      0.000 4
 193  189     -0.622     -0.582      0.000 4
 192  190     -0.622      0.580      0.000 4
  -1   -2     -0.616     -0.735      0.000 4
 196  196     -0.607      0.571      0.000 4
 200  195     -0.600     -0.028      0.000 4
 203  197     -0.595     -0.174      0.000 4
 197  203     -0.594      0.931      0.000 4
 206  198     -0.592      0.015      0.000 4
 198  201     -0.593      0.734      0.000 4
 199  200     -0.592      0.537      0.000 4
 201  202     -0.586      0.530      0.000 4
 209  199     -0.581     -0.078      0.000 4
 202  206     -0.581     -0.763      0.000 4
 204  211     -0.579      0.823      0.000 4
 205  207     -0.578     -0.723      0.000 4
 207  205     -0.578      0.489      0.000 4
 208  210     -0.572      0.522      0.000 4
 210  209     -0.572      0.483      0.000 4
  -1  213     -0.571     -0.042      0.000 4
 211  214     -0.567     -0.622      0.000 4
 213  212     -0.568      0.459      0.000 4
 217  208     -0.567      0.279      0.000 4
 212  216     -0.561      0.700      0.000 4
 221  215     -0.559     -0.485      0.000 4
 216  229     -0.556     -0.041      0.000 4
 214  222     -0.556      0.794      0.000 4
 215  223     -0.555      0.830      0.000 4
 218  221     -0.554     -0.748      0.000 4
 223  218     -0.553     -0.528      0.000 4
 219  224     -0.552     -0.791      0.000 4
 220  228     -0.551      0.870      0.000 4
 227  219     -0.549     -0.988      0.000 4
 222  227     -0.549      0.660      0.000 4
 224  225     -0.548     -0.662      0.000 4
 225  226     -0.547     -0.619      0.000 4
 231  217     -0.546     -0.171      0.000 4
 226  230     -0.545      0.644      0.000 4
 233  220     -0.541     -0.182      0.000 4
 230  231     -0.538     -0.495      0.000 4
 228   -2     -0.533     -0.038      0.000 4
 238  232     -0.531     -0.216      0.000 4
 229  240     -0.531      0.841      0.000 4
 232  241     -0.530      0.806      0.000 4
 235  238     -0.528      0.592      0.000 4
 242  235     -0.528      0.306      0.000 4
 244  233     -0.527     -0.168      0.000 4
 237  236     -0.527      0.418      0.000 4
 234  242     -0.526      0.782      0.000 4
 245  234     -0.525      0.177      0.000 4
 243  239     -0.522     -0.468      0.000 4
 236  245     -0.521      0.916      0.000 4
 239  243     -0.520      0.601      0.000 4
 249  237     -0.518     -0.034      0.000 4
 241  248     -0.514      0.906      0.000 4
 246  250     -0.510     -0.719      0.000 4
 252  244     -0.509     -0.380      0.000 4
 248  253     -0.507      0.723      0.000 4
 247  255     -0.506     -0.913      0.000 4
 257  246     -0.503      0.084      0.000 4
 256  249     -0.501      0.345      0.000 4
 250  259     -0.499     -0.844      0.000 4
 251  262     -0.497      0.992      0.000 4
 262  247     -0.496     -0.057      0.000 4
 261  251     -0.496      0.158      0.000 4
 254  260     -0.496      0.654      0.000 4
 253  264     -0.495     -0.983      0.000 4
 255  263     -0.493      0.716      0.000 4
  -1   -2     -0.492      0.013      0.000 4
 259  258     -0.492      0.424      0.000 4
 258  261     -0.490     -0.595      0.000 4
 267  254     -0.489     -0.145      0.000 4
 269  256     -0.488      0.140      0.000 4
 271  257     -0.486      0.018      0.000 4
 260  268     -0.485      0.708      0.000 4
 263  267     -0.483      0.616      0.000 4
 270  266     -0.479      0.442      0.000 4
 274  265     -0.476     -0.244      0.000 4
 264  274     -0.474     -0.895      0.000 4
 265  275     -0.475      0.989      0.000 4
  -1   -2     -0.474      0.708      0.000 4
 272  272     -0.472      0.576      0.000 4
 273  276     -0.468      0.719      0.000 4
 276  271     -0.465     -0.304      0.000 4
 279  269     -0.464     -0.104      0.000 4
 280  270     -0.463     -0.096      0.000 4
 275  279     -0.457      0.569      0.000 4
 283  277     -0.455     -0.231      0.000 4
 281  278     -0.455      0.375      0.000 4
 278  280     -0.451     -0.724      0.000 4
 277  282     -0.449      0.945      0.000 4
 282  283     -0.440      0.926      0.000 4
 286  281     -0.439     -0.309      0.000 4
 284  285     -0.434     -0.842      0.000 4
 285  288     -0.432      0.799      0.000 4
 291  284     -0.427     -0.374      0.000 4
 288  293     -0.426      0.733      0.000 4
 287  297     -0.425      0.954      0.000 4
 289  294     -0.423     -0.721      0.000 4
 293  286     -0.422     -0.414      0.000 4
 290  299     -0.420      0.754      0.000 4
 297  287     -0.420      0.259      0.000 4
 292  298     -0.417     -0.627      0.000 4
 303  289     -0.416     -0.099      0.000 4
 304  290     -0.416     -0.061      0.000 4
 295  296     -0.415      0.473      0.000 4
 298  295     -0.414     -0.453      0.000 4
 305  291     -0.414     -0.242      0.000 4
 299  300     -0.412     -0.505      0.000 4
 306  292     -0.412      0.126      0.000 4
 294  305     -0.410      0.759      0.000 4
 301  303     -0.408      0.565      0.000 4
 308  301     -0.408      0.308      0.000 4
 302  302     -0.408      0.477      0.000 4
 296  306     -0.406      0.950      0.000 4
 300  307     -0.403      0.813      0.000 4
 310  304     -0.397      0.124      0.000 4
 307  308     -0.394     -0.994      0.000 4
 309  313     -0.389     -0.764      0.000 4
 311  312     -0.386     -0.584      0.000 4
 312  315     -0.384      0.606      0.000 4
 314  318     -0.379      0.592      0.000 4
 317  309     -0.379      0.175      0.000 4
 319  310     -0.379      0.132      0.000 4
 313  323     -0.378      0.925      0.000 4
 315  322     -0.376     -0.680      0.000 4
 323  311     -0.376     -0.015      0.000 4
 318  317     -0.375      0.352      0.000 4
 324  314     -0.374      0.085      0.000 4
 326  316     -0.372      0.148      0.000 4
 316  326     -0.369      0.692      0.000 4
 328  319     -0.368     -0.247      0.000 4
 327  321     -0.368      0.263      0.000 4
 321  327     -0.366      0.754      0.000 4
 332  320     -0.365     -0.048      0.000 4
 320  329     -0.365      0.790      0.000 4
 322  328     -0.364     -0.792      0.000 4
 333  324     -0.360     -0.122      0.000 4
 334  325     -0.359      0.135      0.000 4
 325  330     -0.359      0.865      0.000 4
 329  332     -0.354     -0.896      0.000 4
 331  333     -0.352     -0.814      0.000 4
 330  334     -0.352      0.980      0.000 4
 337  331     -0.345      0.305      0.000 4
 336  335     -0.342     -0.559      0.000 4
 335  337     -0.341     -0.844      0.000 4
 338  336     -0.332     -0.208      0.000 4
 339  342     -0.318      0.877      0.000 4
 340  340     -0.317      0.709      0.000 4
 342  338     -0.317      0.425      0.000 4
 341  339     -0.317      0.494      0.000 4
 343  343     -0.306      0.478      0.000 4
 347  341     -0.305      0.047      0.000 4
 346  345     -0.301     -0.582      0.000 4
 345  348     -0.301      0.651      0.000 4
 344  350     -0.300      0.832      0.000 4
 348  347     -0.298     -0.988      0.000 4
 352  344     -0.298     -0.050      0.000 4
 350  346     -0.298     -0.443      0.000 4
 349  352     -0.295     -0.626      0.000 4
 351  351     -0.294      0.514      0.000 4
 357  349     -0.290     -0.223      0.000 4
 356  354     -0.286     -0.572      0.000 4
 358  356     -0.284      0.517      0.000 4
 362  353     -0.283      0.149      0.000 4
 353  360     -0.282     -0.882      0.000 4
 361  355     -0.281      0.318      0.000 4
 354  363     -0.281     -0.909      0.000 4
 355  364     -0.281      0.937      0.000 4
 360  357     -0.280      0.387      0.000 4
 359  358     -0.279     -0.612      0.000 4
 363  366     -0.274     -0.641      0.000 4
 366  359     -0.273     -0.288      0.000 4
 367  361     -0.272     -0.306      0.000 4
 365  370     -0.271      0.658      0.000 4
 368  365     -0.270     -0.399      0.000 4
 364  373     -0.270      0.989      0.000 4
 370  362     -0.268     -0.055      0.000 4
 369  371     -0.266      0.575      0.000 4
 372  368     -0.265     -0.128      0.000 4
 373  367     -0.264     -0.037      0.000 4
 374  369     -0.264     -0.101      0.000 4
 375  374     -0.260     -0.367      0.000 4
 376  372     -0.259     -0.237      0.000 4
 371  376     -0.256     -0.855      0.000 4
 378  375     -0.251     -0.119      0.000 4
 377  377     -0.249     -0.564      0.000 4
 380  379     -0.245     -0.384      0.000 4
 382  378     -0.243     -0.236      0.000 4
 379  380     -0.239      0.709      0.000 4
 383  384     -0.234      0.641      0.000 4
 381  387     -0.233      0.969      0.000 4
 384  383     -0.231     -0.532      0.000 4
 386  382     -0.230      0.330      0.000 4
 389  381     -0.229     -0.033      0.000 4
 387  385     -0.228      0.352      0.000 4
 385  388     -0.227      0.577      0.000 4
 388  390     -0.225      0.481      0.000 4
 392  386     -0.224      0.116      0.000 4
 391  389     -0.223     -0.344      0.000 4
 390  391     -0.221     -0.533      0.000 4
 393  392     -0.212      0.694      0.000 4
 394  393     -0.209      0.559      0.000 4
  -1   -2     -0.206     -0.433      0.000 4
 396  396     -0.206     -0.499      0.000 4
 398  395     -0.205     -0.442      0.000 4
 395  397     -0.203      0.967      0.000 4
 399  399     -0.194      0.762      0.000 4
 401  400     -0.190      0.625      0.000 4
 403  401     -0.189     -0.634      0.000 4
 400  403     -0.189      0.906      0.000 4
 406  398     -0.188      0.122      0.000 4
 402  404     -0.189      0.846      0.000 4
 404  402     -0.187     -0.721      0.000 4
 405  405     -0.183      0.792      0.000 4
 407  409     -0.179     -0.984      0.000 4
 408  406     -0.179      0.437      0.000 4
  -1  408     -0.175      0.358      0.000 4
 411   -2     -0.174      0.366      0.000 4
 409  412     -0.174     -0.670      0.000 4
 412  410     -0.174     -0.429      0.000 4
 410  413     -0.173      0.595      0.000 4
 416  411     -0.170     -0.043      0.000 4
 415  416     -0.168     -0.617      0.000 4
 414  417     -0.168      0.650      0.000 4
 418  414     -0.166      0.177      0.000 4
 419  415     -0.165      0.159      0.000 4
 417  418     -0.164     -0.546      0.000 4
 421  419     -0.160     -0.205      0.000 4
 420  420     -0.159     -0.408      0.000 4
 422  421     -0.154     -0.177      0.000 4
 423  422     -0.153      0.141      0.000 4
 425  423     -0.150     -0.257      0.000 4
 427  424     -0.147     -0.238      0.000 4
 424  426     -0.145     -0.795      0.000 4
 426  427     -0.144      0.795      0.000 4
 430  425     -0.143      0.371      0.000 4
 428  429     -0.142      0.817      0.000 4
 429  428     -0.141      0.719      0.000 4
 431  431     -0.137     -0.879      0.000 4
 432  432     -0.136      0.960      0.000 4
 434  430     -0.133     -0.302      0.000 4
 433  434     -0.130     -0.801      0.000 4
 436  433     -0.127      0.239      0.000 4
 435  435     -0.126      0.549      0.000 4
 437  438     -0.119      0.741      0.000 4
 438  436     -0.118     -0.231      0.000 4
 439  437     -0.116     -0.153      0.000 4
 440  440     -0.111     -0.564      0.000 4
 442  439     -0.111      0.175      0.000 4
 441  442     -0.109      0.699      0.000 4
 443  441     -0.108     -0.494      0.000 4
 444  446     -0.105      0.490      0.000 4
  -1   -2     -0.105      0.478      0.000 4
 446  443     -0.105      0.003      0.000 4
 447  444     -0.105     -0.049      0.000 4
 448  447     -0.102      0.372      0.000 4
 449  448     -0.100     -0.434      0.000 4
 450  449     -0.090     -0.283      0.000 4
 451  450     -0.081     -0.550      0.000 4
 453  451     -0.077     -0.017      0.000 4
 452  453     -0.077      0.917      0.000 4
 454  452     -0.076     -0.476      0.000 4
 455  454     -0.074      0.814      0.000 4
 456  455     -0.072      0.575      0.000 4
 457  456     -0.071     -0.595      0.000 4
 458  457     -0.068     -0.379      0.000 4
 459  458     -0.068     -0.199      0.000 4
 461  459     -0.067      0.218      0.000 4
 460  460     -0.065      0.972      0.000 4
 462  461     -0.063      0.371      0.000 4
 463  462     -0.062      0.455      0.000 4
 464  463     -0.060     -0.894      0.000 4
 465  464     -0.056     -0.912      0.000 4
 467  466     -0.054     -0.406      0.000 4
 468  465     -0.054     -0.050      0.000 4
 466  467     -0.054     -0.726      0.000 4
 469  469     -0.051     -0.748      0.000 4
 470  470     -0.050      0.055      0.000 4
 473  471     -0.050      0.039      0.000 4
 471  472     -0.050      0.437      0.000 4
 472  476     -0.049      0.729      0.000 4
 474  475     -0.048     -0.439      0.000 4
 476  474     -0.048     -0.081      0.000 4
 475  477     -0.048     -0.540      0.000 4
 477  478     -0.046      0.304      0.000 4
 478  479     -0.043     -0.624      0.000 4
 479  480     -0.039      0.196      0.000 4
 480  481     -0.039     -0.881      0.000 4
 481  482     -0.037      0.904      0.000 4
 482  483     -0.037      0.514      0.000 4
 483  484     -0.036      0.344      0.000 4
 484  485     -0.035      0.075      0.000 4
 485  486     -0.034     -0.436      0.000 4
 486  487     -0.034      0.730      0.000 4
 487  488     -0.032     -0.806      0.000 4
 488  489     -0.032      0.224      0.000 4
 489  490     -0.031     -0.249      0.000 4
 490  491     -0.031      0.812      0.000 4
 491  492     -0.030     -0.519      0.000 4
 492  493     -0.029      0.939      0.000 4
 493  494     -0.029      0.108      0.000 4
 494  495     -0.025      0.138      0.000 4
 495  496     -0.023      0.015      0.000 4
 496  497     -0.023     -0.630      0.000 4
 497  498     -0.022     -0.405      0.000 4
 498  499     -0.022     -0.492      0.000 4
 499  500     -0.021      0.620      0.000 4
 500  501     -0.019     -0.439      0.000 4
 501  502     -0.017     -0.685      0.000 4
  -1   -2     -0.015     -0.487      0.000 4
 504  505     -0.014     -0.591      0.000 4
 505  504     -0.014      0.973      0.000 4
 503  507     -0.013      0.237      0.000 4
 506  506     -0.013     -0.618      0.000 4
 507  508      0.003      0.043      0.000 4
 508  509      0.004     -0.371      0.000 4
 509  510      0.007     -0.218      0.000 4
 510  513      0.010      0.222      0.000 4
 511  512      0.011      0.504      0.000 4
 512  511      0.011      0.770      0.000 4
 513  514      0.012     -0.691      0.000 4
 514  515      0.013      0.705      0.000 4
 516  516      0.019     -0.671      0.000 4
 517  517      0.019      0.694      0.000 4
 515  518      0.020     -0.321      0.000 4
 518  519      0.023      0.055      0.000 4
 519  520      0.025     -0.106      0.000 4
 520  522      0.027     -0.086      0.000 4
 521  523      0.028     -0.185      0.000 4
 522  521      0.029      0.523      0.000 4
 523  524      0.034      0.121      0.000 4
 526  525      0.041     -0.960      0.000 4
 525  526      0.042     -0.186      0.000 4
 524  528      0.042      0.085      0.000 4
 528  529      0.044     -0.471      0.000 4
 527  530      0.044      0.327      0.000 4
 529  527      0.045     -0.772      0.000 4
 531  531      0.050     -0.665      0.000 4
 530  532      0.051      0.156      0.000 4
 532  533      0.054     -0.384      0.000 4
 533  535      0.057      0.289      0.000 4
 534  534      0.059      0.862      0.000 4
 536  536      0.061     -0.914      0.000 4
 535  540      0.065      0.001      0.000 4
 537  537      0.065      0.730      0.000 4
 538  538      0.067     -0.842      0.000 4
 541  539      0.070     -0.966      0.000 4
 540  542      0.071      0.666      0.000 4
 542  541      0.071      0.936      0.000 4
 539  543      0.071      0.354      0.000 4
 543  544      0.075     -0.582      0.000 4
 544  545      0.078      0.649      0.000 4
 545  546      0.083     -0.891      0.000 4
 548  547      0.090     -0.371      0.000 4
 547  548      0.090     -0.273      0.000 4
 546  550      0.090      0.048      0.000 4
 551  549      0.096     -0.961      0.000 4
 550  553      0.099     -0.392      0.000 4
 549  554      0.100      0.198      0.000 4
 553  551      0.101      0.830      0.000 4
 554  552      0.102     -0.865      0.000 4
 552  557      0.105      0.172      0.000 4
 556  559      0.109     -0.496      0.000 4
 557  555      0.110     -0.967      0.000 4
 555  561      0.110      0.194      0.000 4
 558  556      0.110      0.944      0.000 4
 560  558      0.112     -0.860      0.000 4
 559  562      0.114      0.498      0.000 4
 561  560      0.115     -0.974      0.000 4
 562  563      0.117      0.735      0.000 4
 565  564      0.118     -0.916      0.000 4
 563  565      0.120     -0.537      0.000 4
 568  566      0.122     -0.628      0.000 4
 566  568      0.123     -0.470      0.000 4
 572  567      0.125      0.772      0.000 4
 564  572      0.125      0.048      0.000 4
 569  570      0.127      0.268      0.000 4
 567  573      0.127     -0.050      0.000 4
 571  571      0.128     -0.455      0.000 4
 570  574      0.129     -0.163      0.000 4
 576  569      0.133      0.872      0.000 4
 573  576      0.135     -0.186      0.000 4
 574  578      0.136      0.074      0.000 4
 579  575      0.140      0.862      0.000 4
 575  579      0.141     -0.048      0.000 4
 580  577      0.144     -0.930      0.000 4
 577  581      0.147      0.014      0.000 4
 578  580      0.147     -0.174      0.000 4
 581  583      0.152      0.251      0.000 4
 582  589      0.157      0.056      0.000 4
 583  584      0.157      0.506      0.000 4
 587  582      0.158     -0.923      0.000 4
  -1   -2      0.160     -0.471      0.000 4
 584  590      0.161      0.321      0.000 4
 590  585      0.162      0.830      0.000 4
 589  586      0.162     -0.641      0.000 4
 586  591      0.163     -0.481      0.000 4
 588  592      0.165      0.357      0.000 4
 593  588      0.166      0.951      0.000 4
 591  593      0.170      0.433      0.000 4
 592  594      0.171     -0.427      0.000 4
 594  596      0.177     -0.195      0.000 4
 595  598      0.180      0.108      0.000 4
 600  595      0.183      0.649      0.000 4
 597  597      0.184     -0.449      0.000 4
 598  599      0.185     -0.431      0.000 4
 596  600      0.186      0.051      0.000 4
 599  602      0.189     -0.031      0.000 4
 602  601      0.193     -0.490      0.000 4
 601  608      0.197     -0.014      0.000 4
 603  606      0.197      0.262      0.000 4
 609  604      0.200      0.681      0.000 4
 606  605      0.201      0.533      0.000 4
 605  607      0.201     -0.987      0.000 4
 613  603      0.202      0.975      0.000 4
 604  613      0.204     -0.149      0.000 4
 607  614      0.206     -0.285      0.000 4
 610  612      0.207      0.356      0.000 4
 612  609      0.207     -0.601      0.000 4
 614  610      0.208     -0.569      0.000 4
 608  616      0.209      0.073      0.000 4
 611  615      0.209     -0.334      0.000 4
 615  611      0.212      0.619      0.000 4
 616  621      0.223      0.141      0.000 4
 618  618      0.225      0.526      0.000 4
 619  617      0.226     -0.815      0.000 4
 617  626      0.229     -0.205      0.000 4
 621  619      0.231      0.725      0.000 4
 626  620      0.233      0.773      0.000 4
 624  623      0.233      0.657      0.000 4
 629  622      0.235     -0.850      0.000 4
 623  627      0.237     -0.517      0.000 4
 620  630      0.237      0.169      0.000 4
 627  628      0.238     -0.582      0.000 4
 633  624      0.240     -0.965      0.000 4
 634  625      0.241      0.880      0.000 4
 622  631      0.242      0.154      0.000 4
 625  632      0.245     -0.141      0.000 4
 635  629      0.246     -0.804      0.000 4
 628  635      0.248      0.075      0.000 4
 630  637      0.250      0.293      0.000 4
 631  634      0.250      0.366      0.000 4
 632  638      0.254      0.068      0.000 4
 638  633      0.258     -0.794      0.000 4
 644  636      0.261     -0.852      0.000 4
 636  639      0.263     -0.085      0.000 4
 637  643      0.267      0.039      0.000 4
 640  642      0.269     -0.339      0.000 4
 645  640      0.271     -0.523      0.000 4
 641  645      0.271      0.117      0.000 4
 642  644      0.271     -0.195      0.000 4
 643  646      0.274     -0.105      0.000 4
 648  641      0.276     -0.715      0.000 4
 646  648      0.279      0.178      0.000 4
 647  647      0.280     -0.389      0.000 4
 649  649      0.286      0.494      0.000 4
 651  651      0.293      0.558      0.000 4
 654  652      0.295      0.616      0.000 4
 655  653      0.295     -0.646      0.000 4
 657  650      0.296      0.865      0.000 4
 650  659      0.298     -0.099      0.000 4
 653  656      0.299      0.434      0.000 4
 659  654      0.299     -0.811      0.000 4
 652  662      0.304      0.004      0.000 4
 662  655      0.304      0.798      0.000 4
 664  657      0.305      0.702      0.000 4
 660  660      0.307      0.449      0.000 4
 656  665      0.308     -0.019      0.000 4
 661  663      0.309      0.358      0.000 4
  -1  658      0.309     -0.994      0.000 4
 658  667      0.311     -0.231      0.000 4
 663  664      0.313     -0.438      0.000 4
 665  668      0.315     -0.397      0.000 4
 668  661      0.318     -0.802      0.000 4
 666  673      0.323     -0.258      0.000 4
 669  671      0.324     -0.606      0.000 4
 672  666      0.325      0.868      0.000 4
  -1   -2      0.326      0.813      0.000 4
 670  672      0.327      0.479      0.000 4
 667  678      0.328      0.262      0.000 4
 675  670      0.330     -0.956      0.000 4
 674  674      0.333      0.573      0.000 4
 671  681      0.335     -0.304      0.000 4
 681  675      0.338      0.814      0.000 4
 678  676      0.339     -0.747      0.000 4
 677  679      0.340      0.623      0.000 4
 676  680      0.341     -0.561      0.000 4
 683  677      0.342     -0.983      0.000 4
 680  682      0.343     -0.578      0.000 4
 682  684      0.350      0.474      0.000 4
 679  686      0.353     -0.079      0.000 4
 684  685      0.354      0.460      0.000 4
 689  683      0.357      0.848      0.000 4
 686  691      0.362      0.151      0.000 4
 685  694      0.362      0.102      0.000 4
 687  690      0.363      0.340      0.000 4
 692  687      0.367     -0.672      0.000 4
 690  692      0.369      0.427      0.000 4
 695  688      0.368     -0.704      0.000 4
 691  696      0.369     -0.443      0.000 4
 688  698      0.371      0.223      0.000 4
 700  689      0.374      0.770      0.000 4
 701  693      0.376     -0.764      0.000 4
 702  695      0.377     -0.747      0.000 4
 693  701      0.378     -0.280      0.000 4
 694  704      0.381      0.041      0.000 4
 705  697      0.384     -0.897      0.000 4
 696  707      0.384      0.177      0.000 4
 697  709      0.386      0.153      0.000 4
 698  711      0.387     -0.168      0.000 4
 699  713      0.388      0.027      0.000 4
 710  700      0.389     -0.727      0.000 4
 711  699      0.390     -0.827      0.000 4
 704  706      0.391      0.505      0.000 4
 708  710      0.395      0.468      0.000 4
 707  715      0.397     -0.389      0.000 4
 703  717      0.397      0.101      0.000 4
 715  702      0.397      0.993      0.000 4
 709  714      0.397      0.383      0.000 4
 716  703      0.397     -0.977      0.000 4
 719  705      0.400      0.947      0.000 4
 717  708      0.401      0.831      0.000 4
 706  718      0.401      0.137      0.000 4
 718  712      0.402     -0.775      0.000 4
 712  721      0.409      0.074      0.000 4
 722  716      0.411      0.869      0.000 4
 720  719      0.412      0.418      0.000 4
 713  723      0.412      0.006      0.000 4
 714  724      0.414      0.083      0.000 4
 721  722      0.419     -0.455      0.000 4
 725  720      0.421      0.693      0.000 4
 724  725      0.426      0.439      0.000 4
 723  728      0.428      0.309      0.000 4
 727  727      0.436      0.631      0.000 4
 726  729      0.438     -0.540      0.000 4
 730  726      0.439      0.805      0.000 4
 728  733      0.449      0.137      0.000 4
 731  732      0.450     -0.987      0.000 4
 736  730      0.454     -0.716      0.000 4
 729  734      0.454     -0.194      0.000 4
 735  731      0.454     -0.706      0.000 4
 732  737      0.461      0.045      0.000 4
 737  735      0.466      0.529      0.000 4
 733  738      0.466     -0.116      0.000 4
 734  739      0.467     -0.169      0.000 4
 741  736      0.475      0.751      0.000 4
 738  741      0.476      0.310      0.000 4
 742  740      0.480     -0.589      0.000 4
 739  745      0.482     -0.164      0.000 4
 740  746      0.483      0.186      0.000 4
 743  744      0.486      0.407      0.000 4
 746  748      0.491     -0.429      0.000 4
 752  742      0.491     -0.994      0.000 4
 744  754      0.491     -0.271      0.000 4
 750  750      0.493      0.431      0.000 4
 754  743      0.492     -0.840      0.000 4
 745  757      0.496     -0.076      0.000 4
 751  751      0.497      0.572      0.000 4
 748  758      0.498      0.136      0.000 4
 747  761      0.499      0.038      0.000 4
 749  760      0.499      0.049      0.000 4
 755  752      0.501      0.667      0.000 4
 761  747      0.502      0.935      0.000 4
 762  749      0.504      0.920      0.000 4
 759  755      0.504     -0.692      0.000 4
 757  756      0.505      0.599      0.000 4
 764  753      0.506     -0.914      0.000 4
 753  765      0.506     -0.332      0.000 4
 758  759      0.509     -0.545      0.000 4
 763  762      0.511     -0.588      0.000 4
 766  764      0.514     -0.658      0.000 4
 760  768      0.515      0.312      0.000 4
 756  771      0.517     -0.081      0.000 4
 768  763      0.518     -0.804      0.000 4
 767  767      0.520      0.624      0.000 4
 771  766      0.524      0.873      0.000 4
 765  773      0.525     -0.129      0.000 4
 769  772      0.529     -0.409      0.000 4
 774  769      0.532     -0.993      0.000 4
 776  770      0.535      0.857      0.000 4
 770  776      0.540      0.026      0.000 4
 775  775      0.541     -0.571      0.000 4
 778  774      0.543     -0.792      0.000 4
 772  778      0.544     -0.140      0.000 4
 773  781      0.547      0.070      0.000 4
 777  777      0.548     -0.504      0.000 4
 781  779      0.555     -0.568      0.000 4
 782  780      0.556     -0.560      0.000 4
 780  782      0.557      0.450      0.000 4
 779  786      0.564      0.003      0.000 4
 783  784      0.565      0.260      0.000 4
 788  783      0.572     -0.602      0.000 4
 784  790      0.572     -0.197      0.000 4
 785  791      0.575     -0.142      0.000 4
 786  794      0.576     -0.129      0.000 4
 791  785      0.577      0.656      0.000 4
 787  798      0.579      0.018      0.000 4
 797  788      0.583      0.681      0.000 4
 800  787      0.583     -0.908      0.000 4
 795  789      0.583     -0.629      0.000 4
 790  796      0.584      0.367      0.000 4
 789  799      0.584      0.229      0.000 4
 794  795      0.585      0.478      0.000 4
 793  802      0.588      0.317      0.000 4
 792  804      0.588      0.238      0.000 4
 799  793      0.588     -0.652      0.000 4
 798  800      0.591      0.490      0.000 4
 802  792      0.593     -0.915      0.000 4
 796  807      0.594      0.125      0.000 4
 804  797      0.596      0.897      0.000 4
 803  801      0.598      0.750      0.000 4
 807  803      0.601     -0.901      0.000 4
 806  806      0.604     -0.608      0.000 4
 808  805      0.608      0.755      0.000 4
 801  811      0.608     -0.106      0.000 4
 810  810      0.613      0.629      0.000 4
 811  808      0.613      0.819      0.000 4
 812  809      0.615      0.946      0.000 4
 805  814      0.615      0.094      0.000 4
 809  813      0.617     -0.403      0.000 4
 813  812      0.625     -0.747      0.000 4
 814  815      0.632      0.961      0.000 4
 816  816      0.635      0.711      0.000 4
 817  818      0.646      0.465      0.000 4
 815  821      0.646      0.210      0.000 4
 823  817      0.649     -0.916      0.000 4
 819  819      0.651     -0.629      0.000 4
 824  820      0.655      0.762      0.000 4
 818  827      0.660      0.048      0.000 4
 820  828      0.661     -0.228      0.000 4
 826  822      0.662     -0.703      0.000 4
 821  831      0.663     -0.113      0.000 4
 822  830      0.663     -0.265      0.000 4
 830  823      0.666      0.800      0.000 4
 829  824      0.667      0.691      0.000 4
 833  825      0.671     -0.770      0.000 4
 834  826      0.673      0.851      0.000 4
 828  834      0.673     -0.337      0.000 4
 825  838      0.674      0.059      0.000 4
 827  836      0.675     -0.207      0.000 4
 831  833      0.676     -0.491      0.000 4
 835  829      0.677     -0.934      0.000 4
  -1   -2      0.680     -0.340      0.000 4
 837  832      0.680     -0.878      0.000 4
 838  835      0.685      0.661      0.000 4
 840  837      0.689     -0.891      0.000 4
 836  845      0.691      0.306      0.000 4
 844  840      0.693      0.880      0.000 4
 841  841      0.694      0.803      0.000 4
 843  842      0.694      0.764      0.000 4
 847  844      0.696     -0.730      0.000 4
 848  843      0.697     -0.854      0.000 4
 846  847      0.700      0.533      0.000 4
 839  854      0.700     -0.081      0.000 4
 845  848      0.700     -0.987      0.000 4
 842  851      0.702     -0.378      0.000 4
 850  846      0.703     -0.742      0.000 4
 849  850      0.705      0.494      0.000 4
 851  852      0.708      0.529      0.000 4
 852  853      0.709      0.556      0.000 4
 854  849      0.710      0.904      0.000 4
 859  855      0.718     -0.888      0.000 4
 853  860      0.722      0.061      0.000 4
 860  856      0.724     -0.947      0.000 4
 858  859      0.726      0.379      0.000 4
 855  863      0.726     -0.064      0.000 4
 857  862      0.727     -0.196      0.000 4
 856  864      0.727     -0.143      0.000 4
 861  857      0.730     -0.890      0.000 4
 862  858      0.731     -0.835      0.000 4
 865  861      0.738      0.762      0.000 4
 866  866      0.744     -0.506      0.000 4
 867  865      0.745     -0.576      0.000 4
 863  869      0.746      0.068      0.000 4
 864  870      0.747      0.052      0.000 4
 870  867      0.751     -0.823      0.000 4
 871  868      0.752      0.848      0.000 4
 868  871      0.753      0.196      0.000 4
 869  877      0.759      0.270      0.000 4
 873  873      0.764      0.732      0.000 4
  -1   -2      0.764     -0.712      0.000 4
 876  872      0.765      0.975      0.000 4
 875  876      0.766     -0.701      0.000 4
 878  874      0.766     -0.953      0.000 4
 880  878      0.771     -0.993      0.000 4
 872  882      0.772      0.035      0.000 4
 881  879      0.774      0.894      0.000 4
 877  883      0.775     -0.246      0.000 4
 879  881      0.777     -0.517      0.000 4
 887  880      0.782      0.924      0.000 4
 883  886      0.786      0.315      0.000 4
 882  887      0.786      0.165      0.000 4
 890  884      0.788      0.823      0.000 4
 884  888      0.788     -0.278      0.000 4
 891  885      0.790     -0.822      0.000 4
 885  892      0.791     -0.177      0.000 4
 886  891      0.791     -0.215      0.000 4
 894  889      0.795      0.568      0.000 4
 888  896      0.794      0.152      0.000 4
 889  897      0.794      0.125      0.000 4
 892  890      0.795      0.522      0.000 4
 893  894      0.797     -0.417      0.000 4
 895  895      0.801      0.589      0.000 4
 898  893      0.802      0.909      0.000 4
 897  898      0.803      0.661      0.000 4
 896  900      0.803     -0.464      0.000 4
 901  901      0.807     -0.595      0.000 4
 903  899      0.808     -0.994      0.000 4
 899  905      0.811      0.294      0.000 4
 906  902      0.812      0.958      0.000 4
 904  904      0.812     -0.572      0.000 4
 907  903      0.814      0.684      0.000 4
 900  908      0.814      0.097      0.000 4
 902  910      0.817     -0.229      0.000 4
 910  906      0.820      0.738      0.000 4
 908  907      0.820      0.619      0.000 4
 905  912      0.820     -0.134      0.000 4
 913  909      0.823      0.786      0.000 4
 909  914      0.825      0.349      0.000 4
  -1   -2      0.827      0.362      0.000 4
 915  911      0.827      0.873      0.000 4
 914  915      0.828      0.490      0.000 4
 917  913      0.831      0.913      0.000 4
 912  918      0.830      0.161      0.000 4
 918  919      0.835      0.455      0.000 4
 916  921      0.837      0.112      0.000 4
 920  917      0.837     -0.840      0.000 4
 919  924      0.843     -0.093      0.000 4
  -1   -2      0.844      0.759      0.000 4
 921  922      0.843     -0.509      0.000 4
 923  923      0.845     -0.585      0.000 4
 926  925      0.851      0.751      0.000 4
 924  926      0.851      0.061      0.000 4
 925  927      0.853     -0.258      0.000 4
 927  928      0.856     -0.333      0.000 4
 931  929      0.863     -0.775      0.000 4
 929  931      0.865      0.293      0.000 4
 928  934      0.865     -0.079      0.000 4
 932  930      0.866      0.686      0.000 4
 930  936      0.867      0.042      0.000 4
 933  932      0.869      0.469      0.000 4
 936  933      0.872      0.895      0.000 4
 935  935      0.871     -0.762      0.000 4
 937  937      0.874      0.736      0.000 4
 934  938      0.875      0.355      0.000 4
 938  940      0.879     -0.350      0.000 4
 940  939      0.881      0.659      0.000 4
 942  942      0.883     -0.611      0.000 4
 939  943      0.884     -0.026      0.000 4
 943  941      0.884     -0.767      0.000 4
 941  946      0.886      0.028      0.000 4
 945  944      0.889      0.544      0.000 4
 946  945      0.890     -0.713      0.000 4
 944  948      0.890      0.044      0.000 4
 947  947      0.893      0.400      0.000 4
  -1   -2      0.896      0.411      0.000 4
 949  954      0.901     -0.012      0.000 4
 950  950      0.901     -0.951      0.000 4
 952  951      0.903     -0.962      0.000 4
 951  952      0.903     -0.603      0.000 4
 953  955      0.905     -0.784      0.000 4
 954  953      0.905     -0.926      0.000 4
 955  956      0.912      0.386      0.000 4
 956  958      0.915      0.235      0.000 4
 957  957      0.915     -0.978      0.000 4
 959  959      0.918     -0.494      0.000 4
 958  961      0.920     -0.044      0.000 4
 960  960      0.921      0.609      0.000 4
 961  962      0.923     -0.322      0.000 4
 962  965      0.926     -0.142      0.000 4
 963  964      0.926      0.389      0.000 4
 964  963      0.926     -0.676      0.000 4
 965  966      0.930      0.055      0.000 4
 966  967      0.934      0.102      0.000 4
 967  968      0.934     -0.057      0.000 4
 968  969      0.938     -0.456      0.000 4
 969  971      0.941     -0.411      0.000 4
 970  970      0.942      0.598      0.000 4
 971  972      0.944      0.944      0.000 4
 973  973      0.946      0.904      0.000 4
 972  974      0.947     -0.253      0.000 4
 975  975      0.949     -0.891      0.000 4
 974  977      0.949     -0.987      0.000 4
 976  976      0.950      0.819      0.000 4
 977  979      0.953     -0.196      0.000 4
 978  978      0.953     -0.653      0.000 4
 979  980      0.959      0.331      0.000 4
 980  981      0.960     -0.784      0.000 4
 981  982      0.963      0.875      0.000 4
 982  983      0.965     -0.732      0.000 4
 983  984      0.968      0.567      0.000 4
 985  985      0.977     -0.905      0.000 4
 986  987      0.978     -0.572      0.000 4
 984  986      0.978      0.530      0.000 4
 987  988      0.979      0.776      0.000 4
 988  989      0.980      0.980      0.000 4
 989  990      0.981     -0.849      0.000 4
 990  991      0.983      0.802      0.000 4
 991  992      0.983      0.707      0.000 4
 992  993      0.985     -0.261      0.000 4
  -1   -2      0.990      0.471      0.000 4
 993  995      0.990     -0.410      0.000 4
 995  996      0.992      0.460      0.000 4
