1001
  -1   -2     -0.997      0.642      0.000 4
   1    2     -0.997      0.632      0.000 4
   3    1     -0.996     -0.503      0.000 4
   2    3     -0.995     -0.639      0.000 4
   4    4     -0.995     -0.095      0.000 4
   5    5     -0.995      0.464      0.000 4
   8    6     -0.989     -0.159      0.000 4
   6   13     -0.990      0.933      0.000 4
   7   15     -0.988     -0.970      0.000 4
  10    7     -0.989      0.952      0.000 4
  -1   -2     -0.989      0.452      0.000 4
  11    8     -0.988      0.201      0.000 4
  13    9     -0.988     -0.049      0.000 4
   9   10     -0.988     -0.549      0.000 4
  12   14     -0.989      0.701      0.000 4
  15   12     -0.988     -0.299      0.000 4
  14   11     -0.987     -0.799      0.000 4
  16   16     -0.983     -0.200      0.000 4
  17   17     -0.977      0.163      0.000 4
  18   18     -0.975      0.553      0.000 4
  19   19     -0.973      0.739      0.000 4
  20   21     -0.971     -0.896      0.000 4
  21   20     -0.970     -0.132      0.000 4
  22   22     -0.969      0.429      0.000 4
  23   24     -0.964     -0.897      0.000 4
  24   23     -0.962      0.244      0.000 4
  26   25     -0.960      0.224      0.000 4
  28   26     -0.959     -0.136      0.000 4
  29   27     -0.959     -0.022      0.000 4
  25   31     -0.959      0.904      0.000 4
  27   29     -0.958      0.590      0.000 4
  30   30     -0.957      0.444      0.000 4
  31   28     -0.956     -0.324      0.000 4
  34   32     -0.950     -0.511      0.000 4
  33   33     -0.950     -0.564      0.000 4
  32   34     -0.950      0.650      0.000 4
  35   35     -0.948     -0.605      0.000 4
  36   37     -0.945     -0.297      0.000 4
  38   36     -0.945     -0.150      0.000 4
  39   38     -0.945     -0.081      0.000 4
  37   40     -0.941     -0.876      0.000 4
  40   39     -0.939      0.421      0.000 4
  42   41     -0.936      0.107      0.000 4
  41   42     -0.933      0.877      0.000 4
  43   43     -0.927      0.523      0.000 4
  44   44     -0.923      0.279      0.000 4
  45   45     -0.923      0.332      0.000 4
  47   46     -0.918      0.050      0.000 4
  48   47     -0.917      0.104      0.000 4
  50   48     -0.916     -0.191      0.000 4
  46   49     -0.913     -0.808      0.000 4
  49   55     -0.909     -0.884      0.000 4
  51   54     -0.910      0.719      0.000 4
  55   50     -0.909      0.197      0.000 4
  54   52     -0.907     -0.553      0.000 4
  52   58     -0.907     -0.987      0.000 4
  57   51     -0.908      0.243      0.000 4
  53   59     -0.905     -0.754      0.000 4
  56   56     -0.906      0.510      0.000 4
  59   53     -0.905      0.118      0.000 4
  60   60     -0.902      0.493      0.000 4
  58   61     -0.901      0.777      0.000 4
  61   63     -0.896     -0.806      0.000 4
  62   65     -0.897      0.828      0.000 4
  64   62     -0.895     -0.514      0.000 4
  65   66     -0.893     -0.607      0.000 4
  66   64     -0.891     -0.382      0.000 4
  63   67     -0.891     -0.907      0.000 4
  67   68     -0.883     -0.121      0.000 4
  68   70     -0.880      0.466      0.000 4
  69   69     -0.878      0.297      0.000 4
  70   72     -0.876      0.423      0.000 4
  72   71     -0.876      0.352      0.000 4
  71   74     -0.873     -0.607      0.000 4
  76   75     -0.870     -0.356      0.000 4
  75   76     -0.869      0.579      0.000 4
  77   73     -0.869     -0.150      0.000 4
  73   77     -0.867     -0.949      0.000 4
  78   79     -0.859      0.505      0.000 4
  80   78     -0.859     -0.169      0.000 4
  79   81     -0.853     -0.773      0.000 4
  82   80     -0.847     -0.234      0.000 4
  81   87     -0.845     -0.822      0.000 4
  84   82     -0.845      0.104      0.000 4
  83   85     -0.843      0.544      0.000 4
  85   83     -0.841      0.042      0.000 4
  86   84     -0.839     -0.032      0.000 4
  87   86     -0.837     -0.188      0.000 4
  89   88     -0.835     -0.127      0.000 4
  88   89     -0.833     -0.427      0.000 4
  90   93     -0.823      0.722      0.000 4
  91   95     -0.819     -0.752      0.000 4
  95   90     -0.818      0.129      0.000 4
  92  100     -0.817     -0.856      0.000 4
  97   91     -0.817      0.016      0.000 4
  94   97     -0.816      0.622      0.000 4
  99   92     -0.814     -0.100      0.000 4
  93  103     -0.813      0.899      0.000 4
  98   98     -0.812      0.413      0.000 4
 102   94     -0.810     -0.014      0.000 4
 101   96     -0.810      0.188      0.000 4
  96  104     -0.806     -0.791      0.000 4
 103   99     -0.806      0.080      0.000 4
 106  101     -0.804     -0.072      0.000 4
 105  102     -0.803     -0.244      0.000 4
 100  111     -0.800      0.953      0.000 4
 104  107     -0.798     -0.988      0.000 4
 107  108     -0.797      0.448      0.000 4
 108  105     -0.795     -0.131      0.000 4
 111  106     -0.793     -0.055      0.000 4
 109  110     -0.792      0.383      0.000 4
 112  109     -0.792      0.158      0.000 4
 113  112     -0.787      0.092      0.000 4
 117  113     -0.781      0.181      0.000 4
 110  119     -0.780     -0.977      0.000 4
 116  114     -0.780      0.271      0.000 4
 115  115     -0.779     -0.503      0.000 4
 118  116     -0.776      0.439      0.000 4
 114  121     -0.774      0.841      0.000 4
 119  120     -0.773      0.466      0.000 4
 121  117     -0.771     -0.258      0.000 4
 120  122     -0.768     -0.674      0.000 4
 123  118     -0.768     -0.139      0.000 4
 125  123     -0.761     -0.318      0.000 4
 122  124     -0.760      0.601      0.000 4
 126  125     -0.756      0.466      0.000 4
 124  129     -0.753      0.864      0.000 4
 130  126     -0.751     -0.328      0.000 4
 127  127     -0.750      0.429      0.000 4
 129  131     -0.744     -0.629      0.000 4
 132  128     -0.742      0.074      0.000 4
 128  133     -0.742      0.777      0.000 4
 135  130     -0.738     -0.010      0.000 4
 131  137     -0.734      0.820      0.000 4
 137  132     -0.732     -0.190      0.000 4
 136  134     -0.732      0.407      0.000 4
 133  140     -0.728      0.745      0.000 4
 140  135     -0.727      0.364      0.000 4
 139  136     -0.727     -0.444      0.000 4
 134  141     -0.726     -0.770      0.000 4
 141  138     -0.722     -0.414      0.000 4
 142  139     -0.721     -0.392      0.000 4
 138  147     -0.719      0.920      0.000 4
 143  145     -0.715      0.609      0.000 4
 145  142     -0.714     -0.363      0.000 4
 146  144     -0.709      0.363      0.000 4
 152  143     -0.708     -0.231      0.000 4
 147  148     -0.707     -0.469      0.000 4
 144  152     -0.708      0.657      0.000 4
 155  146     -0.704     -0.143      0.000 4
 151  150     -0.704      0.422      0.000 4
 149  153     -0.704      0.559      0.000 4
 148  155     -0.702     -0.689      0.000 4
 150  154     -0.702      0.539      0.000 4
 157  149     -0.699     -0.045      0.000 4
 156  151     -0.697     -0.205      0.000 4
  -1   -2     -0.694     -0.690      0.000 4
 153  162     -0.692      0.796      0.000 4
 159  157     -0.690      0.454      0.000 4
 158  159     -0.689      0.543      0.000 4
 163  156     -0.687      0.269      0.000 4
 160  161     -0.686      0.508      0.000 4
 161  165     -0.681      0.695      0.000 4
 167  160     -0.678      0.086      0.000 4
 162  168     -0.677      0.856      0.000 4
 165  167     -0.673     -0.730      0.000 4
 164  170     -0.673      0.810      0.000 4
 168  164     -0.672     -0.363      0.000 4
 173  163     -0.670      0.060      0.000 4
 176  166     -0.666     -0.144      0.000 4
 166  174     -0.666      0.770      0.000 4
 175  171     -0.660     -0.441      0.000 4
 181  169     -0.659      0.156      0.000 4
 170  176     -0.657     -0.768      0.000 4
 172  175     -0.657     -0.690      0.000 4
 169  179     -0.656      0.911      0.000 4
 182  172     -0.656     -0.247      0.000 4
 171  180     -0.654      0.828      0.000 4
 185  173     -0.653     -0.197      0.000 4
 179  177     -0.653      0.528      0.000 4
 174  182     -0.649      0.901      0.000 4
 177  183     -0.648     -0.902      0.000 4
 178  184     -0.647      0.791      0.000 4
 180  181     -0.646     -0.723      0.000 4
 189  178     -0.644      0.242      0.000 4
 184  186     -0.644      0.671      0.000 4
 188  185     -0.639     -0.536      0.000 4
 183  192     -0.639     -0.976      0.000 4
 187  193     -0.637      0.767      0.000 4
 190  189     -0.636      0.526      0.000 4
 186  194     -0.636      0.992      0.000 4
 193  187     -0.632     -0.359      0.000 4
 192  190     -0.632      0.447      0.000 4
 197  188     -0.628     -0.185      0.000 4
 191  195     -0.626     -0.835      0.000 4
 198  191     -0.626     -0.294      0.000 4
 195  196     -0.619      0.636      0.000 4
 194  201     -0.615      0.991      0.000 4
 196  202     -0.613     -0.890      0.000 4
 199  199     -0.610      0.621      0.000 4
 202  198     -0.609      0.501      0.000 4
 201  200     -0.607     -0.597      0.000 4
 200  204     -0.607     -0.642      0.000 4
 208  197     -0.604     -0.158      0.000 4
 204  209     -0.603      0.712      0.000 4
 205  206     -0.601      0.497      0.000 4
 203  210     -0.599     -0.994      0.000 4
 212  205     -0.597      0.206      0.000 4
 214  203     -0.596      0.149      0.000 4
 206  212     -0.594     -0.711      0.000 4
 213  208     -0.593     -0.403      0.000 4
 216  207     -0.593     -0.203      0.000 4
 207  217     -0.591      0.948      0.000 4
 210  214     -0.588     -0.603      0.000 4
 209  218     -0.587      0.711      0.000 4
 215  215     -0.586      0.495      0.000 4
 225  211     -0.581      0.023      0.000 4
 211  223     -0.581      0.930      0.000 4
 226  213     -0.579      0.125      0.000 4
 217  222     -0.578      0.706      0.000 4
 220  220     -0.577      0.463      0.000 4
 229  216     -0.575     -0.182      0.000 4
 218  221     -0.575      0.580      0.000 4
 221  226     -0.572      0.591      0.000 4
 230  219     -0.571      0.045      0.000 4
 222  229     -0.569      0.651      0.000 4
 228  225     -0.569      0.460      0.000 4
  -1   -2     -0.568      0.710      0.000 4
 219  233     -0.567      0.960      0.000 4
 224  231     -0.566      0.722      0.000 4
 234  224     -0.562      0.186      0.000 4
 227  236     -0.561     -0.848      0.000 4
 233  228     -0.561      0.291      0.000 4
 237  227     -0.558      0.026      0.000 4
 235  235     -0.554     -0.517      0.000 4
 236  234     -0.554      0.441      0.000 4
 231  238     -0.552      0.809      0.000 4
 241  232     -0.552      0.235      0.000 4
  -1  237     -0.549     -0.988      0.000 4
 232  241     -0.549      0.956      0.000 4
 240  240     -0.543      0.621      0.000 4
 239  242     -0.541     -0.736      0.000 4
 242  239     -0.540     -0.476      0.000 4
 238  246     -0.537     -0.990      0.000 4
 243  251     -0.529      0.769      0.000 4
 244  250     -0.529      0.749      0.000 4
 246  249     -0.526     -0.606      0.000 4
 249  247     -0.526     -0.494      0.000 4
 252  243     -0.525     -0.082      0.000 4
 245  252     -0.526      0.828      0.000 4
 253  244     -0.522      0.054      0.000 4
 254  245     -0.521      0.020      0.000 4
 247  256     -0.520      0.777      0.000 4
 250  254     -0.518      0.589      0.000 4
 248  257     -0.516      0.934      0.000 4
 255  248     -0.514     -0.057      0.000 4
 251  258     -0.512     -0.743      0.000 4
 261  253     -0.507     -0.139      0.000 4
 262  255     -0.505     -0.190      0.000 4
 259  259     -0.501      0.422      0.000 4
 256  261     -0.501      0.589      0.000 4
 260  260     -0.499     -0.477      0.000 4
 258  263     -0.491     -0.791      0.000 4
 257  264     -0.491      0.988      0.000 4
 263  266     -0.487      0.882      0.000 4
 268  262     -0.485      0.277      0.000 4
 264  267     -0.483     -0.911      0.000 4
 265  270     -0.480      0.816      0.000 4
 266  274     -0.472     -0.822      0.000 4
 275  265     -0.472     -0.174      0.000 4
 271  268     -0.472      0.443      0.000 4
 269  272     -0.471     -0.663      0.000 4
 267  275     -0.472      0.785      0.000 4
 272  271     -0.468      0.465      0.000 4
 270  277     -0.464     -0.843      0.000 4
 278  269     -0.463     -0.030      0.000 4
 273  282     -0.457     -0.870      0.000 4
 274  280     -0.458      0.730      0.000 4
 279  276     -0.457      0.318      0.000 4
 283  273     -0.456      0.013      0.000 4
 276  283     -0.453      0.605      0.000 4
 282  278     -0.452     -0.401      0.000 4
 277  284     -0.450     -0.724      0.000 4
 284  281     -0.448      0.365      0.000 4
 286  279     -0.446     -0.081      0.000 4
 281  286     -0.445      0.651      0.000 4
 280  288     -0.441      0.897      0.000 4
 285  289     -0.435      0.641      0.000 4
  -1  291     -0.434     -0.044      0.000 4
 294  287     -0.424     -0.181      0.000 4
 287  296     -0.424     -0.637      0.000 4
  -1   -2     -0.423     -0.233      0.000 4
 289  294     -0.423      0.520      0.000 4
 296  290     -0.422     -0.193      0.000 4
 288  300     -0.420     -0.044      0.000 4
 293  295     -0.419      0.413      0.000 4
 299  292     -0.419     -0.229      0.000 4
 291  297     -0.418      0.527      0.000 4
 292  298     -0.417     -0.557      0.000 4
 301  293     -0.416      0.190      0.000 4
 290  301     -0.413      0.863      0.000 4
 297  302     -0.407      0.760      0.000 4
 304  299     -0.406     -0.182      0.000 4
 298  306     -0.403      0.948      0.000 4
 300   -2     -0.398     -0.041      0.000 4
 306  303     -0.397     -0.508      0.000 4
 302  309     -0.396     -0.933      0.000 4
 303  311     -0.394     -0.912      0.000 4
 305  315     -0.390      0.997      0.000 4
 308  308     -0.388     -0.467      0.000 4
 309  307     -0.386     -0.341      0.000 4
 310  305     -0.386      0.178      0.000 4
 312  304     -0.385     -0.036      0.000 4
 315  312     -0.379     -0.274      0.000 4
 316  310     -0.379      0.095      0.000 4
 313  314     -0.378     -0.426      0.000 4
 317  313     -0.375      0.161      0.000 4
 311  321     -0.372      0.716      0.000 4
 314  320     -0.371     -0.632      0.000 4
 320  316     -0.369     -0.163      0.000 4
 321  317     -0.366     -0.064      0.000 4
 319  319     -0.366     -0.355      0.000 4
  -1   -2     -0.362      0.016      0.000 4
 326  322     -0.357      0.023      0.000 4
 323  323     -0.357     -0.266      0.000 4
 318  327     -0.356     -0.895      0.000 4
 324  324     -0.354      0.365      0.000 4
 329  325     -0.348      0.309      0.000 4
 325  330     -0.346     -0.704      0.000 4
 333  326     -0.342     -0.120      0.000 4
 332  329     -0.341      0.420      0.000 4
 334  328     -0.340     -0.111      0.000 4
 327  334     -0.340      0.979      0.000 4
 328  332     -0.340      0.730      0.000 4
 330  333     -0.338     -0.665      0.000 4
 331  331     -0.338      0.576      0.000 4
 335  336     -0.327     -0.722      0.000 4
 341  335     -0.325     -0.290      0.000 4
 336  337     -0.324     -0.697      0.000 4
 338  338     -0.322      0.566      0.000 4
 337  339     -0.322      0.602      0.000 4
 339  340     -0.319     -0.661      0.000 4
 343  342     -0.315      0.513      0.000 4
 340  345     -0.314      0.778      0.000 4
 342  343     -0.313      0.608      0.000 4
 344  347     -0.311      0.663      0.000 4
  -1   -2     -0.309      0.160      0.000 4
 347  344     -0.306      0.329      0.000 4
 351  346     -0.301     -0.118      0.000 4
 349  350     -0.300      0.382      0.000 4
 352  348     -0.299     -0.072      0.000 4
 348  351     -0.298     -0.988      0.000 4
 345  354     -0.299      0.978      0.000 4
 353  349     -0.297      0.161      0.000 4
 355  352     -0.292      0.226      0.000 4
 350  357     -0.292      0.725      0.000 4
 356  353     -0.290     -0.307      0.000 4
 354  356     -0.288     -0.539      0.000 4
 360  355     -0.283      0.174      0.000 4
 361  358     -0.281      0.194      0.000 4
 359  360     -0.278     -0.665      0.000 4
 357  363     -0.277      0.772      0.000 4
 358  365     -0.275      0.928      0.000 4
 367  359     -0.272      0.115      0.000 4
 362  369     -0.269      0.886      0.000 4
 368  361     -0.269      0.181      0.000 4
 363  368     -0.268      0.675      0.000 4
 366  364     -0.268      0.487      0.000 4
 370  362     -0.267     -0.013      0.000 4
 365  370     -0.265      0.826      0.000 4
 364  371     -0.264     -0.994      0.000 4
 371  366     -0.260     -0.153      0.000 4
 372  367     -0.259     -0.057      0.000 4
 369  375     -0.255      0.849      0.000 4
 375  372     -0.252     -0.268      0.000 4
 374  374     -0.250     -0.503      0.000 4
 373  376     -0.250     -0.642      0.000 4
 376  373     -0.249      0.415      0.000 4
 378  377     -0.244      0.664      0.000 4
 377  379     -0.243     -0.807      0.000 4
 379  378     -0.242      0.592      0.000 4
 380  380     -0.239     -0.645      0.000 4
 381  382     -0.237      0.722      0.000 4
 383  381     -0.232     -0.471      0.000 4
 382  386     -0.228     -0.738      0.000 4
 384  383     -0.227     -0.400      0.000 4
 385  387     -0.224     -0.493      0.000 4
 387  385     -0.224     -0.378      0.000 4
 388  384     -0.223     -0.294      0.000 4
 386  392     -0.217     -0.770      0.000 4
 392  388     -0.217      0.073      0.000 4
 389  391     -0.216     -0.617      0.000 4
 394  389     -0.213      0.213      0.000 4
 390  395     -0.213      0.746      0.000 4
 393  393     -0.212      0.465      0.000 4
 391  396     -0.210      0.702      0.000 4
 399  390     -0.209     -0.062      0.000 4
 395  394     -0.209      0.441      0.000 4
 402  398     -0.201     -0.562      0.000 4
 405  397     -0.201     -0.318      0.000 4
 396  401     -0.201      0.855      0.000 4
  -1   -2     -0.200     -0.553      0.000 4
 400  400     -0.200     -0.728      0.000 4
 397  404     -0.200      0.972      0.000 4
 398  405     -0.200      0.870      0.000 4
 401  406     -0.198     -0.867      0.000 4
 404  410     -0.195     -0.926      0.000 4
 406  402     -0.195     -0.453      0.000 4
 409  403     -0.191     -0.172      0.000 4
 408  408     -0.190     -0.319      0.000 4
 407  412     -0.189      0.801      0.000 4
 412  407     -0.188     -0.070      0.000 4
 413  409     -0.188     -0.135      0.000 4
 415  411     -0.185     -0.044      0.000 4
 410  414     -0.184      0.561      0.000 4
 411  415     -0.182     -0.668      0.000 4
 416  413     -0.181     -0.161      0.000 4
 414  416     -0.178     -0.873      0.000 4
 417  417     -0.169     -0.555      0.000 4
 418  419     -0.166      0.490      0.000 4
  -1   -2     -0.166      0.482      0.000 4
 421  418     -0.166      0.176      0.000 4
 422  421     -0.161     -0.038      0.000 4
 420  422     -0.161      0.819      0.000 4
 423  423     -0.151     -0.536      0.000 4
 424  424     -0.147      0.671      0.000 4
 425  426     -0.143      0.790      0.000 4
 427  425     -0.141      0.189      0.000 4
 426  427     -0.138      0.501      0.000 4
 428  428     -0.130      0.267      0.000 4
 430  429     -0.127      0.242      0.000 4
 429  431     -0.126     -0.692      0.000 4
 431  430     -0.124     -0.289      0.000 4
 432  433     -0.122     -0.360      0.000 4
 433  432     -0.121     -0.055      0.000 4
 435  436     -0.118     -0.335      0.000 4
 436  434     -0.118     -0.251      0.000 4
 438  435     -0.117      0.219      0.000 4
 434  438     -0.116      0.622      0.000 4
  -1   -2     -0.114      0.611      0.000 4
 440  437     -0.114     -0.418      0.000 4
 439  440     -0.114     -0.630      0.000 4
 441  442     -0.108      0.939      0.000 4
 442  441     -0.107      0.351      0.000 4
 443  445     -0.101      0.872      0.000 4
 444  443     -0.100     -0.571      0.000 4
 445  444     -0.100      0.507      0.000 4
 446  446     -0.095     -0.329      0.000 4
 447  450     -0.090      0.985      0.000 4
 449  447     -0.090      0.269      0.000 4
 448  449     -0.090     -0.682      0.000 4
 450  448     -0.089     -0.219      0.000 4
 451  451     -0.085      0.698      0.000 4
 452  452     -0.081     -0.722      0.000 4
 453  457     -0.079     -0.940      0.000 4
 454  455     -0.079     -0.615      0.000 4
 456  454     -0.079      0.017      0.000 4
 457  453     -0.079     -0.064      0.000 4
 455  456     -0.078     -0.398      0.000 4
 458  458     -0.074     -0.952      0.000 4
 459  459     -0.072     -0.993      0.000 4
 461  460     -0.066      0.593      0.000 4
 460  462     -0.066     -0.825      0.000 4
 462  461     -0.065     -0.513      0.000 4
 463  464     -0.063     -0.841      0.000 4
 464  463     -0.063      0.510      0.000 4
 466  465     -0.061     -0.014      0.000 4
 465  467     -0.060      0.815      0.000 4
 467  466     -0.060      0.329      0.000 4
 468  468     -0.058     -0.288      0.000 4
 469  469     -0.054     -0.544      0.000 4
 470  470     -0.053     -0.676      0.000 4
 471  471     -0.052      0.577      0.000 4
 472  472     -0.050     -0.579      0.000 4
 474  473     -0.049     -0.987      0.000 4
 473  474     -0.049     -0.747      0.000 4
 475  475     -0.047     -0.932      0.000 4
 476  478     -0.046      0.931      0.000 4
 477  477     -0.046      0.436      0.000 4
 478  476     -0.046     -0.066      0.000 4
 480  480     -0.043      0.097      0.000 4
 479  479     -0.043      0.074      0.000 4
 481  481     -0.042     -0.113      0.000 4
 482  482     -0.041      0.648      0.000 4
 483  483     -0.040      0.816      0.000 4
 485  484     -0.038      0.301      0.000 4
 484  485     -0.037     -0.882      0.000 4
 486  486     -0.037      0.481      0.000 4
 487  487     -0.036     -0.577      0.000 4
 488  488     -0.035      0.872      0.000 4
 489  489     -0.034      0.127      0.000 4
 490  492     -0.033      0.954      0.000 4
 491  491     -0.033     -0.657      0.000 4
 492  490     -0.032      0.337      0.000 4
 493  493     -0.031     -0.357      0.000 4
 494  494     -0.030      0.177      0.000 4
 495  495     -0.028      0.220      0.000 4
 496  496     -0.026      0.036      0.000 4
 498  497     -0.024     -0.752      0.000 4
 497  498     -0.024     -0.544      0.000 4
 499  499     -0.023     -0.632      0.000 4
 501  500     -0.021      0.735      0.000 4
 500  501     -0.021     -0.579      0.000 4
 502  502     -0.018      0.355      0.000 4
  -1   -2     -0.016     -0.627      0.000 4
 504  504     -0.015     -0.795      0.000 4
 505  505     -0.013     -0.720      0.000 4
 506  506     -0.012     -0.742      0.000 4
 507  508     -0.009      0.080      0.000 4
 508  507     -0.009      0.987      0.000 4
 509  509     -0.004     -0.314      0.000 4
 510  510     -0.001     -0.506      0.000 4
 511  511     -0.000      0.334      0.000 4
 512  512      0.004      0.097      0.000 4
 513  513      0.006     -0.151      0.000 4
 514  514      0.007     -0.120      0.000 4
 515  516      0.010     -0.267      0.000 4
 516  515      0.010     -0.448      0.000 4
 517  518      0.013      0.194      0.000 4
 518  517      0.014      0.638      0.000 4
 519  519      0.017      0.141      0.000 4
 520  520      0.020     -0.268      0.000 4
 521  521      0.022     -0.798      0.000 4
 523  522      0.027      0.843      0.000 4
 524  523      0.027      0.797      0.000 4
 522  524      0.027      0.244      0.000 4
 526  525      0.030     -0.783      0.000 4
 525  526      0.031      0.014      0.000 4
 527  529      0.034      0.459      0.000 4
 529  527      0.035      0.789      0.000 4
 528  528      0.035      0.653      0.000 4
 530  530      0.042      0.415      0.000 4
 531  531      0.044     -0.609      0.000 4
 532  532      0.044     -0.517      0.000 4
 533  533      0.048      0.085      0.000 4
 535  534      0.062      0.487      0.000 4
 534  535      0.062     -0.382      0.000 4
 536  536      0.067      0.296      0.000 4
 537  538      0.067      0.261      0.000 4
 541  537      0.070     -0.776      0.000 4
 538  541      0.071     -0.064      0.000 4
 539  543      0.072      0.083      0.000 4
 543  539      0.073     -0.856      0.000 4
  -1   -2      0.073      0.290      0.000 4
 542  542      0.074     -0.499      0.000 4
 547  540      0.076     -0.982      0.000 4
 544  545      0.079     -0.230      0.000 4
 546  546      0.080      0.121      0.000 4
 545  547      0.080     -0.060      0.000 4
 548  550      0.085      0.032      0.000 4
 549  549      0.085     -0.262      0.000 4
 550  548      0.086     -0.521      0.000 4
 553  551      0.090     -0.706      0.000 4
 551  552      0.093     -0.244      0.000 4
 552  553      0.094      0.093      0.000 4
 554  554      0.097      0.381      0.000 4
 556  555      0.101      0.812      0.000 4
 555  556      0.102      0.765      0.000 4
 557  557      0.102      0.903      0.000 4
 560  558      0.106     -0.951      0.000 4
 562  559      0.109      0.751      0.000 4
 564  560      0.110     -0.903      0.000 4
 558  565      0.113     -0.035      0.000 4
 559  564      0.113      0.083      0.000 4
 567  561      0.114     -0.624      0.000 4
 563  562      0.114      0.357      0.000 4
 561  566      0.115      0.165      0.000 4
 566  568      0.117     -0.269      0.000 4
 565  570      0.118     -0.011      0.000 4
 570  563      0.121     -0.984      0.000 4
 569   -2      0.122     -0.597      0.000 4
 573  567      0.124      0.951      0.000 4
  -1  569      0.125     -0.581      0.000 4
 574  572      0.128      0.622      0.000 4
 571  575      0.130     -0.203      0.000 4
 572  576      0.131      0.113      0.000 4
 576  573      0.133     -0.660      0.000 4
 575  577      0.135      0.436      0.000 4
 577  574      0.137     -0.934      0.000 4
 579  578      0.148      0.474      0.000 4
 578  580      0.150      0.205      0.000 4
 580  581      0.153      0.362      0.000 4
 585  579      0.153     -0.737      0.000 4
 581  584      0.155     -0.379      0.000 4
 582  588      0.157     -0.274      0.000 4
 587  586      0.158     -0.545      0.000 4
 583  590      0.159      0.113      0.000 4
  -1   -2      0.159     -0.590      0.000 4
 584  591      0.160     -0.187      0.000 4
 594  582      0.161     -0.981      0.000 4
 595  583      0.162      0.878      0.000 4
 597  585      0.163     -0.915      0.000 4
 586  593      0.163      0.101      0.000 4
 589  594      0.165      0.239      0.000 4
 593  589      0.165     -0.599      0.000 4
 591  596      0.166      0.218      0.000 4
 590  600      0.167     -0.109      0.000 4
 596  597      0.169     -0.436      0.000 4
 592  602      0.170      0.061      0.000 4
 599  595      0.170      0.550      0.000 4
 600  599      0.172     -0.545      0.000 4
 602  592      0.173      0.809      0.000 4
 604  601      0.175      0.620      0.000 4
 605  598      0.177     -0.911      0.000 4
 603  604      0.177     -0.564      0.000 4
 598  606      0.177     -0.135      0.000 4
  -1   -2      0.181     -0.984      0.000 4
 601  611      0.182      0.166      0.000 4
 611  605      0.184      0.956      0.000 4
 607  610      0.184      0.463      0.000 4
 606  612      0.187     -0.255      0.000 4
 614  608      0.189      0.836      0.000 4
 615  607      0.189     -0.989      0.000 4
 616  609      0.191     -0.949      0.000 4
 609  614      0.194     -0.125      0.000 4
 610  617      0.195      0.012      0.000 4
 617  613      0.197     -0.601      0.000 4
 612  619      0.198     -0.019      0.000 4
 613  618      0.198      0.242      0.000 4
 618  616      0.201     -0.988      0.000 4
 620  615      0.204     -0.740      0.000 4
 619  621      0.204      0.384      0.000 4
 621  620      0.211      0.905      0.000 4
 622  623      0.220     -0.426      0.000 4
 625  622      0.220      0.898      0.000 4
 623  627      0.225     -0.291      0.000 4
 624  625      0.226      0.463      0.000 4
 628  624      0.229     -0.957      0.000 4
 627  626      0.230      0.633      0.000 4
 626  633      0.234     -0.096      0.000 4
 630  628      0.236     -0.668      0.000 4
 633  629      0.240      0.733      0.000 4
 629  635      0.242     -0.321      0.000 4
 634  630      0.244     -0.697      0.000 4
 632  634      0.245     -0.476      0.000 4
 638  632      0.247      0.873      0.000 4
 640  631      0.247     -0.950      0.000 4
 636  636      0.248     -0.614      0.000 4
 631  638      0.250      0.132      0.000 4
 641  637      0.254      0.620      0.000 4
 635  643      0.257      0.055      0.000 4
 637  644      0.258      0.192      0.000 4
 642  642      0.260      0.328      0.000 4
 639  647      0.262      0.038      0.000 4
 648  639      0.265      0.961      0.000 4
 643  645      0.265     -0.369      0.000 4
 645  640      0.266      0.702      0.000 4
 651  641      0.269      0.755      0.000 4
 652  646      0.272     -0.671      0.000 4
 644  649      0.273     -0.200      0.000 4
 650  648      0.275      0.435      0.000 4
 646  652      0.278      0.125      0.000 4
 647  653      0.278      0.189      0.000 4
 655  650      0.278     -0.473      0.000 4
 649  656      0.281      0.010      0.000 4
 654  655      0.282      0.216      0.000 4
 656  654      0.283      0.272      0.000 4
 653  657      0.283      0.092      0.000 4
 659  651      0.284     -0.608      0.000 4
 657  660      0.287      0.167      0.000 4
 658  662      0.289      0.102      0.000 4
 661  658      0.291     -0.515      0.000 4
 660  663      0.293     -0.330      0.000 4
 662  659      0.293      0.513      0.000 4
 664  661      0.301      0.727      0.000 4
 663  664      0.304      0.573      0.000 4
 665  666      0.307      0.524      0.000 4
 669  665      0.314      0.985      0.000 4
 666  669      0.316      0.397      0.000 4
 670  667      0.317      0.782      0.000 4
 673  668      0.321     -0.861      0.000 4
 667  673      0.324      0.053      0.000 4
 668  674      0.328      0.156      0.000 4
 675  670      0.330      0.820      0.000 4
 671  677      0.333     -0.129      0.000 4
 676  671      0.334      0.626      0.000 4
 672  678      0.335     -0.217      0.000 4
 677  675      0.337      0.543      0.000 4
 682  672      0.340     -0.887      0.000 4
 674  682      0.341     -0.187      0.000 4
 685  676      0.344     -0.849      0.000 4
 678  679      0.344     -0.499      0.000 4
 679  685      0.347     -0.437      0.000 4
 690  681      0.353     -0.708      0.000 4
 686  688      0.354      0.480      0.000 4
 680  692      0.354     -0.178      0.000 4
 687  689      0.355      0.516      0.000 4
 692  686      0.355      0.675      0.000 4
 681  697      0.356     -0.082      0.000 4
 695  680      0.356     -0.838      0.000 4
 689  690      0.356      0.531      0.000 4
 693  684      0.356     -0.770      0.000 4
 698  683      0.358      0.902      0.000 4
 683  699      0.359      0.041      0.000 4
 684  700      0.360      0.052      0.000 4
 688  694      0.360      0.342      0.000 4
 691  693      0.362      0.427      0.000 4
 700  687      0.362     -0.976      0.000 4
 699  696      0.366     -0.617      0.000 4
 701  695      0.368     -0.663      0.000 4
  -1   -2      0.368     -0.884      0.000 4
 694  703      0.370      0.200      0.000 4
 696  704      0.372      0.145      0.000 4
 707  698      0.375     -0.885      0.000 4
 697  705      0.376     -0.086      0.000 4
 703  701      0.376     -0.632      0.000 4
 706  702      0.379      0.624      0.000 4
 704  711      0.388     -0.135      0.000 4
 705  710      0.389     -0.287      0.000 4
 709  707      0.389      0.454      0.000 4
 710  708      0.393     -0.491      0.000 4
 715  706      0.395      0.744      0.000 4
 711  709      0.395      0.507      0.000 4
 708  714      0.397      0.025      0.000 4
 713  716      0.403      0.326      0.000 4
 717  713      0.405      0.666      0.000 4
 720  712      0.407     -0.842      0.000 4
 712  720      0.408      0.069      0.000 4
 716  715      0.408      0.542      0.000 4
 714  721      0.408     -0.143      0.000 4
 718  718      0.411      0.467      0.000 4
 723  717      0.418      0.826      0.000 4
 719  725      0.420      0.001      0.000 4
 725  719      0.421      0.884      0.000 4
 721  724      0.423     -0.341      0.000 4
 728  722      0.427     -0.831      0.000 4
 730  723      0.434     -0.778      0.000 4
 722  732      0.435      0.015      0.000 4
 731  726      0.436     -0.704      0.000 4
 727  730      0.439      0.312      0.000 4
 726  735      0.439     -0.141      0.000 4
 724  734      0.439     -0.128      0.000 4
  -1   -2      0.445      0.834      0.000 4
 732  736      0.446     -0.438      0.000 4
 729  740      0.447     -0.193      0.000 4
 739  728      0.448     -0.993      0.000 4
 734  733      0.448     -0.561      0.000 4
 738  729      0.450     -0.731      0.000 4
 735  738      0.450     -0.987      0.000 4
 733  739      0.451      0.412      0.000 4
 742  731      0.454      0.883      0.000 4
 744  737      0.459      0.833      0.000 4
 737  746      0.464      0.114      0.000 4
 743  743      0.467      0.431      0.000 4
 741  748      0.468      0.247      0.000 4
 749  741      0.469     -0.958      0.000 4
 740  752      0.469     -0.103      0.000 4
 745  750      0.474     -0.404      0.000 4
 750  742      0.474     -0.767      0.000 4
 752  744      0.478     -0.782      0.000 4
 746  754      0.478      0.212      0.000 4
 751  745      0.479     -0.745      0.000 4
 747  755      0.481      0.083      0.000 4
 754  747      0.483     -0.980      0.000 4
 748  756      0.485      0.219      0.000 4
 756  749      0.486      0.860      0.000 4
 755  751      0.486      0.784      0.000 4
 753  753      0.486      0.531      0.000 4
 757  757      0.501      0.636      0.000 4
 762  758      0.508     -0.784      0.000 4
 759  761      0.508     -0.587      0.000 4
 761  759      0.509      0.699      0.000 4
 758  764      0.511      0.290      0.000 4
 764  760      0.512     -0.834      0.000 4
 760  763      0.514     -0.534      0.000 4
 769  762      0.521     -0.898      0.000 4
 765  768      0.525      0.336      0.000 4
 763  776      0.525      0.036      0.000 4
 773  765      0.526      0.835      0.000 4
 766  778      0.531     -0.103      0.000 4
 772  769      0.532      0.556      0.000 4
 768  773      0.532     -0.481      0.000 4
 775  766      0.533     -0.703      0.000 4
 770  777      0.534      0.420      0.000 4
 774  775      0.536     -0.572      0.000 4
 777  771      0.537     -0.713      0.000 4
 767  779      0.538      0.179      0.000 4
 778  767      0.539      0.996      0.000 4
 779  770      0.541      0.951      0.000 4
 784  772      0.542     -0.971      0.000 4
 782  774      0.543      0.872      0.000 4
 771  782      0.543      0.044      0.000 4
 776  784      0.549     -0.202      0.000 4
 785  780      0.551      0.577      0.000 4
 786  783      0.555     -0.544      0.000 4
 781  785      0.556     -0.365      0.000 4
 789  781      0.558      0.801      0.000 4
 780  790      0.559     -0.181      0.000 4
 783  789      0.559     -0.232      0.000 4
 788  786      0.564     -0.528      0.000 4
 790  788      0.566     -0.536      0.000 4
 792  787      0.569     -0.635      0.000 4
 791  795      0.572      0.434      0.000 4
 787  796      0.572     -0.073      0.000 4
 793  791      0.572      0.645      0.000 4
 794  794      0.574      0.595      0.000 4
 795  792      0.574     -0.672      0.000 4
 797  793      0.577      0.737      0.000 4
 796  797      0.582      0.442      0.000 4
 798  799      0.590     -0.290      0.000 4
 802  798      0.596     -0.560      0.000 4
  -1   -2      0.599     -0.291      0.000 4
 799  802      0.601      0.041      0.000 4
 801  803      0.603     -0.058      0.000 4
 803  808      0.611     -0.121      0.000 4
 804  807      0.614      0.246      0.000 4
 808  801      0.614     -0.822      0.000 4
 806  804      0.617     -0.581      0.000 4
 805  812      0.619     -0.163      0.000 4
 807  810      0.624      0.398      0.000 4
 813  806      0.625     -0.778      0.000 4
 815  805      0.626     -0.990      0.000 4
 811  813      0.628     -0.554      0.000 4
 810  819      0.631      0.044      0.000 4
 809  820      0.631      0.032      0.000 4
 814  814      0.631     -0.601      0.000 4
 817  809      0.634      0.929      0.000 4
 818  811      0.635      0.913      0.000 4
 816  815      0.635      0.605      0.000 4
 812  821      0.636     -0.315      0.000 4
 820  817      0.644     -0.760      0.000 4
 823  816      0.644     -0.898      0.000 4
 824  818      0.647      0.856      0.000 4
 819  824      0.648     -0.421      0.000 4
 822  822      0.649      0.628      0.000 4
 827  823      0.653      0.835      0.000 4
 826  826      0.657      0.565      0.000 4
 821  827      0.659      0.143      0.000 4
 828  825      0.662     -0.991      0.000 4
 825  828      0.663      0.018      0.000 4
 829  831      0.675      0.295      0.000 4
 831  829      0.677     -0.556      0.000 4
 833  830      0.682      0.698      0.000 4
 830  833      0.682      0.199      0.000 4
 832  836      0.689     -0.193      0.000 4
 835  834      0.691      0.402      0.000 4
 838  832      0.692      0.701      0.000 4
 834  842      0.696      0.113      0.000 4
 836  844      0.698     -0.139      0.000 4
 843  835      0.699     -0.687      0.000 4
 841  839      0.700      0.439      0.000 4
 842  838      0.700     -0.987      0.000 4
 837  846      0.702      0.083      0.000 4
 845  837      0.702      0.643      0.000 4
 839  847      0.703     -0.167      0.000 4
 840  850      0.705      0.102      0.000 4
 846  845      0.707      0.433      0.000 4
 848  840      0.708     -0.884      0.000 4
 849  841      0.710      0.872      0.000 4
 851  843      0.711      0.774      0.000 4
 844  853      0.711     -0.215      0.000 4
 850  849      0.714     -0.628      0.000 4
 847  852      0.717      0.459      0.000 4
 856  848      0.718     -0.890      0.000 4
 853  856      0.722     -0.412      0.000 4
 855  854      0.722      0.611      0.000 4
 858  851      0.722     -0.872      0.000 4
 852  860      0.725      0.060      0.000 4
 854  859      0.725      0.228      0.000 4
 860  855      0.727      0.932      0.000 4
 859  857      0.729      0.573      0.000 4
 862  858      0.732      0.695      0.000 4
 857  863      0.733     -0.105      0.000 4
 861  865      0.740     -0.174      0.000 4
 866  861      0.741      0.949      0.000 4
 864  862      0.742     -0.700      0.000 4
 863  866      0.745     -0.475      0.000 4
 870  864      0.749      0.739      0.000 4
 871  867      0.751     -0.649      0.000 4
 865  869      0.752      0.206      0.000 4
 868  872      0.753     -0.323      0.000 4
 867  874      0.755      0.105      0.000 4
 869  876      0.759      0.069      0.000 4
 873  875      0.759     -0.413      0.000 4
 874  871      0.760     -0.660      0.000 4
 876  868      0.761     -0.887      0.000 4
 872  878      0.762     -0.075      0.000 4
 877  870      0.763      0.801      0.000 4
 875  873      0.763      0.688      0.000 4
 880  877      0.771      0.736      0.000 4
 879  880      0.772     -0.360      0.000 4
 878  885      0.775      0.032      0.000 4
 883  879      0.777     -0.833      0.000 4
 881  886      0.781      0.246      0.000 4
 884  881      0.782      0.836      0.000 4
 889  882      0.784     -0.909      0.000 4
 888  883      0.784     -0.799      0.000 4
  -1   -2      0.786      0.257      0.000 4
 891  884      0.786     -0.849      0.000 4
 885  888      0.789      0.401      0.000 4
 887  891      0.793     -0.190      0.000 4
 886  892      0.794     -0.064      0.000 4
 894  889      0.796      0.866      0.000 4
 892  890      0.797      0.676      0.000 4
 890  898      0.797      0.018      0.000 4
 893  895      0.800      0.445      0.000 4
 895  893      0.800     -0.597      0.000 4
  -1   -2      0.801     -0.610      0.000 4
 898  896      0.805     -0.768      0.000 4
 902  897      0.806     -0.842      0.000 4
 897  904      0.808     -0.246      0.000 4
 899  901      0.810     -0.454      0.000 4
 903  899      0.811      0.633      0.000 4
 901  902      0.811      0.465      0.000 4
 900  903      0.811     -0.477      0.000 4
 904  908      0.815      0.365      0.000 4
 909  900      0.815     -0.844      0.000 4
 905  909      0.816      0.333      0.000 4
 910  905      0.817     -0.749      0.000 4
 906  910      0.820      0.197      0.000 4
 912  906      0.819     -0.926      0.000 4
 911  907      0.821      0.784      0.000 4
 907  911      0.821     -0.029      0.000 4
 908  913      0.824      0.008      0.000 4
 913  914      0.828     -0.391      0.000 4
 915  912      0.829      0.542      0.000 4
 914  917      0.831      0.019      0.000 4
 916  916      0.836      0.491      0.000 4
 919  915      0.838      0.955      0.000 4
 923  918      0.841      0.846      0.000 4
 918  924      0.841     -0.255      0.000 4
 922  920      0.843      0.566      0.000 4
 917  925      0.843      0.243      0.000 4
 925  919      0.844      0.745      0.000 4
 926  921      0.845     -0.742      0.000 4
 920  927      0.846     -0.019      0.000 4
 924  926      0.846     -0.461      0.000 4
 927  922      0.847     -0.933      0.000 4
 928  923      0.849      0.887      0.000 4
 929  929      0.855      0.339      0.000 4
 930  928      0.856      0.628      0.000 4
 931  930      0.861      0.865      0.000 4
 932  931      0.865      0.689      0.000 4
 934   -2      0.868      0.996      0.000 4
 936  932      0.870      0.935      0.000 4
 933  934      0.872      0.277      0.000 4
 935  936      0.874     -0.040      0.000 4
 939  933      0.876      0.809      0.000 4
  -1   -2      0.877      0.285      0.000 4
  -1   -2      0.878      0.651      0.000 4
 938  941      0.879      0.148      0.000 4
 942  937      0.881      0.868      0.000 4
 944  939      0.881     -0.759      0.000 4
 941  940      0.882      0.640      0.000 4
 945  942      0.886      0.558      0.000 4
 943  945      0.887     -0.105      0.000 4
 946  943      0.888     -0.479      0.000 4
 948  944      0.889      0.404      0.000 4
 947  947      0.891      0.025      0.000 4
 952  946      0.892     -0.668      0.000 4
 949  948      0.893      0.262      0.000 4
 950  952      0.895     -0.230      0.000 4
 954  949      0.896      0.524      0.000 4
 951  953      0.896     -0.049      0.000 4
 955  950      0.897     -0.650      0.000 4
 956  951      0.898      0.617      0.000 4
 953  954      0.898      0.056      0.000 4
 958  956      0.906     -0.588      0.000 4
 957  958      0.907     -0.468      0.000 4
 961  955      0.908      0.837      0.000 4
 960  957      0.907     -0.656      0.000 4
 959  959      0.909     -0.367      0.000 4
 962  960      0.911      0.264      0.000 4
 963  962      0.923     -0.180      0.000 4
 964  961      0.925     -0.676      0.000 4
 965  963      0.927      0.465      0.000 4
 966  965      0.928     -0.335      0.000 4
 968  966      0.928     -0.298      0.000 4
 967  968      0.929     -0.140      0.000 4
 969  964      0.931     -0.927      0.000 4
 970  967      0.932     -0.944      0.000 4
 971  969      0.933     -0.885      0.000 4
 972  970      0.935     -0.542      0.000 4
 973  971      0.938     -0.972      0.000 4
 974  973      0.947      0.218      0.000 4
 975  972      0.948      0.451      0.000 4
 976  974      0.949     -0.987      0.000 4
 978  975      0.957      0.909      0.000 4
 977  976      0.957      0.848      0.000 4
 979  977      0.958      0.986      0.000 4
 980  978      0.959     -0.515      0.000 4
 981  979      0.960      0.722      0.000 4
 982  980      0.962     -0.827      0.000 4
 983  981      0.966     -0.185      0.000 4
 984  982      0.970     -0.671      0.000 4
 985  983      0.972      0.421      0.000 4
 986  985      0.973     -0.604      0.000 4
 987  984      0.974      0.803      0.000 4
 988  987      0.979      0.016      0.000 4
 989  986      0.980      0.386      0.000 4
 991  988      0.980     -0.436      0.000 4
 990  989      0.980     -0.297      0.000 4
  -1   -2      0.988      0.333      0.000 4
 995  990      0.988      0.662      0.000 4
 993  993      0.988      0.134      0.000 4
 994  992      0.989      0.324      0.000 4
 996  995      0.991      0.573      0.000 4
 997  994      0.990     -0.850      0.000 4
 999  996      0.993      0.955      0.000 4
 998  997      0.993      0.698      0.000 4
1000  998      0.992     -0.763      0.000 4
