999
   0    1     -0.997      0.244      0.000 4
   1    2     -0.996      0.052      0.000 4
   2    3     -0.993     -0.141      0.000 4
   3    4     -0.989     -0.247      0.000 4
   4    5     -0.989     -0.049      0.000 4
   5    6     -0.989      0.452      0.000 4
   7    7     -0.988     -0.549      0.000 4
   6    8     -0.989      0.952      0.000 4
   8   12     -0.989      0.701      0.000 4
  10    9     -0.987     -0.799      0.000 4
  -1   10     -0.987     -0.299      0.000 4
  13   11     -0.987      0.201      0.000 4
   9   13     -0.988      0.780      0.000 4
  11   14     -0.986     -0.786      0.000 4
  -1   -2     -0.987      0.787      0.000 4
  14   16     -0.986     -0.312      0.000 4
  15   17     -0.982      0.295      0.000 4
  16   18     -0.978     -0.208      0.000 4
  17   19     -0.974     -0.015      0.000 4
  18   22     -0.973      0.617      0.000 4
  20   20     -0.972     -0.217      0.000 4
  19   21     -0.972      0.416      0.000 4
  21   23     -0.971      0.390      0.000 4
  22   24     -0.967     -0.497      0.000 4
  25   25     -0.965     -0.122      0.000 4
  23   27     -0.965      0.720      0.000 4
  26   26     -0.964     -0.243      0.000 4
  24   28     -0.965      0.967      0.000 4
  27   30     -0.960     -0.979      0.000 4
  28   29     -0.960     -0.466      0.000 4
  30   31     -0.958      0.217      0.000 4
  29   32     -0.958      0.631      0.000 4
  31   33     -0.950      0.118      0.000 4
  34   34     -0.947      0.211      0.000 4
  32   35     -0.946     -0.683      0.000 4
  35   36     -0.945     -0.311      0.000 4
  33   37     -0.945      0.849      0.000 4
  36   40     -0.941      0.609      0.000 4
  37   38     -0.941      0.463      0.000 4
  40   39     -0.940      0.232      0.000 4
  38   42     -0.937     -0.725      0.000 4
  41   41     -0.937      0.353      0.000 4
  39   44     -0.937      0.746      0.000 4
  42   43     -0.936      0.521      0.000 4
  44   45     -0.931      0.414      0.000 4
  46   46     -0.929     -0.191      0.000 4
  43   47     -0.928     -0.939      0.000 4
  45   48     -0.927     -0.755      0.000 4
  49   49     -0.919     -0.238      0.000 4
  47   50     -0.919      0.787      0.000 4
  48   52     -0.915     -0.939      0.000 4
  52   51     -0.911     -0.268      0.000 4
  50   55     -0.912      0.947      0.000 4
  51   56     -0.909      0.690      0.000 4
  54   53     -0.908     -0.033      0.000 4
  55   54     -0.907      0.096      0.000 4
  53   57     -0.906     -0.553      0.000 4
  56   58     -0.904      0.202      0.000 4
  58   59     -0.900     -0.196      0.000 4
  57   60     -0.900      0.472      0.000 4
  59   62     -0.895     -0.361      0.000 4
  60   61     -0.895     -0.293      0.000 4
  62   63     -0.894      0.049      0.000 4
  61   66     -0.891     -0.519      0.000 4
  65   64     -0.891     -0.001      0.000 4
  66   65     -0.890     -0.148      0.000 4
  64   68     -0.889      0.529      0.000 4
  63   71     -0.886     -0.710      0.000 4
  70   67     -0.886     -0.101      0.000 4
  67   73     -0.886      0.676      0.000 4
  68   74     -0.884      0.662      0.000 4
  71   69     -0.884      0.234      0.000 4
  73   70     -0.883      0.156      0.000 4
  69   75     -0.881     -0.675      0.000 4
  74   72     -0.880     -0.071      0.000 4
  76   76     -0.876     -0.196      0.000 4
  72   78     -0.875     -0.927      0.000 4
  75   79     -0.873      0.596      0.000 4
  80   77     -0.869      0.170      0.000 4
  79   80     -0.869      0.316      0.000 4
  77   82     -0.869      0.929      0.000 4
  78   84     -0.866      0.634      0.000 4
  81   81     -0.863     -0.364      0.000 4
  82   83     -0.862      0.270      0.000 4
  84   85     -0.857     -0.203      0.000 4
  83   87     -0.855     -0.747      0.000 4
  86   86     -0.850      0.298      0.000 4
  85   90     -0.850      0.827      0.000 4
  88   88     -0.847      0.003      0.000 4
  91   89     -0.843      0.134      0.000 4
  89   91     -0.841     -0.582      0.000 4
  87   93     -0.838     -0.885      0.000 4
  92   92     -0.837     -0.372      0.000 4
  90   94     -0.836     -0.850      0.000 4
  93   96     -0.832      0.660      0.000 4
  94   99     -0.829     -0.742      0.000 4
  95  100     -0.829      0.863      0.000 4
  99   97     -0.828      0.410      0.000 4
 101   95     -0.826     -0.269      0.000 4
  97  103     -0.824      0.719      0.000 4
  96  104     -0.822     -0.987      0.000 4
 104   98     -0.822     -0.051      0.000 4
  98  105     -0.820     -0.929      0.000 4
 107  102     -0.815     -0.196      0.000 4
 102  107     -0.815      0.895      0.000 4
 106  106     -0.812     -0.440      0.000 4
 103  109     -0.811     -0.880      0.000 4
 105  108     -0.811      0.566      0.000 4
 108  117     -0.803      0.685      0.000 4
 110  110     -0.802     -0.448      0.000 4
 109  115     -0.802      0.530      0.000 4
 112  112     -0.799     -0.316      0.000 4
 111  116     -0.798     -0.988      0.000 4
 115  111     -0.798      0.139      0.000 4
 113  114     -0.798     -0.280      0.000 4
 116  113     -0.796      0.101      0.000 4
 118  118     -0.789     -0.189      0.000 4
 114  120     -0.786     -0.941      0.000 4
 117  119     -0.783      0.591      0.000 4
 120  121     -0.770      0.226      0.000 4
 122  122     -0.768     -0.256      0.000 4
 119  123     -0.766      0.575      0.000 4
 121  126     -0.761     -0.628      0.000 4
 124  124     -0.759     -0.471      0.000 4
 129  125     -0.756     -0.318      0.000 4
 123  132     -0.754     -0.852      0.000 4
 128  128     -0.755      0.370      0.000 4
 127  129     -0.754     -0.503      0.000 4
 132  127     -0.753     -0.233      0.000 4
 125  131     -0.753      0.597      0.000 4
 130  130     -0.752      0.486      0.000 4
 126  138     -0.747     -0.966      0.000 4
 134  134     -0.746     -0.524      0.000 4
 131  137     -0.746      0.735      0.000 4
 133  135     -0.745      0.556      0.000 4
 140  133     -0.741     -0.193      0.000 4
 135  140     -0.738      0.528      0.000 4
 138  141     -0.737     -0.555      0.000 4
 139  139     -0.737      0.476      0.000 4
 136  143     -0.736      0.589      0.000 4
 143  136     -0.735      0.040      0.000 4
 142  142     -0.733      0.322      0.000 4
 137  149     -0.730     -0.883      0.000 4
 144  146     -0.726     -0.451      0.000 4
 141  152     -0.726      0.809      0.000 4
 148  144     -0.725      0.066      0.000 4
 147  145     -0.725      0.198      0.000 4
 149  147     -0.721     -0.244      0.000 4
 150  151     -0.718     -0.359      0.000 4
 151  150     -0.717      0.165      0.000 4
 153  148     -0.717      0.041      0.000 4
 145  155     -0.715     -0.995      0.000 4
 146  157     -0.713     -0.830      0.000 4
 155  153     -0.712     -0.215      0.000 4
 152  156     -0.709     -0.567      0.000 4
 156  154     -0.708      0.263      0.000 4
 154  158     -0.706      0.527      0.000 4
 157  159     -0.696     -0.430      0.000 4
 164  160     -0.689     -0.088      0.000 4
 159  165     -0.688      0.699      0.000 4
 163  162     -0.687      0.228      0.000 4
 167  161     -0.686      0.030      0.000 4
 158  168     -0.684     -0.854      0.000 4
 160  169     -0.684      0.930      0.000 4
 169  163     -0.683      0.069      0.000 4
 170  164     -0.681     -0.057      0.000 4
 161  171     -0.681     -0.901      0.000 4
 166  166     -0.681     -0.520      0.000 4
 162  170     -0.679     -0.758      0.000 4
 165  167     -0.680      0.548      0.000 4
 168  173     -0.672     -0.715      0.000 4
 172  172     -0.664     -0.149      0.000 4
 171  176     -0.664      0.969      0.000 4
 173  174     -0.662      0.275      0.000 4
 178  175     -0.651     -0.203      0.000 4
 174  178     -0.652      0.624      0.000 4
 175  179     -0.651      0.592      0.000 4
 179  177     -0.647      0.335      0.000 4
 176  182     -0.645      0.641      0.000 4
 180  180     -0.643     -0.452      0.000 4
 177  188     -0.637      0.881      0.000 4
 182  185     -0.637      0.621      0.000 4
 181  187     -0.636      0.686      0.000 4
 185  181     -0.634     -0.027      0.000 4
 184  186     -0.631      0.513      0.000 4
 183  190     -0.628     -0.982      0.000 4
 186  183     -0.627      0.017      0.000 4
 187  184     -0.626     -0.178      0.000 4
 194  189     -0.616     -0.079      0.000 4
 189  192     -0.614     -0.592      0.000 4
 192  193     -0.611      0.591      0.000 4
 188  195     -0.610      0.825      0.000 4
 190  194     -0.609      0.720      0.000 4
  -1  196     -0.607     -0.042      0.000 4
 191  197     -0.606      0.894      0.000 4
 193  199     -0.602      0.796      0.000 4
 195  198     -0.600     -0.744      0.000 4
 197  200     -0.596      0.580      0.000 4
 196  202     -0.593     -0.816      0.000 4
 200  209     -0.592     -0.041      0.000 4
  -1   -2     -0.591     -0.742      0.000 4
 198  206     -0.591      0.855      0.000 4
 203  201     -0.587      0.285      0.000 4
 201  205     -0.585      0.545      0.000 4
 204  208     -0.580      0.538      0.000 4
 208  204     -0.578     -0.172      0.000 4
 205  210     -0.576      0.497      0.000 4
 212  207     -0.572     -0.183      0.000 4
 207  211     -0.571      0.489      0.000 4
 209  213     -0.569      0.465      0.000 4
 202   -2     -0.568     -0.038      0.000 4
 210  216     -0.567      0.528      0.000 4
 206  220     -0.567      0.739      0.000 4
 213  217     -0.563     -0.488      0.000 4
 219  212     -0.563     -0.219      0.000 4
 221  214     -0.559     -0.168      0.000 4
  -1  215     -0.559     -0.214      0.000 4
 211  226     -0.558      0.932      0.000 4
 217  222     -0.555     -0.625      0.000 4
 214  225     -0.554     -0.726      0.000 4
 224  218     -0.555     -0.033      0.000 4
 223  219     -0.554      0.178      0.000 4
 215  227     -0.553     -0.765      0.000 4
 220  221     -0.552     -0.531      0.000 4
 222  224     -0.549     -0.988      0.000 4
 218  231     -0.547      0.825      0.000 4
 227  223     -0.546      0.308      0.000 4
 226  229     -0.542     -0.496      0.000 4
 225  236     -0.538      0.702      0.000 4
 237  228     -0.537      0.084      0.000 4
 228  235     -0.535     -0.620      0.000 4
 233  233     -0.533      0.419      0.000 4
 240  230     -0.532     -0.056      0.000 4
 229  241     -0.531     -0.662      0.000 4
 231  243     -0.529      0.662      0.000 4
 230  245     -0.528     -0.749      0.000 4
  -1   -2     -0.528      0.013      0.000 4
 238  240     -0.528     -0.467      0.000 4
 234  244     -0.527      0.645      0.000 4
 243  234     -0.526      0.158      0.000 4
 241  239     -0.525     -0.378      0.000 4
 232  247     -0.525      0.794      0.000 4
 245  237     -0.523     -0.143      0.000 4
 236  248     -0.522     -0.792      0.000 4
 235  249     -0.522      0.830      0.000 4
 246  238     -0.521      0.018      0.000 4
 248  242     -0.519      0.139      0.000 4
 239  252     -0.516      0.871      0.000 4
 247  246     -0.515      0.343      0.000 4
 244  250     -0.515      0.593      0.000 4
 249  255     -0.506      0.600      0.000 4
 253  251     -0.504     -0.240      0.000 4
 257  253     -0.498     -0.102      0.000 4
 250  258     -0.499      0.805      0.000 4
 254  256     -0.498      0.421      0.000 4
 251  260     -0.498      0.840      0.000 4
 258  254     -0.498     -0.094      0.000 4
 252  261     -0.496      0.782      0.000 4
 262  257     -0.488     -0.299      0.000 4
 256  263     -0.487     -0.716      0.000 4
 255  265     -0.485      0.915      0.000 4
 266  259     -0.483     -0.226      0.000 4
 263  262     -0.483      0.438      0.000 4
 259  266     -0.482      0.720      0.000 4
 261  264     -0.481     -0.590      0.000 4
 260  268     -0.478      0.905      0.000 4
 264  267     -0.477      0.650      0.000 4
 265  273     -0.469     -0.912      0.000 4
 269  271     -0.468      0.611      0.000 4
 268  272     -0.468      0.712      0.000 4
 267  274     -0.467     -0.842      0.000 4
 274  269     -0.466      0.369      0.000 4
 276  270     -0.461     -0.301      0.000 4
 272  278     -0.461      0.703      0.000 4
 273  276     -0.461      0.570      0.000 4
 270  279     -0.460      0.990      0.000 4
 271  281     -0.457     -0.984      0.000 4
  -1   -2     -0.451      0.702      0.000 4
 281  275     -0.450     -0.059      0.000 4
 282  277     -0.449     -0.096      0.000 4
 278  286     -0.447      0.560      0.000 4
 277  287     -0.444      0.713      0.000 4
 283  282     -0.443     -0.364      0.000 4
 285  280     -0.442      0.122      0.000 4
 284  283     -0.441      0.251      0.000 4
 287  284     -0.440     -0.235      0.000 4
 279  290     -0.439     -0.893      0.000 4
 280  292     -0.438      0.987      0.000 4
 288  288     -0.434     -0.402      0.000 4
 286  293     -0.429     -0.715      0.000 4
 293  289     -0.427      0.119      0.000 4
 291  291     -0.426      0.297      0.000 4
 292  294     -0.422     -0.440      0.000 4
 289  301     -0.421      0.997      0.000 4
 294  296     -0.416      0.460      0.000 4
 295  297     -0.414     -0.492      0.000 4
 290  305     -0.413      0.942      0.000 4
 304  295     -0.409     -0.015      0.000 4
 300  302     -0.408      0.463      0.000 4
 306  298     -0.408      0.125      0.000 4
 299  306     -0.406     -0.614      0.000 4
 307  299     -0.406      0.167      0.000 4
 309  300     -0.405      0.080      0.000 4
 296  312     -0.405      0.923      0.000 4
 297  311     -0.404     -0.835      0.000 4
 298  313     -0.403      0.792      0.000 4
 301  309     -0.402     -0.710      0.000 4
 302  314     -0.401      0.724      0.000 4
 310  303     -0.400      0.140      0.000 4
 303  310     -0.399      0.551      0.000 4
 312  304     -0.397     -0.047      0.000 4
 305  318     -0.395      0.744      0.000 4
 313  307     -0.393     -0.236      0.000 4
 316  308     -0.390     -0.116      0.000 4
 308  319     -0.389      0.952      0.000 4
 314  317     -0.388      0.337      0.000 4
 315  316     -0.388      0.251      0.000 4
 319  315     -0.387      0.127      0.000 4
 311  321     -0.384      0.749      0.000 4
 317  320     -0.380     -0.567      0.000 4
 318  323     -0.374      0.804      0.000 4
 321  322     -0.372      0.591      0.000 4
 320  327     -0.371      0.948      0.000 4
 323  324     -0.368      0.576      0.000 4
 322  328     -0.366     -0.752      0.000 4
 326  325     -0.362      0.289      0.000 4
 325  329     -0.361     -0.664      0.000 4
 324  330     -0.360     -0.993      0.000 4
 329  326     -0.357     -0.197      0.000 4
 327  331     -0.350      0.677      0.000 4
 328  334     -0.345      0.921      0.000 4
 330  335     -0.342      0.741      0.000 4
 331  336     -0.340     -0.779      0.000 4
 333  333     -0.339     -0.538      0.000 4
 332  338     -0.339      0.778      0.000 4
 338  332     -0.333      0.043      0.000 4
 334  340     -0.329      0.857      0.000 4
 335  341     -0.327     -0.801      0.000 4
 341  337     -0.326     -0.048      0.000 4
 336  343     -0.325     -0.888      0.000 4
 340  339     -0.323      0.404      0.000 4
 337  345     -0.321      0.978      0.000 4
 342  344     -0.317      0.471      0.000 4
 339  347     -0.314     -0.832      0.000 4
 343  342     -0.313     -0.208      0.000 4
 344  349     -0.306      0.454      0.000 4
 347  346     -0.306      0.137      0.000 4
 345  348     -0.305     -0.419      0.000 4
 346  357     -0.299      0.691      0.000 4
 348  351     -0.298     -0.988      0.000 4
 349  354     -0.297     -0.557      0.000 4
 352  352     -0.295      0.297      0.000 4
 355  350     -0.293     -0.053      0.000 4
 351  360     -0.291      0.489      0.000 4
 356  355     -0.291     -0.270      0.000 4
 350  364     -0.290      0.869      0.000 4
 359  353     -0.289     -0.036      0.000 4
 361  356     -0.289     -0.120      0.000 4
 357  361     -0.288      0.363      0.000 4
 358  359     -0.288     -0.286      0.000 4
 363  358     -0.288     -0.095      0.000 4
 353  363     -0.288      0.629      0.000 4
 354  362     -0.287     -0.601      0.000 4
 360  367     -0.282     -0.546      0.000 4
 362  368     -0.282      0.492      0.000 4
 365  365     -0.280     -0.375      0.000 4
 367  366     -0.278     -0.220      0.000 4
 364  372     -0.275      0.820      0.000 4
 369  369     -0.274     -0.111      0.000 4
 366  371     -0.273     -0.586      0.000 4
 368  370     -0.271     -0.344      0.000 4
 370  374     -0.265     -0.615      0.000 4
 376  373     -0.262     -0.219      0.000 4
 371  379     -0.259     -0.871      0.000 4
 375  376     -0.259      0.549      0.000 4
 373  378     -0.259      0.635      0.000 4
 372  380     -0.256     -0.899      0.000 4
 377  375     -0.255     -0.359      0.000 4
 374  382     -0.254      0.933      0.000 4
 380  377     -0.251     -0.032      0.000 4
 379  383     -0.246     -0.535      0.000 4
 378  386     -0.244      0.986      0.000 4
 382  381     -0.244      0.104      0.000 4
 383  384     -0.240      0.305      0.000 4
 384  385     -0.237      0.326      0.000 4
 381  389     -0.235     -0.840      0.000 4
 385  387     -0.234     -0.319      0.000 4
 386  388     -0.231     -0.502      0.000 4
 389  390     -0.225      0.451      0.000 4
 387  391     -0.226      0.686      0.000 4
 388  392     -0.224      0.614      0.000 4
 390  394     -0.221      0.548      0.000 4
 391  393     -0.221     -0.503      0.000 4
  -1   -2     -0.212     -0.404      0.000 4
 392  399     -0.211      0.966      0.000 4
 394  396     -0.210     -0.412      0.000 4
 395  398     -0.208     -0.468      0.000 4
 396  400     -0.205      0.529      0.000 4
 398  397     -0.205      0.109      0.000 4
 397  401     -0.200      0.669      0.000 4
 403  402     -0.186     -0.041      0.000 4
 400  404     -0.184     -0.603      0.000 4
 399  411     -0.184      0.964      0.000 4
 401  408     -0.183      0.595      0.000 4
  -1  405     -0.181      0.328      0.000 4
 404  406     -0.181      0.405      0.000 4
 405   -2     -0.180      0.335      0.000 4
 402  412     -0.180      0.741      0.000 4
 408  410     -0.179     -0.398      0.000 4
 411  407     -0.178      0.159      0.000 4
 412  409     -0.177      0.142      0.000 4
 406  414     -0.177     -0.694      0.000 4
 409  416     -0.172      0.831      0.000 4
 416  413     -0.172     -0.187      0.000 4
 410  418     -0.172      0.898      0.000 4
 413  420     -0.169      0.772      0.000 4
 414  419     -0.168      0.564      0.000 4
 415  421     -0.167     -0.640      0.000 4
 420  415     -0.167     -0.162      0.000 4
 422  417     -0.165      0.125      0.000 4
 418  424     -0.164     -0.585      0.000 4
 421  422     -0.164     -0.377      0.000 4
 419  423     -0.164     -0.512      0.000 4
 417  427     -0.162     -0.980      0.000 4
 423  428     -0.160      0.620      0.000 4
 424  425     -0.160     -0.236      0.000 4
 425  426     -0.157     -0.218      0.000 4
 426  429     -0.148      0.339      0.000 4
 427  430     -0.140     -0.276      0.000 4
 428  432     -0.135     -0.771      0.000 4
 432  431     -0.134      0.215      0.000 4
 430  433     -0.133      0.693      0.000 4
 429  434     -0.133      0.776      0.000 4
 431  435     -0.131      0.798      0.000 4
 433  438     -0.126     -0.863      0.000 4
 437  436     -0.126     -0.211      0.000 4
 438  437     -0.125     -0.139      0.000 4
 435  439     -0.124      0.515      0.000 4
 434  441     -0.124      0.957      0.000 4
 436  442     -0.121     -0.778      0.000 4
 439  440     -0.119      0.155      0.000 4
 441  443     -0.113      0.000      0.000 4
 442  444     -0.113     -0.047      0.000 4
 440  445     -0.112      0.715      0.000 4
 443  446     -0.110     -0.528      0.000 4
 444  447     -0.108     -0.459      0.000 4
  -1   -2     -0.105      0.442      0.000 4
 446  450     -0.105      0.454      0.000 4
 448  449     -0.104      0.339      0.000 4
 447  452     -0.103      0.671      0.000 4
 449  451     -0.102     -0.401      0.000 4
 450  453     -0.094     -0.258      0.000 4
 451  454     -0.082     -0.018      0.000 4
 452  455     -0.080     -0.514      0.000 4
 453  456     -0.076     -0.441      0.000 4
 457  457     -0.071     -0.181      0.000 4
 454  461     -0.071      0.909      0.000 4
 455  459     -0.070      0.540      0.000 4
 460  458     -0.070      0.194      0.000 4
 459  460     -0.069     -0.347      0.000 4
 456  463     -0.069      0.794      0.000 4
 458  462     -0.069     -0.559      0.000 4
 461  464     -0.064      0.338      0.000 4
 462  465     -0.062      0.418      0.000 4
 463  466     -0.060      0.969      0.000 4
 465  467     -0.057     -0.047      0.000 4
 464  468     -0.056     -0.879      0.000 4
 466  469     -0.054     -0.372      0.000 4
 467  472     -0.052     -0.898      0.000 4
 468  473     -0.051     -0.695      0.000 4
 469  470     -0.051      0.046      0.000 4
 470  471     -0.051      0.033      0.000 4
 471  475     -0.050     -0.972      0.000 4
 473  474     -0.050     -0.074      0.000 4
 474  476     -0.049     -0.988      0.000 4
 475  477     -0.049      0.401      0.000 4
 472  478     -0.049     -0.719      0.000 4
 476  479     -0.048     -0.404      0.000 4
 477  480     -0.048     -0.503      0.000 4
 479  481     -0.047      0.274      0.000 4
 478  482     -0.046      0.702      0.000 4
 480  483     -0.042     -0.588      0.000 4
 481  484     -0.040      0.173      0.000 4
 482  485     -0.037     -0.864      0.000 4
 483  486     -0.036      0.478      0.000 4
 484  488     -0.036      0.895      0.000 4
 485  487     -0.036      0.312      0.000 4
 486  489     -0.034      0.064      0.000 4
 487  490     -0.033     -0.402      0.000 4
 488  491     -0.033      0.703      0.000 4
 489  492     -0.031     -0.781      0.000 4
 490  493     -0.031      0.199      0.000 4
 491  494     -0.030     -0.226      0.000 4
 493  496     -0.030     -0.482      0.000 4
 492  495     -0.029      0.793      0.000 4
 494  497     -0.028      0.934      0.000 4
 495  498     -0.028      0.094      0.000 4
 496  499     -0.024      0.121      0.000 4
 497  500     -0.022     -0.594      0.000 4
 498  501     -0.022      0.011      0.000 4
 499  502     -0.021     -0.371      0.000 4
 500  503     -0.021     -0.456      0.000 4
 501  504     -0.020      0.585      0.000 4
 502  505     -0.018     -0.404      0.000 4
 503  506     -0.016     -0.652      0.000 4
 505  507     -0.015      0.970      0.000 4
  -1   -2     -0.014     -0.451      0.000 4
 506  509     -0.013     -0.554      0.000 4
 507  510     -0.013     -0.582      0.000 4
 508  511     -0.012      0.211      0.000 4
 510  512      0.007     -0.339      0.000 4
 509  514      0.007      0.036      0.000 4
 511  513      0.009      0.746      0.000 4
 513  515      0.011     -0.658      0.000 4
 515  516      0.011      0.676      0.000 4
 514  517      0.011      0.467      0.000 4
 512  518      0.012     -0.197      0.000 4
 516  519      0.014      0.197      0.000 4
 517  520      0.017      0.664      0.000 4
 518  521      0.017     -0.638      0.000 4
 519  522      0.025     -0.293      0.000 4
 521  523      0.029      0.487      0.000 4
 520  524      0.029      0.047      0.000 4
 522  526      0.033     -0.097      0.000 4
 525  525      0.034     -0.953      0.000 4
 523  528      0.035     -0.079      0.000 4
 524  527      0.035     -0.168      0.000 4
 527  529      0.041     -0.745      0.000 4
 526  530      0.041      0.106      0.000 4
 528  532      0.047     -0.436      0.000 4
 531  531      0.048     -0.632      0.000 4
 530  535      0.049      0.296      0.000 4
 529  536      0.050     -0.169      0.000 4
 532  537      0.051      0.073      0.000 4
 533  533      0.051      0.849      0.000 4
 534  534      0.052     -0.901      0.000 4
 538  539      0.059     -0.822      0.000 4
 537  540      0.059      0.703      0.000 4
 535  542      0.059     -0.352      0.000 4
 540  538      0.060     -0.959      0.000 4
 536  543      0.060      0.138      0.000 4
 541  541      0.061      0.930      0.000 4
 539  545      0.064      0.260      0.000 4
 542  544      0.066      0.636      0.000 4
 546  546      0.073     -0.876      0.000 4
 545  547      0.073      0.618      0.000 4
 544  548      0.074     -0.547      0.000 4
 547  549      0.077      0.322      0.000 4
 543  551      0.077     -0.001      0.000 4
 548  550      0.083     -0.954      0.000 4
 549  552      0.089      0.813      0.000 4
 550  553      0.090     -0.848      0.000 4
 553  554      0.095     -0.961      0.000 4
 554  555      0.096      0.940      0.000 4
 551  558      0.097     -0.341      0.000 4
 556  557      0.100     -0.842      0.000 4
 557  556      0.100     -0.969      0.000 4
 552  560      0.101     -0.250      0.000 4
 559  559      0.104     -0.904      0.000 4
 555  563      0.105      0.041      0.000 4
 558  562      0.106     -0.361      0.000 4
 560  561      0.107      0.710      0.000 4
 562  566      0.113     -0.462      0.000 4
 561  568      0.113      0.177      0.000 4
 565  564      0.113      0.751      0.000 4
 563  567      0.115      0.465      0.000 4
 568  565      0.117      0.860      0.000 4
 566  569      0.118     -0.596      0.000 4
 564  572      0.119      0.154      0.000 4
 569  571      0.121     -0.504      0.000 4
 567  574      0.123      0.174      0.000 4
 571  570      0.124      0.849      0.000 4
 572  573      0.127     -0.920      0.000 4
 570  575      0.127     -0.438      0.000 4
 573  577      0.134     -0.423      0.000 4
 574  580      0.139      0.243      0.000 4
 578  576      0.140     -0.912      0.000 4
 575  581      0.144      0.041      0.000 4
 580  578      0.145      0.814      0.000 4
 582  579      0.146      0.948      0.000 4
 576  583      0.146     -0.047      0.000 4
 577  582      0.147     -0.150      0.000 4
 579  585      0.152     -0.171      0.000 4
 581  587      0.155      0.065      0.000 4
 585  584      0.156     -0.612      0.000 4
 584  586      0.157      0.475      0.000 4
 583  588      0.161     -0.045      0.000 4
  -1   -2      0.165     -0.440      0.000 4
 586  593      0.166     -0.160      0.000 4
 588  591      0.167      0.229      0.000 4
 590  590      0.168     -0.450      0.000 4
 587  595      0.168      0.011      0.000 4
 591  596      0.172      0.294      0.000 4
 595  592      0.173      0.623      0.000 4
 594  597      0.175      0.403      0.000 4
 592  598      0.175      0.329      0.000 4
 593  600      0.178      0.049      0.000 4
 597  594      0.179      0.973      0.000 4
 596  599      0.179     -0.399      0.000 4
 599  601      0.188      0.658      0.000 4
 598  602      0.191     -0.421      0.000 4
 600  603      0.193     -0.403      0.000 4
 602  605      0.198     -0.461      0.000 4
 601  610      0.198     -0.181      0.000 4
 604  604      0.199      0.505      0.000 4
 605  607      0.201     -0.987      0.000 4
 606  609      0.202     -0.574      0.000 4
 608  606      0.203      0.593      0.000 4
 603  615      0.203      0.097      0.000 4
 612  608      0.206     -0.798      0.000 4
 609  611      0.207     -0.542      0.000 4
 607  618      0.210      0.044      0.000 4
 616  612      0.213     -0.836      0.000 4
 615  614      0.213      0.757      0.000 4
 611  620      0.214      0.242      0.000 4
 617  617      0.214      0.706      0.000 4
 619  613      0.214     -0.961      0.000 4
 610  622      0.214     -0.030      0.000 4
 622  616      0.217      0.871      0.000 4
 613  623      0.218      0.331      0.000 4
 623  619      0.221      0.634      0.000 4
 614  626      0.223     -0.015      0.000 4
 624  624      0.224      0.500      0.000 4
 620  627      0.225     -0.312      0.000 4
 618  628      0.225     -0.266      0.000 4
 626  621      0.225     -0.787      0.000 4
 621  632      0.228     -0.139      0.000 4
 625  634      0.235      0.065      0.000 4
 627  631      0.235     -0.557      0.000 4
 631  625      0.236     -0.840      0.000 4
 630  629      0.237     -0.777      0.000 4
 628  633      0.240     -0.491      0.000 4
 629  635      0.248      0.129      0.000 4
 632  637      0.254     -0.192      0.000 4
 637  636      0.261     -0.696      0.000 4
 633  640      0.262      0.156      0.000 4
 634  639      0.262      0.344      0.000 4
 636  643      0.267      0.274      0.000 4
 641  638      0.268      0.856      0.000 4
 635  645      0.268      0.141      0.000 4
 638  647      0.273     -0.133      0.000 4
 640  646      0.273     -0.500      0.000 4
 643  641      0.275     -0.797      0.000 4
 639  651      0.276      0.068      0.000 4
 646  642      0.278     -0.994      0.000 4
 645  644      0.278      0.786      0.000 4
 647  648      0.283      0.596      0.000 4
 642  657      0.284      0.062      0.000 4
 650  650      0.284     -0.627      0.000 4
 648  653      0.286      0.473      0.000 4
 654  649      0.287      0.686      0.000 4
 644  658      0.287     -0.320      0.000 4
 651  652      0.287      0.537      0.000 4
 659  655      0.293     -0.790      0.000 4
 649  662      0.294     -0.080      0.000 4
 653  660      0.294     -0.370      0.000 4
 660  654      0.295      0.861      0.000 4
 663  656      0.298     -0.953      0.000 4
 652  664      0.298      0.035      0.000 4
  -1   -2      0.299      0.803      0.000 4
 655  665      0.299     -0.185      0.000 4
 656  667      0.300      0.109      0.000 4
 661  666      0.305      0.415      0.000 4
 658  668      0.305      0.166      0.000 4
 657  670      0.305     -0.099      0.000 4
 665  661      0.309     -0.982      0.000 4
 666  663      0.310      0.805      0.000 4
 664  671      0.312      0.430      0.000 4
 667  672      0.316     -0.588      0.000 4
 671  669      0.318     -0.733      0.000 4
 668  677      0.323      0.342      0.000 4
 669  676      0.323     -0.420      0.000 4
 673  674      0.325      0.557      0.000 4
 679  673      0.326      0.842      0.000 4
 676  675      0.327      0.608      0.000 4
 674  678      0.329      0.462      0.000 4
 672  679      0.330     -0.380      0.000 4
 670  682      0.330     -0.094      0.000 4
 675  686      0.338      0.003      0.000 4
 680  681      0.338     -0.544      0.000 4
 681  680      0.339     -0.562      0.000 4
 677  687      0.339     -0.220      0.000 4
 678  691      0.342     -0.019      0.000 4
 686  683      0.348      0.762      0.000 4
 682  697      0.350     -0.248      0.000 4
 687  685      0.350     -0.692      0.000 4
 691  684      0.351     -0.893      0.000 4
 683  698      0.351      0.251      0.000 4
 688  689      0.352     -0.659      0.000 4
 684  693      0.352      0.459      0.000 4
 690  688      0.352     -0.754      0.000 4
 692  690      0.354     -0.737      0.000 4
 689  699      0.359      0.446      0.000 4
 685  702      0.359     -0.292      0.000 4
 693  695      0.361     -0.820      0.000 4
 694  692      0.361      0.991      0.000 4
 695  694      0.361     -0.977      0.000 4
 696  696      0.364      0.945      0.000 4
 697  701      0.368     -0.717      0.000 4
 700  700      0.369      0.825      0.000 4
 698  705      0.376      0.415      0.000 4
 703  704      0.376     -0.767      0.000 4
 704  703      0.377      0.866      0.000 4
 699  707      0.380      0.329      0.000 4
 701  706      0.380     -0.431      0.000 4
 702  710      0.389     -0.077      0.000 4
 707  708      0.390      0.495      0.000 4
 705  713      0.394      0.146      0.000 4
 706  715      0.396      0.098      0.000 4
 709  711      0.397      0.458      0.000 4
 708  714      0.398      0.216      0.000 4
 711  709      0.399      0.687      0.000 4
 710  716      0.404     -0.272      0.000 4
 719  712      0.408      0.801      0.000 4
 712  717      0.410      0.374      0.000 4
 715  719      0.414     -0.381      0.000 4
 713  720      0.414      0.172      0.000 4
 714  723      0.417      0.040      0.000 4
 716  722      0.418      0.148      0.000 4
 722  718      0.420      0.626      0.000 4
 720  721      0.421      0.411      0.000 4
 717  726      0.421     -0.163      0.000 4
 718  729      0.425      0.027      0.000 4
 723  727      0.428     -0.448      0.000 4
 721  731      0.432      0.098      0.000 4
 725  728      0.432      0.433      0.000 4
 728  724      0.433     -0.712      0.000 4
 729  725      0.434     -0.702      0.000 4
 724  733      0.434      0.134      0.000 4
 727  730      0.437     -0.534      0.000 4
 726  737      0.445      0.073      0.000 4
 734  732      0.448      0.749      0.000 4
 732  736      0.448      0.304      0.000 4
 730  739      0.449      0.081      0.000 4
 731  742      0.450      0.006      0.000 4
 736  734      0.450     -0.987      0.000 4
 737  735      0.459     -0.839      0.000 4
 735  743      0.461      0.528      0.000 4
 740  738      0.466      0.934      0.000 4
 741  740      0.467      0.920      0.000 4
 742  741      0.468     -0.915      0.000 4
 739  744      0.472     -0.588      0.000 4
 744  745      0.481      0.668      0.000 4
 738  752      0.483      0.137      0.000 4
 747  747      0.485     -0.693      0.000 4
 746  749      0.487      0.573      0.000 4
 743  755      0.487     -0.193      0.000 4
 752  746      0.487     -0.805      0.000 4
 755  748      0.489      0.874      0.000 4
 753  751      0.492      0.601      0.000 4
 750  756      0.496      0.408      0.000 4
 758  750      0.496     -0.994      0.000 4
 748  759      0.496      0.311      0.000 4
 745  764      0.498      0.046      0.000 4
 757  754      0.499     -0.659      0.000 4
 754  758      0.499      0.433      0.000 4
 764  753      0.501      0.858      0.000 4
 749  765      0.501     -0.168      0.000 4
 756  761      0.503     -0.430      0.000 4
 751  766      0.503     -0.115      0.000 4
 763  757      0.504      0.627      0.000 4
 759  760      0.504     -0.590      0.000 4
 761  762      0.506     -0.547      0.000 4
 760  767      0.514      0.187      0.000 4
 766  763      0.514     -0.795      0.000 4
 762  768      0.517     -0.164      0.000 4
 765  769      0.519     -0.272      0.000 4
 767  771      0.528     -0.335      0.000 4
 768  774      0.532      0.138      0.000 4
 769  775      0.534     -0.076      0.000 4
 772  773      0.534      0.317      0.000 4
 773  770      0.536     -0.576      0.000 4
 770  776      0.537      0.050      0.000 4
 771  777      0.537      0.040      0.000 4
 774  778      0.544     -0.414      0.000 4
 780  772      0.546     -0.911      0.000 4
 777  780      0.550     -0.575      0.000 4
 776  782      0.551     -0.511      0.000 4
 779  781      0.552     -0.567      0.000 4
 775  789      0.555     -0.081      0.000 4
 784  779      0.556     -0.918      0.000 4
 782  784      0.559      0.665      0.000 4
 778  792      0.561     -0.131      0.000 4
 781  788      0.561      0.460      0.000 4
 785  786      0.562      0.690      0.000 4
 787  783      0.562      0.900      0.000 4
 783  787      0.563     -0.611      0.000 4
 791  785      0.565     -0.905      0.000 4
 789  791      0.570     -0.638      0.000 4
 793  790      0.572      0.759      0.000 4
 792  793      0.573     -0.661      0.000 4
 786  798      0.577      0.028      0.000 4
 788  799      0.579     -0.142      0.000 4
 797  794      0.582      0.948      0.000 4
 796  795      0.582      0.764      0.000 4
 790  801      0.583      0.073      0.000 4
 799  796      0.584      0.826      0.000 4
 795  797      0.586      0.491      0.000 4
 794  805      0.588      0.269      0.000 4
 798  800      0.590      0.504      0.000 4
 803  803      0.594     -0.620      0.000 4
 801  807      0.597      0.379      0.000 4
 805  804      0.598      0.643      0.000 4
 811  802      0.600      0.964      0.000 4
 800  811      0.601      0.005      0.000 4
 812  806      0.602     -0.757      0.000 4
 802  812      0.604     -0.202      0.000 4
 806  810      0.606      0.329      0.000 4
 804  814      0.609     -0.146      0.000 4
 808  813      0.610      0.239      0.000 4
 807  816      0.611     -0.133      0.000 4
 810  815      0.613      0.248      0.000 4
 814  809      0.613      0.724      0.000 4
 815  808      0.614     -0.920      0.000 4
 809  817      0.615      0.021      0.000 4
 813  821      0.626      0.132      0.000 4
 818  818      0.631      0.774      0.000 4
 816  820      0.631     -0.416      0.000 4
 821  819      0.640      0.811      0.000 4
 820  823      0.640     -0.645      0.000 4
 817  831      0.642     -0.109      0.000 4
 826  822      0.643     -0.938      0.000 4
 823  825      0.643     -0.717      0.000 4
 824  824      0.645      0.860      0.000 4
 825  828      0.647      0.707      0.000 4
 827  826      0.647     -0.782      0.000 4
 819  832      0.647      0.101      0.000 4
 822  829      0.647      0.485      0.000 4
 828  827      0.649     -0.886      0.000 4
 830  830      0.658     -0.897      0.000 4
 831  833      0.665      0.888      0.000 4
 833  834      0.669      0.816      0.000 4
 832  836      0.669      0.680      0.000 4
 834  835      0.669     -0.864      0.000 4
 829  840      0.671      0.224      0.000 4
 835  837      0.671      0.779      0.000 4
 839  838      0.676     -0.747      0.000 4
 836  842      0.679     -0.511      0.000 4
 844  839      0.682      0.911      0.000 4
 843  841      0.682     -0.758      0.000 4
 837  845      0.686     -0.278      0.000 4
 838  846      0.687     -0.240      0.000 4
 848  843      0.689     -0.896      0.000 4
 840  850      0.691      0.054      0.000 4
 841  849      0.691     -0.353      0.000 4
 842  855      0.694     -0.118      0.000 4
 853  844      0.694     -0.950      0.000 4
 847  847      0.695      0.557      0.000 4
  -1   -2      0.697     -0.357      0.000 4
 851  853      0.700     -0.987      0.000 4
 846  858      0.701     -0.218      0.000 4
 854  852      0.702      0.580      0.000 4
 857  848      0.702     -0.898      0.000 4
 850  857      0.703      0.519      0.000 4
 855  856      0.703      0.553      0.000 4
 849  860      0.705      0.066      0.000 4
 852  859      0.706      0.327      0.000 4
 859  851      0.706     -0.847      0.000 4
 858  862      0.715     -0.398      0.000 4
 861  861      0.718      0.779      0.000 4
 863  863      0.728     -0.837      0.000 4
 864  864      0.729      0.860      0.000 4
 860  868      0.729     -0.084      0.000 4
 862  867      0.734      0.404      0.000 4
 865  869      0.740     -0.601      0.000 4
 872  865      0.740     -0.956      0.000 4
 871  866      0.741      0.980      0.000 4
 868  873      0.745     -0.531      0.000 4
 873  870      0.746      0.753      0.000 4
 866  877      0.748      0.069      0.000 4
  -1   -2      0.748     -0.733      0.000 4
 875  871      0.748     -0.992      0.000 4
 867  878      0.750     -0.209      0.000 4
 876  875      0.751     -0.723      0.000 4
 877  874      0.752      0.904      0.000 4
 869  879      0.753     -0.152      0.000 4
 870  880      0.754     -0.065      0.000 4
 880  876      0.760      0.931      0.000 4
 883  881      0.769      0.839      0.000 4
 884  882      0.769     -0.837      0.000 4
 878  885      0.771      0.077      0.000 4
 879  888      0.772      0.059      0.000 4
 881  884      0.772      0.215      0.000 4
 882  886      0.773      0.294      0.000 4
 885  887      0.777     -0.546      0.000 4
 886  883      0.782      0.918      0.000 4
 889  890      0.788      0.599      0.000 4
 893  889      0.789     -0.993      0.000 4
 892  892      0.791      0.689      0.000 4
 890  893      0.791      0.553      0.000 4
 895  891      0.792      0.964      0.000 4
 894  894      0.793      0.619      0.000 4
 887  895      0.793     -0.265      0.000 4
 888  899      0.795      0.041      0.000 4
 891  896      0.796      0.343      0.000 4
 900  897      0.802      0.711      0.000 4
 899  898      0.802     -0.624      0.000 4
 896  904      0.804     -0.299      0.000 4
 898  902      0.804     -0.446      0.000 4
 897  907      0.805      0.183      0.000 4
 906  900      0.806      0.761      0.000 4
 902  905      0.806     -0.494      0.000 4
 908  901      0.808      0.806      0.000 4
 907  906      0.808     -0.602      0.000 4
 901  910      0.809     -0.231      0.000 4
 910  903      0.811      0.886      0.000 4
 903  911      0.810     -0.190      0.000 4
 909  909      0.812      0.648      0.000 4
 904  913      0.813      0.170      0.000 4
 905  914      0.813      0.141      0.000 4
 911  908      0.814      0.922      0.000 4
 913  912      0.820     -0.855      0.000 4
 912  915      0.822      0.322      0.000 4
 914  916      0.826      0.524      0.000 4
  -1   -2      0.832      0.782      0.000 4
 917  918      0.832      0.380      0.000 4
 915  923      0.832      0.111      0.000 4
 916  921      0.833     -0.247      0.000 4
  -1   -2      0.833      0.394      0.000 4
 921  920      0.836      0.490      0.000 4
 920  925      0.839     -0.144      0.000 4
 923  922      0.840      0.775      0.000 4
 924  924      0.841     -0.617      0.000 4
 925  926      0.843     -0.541      0.000 4
 922  927      0.845      0.181      0.000 4
 927  928      0.852     -0.797      0.000 4
 926  931      0.853      0.128      0.000 4
 929  929      0.858      0.715      0.000 4
 931  930      0.860      0.906      0.000 4
 928  934      0.860     -0.099      0.000 4
 934  932      0.861     -0.785      0.000 4
 935  933      0.865      0.761      0.000 4
 930  935      0.864     -0.360      0.000 4
 932  937      0.865     -0.280      0.000 4
 933  938      0.867      0.072      0.000 4
 936  936      0.868      0.505      0.000 4
 937  941      0.872      0.323      0.000 4
 938  939      0.874      0.690      0.000 4
 940  940      0.875     -0.790      0.000 4
 941  943      0.879      0.388      0.000 4
 943  942      0.879     -0.644      0.000 4
 939  945      0.880     -0.083      0.000 4
 942  947      0.882      0.050      0.000 4
 945  944      0.882     -0.740      0.000 4
 946  946      0.886      0.580      0.000 4
 944  948      0.886     -0.379      0.000 4
 947  949      0.890     -0.955      0.000 4
 951  950      0.893     -0.964      0.000 4
 949  952      0.895      0.437      0.000 4
 953  951      0.895     -0.933      0.000 4
  -1   -2      0.897      0.448      0.000 4
 948  956      0.898     -0.025      0.000 4
 955  953      0.897     -0.807      0.000 4
 950  957      0.899      0.035      0.000 4
 956  955      0.900     -0.637      0.000 4
 954  959      0.903      0.053      0.000 4
 957  958      0.906     -0.979      0.000 4
 958  961      0.913     -0.010      0.000 4
 959  960      0.914      0.422      0.000 4
 960  962      0.917      0.644      0.000 4
 961  963      0.918     -0.529      0.000 4
 962  965      0.921      0.262      0.000 4
 963  964      0.922     -0.708      0.000 4
 966  966      0.928      0.425      0.000 4
 964  967      0.928     -0.350      0.000 4
 965  968      0.930     -0.045      0.000 4
 967  969      0.934     -0.154      0.000 4
 968  974      0.938      0.065      0.000 4
 969  971      0.938     -0.491      0.000 4
 973  970      0.940      0.951      0.000 4
 971  972      0.940      0.634      0.000 4
 974  973      0.941      0.916      0.000 4
 970  975      0.941      0.118      0.000 4
 972  977      0.943     -0.060      0.000 4
 975  976      0.943     -0.443      0.000 4
 976  978      0.945     -0.902      0.000 4
 977  979      0.947      0.839      0.000 4
 978  980      0.949     -0.987      0.000 4
 980  981      0.951     -0.686      0.000 4
 979  982      0.951     -0.275      0.000 4
 982  983      0.957     -0.807      0.000 4
 981  985      0.958     -0.214      0.000 4
 983  984      0.960      0.889      0.000 4
 984  986      0.961      0.365      0.000 4
 985  987      0.963     -0.760      0.000 4
 986  988      0.966      0.605      0.000 4
 987  989      0.973     -0.915      0.000 4
 988  990      0.976      0.987      0.000 4
 990  991      0.976      0.800      0.000 4
 989  992      0.976      0.569      0.000 4
 991  993      0.976     -0.608      0.000 4
 992  994      0.977     -0.865      0.000 4
 993  995      0.980      0.824      0.000 4
 994  996      0.981      0.737      0.000 4
  -1   -2      0.990      0.509      0.000 4
 995  998      0.989     -0.285      0.000 4
 997  999      0.991      0.498      0.000 4
 998 1000      0.991     -0.442      0.000 4
 999 1001      0.993     -0.675      0.000 4
