997
  -1    1     -0.998      0.604      0.000 4
   1   -2     -0.998      0.594      0.000 4
   2    2     -0.996     -0.601      0.000 4
   4    4     -0.995     -0.463      0.000 4
   3    3     -0.995     -0.087      0.000 4
   7    5     -0.994      0.424      0.000 4
   6    6     -0.992     -0.966      0.000 4
   5    7     -0.994      0.926      0.000 4
  10    8     -0.988     -0.549      0.000 4
  11   10     -0.989      0.952      0.000 4
   8   11     -0.989      0.452      0.000 4
  15   12     -0.989      0.701      0.000 4
   9   13     -0.988     -0.049      0.000 4
  14   14     -0.987     -0.799      0.000 4
  13   16     -0.988     -0.299      0.000 4
  12   15     -0.988      0.201      0.000 4
  16    9     -0.988     -0.144      0.000 4
  17   17     -0.981     -0.180      0.000 4
  18   21     -0.977     -0.880      0.000 4
  19   18     -0.977      0.710      0.000 4
  20   19     -0.976      0.514      0.000 4
  22   20     -0.973      0.141      0.000 4
  21   -2     -0.971     -0.881      0.000 4
  24   22     -0.967      0.389      0.000 4
  23   24     -0.966      0.893      0.000 4
  25   23     -0.965     -0.120      0.000 4
  26   25     -0.960      0.551      0.000 4
  27   26     -0.957      0.215      0.000 4
  29   28     -0.955      0.404      0.000 4
  30   27     -0.954      0.197      0.000 4
  28   32     -0.954      0.614      0.000 4
  32   29     -0.953     -0.123      0.000 4
  33   30     -0.952     -0.023      0.000 4
  36   31     -0.951     -0.293      0.000 4
  31   36     -0.950     -0.858      0.000 4
  34   34     -0.949     -0.567      0.000 4
  35   33     -0.949     -0.525      0.000 4
  37   35     -0.948     -0.471      0.000 4
  38   38     -0.943      0.862      0.000 4
  39   37     -0.939     -0.268      0.000 4
  41   39     -0.936     -0.135      0.000 4
  42   40     -0.936     -0.074      0.000 4
  40   41     -0.936      0.382      0.000 4
  43   43     -0.928      0.484      0.000 4
  47   42     -0.926      0.092      0.000 4
  44   44     -0.924     -0.784      0.000 4
  45   45     -0.922     -0.868      0.000 4
  46   46     -0.921     -0.986      0.000 4
  48   49     -0.919      0.689      0.000 4
  51   47     -0.916      0.297      0.000 4
  52   48     -0.916      0.248      0.000 4
  49   50     -0.915     -0.725      0.000 4
  50   52     -0.913      0.753      0.000 4
  53   57     -0.910      0.809      0.000 4
  54   58     -0.908     -0.781      0.000 4
  56   54     -0.907     -0.516      0.000 4
  55   59     -0.906     -0.893      0.000 4
  58   51     -0.906      0.042      0.000 4
  -1   -2     -0.906      0.472      0.000 4
  59   53     -0.905      0.090      0.000 4
  60   55     -0.904     -0.173      0.000 4
  61   61     -0.901      0.455      0.000 4
  63   60     -0.898      0.173      0.000 4
  64   62     -0.898      0.215      0.000 4
  62   63     -0.896     -0.571      0.000 4
  65   65     -0.893     -0.477      0.000 4
  67   64     -0.892      0.102      0.000 4
  66   67     -0.886     -0.941      0.000 4
  68   66     -0.884     -0.350      0.000 4
  70   68     -0.878      0.430      0.000 4
  69   69     -0.876     -0.573      0.000 4
  -1   -2     -0.875      0.546      0.000 4
  74   70     -0.872      0.388      0.000 4
  72   71     -0.871      0.541      0.000 4
  76   73     -0.868      0.320      0.000 4
  73   75     -0.867     -0.748      0.000 4
  77   74     -0.867      0.268      0.000 4
  78   72     -0.867     -0.111      0.000 4
  75   78     -0.862     -0.801      0.000 4
  80   76     -0.859     -0.326      0.000 4
  79   77     -0.859      0.470      0.000 4
  81   79     -0.851     -0.137      0.000 4
  82   81     -0.846      0.510      0.000 4
  87   80     -0.841     -0.155      0.000 4
  83   84     -0.837     -0.839      0.000 4
  85   83     -0.837      0.697      0.000 4
  84   87     -0.836      0.890      0.000 4
  86   86     -0.833     -0.728      0.000 4
  91   82     -0.830     -0.214      0.000 4
  92   88     -0.826     -0.397      0.000 4
  93   85     -0.825      0.092      0.000 4
  89   93     -0.824     -0.770      0.000 4
  90   92     -0.825      0.592      0.000 4
  88   95     -0.825      0.950      0.000 4
  95   89     -0.819      0.035      0.000 4
  96   90     -0.817     -0.173      0.000 4
  97   91     -0.817     -0.032      0.000 4
  98   94     -0.813     -0.118      0.000 4
  94   98     -0.807     -0.974      0.000 4
 100   96     -0.806      0.383      0.000 4
 101  100     -0.798     -0.988      0.000 4
  99  105     -0.798      0.828      0.000 4
 103   97     -0.796      0.115      0.000 4
 104   99     -0.793      0.011      0.000 4
 102  103     -0.793      0.418      0.000 4
 107  101     -0.790     -0.093      0.000 4
 106  102     -0.790      0.170      0.000 4
 110  104     -0.785     -0.015      0.000 4
 111  106     -0.783     -0.226      0.000 4
 109  109     -0.783      0.355      0.000 4
 112  107     -0.782      0.071      0.000 4
 108  110     -0.780     -0.649      0.000 4
 105  115     -0.780      0.853      0.000 4
 114  108     -0.779     -0.069      0.000 4
 113  111     -0.776     -0.475      0.000 4
 118  116     -0.771      0.412      0.000 4
 120  112     -0.770     -0.122      0.000 4
 117  117     -0.770      0.438      0.000 4
 115  120     -0.770      0.576      0.000 4
 121  113     -0.769      0.143      0.000 4
 122  114     -0.766     -0.052      0.000 4
 116  122     -0.766      0.761      0.000 4
 123  119     -0.763      0.249      0.000 4
 127  118     -0.761      0.082      0.000 4
 119  125     -0.760      0.807      0.000 4
 129  121     -0.758      0.165      0.000 4
 125  126     -0.753     -0.605      0.000 4
 130  124     -0.753      0.439      0.000 4
 126  130     -0.750      0.727      0.000 4
 131  123     -0.749     -0.241      0.000 4
 124  132     -0.750      0.916      0.000 4
 128  131     -0.747     -0.752      0.000 4
 132  129     -0.744      0.404      0.000 4
 133  128     -0.742     -0.298      0.000 4
 134  127     -0.740     -0.130      0.000 4
 136  133     -0.733     -0.308      0.000 4
 135  135     -0.727      0.588      0.000 4
 137  138     -0.724      0.637      0.000 4
 139  134     -0.723      0.384      0.000 4
 138  144     -0.719      0.784      0.000 4
 142  136     -0.718     -0.423      0.000 4
 140  141     -0.717     -0.670      0.000 4
 145  139     -0.715      0.342      0.000 4
 150  137     -0.713      0.067      0.000 4
 148  142     -0.710     -0.394      0.000 4
 144  146     -0.710      0.539      0.000 4
  -1   -2     -0.709     -0.672      0.000 4
 141  151     -0.708      0.848      0.000 4
 151  145     -0.707     -0.373      0.000 4
 156  140     -0.707     -0.012      0.000 4
 147  148     -0.706      0.518      0.000 4
 157  143     -0.705     -0.179      0.000 4
 146  155     -0.702      0.799      0.000 4
 149  154     -0.702      0.680      0.000 4
 155  149     -0.700     -0.449      0.000 4
 160  150     -0.697     -0.346      0.000 4
 162  152     -0.697      0.343      0.000 4
 159  153     -0.696      0.401      0.000 4
 153  157     -0.694     -0.715      0.000 4
 158  156     -0.694      0.524      0.000 4
 154  161     -0.693      0.759      0.000 4
 152  162     -0.691      0.907      0.000 4
 166  159     -0.688      0.489      0.000 4
 168  160     -0.686      0.434      0.000 4
 161  164     -0.686      0.820      0.000 4
 163  167     -0.684      0.897      0.000 4
 164  168     -0.682     -0.896      0.000 4
 165  165     -0.682     -0.756      0.000 4
 172  158     -0.681     -0.220      0.000 4
 167  173     -0.676     -0.974      0.000 4
 169  172     -0.676      0.781      0.000 4
 171  171     -0.674     -0.676      0.000 4
 177  163     -0.672     -0.136      0.000 4
 170  174     -0.672      0.991      0.000 4
 179  166     -0.668     -0.196      0.000 4
 173  175     -0.666     -0.711      0.000 4
 180  170     -0.665      0.255      0.000 4
 183  169     -0.665     -0.044      0.000 4
 174  178     -0.664      0.757      0.000 4
 175  177     -0.663      0.658      0.000 4
 176  182     -0.657     -0.827      0.000 4
 181  179     -0.657      0.513      0.000 4
 184  176     -0.654     -0.349      0.000 4
 178  184     -0.652      0.990      0.000 4
 186  181     -0.649     -0.426      0.000 4
 182  186     -0.648     -0.885      0.000 4
 191  180     -0.645      0.080      0.000 4
 187  188     -0.640      0.513      0.000 4
 189  187     -0.639     -0.523      0.000 4
 185  193     -0.638     -0.994      0.000 4
 188  191     -0.636      0.624      0.000 4
 195  183     -0.635      0.056      0.000 4
 197  185     -0.632     -0.139      0.000 4
 190  198     -0.629      0.948      0.000 4
 201  189     -0.628      0.148      0.000 4
 199  190     -0.628     -0.238      0.000 4
 196  194     -0.627      0.435      0.000 4
 192  197     -0.627      0.704      0.000 4
 193  196     -0.626      0.611      0.000 4
 205  192     -0.622     -0.191      0.000 4
 198  200     -0.620     -0.632      0.000 4
 206  195     -0.619      0.232      0.000 4
 194  204     -0.619      0.929      0.000 4
 203  201     -0.615     -0.588      0.000 4
 200  202     -0.615     -0.703      0.000 4
 208  199     -0.613     -0.349      0.000 4
 202  206     -0.612      0.704      0.000 4
 207  203     -0.611      0.491      0.000 4
 204  209     -0.607      0.959      0.000 4
 211  208     -0.603      0.488      0.000 4
 209  210     -0.602      0.700      0.000 4
 216  205     -0.601     -0.286      0.000 4
 212  211     -0.596     -0.596      0.000 4
 221  207     -0.596     -0.180      0.000 4
 210  212     -0.595     -0.844      0.000 4
  -1   -2     -0.593      0.705      0.000 4
 214  215     -0.592      0.718      0.000 4
 218  216     -0.589      0.646      0.000 4
  -1   -2     -0.588      0.956      0.000 4
 223  214     -0.587      0.488      0.000 4
 219  217     -0.586      0.574      0.000 4
 217  222     -0.586      0.806      0.000 4
 222  219     -0.584      0.586      0.000 4
 220  227     -0.577     -0.989      0.000 4
 224  218     -0.578     -0.397      0.000 4
 225  224     -0.574      0.458      0.000 4
 233  220     -0.570     -0.155      0.000 4
 234  223     -0.568      0.201      0.000 4
 231  228     -0.566      0.455      0.000 4
 226  229     -0.565     -0.734      0.000 4
 236  225     -0.563      0.146      0.000 4
 238  226     -0.560     -0.200      0.000 4
 227  235     -0.561      0.827      0.000 4
 232  230     -0.560      0.618      0.000 4
 228  234     -0.560      0.768      0.000 4
 230  237     -0.558      0.748      0.000 4
 229  240     -0.556      0.934      0.000 4
 237  232     -0.553     -0.514      0.000 4
 235  243     -0.551      0.777      0.000 4
 239  239     -0.549     -0.988      0.000 4
 240  236     -0.549      0.438      0.000 4
 244  231     -0.545      0.123      0.000 4
 247  233     -0.543      0.023      0.000 4
 249  238     -0.541     -0.181      0.000 4
 245  241     -0.540      0.288      0.000 4
 241  248     -0.537     -0.743      0.000 4
 243  246     -0.535     -0.606      0.000 4
 250  245     -0.534     -0.475      0.000 4
 253  242     -0.534      0.044      0.000 4
 254  244     -0.532      0.184      0.000 4
 242  252     -0.531      0.989      0.000 4
 248  250     -0.530      0.590      0.000 4
 257  247     -0.525      0.234      0.000 4
 246  253     -0.525      0.883      0.000 4
 256  251     -0.522     -0.494      0.000 4
 251  255     -0.521     -0.912      0.000 4
 252  254     -0.521     -0.793      0.000 4
 261  249     -0.520      0.026      0.000 4
 255  257     -0.514      0.818      0.000 4
 258  256     -0.514      0.591      0.000 4
 259  259     -0.504     -0.825      0.000 4
 260  261     -0.503      0.788      0.000 4
 262  265     -0.497     -0.846      0.000 4
 267  260     -0.494      0.426      0.000 4
 265  262     -0.493     -0.481      0.000 4
 263  267     -0.493     -0.873      0.000 4
 270  258     -0.488     -0.082      0.000 4
 266  268     -0.488     -0.668      0.000 4
 264  271     -0.486      0.735      0.000 4
 271  263     -0.485      0.055      0.000 4
 272  264     -0.483      0.020      0.000 4
 268  272     -0.480      0.900      0.000 4
 276  266     -0.477     -0.057      0.000 4
 269  275     -0.473     -0.731      0.000 4
 278  270     -0.471     -0.192      0.000 4
 279  269     -0.471     -0.141      0.000 4
 275  273     -0.468      0.450      0.000 4
 273  277     -0.468      0.613      0.000 4
 277  276     -0.467      0.473      0.000 4
 274  278     -0.465      0.659      0.000 4
 282  274     -0.463      0.282      0.000 4
 280  279     -0.453      0.649      0.000 4
 281  283     -0.448      0.867      0.000 4
 283  287     -0.441      0.950      0.000 4
 288  281     -0.440      0.326      0.000 4
 291  280     -0.439     -0.178      0.000 4
 289  282     -0.438     -0.410      0.000 4
 286  286     -0.437     -0.648      0.000 4
 284  289     -0.436      0.768      0.000 4
 290  284     -0.435      0.375      0.000 4
 285  291     -0.432     -0.936      0.000 4
 287  293     -0.430     -0.916      0.000 4
 292  290     -0.428      0.532      0.000 4
 295  285     -0.425     -0.030      0.000 4
 293  292     -0.423      0.540      0.000 4
 294  294     -0.420     -0.570      0.000 4
 297  288     -0.419      0.014      0.000 4
 296  296     -0.412      0.427      0.000 4
 299  295     -0.410     -0.083      0.000 4
  -1   -2     -0.398     -0.045      0.000 4
 298  304     -0.396      0.729      0.000 4
 301  301     -0.395     -0.524      0.000 4
 305  298     -0.393     -0.188      0.000 4
 304  299     -0.392     -0.239      0.000 4
 307  300     -0.391     -0.201      0.000 4
 308  302     -0.389      0.199      0.000 4
 300  308     -0.388     -0.902      0.000 4
 310  303     -0.385     -0.045      0.000 4
 303  307     -0.383     -0.648      0.000 4
 309  305     -0.383     -0.484      0.000 4
 313  306     -0.376     -0.190      0.000 4
 306  312     -0.376      0.981      0.000 4
 314  311     -0.368     -0.443      0.000 4
 315  309     -0.368     -0.356      0.000 4
 312  315     -0.364     -0.721      0.000 4
 311  317     -0.365      0.744      0.000 4
  -1   -2     -0.364     -0.043      0.000 4
 318  313     -0.359      0.188      0.000 4
 321  314     -0.356     -0.288      0.000 4
 316  321     -0.352     -0.684      0.000 4
 325  316     -0.351     -0.037      0.000 4
 324  320     -0.349     -0.372      0.000 4
 320  323     -0.349      0.596      0.000 4
 328  318     -0.348      0.102      0.000 4
 327  319     -0.347      0.171      0.000 4
 319  325     -0.347     -0.740      0.000 4
 326  324     -0.343      0.384      0.000 4
 323  329     -0.342     -0.716      0.000 4
 322  333     -0.340      0.791      0.000 4
 335  322     -0.340     -0.173      0.000 4
 332  330     -0.336      0.442      0.000 4
 330  334     -0.334      0.623      0.000 4
 339  326     -0.334     -0.066      0.000 4
 338  327     -0.334     -0.281      0.000 4
 331  335     -0.332     -0.682      0.000 4
 337  331     -0.332      0.327      0.000 4
 333  336     -0.331      0.587      0.000 4
 329  338     -0.331      0.980      0.000 4
  -1   -2     -0.330      0.019      0.000 4
 334  337     -0.328      0.683      0.000 4
 336  339     -0.326      0.629      0.000 4
 343  332     -0.326      0.025      0.000 4
 341  342     -0.319      0.537      0.000 4
 342  344     -0.313      0.743      0.000 4
 346  340     -0.312     -0.127      0.000 4
 348  341     -0.310     -0.117      0.000 4
 349  343     -0.305     -0.308      0.000 4
 344  346     -0.305      0.933      0.000 4
 345  348     -0.300      0.788      0.000 4
 350  345     -0.298     -0.989      0.000 4
 347  352     -0.297      0.894      0.000 4
 354  347     -0.294      0.352      0.000 4
 355  349     -0.292      0.407      0.000 4
 352  353     -0.290     -0.689      0.000 4
 353  351     -0.290     -0.565      0.000 4
 351  354     -0.290      0.839      0.000 4
  -1   -2     -0.285      0.174      0.000 4
 356  356     -0.285      0.697      0.000 4
 357  361     -0.281      0.860      0.000 4
 363  355     -0.275     -0.126      0.000 4
 364  357     -0.274      0.176      0.000 4
 362  359     -0.273      0.245      0.000 4
 360  360     -0.273     -0.328      0.000 4
 365  358     -0.271     -0.075      0.000 4
 359  362     -0.270      0.515      0.000 4
 361  365     -0.263     -0.825      0.000 4
 369  363     -0.262      0.190      0.000 4
 370  364     -0.261      0.212      0.000 4
 366  366     -0.260     -0.669      0.000 4
 367  368     -0.258      0.689      0.000 4
 368  371     -0.254      0.744      0.000 4
 371  372     -0.251      0.620      0.000 4
 372  374     -0.249     -0.673      0.000 4
 373  370     -0.249     -0.532      0.000 4
 376  367     -0.249      0.128      0.000 4
 377  369     -0.249      0.198      0.000 4
 375  375     -0.245      0.445      0.000 4
 374  378     -0.244     -0.762      0.000 4
 379  373     -0.242     -0.012      0.000 4
 381  376     -0.238     -0.166      0.000 4
 382  379     -0.235     -0.290      0.000 4
 384  377     -0.234     -0.061      0.000 4
 378  381     -0.234     -0.792      0.000 4
 380  382     -0.230      0.767      0.000 4
 386  380     -0.229     -0.502      0.000 4
 383  386     -0.225      0.726      0.000 4
 389  384     -0.223     -0.647      0.000 4
 385  388     -0.223      0.975      0.000 4
 391  383     -0.222     -0.524      0.000 4
 387  389     -0.222      0.867      0.000 4
 388  390     -0.220      0.881      0.000 4
 393  385     -0.219     -0.429      0.000 4
 390  392     -0.217     -0.882      0.000 4
 392  394     -0.216     -0.936      0.000 4
 395  387     -0.215     -0.407      0.000 4
 394  395     -0.213     -0.754      0.000 4
 396  393     -0.212      0.497      0.000 4
 399  391     -0.210     -0.318      0.000 4
 398  396     -0.207      0.473      0.000 4
 397  401     -0.207      0.818      0.000 4
 400  397     -0.205     -0.595      0.000 4
  -1   -2     -0.203     -0.586      0.000 4
 403  400     -0.199      0.236      0.000 4
 405  398     -0.198      0.083      0.000 4
 402  405     -0.195     -0.888      0.000 4
 407  404     -0.191     -0.486      0.000 4
 404  406     -0.191     -0.697      0.000 4
 408  403     -0.190     -0.345      0.000 4
 406  407     -0.190      0.594      0.000 4
 409  402     -0.190     -0.066      0.000 4
 411  408     -0.179     -0.346      0.000 4
 410  413     -0.176      0.835      0.000 4
 413  409     -0.175     -0.188      0.000 4
 412  414     -0.171     -0.589      0.000 4
 415  411     -0.171     -0.147      0.000 4
 417  410     -0.171     -0.075      0.000 4
 418  412     -0.168     -0.046      0.000 4
 416  416     -0.167      0.525      0.000 4
  -1   -2     -0.167      0.517      0.000 4
 419  415     -0.165     -0.176      0.000 4
 421  419     -0.156      0.700      0.000 4
 420  420     -0.156      0.809      0.000 4
 423  418     -0.153      0.198      0.000 4
 422  421     -0.152     -0.571      0.000 4
 424  422     -0.146     -0.040      0.000 4
 425  423     -0.140      0.537      0.000 4
 426  425     -0.133     -0.722      0.000 4
 427  424     -0.131      0.212      0.000 4
 430  426     -0.123      0.296      0.000 4
 428  428     -0.121      0.654      0.000 4
 433  427     -0.120      0.270      0.000 4
  -1   -2     -0.119      0.644      0.000 4
 429  433     -0.119      0.944      0.000 4
 432  432     -0.118     -0.664      0.000 4
 434  430     -0.117     -0.393      0.000 4
 435  429     -0.117     -0.317      0.000 4
 437  434     -0.112     -0.367      0.000 4
 438  438     -0.111     -0.454      0.000 4
 441  435     -0.111     -0.058      0.000 4
 436  439     -0.110      0.884      0.000 4
 440  437     -0.110      0.245      0.000 4
 439  436     -0.110     -0.276      0.000 4
 442  440     -0.104      0.387      0.000 4
 443  441     -0.102     -0.608      0.000 4
 444  442     -0.101      0.545      0.000 4
 445  443     -0.099      0.988      0.000 4
 446  444     -0.094     -0.715      0.000 4
 448  445     -0.091     -0.361      0.000 4
 447  446     -0.090      0.726      0.000 4
 449  448     -0.087     -0.949      0.000 4
 450  449     -0.086     -0.752      0.000 4
 451  447     -0.086      0.300      0.000 4
 454  450     -0.083     -0.242      0.000 4
 453  451     -0.081     -0.651      0.000 4
 452  452     -0.081     -0.960      0.000 4
 455  453     -0.076     -0.434      0.000 4
 458  454     -0.073      0.022      0.000 4
 457  455     -0.073     -0.069      0.000 4
 456  456     -0.071     -0.847      0.000 4
 459  457     -0.069      0.628      0.000 4
 460  458     -0.068     -0.861      0.000 4
 461  459     -0.066     -0.552      0.000 4
 462  461     -0.065      0.833      0.000 4
 463  460     -0.064      0.548      0.000 4
 464  462     -0.058      0.364      0.000 4
 465  463     -0.057     -0.012      0.000 4
 468  464     -0.055     -0.317      0.000 4
 467  465     -0.055     -0.582      0.000 4
 466  466     -0.055     -0.710      0.000 4
 469  467     -0.054      0.613      0.000 4
 470  468     -0.051     -0.776      0.000 4
 472  469     -0.051     -0.617      0.000 4
 471  470     -0.050     -0.942      0.000 4
 474  471     -0.049     -0.987      0.000 4
 473  472     -0.049      0.937      0.000 4
 475  473     -0.046      0.474      0.000 4
 476  474     -0.044     -0.071      0.000 4
 479  475     -0.042      0.113      0.000 4
 477  477     -0.042      0.680      0.000 4
 480  476     -0.042      0.086      0.000 4
 478  479     -0.041      0.834      0.000 4
 481  478     -0.041     -0.124      0.000 4
 482  480     -0.039     -0.898      0.000 4
 483  481     -0.037      0.520      0.000 4
 484  482     -0.037      0.334      0.000 4
 486  483     -0.036     -0.615      0.000 4
 485  484     -0.036      0.884      0.000 4
 487  485     -0.034      0.957      0.000 4
 488  486     -0.033     -0.691      0.000 4
 489  487     -0.033      0.146      0.000 4
 490  488     -0.032      0.373      0.000 4
 491  489     -0.031     -0.391      0.000 4
 492  490     -0.029      0.201      0.000 4
 493  491     -0.028      0.249      0.000 4
 494  492     -0.026      0.043      0.000 4
 495  494     -0.024     -0.582      0.000 4
 496  493     -0.024     -0.780      0.000 4
 497  495     -0.023     -0.667      0.000 4
 498  496     -0.021     -0.617      0.000 4
 499  497     -0.021      0.761      0.000 4
 500  498     -0.019      0.391      0.000 4
  -1   -2     -0.016     -0.663      0.000 4
 502  500     -0.015     -0.820      0.000 4
 503  501     -0.012     -0.750      0.000 4
 505  502     -0.011     -0.771      0.000 4
 504  503     -0.011      0.093      0.000 4
 506  504     -0.007      0.990      0.000 4
 507  505     -0.005     -0.345      0.000 4
 508  506     -0.001      0.370      0.000 4
 509  507     -0.001     -0.545      0.000 4
 510  508      0.001      0.112      0.000 4
 511  509      0.002     -0.167      0.000 4
 512  510      0.003     -0.133      0.000 4
 513  511      0.007     -0.294      0.000 4
 515  512      0.009     -0.485      0.000 4
 514  513      0.010      0.219      0.000 4
 516  514      0.013      0.161      0.000 4
 517  516      0.016     -0.296      0.000 4
 518  515      0.016      0.671      0.000 4
 519  517      0.023      0.274      0.000 4
 520  519      0.025      0.019      0.000 4
 521  518      0.027     -0.823      0.000 4
 524  521      0.033      0.858      0.000 4
 523  520      0.033      0.817      0.000 4
 522  523      0.034      0.497      0.000 4
 525  522      0.035     -0.808      0.000 4
 528  524      0.039      0.685      0.000 4
 527  526      0.040      0.452      0.000 4
 526  527      0.041      0.099      0.000 4
 529  525      0.041      0.810      0.000 4
 530  528      0.044     -0.555      0.000 4
 531  529      0.046     -0.645      0.000 4
 532  530      0.057     -0.416      0.000 4
 533  534      0.060     -0.069      0.000 4
 535  532      0.061      0.291      0.000 4
 536  533      0.061      0.328      0.000 4
 534  535      0.062      0.095      0.000 4
 537  531      0.062      0.524      0.000 4
  -1   -2      0.067      0.322      0.000 4
 538  537      0.069     -0.065      0.000 4
 540  539      0.070      0.138      0.000 4
 541  538      0.070     -0.253      0.000 4
 542  541      0.073      0.039      0.000 4
 543  540      0.073     -0.535      0.000 4
 544  543      0.076     -0.288      0.000 4
 547  542      0.079     -0.801      0.000 4
 545  545      0.081      0.107      0.000 4
 546  546      0.083     -0.267      0.000 4
 549  544      0.084     -0.873      0.000 4
 548  547      0.086     -0.557      0.000 4
 551  548      0.089     -0.986      0.000 4
 550  549      0.093      0.416      0.000 4
 552  551      0.098     -0.037      0.000 4
 556  550      0.098     -0.736      0.000 4
 553  552      0.098      0.096      0.000 4
 555  553      0.102      0.186      0.000 4
 554  554      0.102     -0.010      0.000 4
 557  555      0.106     -0.294      0.000 4
 558  556      0.109      0.390      0.000 4
 561  557      0.114      0.786      0.000 4
 562  558      0.115      0.829      0.000 4
 559  564      0.116      0.128      0.000 4
 560  563      0.116     -0.222      0.000 4
 564  559      0.118      0.911      0.000 4
 563  561      0.120     -0.657      0.000 4
 565  562      0.121      0.774      0.000 4
 566  560      0.122     -0.959      0.000 4
 569  565      0.125     -0.915      0.000 4
 567   -2      0.127     -0.630      0.000 4
  -1  566      0.128     -0.615      0.000 4
 571  568      0.133      0.470      0.000 4
 570  572      0.135      0.227      0.000 4
 574  569      0.136      0.652      0.000 4
 582  570      0.140     -0.988      0.000 4
 572  574      0.141      0.127      0.000 4
 578  573      0.142     -0.690      0.000 4
 573  575      0.142     -0.204      0.000 4
 584  571      0.143      0.954      0.000 4
 576  576      0.143     -0.299      0.000 4
 575  579      0.144      0.115      0.000 4
 580  577      0.146      0.393      0.000 4
 581  580      0.147     -0.410      0.000 4
 577  582      0.147     -0.118      0.000 4
 586  578      0.148      0.507      0.000 4
 579  584      0.150      0.070      0.000 4
 583  585      0.151      0.241      0.000 4
 585  583      0.151      0.263      0.000 4
 587  587      0.156     -0.146      0.000 4
 591  581      0.157     -0.943      0.000 4
 589  586      0.160     -0.577      0.000 4
 590  590      0.163     -0.467      0.000 4
 588  591      0.163      0.184      0.000 4
  -1   -2      0.164     -0.622      0.000 4
 597  589      0.167     -0.762      0.000 4
 595  594      0.170     -0.276      0.000 4
 598  592      0.171     -0.630      0.000 4
 593  596      0.171     -0.135      0.000 4
 594  597      0.172      0.016      0.000 4
 596  602      0.174     -0.018      0.000 4
 599  593      0.174     -0.577      0.000 4
 600  595      0.176      0.580      0.000 4
 602  601      0.180     -0.595      0.000 4
 601  605      0.183      0.265      0.000 4
 605  598      0.183      0.888      0.000 4
 607  599      0.184     -0.984      0.000 4
 606  600      0.184     -0.926      0.000 4
 603  604      0.184      0.495      0.000 4
 604  603      0.186      0.647      0.000 4
 609  606      0.193      0.825      0.000 4
 608  608      0.197      0.413      0.000 4
 612  607      0.199     -0.921      0.000 4
  -1  609      0.201     -0.988      0.000 4
 613  610      0.204     -0.630      0.000 4
  -1   -2      0.206     -0.988      0.000 4
 611  615      0.208     -0.313      0.000 4
 610  617      0.208     -0.103      0.000 4
 616  611      0.209      0.959      0.000 4
 614  616      0.212     -0.454      0.000 4
 617  612      0.212      0.848      0.000 4
 621  613      0.215     -0.992      0.000 4
 622  614      0.216     -0.956      0.000 4
 623  618      0.220     -0.762      0.000 4
 618  621      0.225      0.145      0.000 4
 624  619      0.225      0.490      0.000 4
 619  620      0.225     -0.343      0.000 4
 620  623      0.229      0.062      0.000 4
 625  625      0.233      0.043      0.000 4
 626  627      0.236      0.209      0.000 4
 632  622      0.238      0.911      0.000 4
 627  628      0.241     -0.503      0.000 4
 633  624      0.243      0.656      0.000 4
 631  630      0.247      0.351      0.000 4
 628  632      0.248     -0.213      0.000 4
 640  626      0.248      0.905      0.000 4
 637  629      0.249     -0.692      0.000 4
 629  638      0.250      0.013      0.000 4
 630  637      0.251      0.136      0.000 4
 635  633      0.251     -0.391      0.000 4
 636  639      0.254      0.203      0.000 4
 634  640      0.255      0.101      0.000 4
 642  634      0.257     -0.638      0.000 4
 645  631      0.258     -0.962      0.000 4
 644  635      0.259     -0.718      0.000 4
 638  643      0.260      0.111      0.000 4
 639  642      0.260      0.233      0.000 4
 646  636      0.261      0.751      0.000 4
 641  644      0.262      0.180      0.000 4
 643  646      0.265      0.291      0.000 4
 647  641      0.267      0.642      0.000 4
 649  648      0.272      0.458      0.000 4
 650  649      0.274     -0.496      0.000 4
 648  650      0.275     -0.349      0.000 4
 651  645      0.277      0.881      0.000 4
 653  647      0.278     -0.956      0.000 4
 656  651      0.286      0.719      0.000 4
 654  652      0.287     -0.692      0.000 4
 655  655      0.291     -0.537      0.000 4
 652  658      0.292      0.058      0.000 4
 661  653      0.293      0.769      0.000 4
 659  656      0.293     -0.629      0.000 4
 660  657      0.297      0.534      0.000 4
 665  654      0.298      0.963      0.000 4
 657  659      0.300      0.167      0.000 4
 658  660      0.301     -0.135      0.000 4
 662  664      0.307     -0.228      0.000 4
 664  661      0.308      0.417      0.000 4
 663  665      0.311     -0.196      0.000 4
 667  662      0.312      0.543      0.000 4
 670  663      0.314      0.591      0.000 4
 666  667      0.321     -0.085      0.000 4
 668  668      0.323     -0.187      0.000 4
 669  669      0.324      0.045      0.000 4
 672  666      0.325      0.741      0.000 4
 671  670      0.325      0.056      0.000 4
 675  672      0.338     -0.453      0.000 4
 673  680      0.340     -0.089      0.000 4
 674  679      0.341      0.153      0.000 4
 677  674      0.341     -0.516      0.000 4
 676  681      0.342      0.209      0.000 4
 680  675      0.345      0.560      0.000 4
 682  671      0.345      0.792      0.000 4
 678  678      0.345      0.356      0.000 4
 683  677      0.350      0.640      0.000 4
 687  673      0.351      0.986      0.000 4
 689  676      0.353     -0.869      0.000 4
 679  687      0.354     -0.140      0.000 4
 684  683      0.354      0.495      0.000 4
 685  684      0.357      0.441      0.000 4
 688  685      0.359      0.530      0.000 4
 681  691      0.360      0.027      0.000 4
 693  682      0.361      0.828      0.000 4
 691  686      0.362      0.545      0.000 4
 686  692      0.364     -0.296      0.000 4
 690  698      0.372      0.072      0.000 4
 695  690      0.373     -0.720      0.000 4
 692  699      0.373     -0.148      0.000 4
 699  688      0.373     -0.893      0.000 4
 700  689      0.375     -0.856      0.000 4
 698  693      0.377      0.686      0.000 4
 696  694      0.377     -0.630      0.000 4
 705  695      0.382     -0.780      0.000 4
 694  706      0.382      0.002      0.000 4
 702  697      0.383     -0.675      0.000 4
 697  703      0.386      0.335      0.000 4
 701  702      0.386      0.465      0.000 4
 709  696      0.387     -0.845      0.000 4
 706  700      0.388     -0.643      0.000 4
 704  704      0.389     -0.502      0.000 4
 713  701      0.395      0.905      0.000 4
 712  707      0.396      0.635      0.000 4
 703  711      0.397      0.016      0.000 4
 711  709      0.398      0.517      0.000 4
 716  705      0.400     -0.977      0.000 4
 710  712      0.402     -0.349      0.000 4
  -1   -2      0.402     -0.889      0.000 4
 707  714      0.403     -0.131      0.000 4
 708  715      0.404     -0.143      0.000 4
 715  713      0.409      0.476      0.000 4
 720  710      0.410     -0.889      0.000 4
 714  719      0.414     -0.197      0.000 4
 719  716      0.415      0.550      0.000 4
 718  720      0.420      0.318      0.000 4
 723  717      0.423      0.750      0.000 4
 724  718      0.426      0.672      0.000 4
 721  722      0.429      0.116      0.000 4
 722  724      0.432     -0.104      0.000 4
 725  723      0.436     -0.443      0.000 4
 730  721      0.440     -0.846      0.000 4
 727  727      0.442      0.249      0.000 4
 728  726      0.443      0.416      0.000 4
 726  733      0.444      0.083      0.000 4
 729  735      0.449      0.213      0.000 4
 732  729      0.450     -0.987      0.000 4
 736  725      0.452      0.829      0.000 4
 733  731      0.452     -0.565      0.000 4
 731  738      0.456      0.220      0.000 4
 737  732      0.457     -0.708      0.000 4
 739  728      0.459      0.885      0.000 4
 734  737      0.459     -0.406      0.000 4
 738  730      0.459     -0.834      0.000 4
 735  736      0.461      0.433      0.000 4
 740  734      0.462     -0.781      0.000 4
 742  739      0.473     -0.733      0.000 4
  -1   -2      0.481      0.835      0.000 4
 741  747      0.487      0.036      0.000 4
 743  746      0.489      0.288      0.000 4
 749  741      0.488     -0.993      0.000 4
 746  744      0.492      0.530      0.000 4
 750  742      0.492      0.884      0.000 4
 744  751      0.493     -0.102      0.000 4
 751  743      0.494      0.833      0.000 4
 754  745      0.501     -0.767      0.000 4
 755  748      0.503     -0.744      0.000 4
 747  759      0.505      0.043      0.000 4
 748  760      0.507      0.176      0.000 4
 756  750      0.507     -0.781      0.000 4
 752  753      0.507      0.332      0.000 4
 760  749      0.509     -0.957      0.000 4
 757  758      0.514     -0.530      0.000 4
 759  755      0.515     -0.583      0.000 4
 753  761      0.515     -0.199      0.000 4
 766  752      0.518      0.783      0.000 4
 762  756      0.519      0.633      0.000 4
 767  754      0.522      0.859      0.000 4
 769  757      0.523     -0.979      0.000 4
 758  766      0.525     -0.178      0.000 4
 763  762      0.526     -0.476      0.000 4
 764  764      0.527      0.415      0.000 4
 761  768      0.529     -0.228      0.000 4
 770  763      0.534      0.695      0.000 4
 765  772      0.534     -0.072      0.000 4
 773  765      0.536     -0.780      0.000 4
 768  771      0.537     -0.358      0.000 4
 772  769      0.541      0.550      0.000 4
 771  770      0.540     -0.566      0.000 4
 774  767      0.544     -0.831      0.000 4
 779  773      0.554     -0.697      0.000 4
 777  777      0.556     -0.536      0.000 4
 781  776      0.558     -0.706      0.000 4
 786  774      0.558     -0.895      0.000 4
 788  775      0.561      0.832      0.000 4
 783  778      0.562      0.569      0.000 4
 780  779      0.563     -0.518      0.000 4
 775  787      0.564      0.039      0.000 4
 778  785      0.565     -0.282      0.000 4
 782  780      0.565      0.423      0.000 4
 776  788      0.566     -0.057      0.000 4
 784  781      0.567     -0.526      0.000 4
  -1   -2      0.574     -0.281      0.000 4
 785  794      0.576     -0.118      0.000 4
 793  782      0.577      0.996      0.000 4
 789  790      0.577      0.430      0.000 4
 796  784      0.579      0.869      0.000 4
 797  783      0.580      0.951      0.000 4
 792  789      0.581     -0.625      0.000 4
 799  786      0.581     -0.970      0.000 4
 790  797      0.586     -0.157      0.000 4
 798  793      0.586      0.584      0.000 4
 791  798      0.589      0.235      0.000 4
 802  792      0.590      0.795      0.000 4
 801  795      0.590      0.634      0.000 4
 800  796      0.590     -0.661      0.000 4
 794  801      0.596      0.029      0.000 4
 795  802      0.596      0.041      0.000 4
 803  800      0.599     -0.547      0.000 4
 805  799      0.603      0.728      0.000 4
 804  804      0.613     -0.303      0.000 4
 806  803      0.614      0.382      0.000 4
 809  805      0.622     -0.565      0.000 4
 808  808      0.629      0.133      0.000 4
 807  810      0.629      0.015      0.000 4
 810  806      0.629     -0.537      0.000 4
 811  811      0.636     -0.403      0.000 4
 812  809      0.638     -0.584      0.000 4
 814  807      0.643     -0.812      0.000 4
 813  813      0.647      0.588      0.000 4
 818  812      0.650     -0.765      0.000 4
 816  818      0.657      0.278      0.000 4
 815  821      0.657      0.186      0.000 4
 817  822      0.660     -0.183      0.000 4
 826  814      0.661     -0.989      0.000 4
 822  816      0.662      0.610      0.000 4
 823  820      0.664      0.544      0.000 4
 827  819      0.667     -0.745      0.000 4
 819  825      0.667      0.104      0.000 4
 828  815      0.668      0.926      0.000 4
 829  817      0.668      0.908      0.000 4
 820  827      0.668     -0.131      0.000 4
 821  828      0.672      0.075      0.000 4
 824  830      0.675     -0.158      0.000 4
 825  831      0.676      0.093      0.000 4
 834  823      0.676     -0.890      0.000 4
 835  824      0.677      0.847      0.000 4
 832  829      0.679     -0.534      0.000 4
 837  826      0.682      0.825      0.000 4
 830  832      0.683      0.379      0.000 4
 831  834      0.685     -0.203      0.000 4
 843  833      0.694     -0.990      0.000 4
 838  836      0.695      0.415      0.000 4
 836  838      0.696      0.054      0.000 4
 844  835      0.701      0.678      0.000 4
 841  837      0.701      0.408      0.000 4
 840  841      0.704      0.210      0.000 4
 839  843      0.705     -0.099      0.000 4
 848  839      0.710      0.681      0.000 4
 845  844      0.710     -0.388      0.000 4
 849  840      0.712     -0.665      0.000 4
 847  845      0.714      0.433      0.000 4
 846  847      0.714     -0.162      0.000 4
 850  842      0.715      0.620      0.000 4
 852  846      0.722     -0.603      0.000 4
 851  853      0.729      0.094      0.000 4
 853  854      0.731      0.188      0.000 4
 857  850      0.732      0.586      0.000 4
 860  848      0.733      0.757      0.000 4
 854  856      0.733      0.061      0.000 4
 858  852      0.736      0.546      0.000 4
 861  849      0.735     -0.872      0.000 4
 862  851      0.736      0.862      0.000 4
 855  860      0.737     -0.070      0.000 4
 856  859      0.737     -0.301      0.000 4
 859  858      0.739     -0.448      0.000 4
 865  855      0.744     -0.879      0.000 4
 867  857      0.747     -0.860      0.000 4
 866  861      0.748      0.672      0.000 4
 864  863      0.749     -0.386      0.000 4
 863  865      0.750      0.027      0.000 4
 871  862      0.754      0.928      0.000 4
 869  864      0.755     -0.675      0.000 4
 868  869      0.759     -0.335      0.000 4
 872  866      0.760     -0.621      0.000 4
 870  871      0.764      0.224      0.000 4
 879  867      0.767      0.945      0.000 4
 877  868      0.766      0.716      0.000 4
 878  870      0.769     -0.632      0.000 4
  -1   -2      0.770      0.233      0.000 4
 873  874      0.770     -0.061      0.000 4
 875  876      0.773     -0.176      0.000 4
 876  878      0.774      0.014      0.000 4
 880  872      0.777      0.663      0.000 4
 883  875      0.783      0.784      0.000 4
 881  880      0.783      0.370      0.000 4
 884  877      0.783     -0.874      0.000 4
 885  879      0.786      0.713      0.000 4
 882  882      0.791     -0.226      0.000 4
 890  881      0.796     -0.815      0.000 4
 887  885      0.797      0.412      0.000 4
 886  891      0.800     -0.028      0.000 4
 896  883      0.801      0.820      0.000 4
 895  884      0.801     -0.777      0.000 4
 889  893      0.803      0.176      0.000 4
 888  895      0.804      0.005      0.000 4
 893  888      0.804     -0.565      0.000 4
 891  892      0.804     -0.422      0.000 4
 901  886      0.805     -0.831      0.000 4
 903  887      0.805     -0.898      0.000 4
  -1   -2      0.805     -0.578      0.000 4
 892  896      0.806      0.303      0.000 4
 897  894      0.807     -0.444      0.000 4
 894  897      0.807      0.334      0.000 4
 902  890      0.808      0.647      0.000 4
 900  898      0.810      0.431      0.000 4
 899  901      0.812      0.014      0.000 4
 905  899      0.815      0.853      0.000 4
 906  902      0.819      0.601      0.000 4
 907  900      0.818     -0.743      0.000 4
 904  904      0.819     -0.360      0.000 4
 911  903      0.824     -0.823      0.000 4
 909  908      0.827     -0.233      0.000 4
 908  910      0.828     -0.020      0.000 4
 913  905      0.829     -0.722      0.000 4
 910  911      0.830      0.218      0.000 4
 912  907      0.831      0.507      0.000 4
 914  906      0.831     -0.825      0.000 4
 916  909      0.835      0.761      0.000 4
 915  913      0.835      0.455      0.000 4
 918  912      0.837     -0.915      0.000 4
 917  914      0.842     -0.426      0.000 4
 920  915      0.846      0.530      0.000 4
 919  917      0.848      0.306      0.000 4
 924  916      0.854      0.951      0.000 4
 922  919      0.855      0.718      0.000 4
 923  920      0.855     -0.713      0.000 4
 925  918      0.856      0.829      0.000 4
 921  924      0.860     -0.038      0.000 4
 928  923      0.862      0.593      0.000 4
 930  922      0.863      0.875      0.000 4
 931  921      0.862     -0.923      0.000 4
 926  925      0.863      0.247      0.000 4
 929  928      0.868      0.130      0.000 4
  -1   -2      0.869      0.255      0.000 4
 934  927      0.873      0.658      0.000 4
 936  926      0.874      0.849      0.000 4
 933  931      0.874     -0.096      0.000 4
 935  934      0.879      0.019      0.000 4
 940  930      0.881      0.992      0.000 4
 942  932      0.882      0.928      0.000 4
  -1   -2      0.883      0.617      0.000 4
 937  941      0.885     -0.046      0.000 4
 939  940      0.886      0.234      0.000 4
 938  943      0.886     -0.209      0.000 4
 947  935      0.886      0.788      0.000 4
 944  938      0.886      0.367      0.000 4
 945  937      0.886     -0.442      0.000 4
 946  936      0.887      0.605      0.000 4
 943  945      0.888      0.047      0.000 4
 948  942      0.889      0.520      0.000 4
 949  939      0.888     -0.730      0.000 4
 950  944      0.891      0.853      0.000 4
 952  946      0.896     -0.632      0.000 4
 951  947      0.897      0.485      0.000 4
 953  948      0.900     -0.614      0.000 4
 954  949      0.902      0.580      0.000 4
 955  950      0.904     -0.334      0.000 4
 956  952      0.905      0.235      0.000 4
 957  951      0.905     -0.431      0.000 4
 958  953      0.908     -0.550      0.000 4
 959  954      0.910     -0.619      0.000 4
 961  955      0.915      0.818      0.000 4
 960  956      0.916     -0.163      0.000 4
 962  957      0.923     -0.127      0.000 4
 963  958      0.924     -0.270      0.000 4
 964  959      0.924     -0.304      0.000 4
 965  960      0.927      0.425      0.000 4
 966  961      0.927     -0.639      0.000 4
 967  963      0.936     -0.502      0.000 4
 968  962      0.936     -0.916      0.000 4
 969  964      0.937     -0.935      0.000 4
 970  965      0.938     -0.868      0.000 4
 972  966      0.942     -0.967      0.000 4
 971  967      0.944      0.192      0.000 4
 973  968      0.948      0.411      0.000 4
 974  969      0.949     -0.987      0.000 4
 975  972      0.960     -0.476      0.000 4
 976  970      0.961      0.830      0.000 4
 977  971      0.961      0.899      0.000 4
 978  973      0.961      0.981      0.000 4
 980  974      0.963      0.690      0.000 4
 979  975      0.962     -0.168      0.000 4
 981  976      0.964     -0.803      0.000 4
 982  977      0.971      0.382      0.000 4
 983  978      0.972     -0.634      0.000 4
 984  980      0.974      0.011      0.000 4
 985  979      0.975     -0.565      0.000 4
 987  981      0.977      0.779      0.000 4
 986  982      0.977     -0.269      0.000 4
 988  983      0.979      0.349      0.000 4
 989  984      0.979     -0.399      0.000 4
 990  985      0.984      0.116      0.000 4
  -1   -2      0.986      0.298      0.000 4
 992  987      0.986      0.289      0.000 4
 993  988      0.990      0.626      0.000 4
 994  989      0.992      0.532      0.000 4
 995  990      0.993     -0.828      0.000 4
 996  991      0.994      0.665      0.000 4
  -1  993      0.994     -0.732      0.000 4
  -1  992      0.995      0.951      0.000 4
