995
   1    0     -0.998      0.535      0.000 4
   2    1     -0.995     -0.110      0.000 4
   4    4     -0.994      0.693      0.000 4
   5    3     -0.993     -0.700      0.000 4
  14   -2     -0.994      0.702      0.000 4
   6    5     -0.989     -0.188      0.000 4
   7    7     -0.989      0.452      0.000 4
   8    6     -0.989     -0.049      0.000 4
   9   14     -0.989      0.952      0.000 4
  12   10     -0.988     -0.299      0.000 4
  11    9     -0.987     -0.799      0.000 4
   0   11     -0.987     -0.549      0.000 4
  15   12     -0.984     -0.237      0.000 4
  16   -2     -0.982      0.946      0.000 4
  17   15     -0.979     -0.975      0.000 4
  19   16     -0.974     -0.157      0.000 4
  20   17     -0.974      0.621      0.000 4
  21   18     -0.972      0.500      0.000 4
  22   20     -0.967      0.303      0.000 4
  23   19     -0.966     -0.021      0.000 4
  25   21     -0.966     -0.163      0.000 4
  26   22     -0.965      0.280      0.000 4
  24   23     -0.965      0.786      0.000 4
  27   24     -0.961     -0.385      0.000 4
  29   25     -0.960      0.517      0.000 4
  28   26     -0.958     -0.917      0.000 4
  31   27     -0.955     -0.094      0.000 4
  30   28     -0.955     -0.180      0.000 4
  34   29     -0.953     -0.355      0.000 4
  32   31     -0.953      0.653      0.000 4
  35   30     -0.952     -0.580      0.000 4
  33   34     -0.949     -0.917      0.000 4
  36   32     -0.948     -0.629      0.000 4
  10   39     -0.947      0.141      0.000 4
  39   35     -0.944     -0.667      0.000 4
  38   37     -0.944      0.923      0.000 4
  41   36     -0.943      0.493      0.000 4
  40   38     -0.941      0.707      0.000 4
  42   -2     -0.934      0.070      0.000 4
  43   40     -0.933      0.342      0.000 4
  44   41     -0.931      0.137      0.000 4
  46   42     -0.930     -0.229      0.000 4
  45   43     -0.930      0.399      0.000 4
  48   45     -0.925      0.590      0.000 4
  49   44     -0.923      0.247      0.000 4
  47   48     -0.921     -0.900      0.000 4
  50   46     -0.922      0.153      0.000 4
  51   47     -0.920      0.300      0.000 4
  52   49     -0.912      0.899      0.000 4
  55   50     -0.905     -0.142      0.000 4
  53   51     -0.904     -0.616      0.000 4
  54   52     -0.903      0.576      0.000 4
  57   53     -0.901     -0.444      0.000 4
  56   54     -0.900      0.559      0.000 4
  58   56     -0.895     -0.577      0.000 4
  62   55     -0.892     -0.177      0.000 4
  59   58     -0.891     -0.843      0.000 4
  60   59     -0.892      0.765      0.000 4
  63   57     -0.891      0.358      0.000 4
  61   64     -0.886     -0.797      0.000 4
  67   61     -0.885      0.416      0.000 4
  65   63     -0.884     -0.665      0.000 4
  70   60     -0.883     -0.199      0.000 4
  64   67     -0.882     -0.906      0.000 4
  69   62     -0.882     -0.413      0.000 4
  66   68     -0.879     -0.988      0.000 4
  72   65     -0.880      0.488      0.000 4
  71   66     -0.880      0.531      0.000 4
  68   70     -0.879      0.814      0.000 4
  75   69     -0.872      0.133      0.000 4
  73   75     -0.871     -0.840      0.000 4
  77   71     -0.871      0.057      0.000 4
  76   73     -0.870     -0.274      0.000 4
  74   77     -0.871      0.857      0.000 4
  78   72     -0.870     -0.033      0.000 4
  82   74     -0.865     -0.148      0.000 4
  81   76     -0.864     -0.221      0.000 4
  79   78     -0.863     -0.663      0.000 4
  80   81     -0.858     -0.924      0.000 4
  83   79     -0.859      0.639      0.000 4
  84   82     -0.856      0.633      0.000 4
  85   83     -0.854      0.567      0.000 4
  86   80     -0.851      0.025      0.000 4
  87   85     -0.848      0.160      0.000 4
  88   84     -0.848     -0.114      0.000 4
  89   86     -0.846     -0.010      0.000 4
  90   89     -0.842     -0.484      0.000 4
  91   88     -0.841      0.101      0.000 4
  92   87     -0.841     -0.081      0.000 4
  95   90     -0.838      0.227      0.000 4
  93   94     -0.834      0.601      0.000 4
  97   93     -0.832     -0.282      0.000 4
  98   92     -0.832     -0.150      0.000 4
  99   91     -0.832     -0.060      0.000 4
  94   97     -0.828     -0.957      0.000 4
  96   98     -0.824     -0.809      0.000 4
 100   96     -0.824      0.192      0.000 4
 101   95     -0.824      0.114      0.000 4
 102   99     -0.818      0.470      0.000 4
 104  100     -0.813      0.216      0.000 4
 103  104     -0.810     -0.851      0.000 4
 105  101     -0.807     -0.158      0.000 4
 106  102     -0.804      0.316      0.000 4
 107  105     -0.802      0.436      0.000 4
 111  103     -0.801     -0.295      0.000 4
 109  106     -0.798     -0.988      0.000 4
 110  107     -0.798      0.502      0.000 4
 108  109     -0.796      0.670      0.000 4
 112  112     -0.793      0.760      0.000 4
 113  113     -0.786     -0.788      0.000 4
 115  108     -0.787      0.091      0.000 4
 114  111     -0.786     -0.358      0.000 4
 118  110     -0.785     -0.007      0.000 4
 117  116     -0.779     -0.552      0.000 4
 119  117     -0.779      0.490      0.000 4
 122  114     -0.776     -0.368      0.000 4
 116  119     -0.773     -0.878      0.000 4
 124  115     -0.774     -0.213      0.000 4
 123  118     -0.772      0.516      0.000 4
 120  121     -0.770      0.913      0.000 4
 121  120     -0.768     -0.821      0.000 4
 127  124     -0.755      0.476      0.000 4
 126  125     -0.755      0.513      0.000 4
 125  128     -0.754      0.960      0.000 4
 129  122     -0.752     -0.158      0.000 4
 130  123     -0.751     -0.047      0.000 4
 131  126     -0.749     -0.256      0.000 4
 133  129     -0.743      0.406      0.000 4
 128  135     -0.742     -0.712      0.000 4
 139  127     -0.741     -0.227      0.000 4
 134  131     -0.741      0.450      0.000 4
 135  130     -0.739     -0.431      0.000 4
 132  137     -0.739      0.643      0.000 4
 138  133     -0.737     -0.453      0.000 4
 141  132     -0.737     -0.399      0.000 4
 136  134     -0.737     -0.484      0.000 4
 144  136     -0.729      0.100      0.000 4
 137  142     -0.728     -0.980      0.000 4
 140  144     -0.728      0.860      0.000 4
 143  139     -0.726      0.402      0.000 4
 142  143     -0.724     -0.667      0.000 4
 145  138     -0.723      0.071      0.000 4
 146  141     -0.719      0.300      0.000 4
 148  140     -0.717     -0.156      0.000 4
 147  145     -0.714     -0.505      0.000 4
 149  147     -0.711      0.460      0.000 4
 152  146     -0.707      0.175      0.000 4
 150  151     -0.703      0.879      0.000 4
 153  148     -0.701     -0.214      0.000 4
 156  149     -0.699     -0.267      0.000 4
 155  150     -0.697     -0.392      0.000 4
 151  153     -0.698      0.800      0.000 4
 157  152     -0.692      0.488      0.000 4
 154  156     -0.691      0.642      0.000 4
 160  157     -0.688      0.574      0.000 4
 161  158     -0.687      0.594      0.000 4
 159  159     -0.685      0.770      0.000 4
 158  160     -0.685      0.838      0.000 4
 165  154     -0.683      0.265      0.000 4
 162  162     -0.682     -0.793      0.000 4
 168  155     -0.680     -0.198      0.000 4
 164  161     -0.678      0.541      0.000 4
 163  166     -0.676      0.685      0.000 4
 166  164     -0.674      0.576      0.000 4
 169  163     -0.673     -0.469      0.000 4
 167  169     -0.669     -0.715      0.000 4
 172  165     -0.665     -0.313      0.000 4
 170  172     -0.662      0.928      0.000 4
 173  168     -0.661     -0.381      0.000 4
  -1   -2     -0.660     -0.716      0.000 4
 174  167     -0.660     -0.167      0.000 4
 178  170     -0.649      0.161      0.000 4
 180  173     -0.645     -0.212      0.000 4
 181  175     -0.643      0.220      0.000 4
 184  174     -0.643      0.027      0.000 4
 176  181     -0.642      0.718      0.000 4
 177  178     -0.642      0.554      0.000 4
 175  183     -0.640      0.812      0.000 4
 182  180     -0.637      0.471      0.000 4
 187  176     -0.635      0.134      0.000 4
 183  182     -0.634     -0.559      0.000 4
 190  177     -0.633      0.049      0.000 4
 179  185     -0.633     -0.749      0.000 4
 191  179     -0.630     -0.190      0.000 4
 188  186     -0.625      0.549      0.000 4
 185  189     -0.622     -0.710      0.000 4
 196  184     -0.621      0.029      0.000 4
 186  191     -0.619      0.866      0.000 4
 189  190     -0.619      0.823      0.000 4
 194  188     -0.615     -0.418      0.000 4
 192  192     -0.616      0.785      0.000 4
 198  187     -0.613      0.195      0.000 4
 193  193     -0.610     -0.783      0.000 4
 195  197     -0.607      0.688      0.000 4
 197  198     -0.605     -0.739      0.000 4
 200  194     -0.603      0.519      0.000 4
 199  203     -0.598      0.837      0.000 4
 209  196     -0.597      0.302      0.000 4
 203  200     -0.596      0.513      0.000 4
 210  195     -0.596      0.243      0.000 4
 201  207     -0.594      0.916      0.000 4
 202  206     -0.593      0.802      0.000 4
 205  205     -0.591     -0.612      0.000 4
 215  199     -0.589     -0.082      0.000 4
 208  208     -0.588      0.650      0.000 4
 204  212     -0.587      0.906      0.000 4
 206  211     -0.586      0.778      0.000 4
 219  201     -0.585      0.021      0.000 4
 220  202     -0.585      0.056      0.000 4
 207  216     -0.582     -0.910      0.000 4
 211  213     -0.581     -0.655      0.000 4
 214  209     -0.581      0.508      0.000 4
 212  215     -0.581      0.635      0.000 4
 223  204     -0.579     -0.056      0.000 4
 217  210     -0.579      0.475      0.000 4
 213  221     -0.572     -0.979      0.000 4
 222  217     -0.572      0.471      0.000 4
 216  222     -0.571      0.993      0.000 4
 221  219     -0.570     -0.613      0.000 4
 218  223     -0.568     -0.843      0.000 4
 227  214     -0.568     -0.139      0.000 4
 226  220     -0.562      0.448      0.000 4
 232  218     -0.561     -0.190      0.000 4
 224  225     -0.558      0.721      0.000 4
 225  228     -0.555     -0.719      0.000 4
 231  224     -0.555     -0.522      0.000 4
 230  227     -0.554      0.588      0.000 4
 235  226     -0.550     -0.479      0.000 4
 234  229     -0.549     -0.988      0.000 4
 228  231     -0.549      0.991      0.000 4
 229  232     -0.548     -0.895      0.000 4
 233  230     -0.548      0.599      0.000 4
 236  235     -0.543      0.717      0.000 4
 238  237     -0.535      0.656      0.000 4
 237  240     -0.534      0.711      0.000 4
 240  236     -0.532     -0.494      0.000 4
 244  233     -0.531     -0.171      0.000 4
 247  234     -0.528     -0.029      0.000 4
 246  239     -0.524      0.274      0.000 4
 239  244     -0.524      0.948      0.000 4
  -1   -2     -0.524      0.713      0.000 4
 249  238     -0.520      0.012      0.000 4
 242  245     -0.520      0.725      0.000 4
 245  247     -0.515      0.621      0.000 4
 243  250     -0.514      0.929      0.000 4
 250  243     -0.513      0.418      0.000 4
 256  241     -0.510     -0.079      0.000 4
 253  246     -0.509     -0.471      0.000 4
 248  249     -0.509     -0.603      0.000 4
 251  253     -0.501     -0.849      0.000 4
 252  256     -0.500      0.958      0.000 4
 254  254     -0.498     -0.735      0.000 4
  -1  252     -0.498     -0.043      0.000 4
 257  255     -0.496      0.585      0.000 4
 255  258     -0.495      0.807      0.000 4
 261  251     -0.490      0.308      0.000 4
 259  271     -0.483     -0.042      0.000 4
 271  257     -0.481     -0.173      0.000 4
 264  261     -0.481      0.433      0.000 4
 258  268     -0.480      0.954      0.000 4
 263  263     -0.479      0.581      0.000 4
 260  267     -0.479      0.745      0.000 4
 267  260     -0.478     -0.388      0.000 4
 273  259     -0.477     -0.185      0.000 4
 262  270     -0.477      0.766      0.000 4
  -1  262     -0.474     -0.222      0.000 4
 272  266     -0.472      0.454      0.000 4
 274  264     -0.472      0.352      0.000 4
 275   -2     -0.470     -0.218      0.000 4
 266  272     -0.469     -0.737      0.000 4
 265  273     -0.469     -0.993      0.000 4
 276  265     -0.467      0.180      0.000 4
 270  274     -0.466      0.772      0.000 4
 268  275     -0.466      0.824      0.000 4
 278  269     -0.462     -0.173      0.000 4
 269   -2     -0.460     -0.040      0.000 4
 277  280     -0.449      0.931      0.000 4
 282  276     -0.446     -0.035      0.000 4
 281  279     -0.444     -0.649      0.000 4
 280  282     -0.442     -0.783      0.000 4
 288  277     -0.436      0.164      0.000 4
 290  278     -0.436      0.087      0.000 4
 286  281     -0.434      0.394      0.000 4
 283  288     -0.430      0.589      0.000 4
 294  284     -0.426      0.147      0.000 4
 298  283     -0.426     -0.060      0.000 4
 301  285     -0.424     -0.152      0.000 4
 285  293     -0.424      0.876      0.000 4
 299  287     -0.423     -0.256      0.000 4
 284  294     -0.423      0.985      0.000 4
 287  292     -0.423      0.807      0.000 4
  -1   -2     -0.421      0.014      0.000 4
 302  289     -0.421     -0.320      0.000 4
 289  298     -0.419     -0.907      0.000 4
 291  296     -0.419     -0.812      0.000 4
 292  297     -0.419      0.774      0.000 4
 297  291     -0.417      0.498      0.000 4
 308  290     -0.416      0.019      0.000 4
 296  299     -0.414      0.633      0.000 4
 293  302     -0.414      0.717      0.000 4
 295  301     -0.413     -0.707      0.000 4
 304  295     -0.412     -0.533      0.000 4
 305  300     -0.410      0.504      0.000 4
 300  312     -0.408     -0.833      0.000 4
 306  309     -0.406      0.621      0.000 4
 309  311     -0.403     -0.614      0.000 4
 310  307     -0.402     -0.481      0.000 4
 311  305     -0.402     -0.440      0.000 4
 313  303     -0.401     -0.246      0.000 4
 307  313     -0.400     -0.861      0.000 4
 312  310     -0.399     -0.399      0.000 4
 314  308     -0.398     -0.330      0.000 4
 315  304     -0.397     -0.110      0.000 4
 317  306     -0.395     -0.102      0.000 4
 316  316     -0.380      0.890      0.000 4
 318  314     -0.379      0.281      0.000 4
 319  315     -0.377      0.335      0.000 4
 322  317     -0.364     -0.264      0.000 4
 320  322     -0.361      0.740      0.000 4
 321  324     -0.356      0.851      0.000 4
 323  323     -0.354     -0.599      0.000 4
 326  318     -0.355      0.141      0.000 4
 324  321     -0.354      0.385      0.000 4
 329  319     -0.352     -0.107      0.000 4
 330  320     -0.351     -0.065      0.000 4
 333  325     -0.341      0.141      0.000 4
 325  328     -0.341      0.944      0.000 4
 328  330     -0.338     -0.901      0.000 4
 327  331     -0.337     -0.924      0.000 4
 331  332     -0.335      0.689      0.000 4
 334  327     -0.332      0.295      0.000 4
 336  326     -0.330      0.198      0.000 4
 332  339     -0.329      0.994      0.000 4
 339  329     -0.325      0.151      0.000 4
 335  336     -0.325      0.539      0.000 4
 340  333     -0.323     -0.275      0.000 4
 342  334     -0.320      0.169      0.000 4
 337  340     -0.318     -0.670      0.000 4
 341  338     -0.318      0.343      0.000 4
 338  341     -0.317     -0.628      0.000 4
 346  335     -0.317      0.098      0.000 4
 348  337     -0.315     -0.014      0.000 4
 343  344     -0.312      0.471      0.000 4
 344  346     -0.311      0.525      0.000 4
 353  342     -0.308      0.156      0.000 4
 355  343     -0.305     -0.052      0.000 4
 345  350     -0.304     -0.879      0.000 4
 349  347     -0.305      0.563      0.000 4
 347  348     -0.304      0.700      0.000 4
 357  345     -0.304     -0.136      0.000 4
 350  352     -0.300     -0.660      0.000 4
 352  351     -0.299     -0.621      0.000 4
 351  353     -0.298     -0.687      0.000 4
 354  349     -0.298     -0.988      0.000 4
 356  354     -0.296      0.567      0.000 4
 360  356     -0.289     -0.493      0.000 4
 361  355     -0.286     -0.237      0.000 4
 359  357     -0.286      0.625      0.000 4
 358  358     -0.286      0.975      0.000 4
 362  360     -0.275      0.749      0.000 4
 363  359     -0.270      0.439      0.000 4
 366  361     -0.261      0.367      0.000 4
 364  365     -0.261      0.690      0.000 4
 365  363     -0.260     -0.620      0.000 4
 368  364     -0.256     -0.453      0.000 4
 369  362     -0.255      0.059      0.000 4
 371  366     -0.252     -0.256      0.000 4
 367  372     -0.249      0.973      0.000 4
 374  367     -0.248     -0.056      0.000 4
 370  373     -0.245      0.632      0.000 4
 373  368     -0.244     -0.353      0.000 4
 375  370     -0.243     -0.332      0.000 4
 378  369     -0.243      0.179      0.000 4
 372  374     -0.243      0.739      0.000 4
 376  371     -0.241     -0.420      0.000 4
 377  375     -0.237     -0.592      0.000 4
 383  376     -0.230     -0.440      0.000 4
 379  384     -0.231      0.920      0.000 4
 382  377     -0.230      0.541      0.000 4
 381  385     -0.228      0.800      0.000 4
 384  381     -0.227     -0.594      0.000 4
 380  387     -0.227      0.870      0.000 4
 388  378     -0.225     -0.276      0.000 4
 386  386     -0.224      0.618      0.000 4
 390  379     -0.222     -0.062      0.000 4
 389  380     -0.222     -0.149      0.000 4
 385  392     -0.220     -0.990      0.000 4
 393  382     -0.220     -0.117      0.000 4
 394  383     -0.219     -0.040      0.000 4
 387  393     -0.217      0.825      0.000 4
 392  388     -0.217      0.410      0.000 4
 396  389     -0.215      0.387      0.000 4
 391  394     -0.213     -0.770      0.000 4
 399  390     -0.212     -0.276      0.000 4
 395  395     -0.211      0.680      0.000 4
 400  391     -0.211     -0.139      0.000 4
 398  396     -0.208     -0.562      0.000 4
 397  398     -0.206     -0.693      0.000 4
 401  397     -0.205     -0.399      0.000 4
 402  399     -0.200     -0.505      0.000 4
  -1   -2     -0.199     -0.496      0.000 4
 404  403     -0.193     -0.726      0.000 4
 408  401     -0.190     -0.035      0.000 4
 407  402     -0.190      0.144      0.000 4
 405  404     -0.190      0.655      0.000 4
 406  405     -0.188      0.704      0.000 4
 409  406     -0.182     -0.679      0.000 4
 410  407     -0.179      0.503      0.000 4
 414  408     -0.171     -0.612      0.000 4
 411  412     -0.171      0.830      0.000 4
 412  413     -0.170     -0.836      0.000 4
 413  414     -0.169      0.848      0.000 4
 417  409     -0.169     -0.495      0.000 4
  -1  411     -0.168      0.422      0.000 4
 418   -2     -0.167      0.430      0.000 4
 415  416     -0.167      0.967      0.000 4
 416  417     -0.165     -0.907      0.000 4
 419  418     -0.164      0.767      0.000 4
 421  415     -0.161      0.154      0.000 4
 422  420     -0.153     -0.843      0.000 4
 423  419     -0.152     -0.474      0.000 4
 424  421     -0.145      0.220      0.000 4
 426  423     -0.143      0.199      0.000 4
 427  422     -0.142     -0.048      0.000 4
 428  425     -0.139      0.439      0.000 4
 430  424     -0.138     -0.246      0.000 4
 425  426     -0.138      0.786      0.000 4
 429  430     -0.135      0.616      0.000 4
 431  428     -0.133     -0.308      0.000 4
 432  427     -0.133     -0.213      0.000 4
 433  429     -0.132      0.179      0.000 4
 434  431     -0.129     -0.285      0.000 4
 435  432     -0.125      0.751      0.000 4
 436  433     -0.121     -0.361      0.000 4
 437  435     -0.117     -0.634      0.000 4
 438  434     -0.115      0.295      0.000 4
 440  436     -0.109     -0.567      0.000 4
 439  437     -0.109      0.561      0.000 4
  -1   -2     -0.109      0.550      0.000 4
 442  439     -0.104     -0.279      0.000 4
 445  440     -0.100     -0.185      0.000 4
 443  442     -0.099      0.443      0.000 4
 446  441     -0.099      0.221      0.000 4
 444  443     -0.098     -0.507      0.000 4
 447  446     -0.092      0.930      0.000 4
 449  444     -0.090      0.010      0.000 4
 450  445     -0.090     -0.056      0.000 4
 448  447     -0.087      0.847      0.000 4
 451  448     -0.084     -0.622      0.000 4
 452  449     -0.083     -0.340      0.000 4
 454  450     -0.078      0.643      0.000 4
 453  452     -0.077      0.979      0.000 4
 455  451     -0.076     -0.551      0.000 4
 456  453     -0.075     -0.665      0.000 4
 457  455     -0.069     -0.921      0.000 4
 458  454     -0.068     -0.015      0.000 4
 460  456     -0.066     -0.448      0.000 4
 459  457     -0.064     -0.935      0.000 4
 461  458     -0.064      0.529      0.000 4
 463  461     -0.063      0.444      0.000 4
 464  459     -0.063      0.273      0.000 4
 462  462     -0.062     -0.986      0.000 4
 465  460     -0.062     -0.243      0.000 4
 466  463     -0.060     -0.782      0.000 4
 467  464     -0.057     -0.801      0.000 4
 468  466     -0.054      0.778      0.000 4
 469  465     -0.054     -0.477      0.000 4
 470  467     -0.051      0.512      0.000 4
 471  469     -0.050     -0.614      0.000 4
 473  468     -0.050     -0.058      0.000 4
 472  470     -0.049     -0.988      0.000 4
 474  471     -0.049     -0.513      0.000 4
 477  473     -0.047      0.056      0.000 4
 476  472     -0.046      0.075      0.000 4
 475  476     -0.046     -0.692      0.000 4
 478  474     -0.046      0.371      0.000 4
 479  475     -0.045     -0.096      0.000 4
 480  477     -0.043     -0.910      0.000 4
 481  478     -0.041      0.920      0.000 4
 482  480     -0.039      0.587      0.000 4
 483  479     -0.038      0.247      0.000 4
 484  482     -0.037      0.779      0.000 4
 485  481     -0.036      0.415      0.000 4
 487  483     -0.035     -0.510      0.000 4
 486  485     -0.035     -0.850      0.000 4
 488  484     -0.034      0.100      0.000 4
 490  486     -0.032      0.280      0.000 4
 489  487     -0.033      0.847      0.000 4
 491  489     -0.031     -0.593      0.000 4
 492  488     -0.031     -0.303      0.000 4
 493  490     -0.031      0.948      0.000 4
 494  491     -0.030      0.141      0.000 4
 495  492     -0.027      0.178      0.000 4
 496  493     -0.025      0.025      0.000 4
 497  494     -0.024     -0.698      0.000 4
 498  495     -0.024     -0.477      0.000 4
 499  496     -0.023     -0.567      0.000 4
 500  497     -0.021      0.684      0.000 4
 501  498     -0.020     -0.513      0.000 4
 502  500     -0.017      0.296      0.000 4
 504  499     -0.016     -0.747      0.000 4
  -1   -2     -0.016     -0.562      0.000 4
 505  502     -0.014     -0.662      0.000 4
 506  503     -0.013     -0.687      0.000 4
 507  504     -0.011      0.981      0.000 4
 508  505     -0.005      0.061      0.000 4
 509  507      0.000     -0.265      0.000 4
 510  506      0.001     -0.441      0.000 4
 511  508      0.003      0.277      0.000 4
 512  510      0.011      0.075      0.000 4
 513  509      0.011      0.577      0.000 4
 515  511      0.013     -0.385      0.000 4
 514  512      0.014     -0.128      0.000 4
 516  514      0.015     -0.102      0.000 4
 518  513      0.017     -0.751      0.000 4
 517  516      0.017     -0.224      0.000 4
 519  515      0.018      0.812      0.000 4
 521  517      0.019      0.758      0.000 4
 520  518      0.021      0.156      0.000 4
 522  519      0.023     -0.734      0.000 4
 525  520      0.026      0.748      0.000 4
 523  521      0.027      0.112      0.000 4
 524  522      0.028     -0.226      0.000 4
 526  523      0.031      0.594      0.000 4
 527  525      0.037      0.199      0.000 4
 528  524      0.037      0.395      0.000 4
 529  526      0.042     -0.544      0.000 4
 530  527      0.045      0.007      0.000 4
 532  528      0.047     -0.453      0.000 4
 531  529      0.047      0.352      0.000 4
 534  530      0.057     -0.973      0.000 4
 533  531      0.058     -0.820      0.000 4
 535  532      0.059     -0.727      0.000 4
 537  533      0.064      0.422      0.000 4
 536  534      0.066      0.066      0.000 4
 538  535      0.072     -0.327      0.000 4
 539  539      0.078     -0.436      0.000 4
 543  536      0.079      0.886      0.000 4
 540  541      0.080      0.246      0.000 4
 542  540      0.080     -0.650      0.000 4
 544  538      0.081      0.777      0.000 4
 545  537      0.082     -0.936      0.000 4
 541  544      0.082      0.216      0.000 4
 547  542      0.084      0.722      0.000 4
 549  543      0.087     -0.877      0.000 4
  -1   -2      0.087      0.241      0.000 4
 548  546      0.089     -0.458      0.000 4
 552  545      0.092      0.707      0.000 4
 550  550      0.094      0.064      0.000 4
 554  548      0.094     -0.977      0.000 4
 551  551      0.094     -0.057      0.000 4
 555  549      0.096      0.945      0.000 4
 553  552      0.099     -0.195      0.000 4
 556  554      0.103      0.096      0.000 4
 558  555      0.105     -0.223      0.000 4
 557  557      0.105     -0.054      0.000 4
 559  558      0.107      0.324      0.000 4
 561  556      0.109     -0.565      0.000 4
 563  553      0.109     -0.916      0.000 4
 560  559      0.111      0.023      0.000 4
 562  561      0.115     -0.207      0.000 4
 565  560      0.118      0.566      0.000 4
 567   -2      0.119     -0.537      0.000 4
 564  566      0.120      0.073      0.000 4
  -1  562      0.123     -0.522      0.000 4
 568  564      0.124     -0.604      0.000 4
 570  563      0.127     -0.973      0.000 4
 569  569      0.129      0.304      0.000 4
 571  567      0.129      0.858      0.000 4
 572  568      0.130     -0.895      0.000 4
 573  570      0.135     -0.689      0.000 4
 574  578      0.142      0.135      0.000 4
 575  577      0.142     -0.230      0.000 4
 581  571      0.143     -0.889      0.000 4
 580  573      0.143      0.778      0.000 4
 578  575      0.143      0.379      0.000 4
 576  580      0.143      0.066      0.000 4
  -1   -2      0.144     -0.977      0.000 4
 577  581      0.145     -0.033      0.000 4
 583  574      0.145      0.951      0.000 4
 585  576      0.150     -0.983      0.000 4
 579  585      0.151     -0.013      0.000 4
 584  583      0.152      0.417      0.000 4
 588  579      0.153     -0.936      0.000 4
 591  582      0.155      0.809      0.000 4
  -1   -2      0.156     -0.534      0.000 4
 590  587      0.160     -0.488      0.000 4
 592  586      0.160     -0.544      0.000 4
 587  590      0.161     -0.174      0.000 4
 593  588      0.163      0.568      0.000 4
 589  592      0.164      0.091      0.000 4
 595  591      0.167      0.495      0.000 4
 594  593      0.170      0.311      0.000 4
 599  589      0.170      0.892      0.000 4
 597  595      0.174     -0.490      0.000 4
 596  598      0.175     -0.332      0.000 4
 600  596      0.176     -0.509      0.000 4
 604  594      0.178      0.883      0.000 4
 598  600      0.180      0.171      0.000 4
 603  597      0.180     -0.697      0.000 4
 601  601      0.183     -0.385      0.000 4
 608  599      0.185     -0.946      0.000 4
 602  603      0.187     -0.238      0.000 4
 605  604      0.191      0.411      0.000 4
 610  602      0.191     -0.549      0.000 4
 607  607      0.195      0.202      0.000 4
 606  608      0.195     -0.162      0.000 4
 609  610      0.196      0.092      0.000 4
 611  611      0.198      0.184      0.000 4
 616  605      0.201     -0.939      0.000 4
 613  609      0.201     -0.987      0.000 4
 612  614      0.202      0.083      0.000 4
 617  606      0.203      0.855      0.000 4
 614  616      0.208     -0.096      0.000 4
 619  612      0.209      0.698      0.000 4
 615  618      0.211      0.049      0.000 4
 621  615      0.212      0.588      0.000 4
 624  613      0.214      0.957      0.000 4
 618  621      0.218     -0.118      0.000 4
 625  617      0.219     -0.624      0.000 4
 620  622      0.220      0.140      0.000 4
 623  620      0.221      0.338      0.000 4
 626  619      0.222     -0.655      0.000 4
 622  623      0.222     -0.223      0.000 4
 627  628      0.232      0.207      0.000 4
 632  624      0.232      0.724      0.000 4
 629  627      0.233      0.416      0.000 4
 636  625      0.236      0.666      0.000 4
 634  626      0.236      0.578      0.000 4
 628  631      0.238     -0.110      0.000 4
 631  630      0.238     -0.382      0.000 4
 635  629      0.239     -0.569      0.000 4
 630  632      0.242      0.007      0.000 4
 633  635      0.245     -0.019      0.000 4
 637  634      0.252     -0.632      0.000 4
 640  633      0.257      0.980      0.000 4
 638  636      0.257     -0.433      0.000 4
 639  640      0.262     -0.259      0.000 4
 641  637      0.265      0.698      0.000 4
 644  639      0.272      0.759      0.000 4
 646  638      0.273     -0.843      0.000 4
 643  641      0.274     -0.569      0.000 4
 642  644      0.276     -0.288      0.000 4
 649  642      0.280      0.802      0.000 4
 645  653      0.286     -0.087      0.000 4
 655  643      0.286     -0.873      0.000 4
 648  646      0.288      0.397      0.000 4
 647  650      0.288      0.293      0.000 4
 651  652      0.291     -0.435      0.000 4
 654  647      0.291      0.537      0.000 4
 653  649      0.292      0.475      0.000 4
 658  645      0.294     -0.831      0.000 4
 650  654      0.294     -0.335      0.000 4
 657  655      0.298     -0.478      0.000 4
 652  659      0.299      0.115      0.000 4
 661  648      0.299      0.894      0.000 4
 662  651      0.301     -0.972      0.000 4
 660  657      0.303      0.488      0.000 4
 656  662      0.303      0.169      0.000 4
 664  656      0.306     -0.822      0.000 4
 665  660      0.311      0.596      0.000 4
 659  666      0.311      0.047      0.000 4
 672  658      0.312     -0.872      0.000 4
 670  661      0.315     -0.748      0.000 4
 663  667      0.318      0.032      0.000 4
  -1  663      0.319     -0.873      0.000 4
 666  668      0.321      0.245      0.000 4
 674  664      0.322     -0.682      0.000 4
 667  670      0.323     -0.182      0.000 4
 675  665      0.323      0.650      0.000 4
 668  671      0.326      0.168      0.000 4
 669  672      0.327      0.194      0.000 4
 676  669      0.329      0.514      0.000 4
 673  673      0.329     -0.303      0.000 4
 671  675      0.330      0.110      0.000 4
 680  674      0.335      0.367      0.000 4
 677  678      0.338      0.149      0.000 4
 678  681      0.339      0.007      0.000 4
 679  680      0.339      0.081      0.000 4
 682  676      0.344     -0.639      0.000 4
 681  687      0.344      0.090      0.000 4
 687  677      0.349      0.727      0.000 4
 683  682      0.350      0.505      0.000 4
 686  683      0.351     -0.592      0.000 4
 685  686      0.352      0.490      0.000 4
 684  689      0.353     -0.472      0.000 4
 691  679      0.353     -0.831      0.000 4
 689  685      0.354      0.603      0.000 4
 690  690      0.358     -0.609      0.000 4
 688  691      0.358      0.454      0.000 4
 693  684      0.359      0.877      0.000 4
 694  688      0.361      0.816      0.000 4
 692  694      0.367     -0.412      0.000 4
 697  693      0.372      0.649      0.000 4
 699  692      0.373     -0.821      0.000 4
 695  695      0.376      0.404      0.000 4
 696  699      0.382      0.143      0.000 4
 698  704      0.386      0.047      0.000 4
  -1   -2      0.387      0.827      0.000 4
 705  697      0.387     -0.767      0.000 4
 700  705      0.389     -0.203      0.000 4
 702  703      0.389      0.323      0.000 4
 709  698      0.391      0.878      0.000 4
 704  702      0.392      0.488      0.000 4
 701  709      0.393     -0.121      0.000 4
 707  708      0.398      0.436      0.000 4
 703  713      0.398     -0.175      0.000 4
 708  707      0.398      0.525      0.000 4
 713  701      0.400      0.827      0.000 4
 714  700      0.400     -0.959      0.000 4
 712  706      0.401     -0.693      0.000 4
 710  711      0.403     -0.473      0.000 4
 720  710      0.409     -0.722      0.000 4
 711  717      0.412     -0.168      0.000 4
 722  712      0.415     -0.983      0.000 4
 719  715      0.416      0.453      0.000 4
 715  722      0.420     -0.078      0.000 4
 716  721      0.422      0.189      0.000 4
 717  723      0.424      0.038      0.000 4
 726  714      0.424      0.857      0.000 4
 718  724      0.424      0.049      0.000 4
 727  716      0.426     -0.762      0.000 4
 728  718      0.429     -0.777      0.000 4
 721  725      0.430      0.137      0.000 4
 729  719      0.432      0.781      0.000 4
 730  720      0.435     -0.740      0.000 4
 723  728      0.436     -0.276      0.000 4
 724  726      0.436      0.314      0.000 4
 725  733      0.441     -0.082      0.000 4
 732  727      0.442     -0.552      0.000 4
 733  732      0.450     -0.988      0.000 4
 731  735      0.451     -0.130      0.000 4
 736  729      0.454     -0.835      0.000 4
 742  730      0.455     -0.900      0.000 4
 740  731      0.457     -0.784      0.000 4
 735  741      0.461     -0.334      0.000 4
 734  745      0.463      0.024      0.000 4
 746  734      0.466      0.836      0.000 4
 738  743      0.467     -0.432      0.000 4
 741  742      0.467      0.407      0.000 4
 744  736      0.467      0.700      0.000 4
 745  740      0.470      0.637      0.000 4
 750  737      0.472      0.996      0.000 4
 737  749      0.472     -0.139      0.000 4
 739  750      0.473      0.067      0.000 4
 751  738      0.473     -0.974      0.000 4
 752  739      0.474      0.951      0.000 4
 743  747      0.474      0.308      0.000 4
 748  746      0.477      0.531      0.000 4
 747  748      0.479      0.429      0.000 4
 753  744      0.480      0.873      0.000 4
 749  755      0.488      0.001      0.000 4
 758  753      0.495     -0.590      0.000 4
 760  751      0.496     -0.709      0.000 4
 761  752      0.498     -0.718      0.000 4
 757  756      0.500     -0.404      0.000 4
 763  754      0.502      0.806      0.000 4
 754  758      0.503      0.015      0.000 4
 755  759      0.503     -0.140      0.000 4
 756  760      0.504     -0.127      0.000 4
 759  762      0.506     -0.192      0.000 4
 764  757      0.512     -0.539      0.000 4
 762  763      0.514      0.249      0.000 4
 766  761      0.517      0.565      0.000 4
 769  765      0.525     -0.581      0.000 4
 765  768      0.527      0.116      0.000 4
 767  769      0.529      0.216      0.000 4
 773  764      0.530      0.747      0.000 4
 771  766      0.531      0.590      0.000 4
 770  772      0.534      0.224      0.000 4
 768  774      0.536     -0.103      0.000 4
 776  767      0.540      0.659      0.000 4
 774  773      0.541     -0.491      0.000 4
 778  770      0.543     -0.685      0.000 4
 772  780      0.545      0.085      0.000 4
 779  771      0.545     -0.649      0.000 4
 777  776      0.547      0.433      0.000 4
 775  779      0.549      0.299      0.000 4
 782  775      0.550      0.611      0.000 4
 781  777      0.550     -0.558      0.000 4
 780  782      0.554      0.347      0.000 4
 785  778      0.559     -0.834      0.000 4
 783  783      0.562     -0.544      0.000 4
 784  784      0.563     -0.552      0.000 4
 786  781      0.564     -0.991      0.000 4
 789  785      0.573      0.933      0.000 4
 791  786      0.575      0.918      0.000 4
 793  787      0.577     -0.794      0.000 4
 787  789      0.580      0.454      0.000 4
 797  788      0.582     -0.908      0.000 4
 790  793      0.587     -0.380      0.000 4
 796  791      0.587     -0.582      0.000 4
 795  792      0.589      0.463      0.000 4
 788  798      0.591      0.040      0.000 4
 800  790      0.591      0.867      0.000 4
 792  797      0.591      0.189      0.000 4
 794  800      0.595     -0.106      0.000 4
 804  794      0.600      0.848      0.000 4
 803  795      0.600     -0.779      0.000 4
 806  796      0.602     -0.992      0.000 4
 802  799      0.604     -0.606      0.000 4
 798  803      0.604     -0.211      0.000 4
 799  805      0.607      0.049      0.000 4
 807  801      0.611      0.632      0.000 4
 801  806      0.611     -0.244      0.000 4
 808  802      0.614     -0.628      0.000 4
 805  808      0.616     -0.190      0.000 4
 809  807      0.620     -0.581      0.000 4
 810  804      0.620      0.656      0.000 4
 812  810      0.632     -0.308      0.000 4
 811  813      0.635     -0.076      0.000 4
 814  811      0.638      0.428      0.000 4
 815  809      0.640      0.598      0.000 4
  -1   -2      0.640     -0.310      0.000 4
 817  812      0.646      0.726      0.000 4
 816  819      0.653      0.270      0.000 4
 822  814      0.654     -0.898      0.000 4
 821  816      0.656      0.730      0.000 4
 826  817      0.659      0.886      0.000 4
 818  825      0.661      0.049      0.000 4
 819  828      0.664     -0.060      0.000 4
 828  818      0.664     -0.905      0.000 4
 823  823      0.664     -0.452      0.000 4
 830  820      0.668      0.799      0.000 4
 829  822      0.668     -0.720      0.000 4
 820  830      0.669     -0.130      0.000 4
 827  824      0.669     -0.592      0.000 4
 831  821      0.669     -0.889      0.000 4
 825  829      0.670     -0.341      0.000 4
 824  831      0.673     -0.176      0.000 4
 832  827      0.674      0.679      0.000 4
 835  826      0.677      0.940      0.000 4
 833  836      0.689      0.053      0.000 4
 834  837      0.689      0.039      0.000 4
 838  832      0.693      0.955      0.000 4
 836  833      0.694     -0.667      0.000 4
 842  835      0.700      0.652      0.000 4
 844  834      0.700      0.730      0.000 4
 841  838      0.700     -0.987      0.000 4
 840  839      0.701      0.444      0.000 4
 837  841      0.703      0.331      0.000 4
 843  840      0.704      0.483      0.000 4
 839  847      0.707      0.164      0.000 4
 846  846      0.711      0.478      0.000 4
 847  845      0.712      0.617      0.000 4
 851  843      0.713      0.771      0.000 4
 850  844      0.713     -0.737      0.000 4
 852  842      0.714     -0.904      0.000 4
 849  848      0.717      0.505      0.000 4
 845  850      0.718      0.024      0.000 4
 848  852      0.722      0.229      0.000 4
 854  849      0.724      0.828      0.000 4
 855  851      0.729     -0.691      0.000 4
 853  860      0.733     -0.215      0.000 4
 858  853      0.735      0.728      0.000 4
 856  859      0.736     -0.455      0.000 4
 864  854      0.737     -0.858      0.000 4
 863  856      0.738      0.772      0.000 4
 860  857      0.738     -0.703      0.000 4
 867  855      0.739     -0.923      0.000 4
 857  863      0.742      0.133      0.000 4
 869  858      0.744      0.859      0.000 4
 859  865      0.745     -0.154      0.000 4
 870  861      0.746     -0.872      0.000 4
 861  867      0.748     -0.187      0.000 4
 862  868      0.749      0.100      0.000 4
 868  864      0.749     -0.523      0.000 4
 872  862      0.749     -0.829      0.000 4
 865  870      0.751      0.122      0.000 4
 866  869      0.751     -0.242      0.000 4
 871  871      0.757      0.265      0.000 4
 873  866      0.759      0.886      0.000 4
 874  878      0.770      0.075      0.000 4
 879  872      0.770     -0.868      0.000 4
 875  875      0.771     -0.461      0.000 4
 880  873      0.773      0.720      0.000 4
 882  874      0.775     -0.804      0.000 4
 878  879      0.777     -0.364      0.000 4
 876  880      0.777     -0.117      0.000 4
 877  881      0.779     -0.197      0.000 4
 884  876      0.780     -0.938      0.000 4
 883  877      0.780     -0.870      0.000 4
 881  886      0.783      0.243      0.000 4
  -1   -2      0.787     -0.662      0.000 4
 888  883      0.788     -0.650      0.000 4
 886  888      0.790     -0.407      0.000 4
 891  884      0.790     -0.789      0.000 4
 893  885      0.792      0.817      0.000 4
 892  887      0.792      0.683      0.000 4
 885  890      0.793      0.128      0.000 4
 890  889      0.795      0.457      0.000 4
 889  893      0.799      0.086      0.000 4
 895  891      0.801      0.504      0.000 4
 894  898      0.803     -0.082      0.000 4
 896  895      0.805      0.291      0.000 4
 900  892      0.806      0.965      0.000 4
  -1   -2      0.809      0.303      0.000 4
 899  899      0.810      0.524      0.000 4
  -1  894      0.812     -0.994      0.000 4
 903  896      0.813      0.871      0.000 4
 901  901      0.813     -0.533      0.000 4
 904  897      0.813     -0.945      0.000 4
 898  906      0.815      0.043      0.000 4
 902  902      0.815     -0.510      0.000 4
 906  905      0.820      0.601      0.000 4
 909  903      0.820      0.907      0.000 4
 908  904      0.821      0.786      0.000 4
 911  907      0.823     -0.785      0.000 4
 907  908      0.825      0.422      0.000 4
 905  909      0.825     -0.219      0.000 4
 912  910      0.828      0.388      0.000 4
 910  914      0.830     -0.071      0.000 4
 915  912      0.832      0.553      0.000 4
 916  911      0.832      0.625      0.000 4
 913  916      0.833      0.028      0.000 4
 914  915      0.834     -0.284      0.000 4
 918  913      0.836      0.888      0.000 4
 917  918      0.838     -0.445      0.000 4
 920  917      0.842      0.683      0.000 4
 919  921      0.844      0.238      0.000 4
 921  919      0.845      0.946      0.000 4
 924  920      0.848      0.739      0.000 4
 922  922      0.849     -0.519      0.000 4
 923  925      0.853     -0.028      0.000 4
 925  926      0.855      0.016      0.000 4
 928  923      0.856      0.843      0.000 4
 930  924      0.860      0.891      0.000 4
 927  929      0.860      0.292      0.000 4
 926  932      0.861      0.029      0.000 4
 929  930      0.862     -0.297      0.000 4
  -1   -2      0.864      0.706      0.000 4
 931  931      0.864      0.398      0.000 4
 933  927      0.864     -0.802      0.000 4
 935  933      0.870      0.697      0.000 4
 934  935      0.874     -0.017      0.000 4
 936  934      0.879      0.621      0.000 4
 938  936      0.881     -0.723      0.000 4
 937  937      0.885      0.332      0.000 4
 941  938      0.887     -0.707      0.000 4
  -1   -2      0.888      0.341      0.000 4
 940  940      0.888     -0.542      0.000 4
 942  939      0.889      0.677      0.000 4
 944  942      0.891      0.590      0.000 4
 943  944      0.891      0.470      0.000 4
 946  943      0.893      0.867      0.000 4
 945  948      0.897     -0.042      0.000 4
 947  947      0.898      0.185      0.000 4
 948  945      0.899     -0.712      0.000 4
 949  946      0.901     -0.650      0.000 4
 950  949      0.904      0.317      0.000 4
 951  951      0.906     -0.121      0.000 4
 952  950      0.907     -0.532      0.000 4
 953  952      0.910     -0.271      0.000 4
 954  953      0.911      0.037      0.000 4
 957  954      0.915     -0.425      0.000 4
 955  957      0.915     -0.053      0.000 4
 956  959      0.917      0.075      0.000 4
 959  955      0.917     -0.732      0.000 4
 960  956      0.919     -0.941      0.000 4
 958  961      0.920      0.320      0.000 4
 961  958      0.920     -0.955      0.000 4
 962  960      0.922     -0.908      0.000 4
 963  962      0.926      0.533      0.000 4
 964  963      0.929     -0.976      0.000 4
 965  964      0.932     -0.608      0.000 4
 967  965      0.934     -0.390      0.000 4
 966  966      0.935     -0.211      0.000 4
 968  967      0.936     -0.348      0.000 4
 969  968      0.941     -0.164      0.000 4
 970  969      0.946      0.520      0.000 4
 971  970      0.949     -0.987      0.000 4
 972  971      0.952      0.927      0.000 4
 973  972      0.952      0.877      0.000 4
 974   -2      0.952      0.996      0.000 4
 975  973      0.954      0.268      0.000 4
 976  974      0.956      0.772      0.000 4
 977  975      0.956     -0.861      0.000 4
 978  976      0.957     -0.581      0.000 4
 979  977      0.966     -0.729      0.000 4
 980  978      0.969      0.840      0.000 4
 982  979      0.970     -0.668      0.000 4
 981  980      0.971      0.489      0.000 4
 983  981      0.975     -0.218      0.000 4
 984  982      0.980      0.453      0.000 4
 985  983      0.980     -0.500      0.000 4
 986  984      0.985      0.720      0.000 4
 988  985      0.984     -0.880      0.000 4
 987  987      0.985     -0.347      0.000 4
 989  986      0.987      0.966      0.000 4
 991  988      0.988      0.640      0.000 4
 992  989      0.988      0.751      0.000 4
 993  990      0.987     -0.808      0.000 4
 990  992      0.989      0.026      0.000 4
  -1   -2      0.990      0.396      0.000 4
 995  993      0.991      0.385      0.000 4
