997
  -1   -2     -0.998      0.595      0.000 4
  -1    1     -0.998      0.584      0.000 4
  -1    2     -0.996     -0.591      0.000 4
  -1    4     -0.995     -0.085      0.000 4
  -1    3     -0.994     -0.453      0.000 4
  -1    7     -0.995      0.924      0.000 4
  -1    6     -0.993     -0.964      0.000 4
  -1    5     -0.994      0.414      0.000 4
  -1   10     -0.989      0.452      0.000 4
  -1   12     -0.988     -0.049      0.000 4
  -1    8     -0.988     -0.549      0.000 4
  -1    9     -0.989      0.952      0.000 4
  -1   15     -0.988      0.201      0.000 4
  -1   14     -0.988     -0.299      0.000 4
  -1   13     -0.987     -0.799      0.000 4
  -1   11     -0.988      0.701      0.000 4
  -1   16     -0.987     -0.140      0.000 4
  -1   17     -0.980     -0.175      0.000 4
  -1   18     -0.978     -0.876      0.000 4
  -1   19     -0.979      0.702      0.000 4
  -1   20     -0.976      0.503      0.000 4
  -1   22     -0.972     -0.877      0.000 4
  -1   21     -0.972      0.136      0.000 4
  -1   24     -0.968      0.891      0.000 4
  -1   23     -0.966      0.379      0.000 4
  -1   25     -0.963     -0.117      0.000 4
  -1   26     -0.960      0.541      0.000 4
  -1   27     -0.956      0.208      0.000 4
  -1   30     -0.955      0.605      0.000 4
  -1   28     -0.954      0.394      0.000 4
  -1   29     -0.953      0.190      0.000 4
  -1   34     -0.952     -0.853      0.000 4
  -1   31     -0.951     -0.120      0.000 4
  -1   32     -0.950     -0.023      0.000 4
  -1   35     -0.949     -0.557      0.000 4
  -1   36     -0.949     -0.515      0.000 4
  -1   33     -0.949     -0.285      0.000 4
  -1   37     -0.948     -0.462      0.000 4
  -1   38     -0.945      0.858      0.000 4
  -1   39     -0.937     -0.261      0.000 4
  -1   42     -0.935      0.373      0.000 4
  -1   40     -0.934     -0.132      0.000 4
  -1   41     -0.933     -0.072      0.000 4
  -1   43     -0.927      0.474      0.000 4
  -1   45     -0.926     -0.777      0.000 4
  -1   46     -0.925     -0.863      0.000 4
  -1   47     -0.924     -0.985      0.000 4
  -1   44     -0.923      0.088      0.000 4
  -1   48     -0.920      0.682      0.000 4
  -1   51     -0.917     -0.718      0.000 4
  -1   52     -0.915      0.746      0.000 4
  -1   49     -0.914      0.289      0.000 4
  -1   50     -0.913      0.241      0.000 4
  -1   53     -0.913      0.804      0.000 4
  -1   54     -0.910     -0.775      0.000 4
  -1   56     -0.909     -0.890      0.000 4
  -1   55     -0.907     -0.506      0.000 4
  -1   -2     -0.906      0.463      0.000 4
  -1   57     -0.903      0.040      0.000 4
  -1   59     -0.901      0.086      0.000 4
  -1   60     -0.901     -0.169      0.000 4
  -1   61     -0.901      0.446      0.000 4
  -1   64     -0.896     -0.562      0.000 4
  -1   62     -0.895      0.168      0.000 4
  -1   63     -0.894      0.209      0.000 4
  -1   65     -0.893     -0.468      0.000 4
  -1   67     -0.890     -0.939      0.000 4
  -1   66     -0.888      0.099      0.000 4
  -1   68     -0.881     -0.343      0.000 4
  -1   70     -0.877     -0.564      0.000 4
  -1   69     -0.877      0.421      0.000 4
  -1   -2     -0.876      0.538      0.000 4
  -1   73     -0.872      0.533      0.000 4
  -1   75     -0.870     -0.741      0.000 4
  -1   72     -0.870      0.379      0.000 4
  -1   78     -0.865     -0.796      0.000 4
  -1   74     -0.866      0.312      0.000 4
  -1   76     -0.865      0.261      0.000 4
  -1   77     -0.862     -0.109      0.000 4
  -1   80     -0.859      0.462      0.000 4
  -1   79     -0.857     -0.319      0.000 4
  -1   81     -0.846     -0.134      0.000 4
  -1   82     -0.847      0.502      0.000 4
  -1   84     -0.842     -0.835      0.000 4
  -1   86     -0.842      0.887      0.000 4
  -1   85     -0.841      0.691      0.000 4
  -1   87     -0.836     -0.721      0.000 4
  -1   83     -0.836     -0.152      0.000 4
  -1   93     -0.831      0.949      0.000 4
  -1   91     -0.828     -0.764      0.000 4
  -1   92     -0.827      0.585      0.000 4
  -1   88     -0.825     -0.210      0.000 4
  -1   89     -0.823     -0.389      0.000 4
  -1   90     -0.820      0.089      0.000 4
  -1   98     -0.814     -0.974      0.000 4
  -1   94     -0.813      0.034      0.000 4
  -1   95     -0.812     -0.170      0.000 4
  -1   96     -0.811     -0.031      0.000 4
  -1   97     -0.807     -0.116      0.000 4
  -1  101     -0.804      0.824      0.000 4
  -1   99     -0.804      0.376      0.000 4
  -1  100     -0.798     -0.988      0.000 4
  -1  104     -0.791      0.411      0.000 4
  -1  102     -0.790      0.112      0.000 4
  -1  103     -0.786      0.011      0.000 4
  -1  112     -0.786      0.851      0.000 4
  -1  106     -0.784      0.165      0.000 4
  -1  105     -0.783     -0.092      0.000 4
  -1  111     -0.782     -0.642      0.000 4
  -1  109     -0.780      0.349      0.000 4
  -1  107     -0.778     -0.015      0.000 4
  -1  108     -0.777     -0.222      0.000 4
  -1  110     -0.775      0.068      0.000 4
  -1  114     -0.775     -0.469      0.000 4
  -1  113     -0.772     -0.067      0.000 4
  -1  118     -0.772      0.569      0.000 4
  -1  121     -0.771      0.756      0.000 4
  -1  117     -0.769      0.432      0.000 4
  -1  115     -0.769      0.405      0.000 4
  -1  124     -0.766      0.803      0.000 4
  -1  116     -0.764     -0.120      0.000 4
  -1  119     -0.762      0.139      0.000 4
  -1  120     -0.759     -0.052      0.000 4
  -1  122     -0.758      0.244      0.000 4
  -1  130     -0.758      0.914      0.000 4
  -1  126     -0.755     -0.599      0.000 4
  -1  128     -0.755      0.723      0.000 4
  -1  123     -0.754      0.080      0.000 4
  -1  131     -0.752     -0.747      0.000 4
  -1  125     -0.752      0.161      0.000 4
  -1  127     -0.752      0.433      0.000 4
  -1  129     -0.743     -0.238      0.000 4
  -1  132     -0.742      0.398      0.000 4
  -1  133     -0.737     -0.294      0.000 4
  -1  134     -0.733     -0.128      0.000 4
  -1  136     -0.729      0.582      0.000 4
  -1  135     -0.728     -0.304      0.000 4
  -1  137     -0.728      0.632      0.000 4
  -1  139     -0.726      0.781      0.000 4
  -1  138     -0.721      0.379      0.000 4
  -1  141     -0.720     -0.665      0.000 4
  -1  147     -0.716      0.846      0.000 4
  -1  140     -0.715     -0.417      0.000 4
  -1   -2     -0.713     -0.668      0.000 4
  -1  145     -0.712      0.533      0.000 4
  -1  142     -0.712      0.337      0.000 4
  -1  152     -0.709      0.797      0.000 4
  -1  150     -0.707      0.513      0.000 4
  -1  144     -0.706     -0.389      0.000 4
  -1  153     -0.707      0.676      0.000 4
  -1  143     -0.705      0.065      0.000 4
  -1  148     -0.703     -0.368      0.000 4
  -1  161     -0.700      0.906      0.000 4
  -1  158     -0.698     -0.711      0.000 4
  -1  160     -0.699      0.756      0.000 4
  -1  154     -0.698     -0.444      0.000 4
  -1  149     -0.698     -0.012      0.000 4
  -1  151     -0.697     -0.177      0.000 4
  -1  159     -0.695      0.520      0.000 4
  -1  157     -0.694      0.397      0.000 4
  -1  155     -0.693     -0.342      0.000 4
  -1  164     -0.693      0.817      0.000 4
  -1  156     -0.693      0.339      0.000 4
  -1  165     -0.693      0.896      0.000 4
  -1  166     -0.691     -0.894      0.000 4
  -1  167     -0.687     -0.752      0.000 4
  -1  162     -0.688      0.484      0.000 4
  -1  169     -0.685     -0.974      0.000 4
  -1  163     -0.684      0.430      0.000 4
  -1  170     -0.683      0.779      0.000 4
  -1  173     -0.681      0.991      0.000 4
  -1  171     -0.678     -0.672      0.000 4
  -1  168     -0.674     -0.217      0.000 4
  -1  175     -0.671     -0.708      0.000 4
  -1  178     -0.672      0.755      0.000 4
  -1  179     -0.668      0.654      0.000 4
  -1  180     -0.665     -0.825      0.000 4
  -1  172     -0.664     -0.135      0.000 4
  -1  183     -0.662      0.990      0.000 4
  -1  174     -0.661     -0.194      0.000 4
  -1  176     -0.659      0.252      0.000 4
  -1  181     -0.658      0.509      0.000 4
  -1  185     -0.657     -0.883      0.000 4
  -1  177     -0.656     -0.044      0.000 4
  -1  182     -0.649     -0.346      0.000 4
  -1  189     -0.647     -0.994      0.000 4
  -1  184     -0.647     -0.423      0.000 4
  -1  187     -0.642      0.509      0.000 4
  -1  190     -0.640      0.622      0.000 4
  -1  188     -0.639     -0.520      0.000 4
  -1  193     -0.639      0.948      0.000 4
  -1  186     -0.636      0.079      0.000 4
  -1  197     -0.633      0.702      0.000 4
  -1  198     -0.629      0.609      0.000 4
  -1  202     -0.629      0.928      0.000 4
  -1  191     -0.626      0.055      0.000 4
  -1  196     -0.626      0.432      0.000 4
  -1  192     -0.624     -0.138      0.000 4
  -1  200     -0.623     -0.630      0.000 4
  -1  195     -0.620     -0.237      0.000 4
  -1  204     -0.620     -0.701      0.000 4
  -1  194     -0.620      0.146      0.000 4
  -1  206     -0.618      0.702      0.000 4
  -1  203     -0.617     -0.585      0.000 4
  -1  208     -0.616      0.959      0.000 4
  -1  199     -0.614     -0.189      0.000 4
  -1  201     -0.613      0.230      0.000 4
  -1  207     -0.611      0.488      0.000 4
  -1  205     -0.608     -0.348      0.000 4
  -1  210     -0.608      0.698      0.000 4
  -1  214     -0.603     -0.843      0.000 4
  -1  209     -0.603      0.486      0.000 4
  -1  212     -0.599     -0.594      0.000 4
  -1   -2     -0.599      0.704      0.000 4
  -1  216     -0.598      0.717      0.000 4
  -1   -2     -0.598      0.956      0.000 4
  -1  211     -0.595     -0.285      0.000 4
  -1  221     -0.594      0.805      0.000 4
  -1  217     -0.593      0.644      0.000 4
  -1  220     -0.589      0.572      0.000 4
  -1  223     -0.588     -0.989      0.000 4
  -1  213     -0.587     -0.179      0.000 4
  -1  222     -0.587      0.584      0.000 4
  -1  219     -0.587      0.486      0.000 4
  -1  224     -0.574     -0.395      0.000 4
  -1  225     -0.574      0.456      0.000 4
  -1  229     -0.571     -0.733      0.000 4
  -1  232     -0.569      0.826      0.000 4
  -1  234     -0.567      0.767      0.000 4
  -1  236     -0.566      0.934      0.000 4
  -1  235     -0.565      0.747      0.000 4
  -1  228     -0.565      0.454      0.000 4
  -1  233     -0.564      0.617      0.000 4
  -1  226     -0.561     -0.155      0.000 4
  -1  227     -0.560      0.200      0.000 4
  -1  238     -0.559      0.777      0.000 4
  -1  230     -0.555      0.145      0.000 4
  -1  237     -0.552     -0.514      0.000 4
  -1  231     -0.552     -0.199      0.000 4
  -1  239     -0.549     -0.988      0.000 4
  -1  240     -0.548      0.437      0.000 4
  -1  245     -0.543     -0.743      0.000 4
  -1  250     -0.542      0.989      0.000 4
  -1  246     -0.538     -0.606      0.000 4
  -1  241     -0.536      0.123      0.000 4
  -1  244     -0.534      0.288      0.000 4
  -1  253     -0.534      0.883      0.000 4
  -1  242     -0.533      0.023      0.000 4
  -1  251     -0.533      0.590      0.000 4
  -1  243     -0.533     -0.181      0.000 4
  -1  247     -0.532     -0.475      0.000 4
  -1  255     -0.530     -0.912      0.000 4
  -1  256     -0.528     -0.793      0.000 4
  -1  248     -0.524      0.044      0.000 4
  -1  249     -0.524      0.184      0.000 4
  -1  258     -0.523      0.818      0.000 4
  -1  254     -0.521     -0.495      0.000 4
  -1  252     -0.518      0.234      0.000 4
  -1  259     -0.517      0.592      0.000 4
  -1  260     -0.512     -0.825      0.000 4
  -1  261     -0.511      0.788      0.000 4
  -1  257     -0.511      0.026      0.000 4
  -1  262     -0.506     -0.847      0.000 4
  -1  265     -0.501     -0.874      0.000 4
  -1  268     -0.493      0.736      0.000 4
  -1  264     -0.492     -0.482      0.000 4
  -1  267     -0.492     -0.670      0.000 4
  -1  263     -0.492      0.427      0.000 4
  -1  271     -0.489      0.901      0.000 4
  -1  273     -0.479     -0.732      0.000 4
  -1  266     -0.478     -0.083      0.000 4
  -1  269     -0.475      0.055      0.000 4
  -1  270     -0.473      0.020      0.000 4
  -1  277     -0.472      0.614      0.000 4
  -1  279     -0.470      0.660      0.000 4
  -1  276     -0.467      0.452      0.000 4
  -1  272     -0.467     -0.057      0.000 4
  -1  278     -0.466      0.475      0.000 4
  -1  274     -0.463     -0.193      0.000 4
  -1  275     -0.462     -0.141      0.000 4
  -1  281     -0.458      0.651      0.000 4
  -1  282     -0.458      0.868      0.000 4
  -1  280     -0.457      0.284      0.000 4
  -1  283     -0.451      0.950      0.000 4
  -1  288     -0.443      0.770      0.000 4
  -1  290     -0.441     -0.937      0.000 4
  -1  287     -0.440     -0.650      0.000 4
  -1  291     -0.439     -0.917      0.000 4
  -1  284     -0.435      0.328      0.000 4
  -1  286     -0.435     -0.413      0.000 4
  -1  289     -0.432      0.377      0.000 4
  -1  285     -0.431     -0.180      0.000 4
  -1  292     -0.430      0.535      0.000 4
  -1  294     -0.425      0.543      0.000 4
  -1  295     -0.422     -0.573      0.000 4
  -1  293     -0.416     -0.030      0.000 4
  -1  297     -0.411      0.430      0.000 4
  -1  296     -0.410      0.014      0.000 4
  -1  300     -0.403      0.732      0.000 4
  -1  298     -0.402     -0.084      0.000 4
  -1  306     -0.397     -0.904      0.000 4
  -1  301     -0.395     -0.527      0.000 4
  -1   -2     -0.389     -0.046      0.000 4
  -1  308     -0.387     -0.652      0.000 4
  -1  303     -0.386     -0.242      0.000 4
  -1  302     -0.385     -0.190      0.000 4
  -1  311     -0.385      0.981      0.000 4
  -1  304     -0.384     -0.203      0.000 4
  -1  305     -0.382      0.202      0.000 4
  -1  309     -0.382     -0.488      0.000 4
  -1  307     -0.376     -0.045      0.000 4
  -1  315     -0.371      0.748      0.000 4
  -1  314     -0.369     -0.725      0.000 4
  -1  310     -0.368     -0.192      0.000 4
  -1  312     -0.366     -0.448      0.000 4
  -1  313     -0.364     -0.361      0.000 4
  -1  319     -0.356     -0.689      0.000 4
  -1   -2     -0.355     -0.043      0.000 4
  -1  317     -0.352      0.191      0.000 4
  -1  325     -0.352     -0.744      0.000 4
  -1  322     -0.352      0.601      0.000 4
  -1  318     -0.350     -0.292      0.000 4
  -1  328     -0.348      0.794      0.000 4
  -1  327     -0.347     -0.721      0.000 4
  -1  321     -0.346     -0.377      0.000 4
  -1  320     -0.343     -0.037      0.000 4
  -1  326     -0.341      0.389      0.000 4
  -1  324     -0.341      0.174      0.000 4
  -1  323     -0.340      0.104      0.000 4
  -1  337     -0.339      0.981      0.000 4
  -1  331     -0.338      0.628      0.000 4
  -1  334     -0.336     -0.687      0.000 4
  -1  330     -0.335      0.447      0.000 4
  -1  336     -0.333      0.593      0.000 4
  -1  339     -0.333      0.688      0.000 4
  -1  329     -0.332     -0.175      0.000 4
  -1  340     -0.330      0.635      0.000 4
  -1  335     -0.329      0.332      0.000 4
  -1  333     -0.328     -0.285      0.000 4
  -1  332     -0.326     -0.067      0.000 4
  -1   -2     -0.323      0.020      0.000 4
  -1  342     -0.320      0.543      0.000 4
  -1  343     -0.319      0.747      0.000 4
  -1  341     -0.318      0.027      0.000 4
  -1  347     -0.313      0.934      0.000 4
  -1  348     -0.307      0.791      0.000 4
  -1  344     -0.305     -0.129      0.000 4
  -1  350     -0.304      0.895      0.000 4
  -1  345     -0.303     -0.119      0.000 4
  -1  346     -0.301     -0.313      0.000 4
  -1  349     -0.298     -0.989      0.000 4
  -1  355     -0.297      0.841      0.000 4
  -1  353     -0.294     -0.695      0.000 4
  -1  354     -0.291     -0.571      0.000 4
  -1  351     -0.291      0.358      0.000 4
  -1  352     -0.291      0.413      0.000 4
  -1  357     -0.290      0.702      0.000 4
  -1  358     -0.287      0.862      0.000 4
  -1   -2     -0.279      0.179      0.000 4
  -1  364     -0.271      0.522      0.000 4
  -1  362     -0.269     -0.334      0.000 4
  -1  365     -0.269     -0.829      0.000 4
  -1  361     -0.269      0.250      0.000 4
  -1  359     -0.268     -0.129      0.000 4
  -1  360     -0.268      0.180      0.000 4
  -1  363     -0.265     -0.077      0.000 4
  -1  368     -0.263     -0.675      0.000 4
  -1  369     -0.262      0.695      0.000 4
  -1  370     -0.259      0.748      0.000 4
  -1  366     -0.257      0.195      0.000 4
  -1  367     -0.256      0.217      0.000 4
  -1  371     -0.254      0.626      0.000 4
  -1  372     -0.252     -0.679      0.000 4
  -1  373     -0.249     -0.540      0.000 4
  -1  377     -0.248     -0.767      0.000 4
  -1  376     -0.245      0.452      0.000 4
  -1  374     -0.244      0.131      0.000 4
  -1  375     -0.244      0.203      0.000 4
  -1  382     -0.238     -0.797      0.000 4
  -1  378     -0.236     -0.012      0.000 4
  -1  383     -0.235      0.771      0.000 4
  -1  379     -0.233     -0.169      0.000 4
  -1  380     -0.232     -0.296      0.000 4
  -1  385     -0.229      0.731      0.000 4
  -1  381     -0.229     -0.062      0.000 4
  -1  387     -0.229      0.976      0.000 4
  -1  384     -0.228     -0.510      0.000 4
  -1  389     -0.227      0.870      0.000 4
  -1  390     -0.226      0.883      0.000 4
  -1  386     -0.225     -0.654      0.000 4
  -1  392     -0.222     -0.885      0.000 4
  -1  388     -0.222     -0.532      0.000 4
  -1  393     -0.221     -0.938      0.000 4
  -1  391     -0.217     -0.437      0.000 4
  -1  395     -0.217     -0.760      0.000 4
  -1  394     -0.213     -0.414      0.000 4
  -1  396     -0.212      0.506      0.000 4
  -1  399     -0.211      0.822      0.000 4
  -1  398     -0.207      0.482      0.000 4
  -1  397     -0.206     -0.325      0.000 4
  -1  400     -0.206     -0.602      0.000 4
  -1   -2     -0.204     -0.594      0.000 4
  -1  404     -0.200     -0.892      0.000 4
  -1  402     -0.195      0.242      0.000 4
  -1  406     -0.194     -0.705      0.000 4
  -1  403     -0.193      0.086      0.000 4
  -1  408     -0.191      0.602      0.000 4
  -1  405     -0.191     -0.495      0.000 4
  -1  407     -0.188     -0.352      0.000 4
  -1  409     -0.185     -0.067      0.000 4
  -1  411     -0.180      0.839      0.000 4
  -1  410     -0.177     -0.354      0.000 4
  -1  413     -0.173     -0.598      0.000 4
  -1  412     -0.171     -0.192      0.000 4
  -1   -2     -0.168      0.534      0.000 4
  -1  414     -0.167     -0.150      0.000 4
  -1  417     -0.167      0.526      0.000 4
  -1  415     -0.167     -0.077      0.000 4
  -1  416     -0.164     -0.047      0.000 4
  -1  419     -0.161     -0.180      0.000 4
  -1  421     -0.159      0.814      0.000 4
  -1  420     -0.158      0.707      0.000 4
  -1  423     -0.153     -0.581      0.000 4
  -1  422     -0.151      0.203      0.000 4
  -1  424     -0.142     -0.040      0.000 4
  -1  425     -0.141      0.546      0.000 4
  -1  426     -0.134     -0.730      0.000 4
  -1  427     -0.129      0.219      0.000 4
  -1  429     -0.122      0.662      0.000 4
  -1  432     -0.122      0.945      0.000 4
  -1  428     -0.122      0.304      0.000 4
  -1   -2     -0.121      0.652      0.000 4
  -1  433     -0.119     -0.672      0.000 4
  -1  430     -0.119      0.277      0.000 4
  -1  434     -0.116     -0.401      0.000 4
  -1  435     -0.115     -0.325      0.000 4
  -1  439     -0.113      0.886      0.000 4
  -1  436     -0.111     -0.374      0.000 4
  -1  437     -0.111     -0.464      0.000 4
  -1  441     -0.108     -0.283      0.000 4
  -1  440     -0.108      0.252      0.000 4
  -1  438     -0.108     -0.059      0.000 4
  -1  442     -0.103      0.396      0.000 4
  -1  443     -0.102     -0.617      0.000 4
  -1  444     -0.101      0.554      0.000 4
  -1  445     -0.102      0.989      0.000 4
  -1  446     -0.095     -0.723      0.000 4
  -1  448     -0.091      0.733      0.000 4
  -1  447     -0.090     -0.369      0.000 4
  -1  449     -0.089     -0.952      0.000 4
  -1  450     -0.087     -0.759      0.000 4
  -1  451     -0.085      0.308      0.000 4
  -1  454     -0.083     -0.962      0.000 4
  -1  453     -0.082     -0.660      0.000 4
  -1  452     -0.082     -0.248      0.000 4
  -1  455     -0.076     -0.444      0.000 4
  -1  458     -0.072     -0.852      0.000 4
  -1  457     -0.071     -0.070      0.000 4
  -1  456     -0.071      0.024      0.000 4
  -1  459     -0.069      0.637      0.000 4
  -1  460     -0.069     -0.866      0.000 4
  -1  461     -0.066     -0.562      0.000 4
  -1  462     -0.066      0.838      0.000 4
  -1  463     -0.064      0.557      0.000 4
  -1  464     -0.058      0.373      0.000 4
  -1  465     -0.056     -0.012      0.000 4
  -1  468     -0.055     -0.718      0.000 4
  -1  467     -0.055     -0.592      0.000 4
  -1  466     -0.054     -0.325      0.000 4
  -1  469     -0.054      0.622      0.000 4
  -1  470     -0.051     -0.783      0.000 4
  -1  472     -0.051     -0.945      0.000 4
  -1  471     -0.051     -0.626      0.000 4
  -1  474     -0.050      0.938      0.000 4
  -1  473     -0.049     -0.987      0.000 4
  -1  475     -0.046      0.484      0.000 4
  -1  476     -0.043     -0.072      0.000 4
  -1  478     -0.042      0.688      0.000 4
  -1  480     -0.042      0.838      0.000 4
  -1  477     -0.041      0.117      0.000 4
  -1  479     -0.041      0.089      0.000 4
  -1  481     -0.040     -0.127      0.000 4
  -1  482     -0.040     -0.902      0.000 4
  -1  483     -0.037      0.530      0.000 4
  -1  484     -0.037      0.343      0.000 4
  -1  486     -0.036      0.887      0.000 4
  -1  485     -0.036     -0.624      0.000 4
  -1  487     -0.034      0.958      0.000 4
  -1  488     -0.033     -0.700      0.000 4
  -1  489     -0.033      0.151      0.000 4
  -1  490     -0.032      0.382      0.000 4
  -1  491     -0.031     -0.400      0.000 4
  -1  492     -0.029      0.207      0.000 4
  -1  493     -0.028      0.255      0.000 4
  -1  494     -0.026      0.046      0.000 4
  -1  495     -0.024     -0.592      0.000 4
  -1  496     -0.024     -0.787      0.000 4
  -1  497     -0.023     -0.676      0.000 4
  -1  498     -0.021     -0.626      0.000 4
  -1  499     -0.021      0.767      0.000 4
  -1  500     -0.019      0.400      0.000 4
  -1   -2     -0.016     -0.672      0.000 4
  -1  502     -0.014     -0.826      0.000 4
  -1  503     -0.012     -0.758      0.000 4
  -1  505     -0.011      0.096      0.000 4
  -1  504     -0.011     -0.778      0.000 4
  -1  506     -0.006      0.991      0.000 4
  -1  507     -0.006     -0.354      0.000 4
  -1  508     -0.002      0.379      0.000 4
  -1  509     -0.001     -0.555      0.000 4
  -1  510     -0.000      0.116      0.000 4
  -1  511      0.002     -0.171      0.000 4
  -1  512      0.002     -0.135      0.000 4
  -1  513      0.006     -0.301      0.000 4
  -1  515      0.009      0.226      0.000 4
  -1  514      0.009     -0.495      0.000 4
  -1  516      0.012      0.166      0.000 4
  -1  517      0.015     -0.303      0.000 4
  -1  518      0.017      0.679      0.000 4
  -1  519      0.022      0.282      0.000 4
  -1  520      0.023      0.020      0.000 4
  -1  521      0.028     -0.828      0.000 4
  -1  524      0.034      0.507      0.000 4
  -1  523      0.034      0.822      0.000 4
  -1  522      0.034      0.862      0.000 4
  -1  525      0.037     -0.815      0.000 4
  -1  528      0.039      0.102      0.000 4
  -1  527      0.040      0.461      0.000 4
  -1  526      0.040      0.693      0.000 4
  -1  529      0.042      0.814      0.000 4
  -1  530      0.045     -0.564      0.000 4
  -1  531      0.047     -0.654      0.000 4
  -1  532      0.057     -0.425      0.000 4
  -1  533      0.058     -0.070      0.000 4
  -1  536      0.059      0.099      0.000 4
  -1  534      0.060      0.299      0.000 4
  -1  535      0.060      0.337      0.000 4
  -1  537      0.062      0.533      0.000 4
  -1  539      0.066     -0.066      0.000 4
  -1   -2      0.066      0.330      0.000 4
  -1  540      0.067      0.142      0.000 4
  -1  541      0.068     -0.259      0.000 4
  -1  542      0.070      0.041      0.000 4
  -1  543      0.074     -0.545      0.000 4
  -1  544      0.074     -0.294      0.000 4
  -1  546      0.078      0.111      0.000 4
  -1  547      0.080     -0.274      0.000 4
  -1  545      0.081     -0.807      0.000 4
  -1  549      0.086     -0.566      0.000 4
  -1  548      0.087     -0.878      0.000 4
  -1  551      0.092      0.425      0.000 4
  -1  550      0.093     -0.987      0.000 4
  -1  552      0.094     -0.037      0.000 4
  -1  554      0.095      0.099      0.000 4
  -1  556      0.099     -0.009      0.000 4
  -1  555      0.099      0.191      0.000 4
  -1  553      0.100     -0.743      0.000 4
  -1  557      0.103     -0.301      0.000 4
  -1  558      0.108      0.399      0.000 4
  -1  561      0.112      0.132      0.000 4
  -1  562      0.113     -0.227      0.000 4
  -1  559      0.117      0.791      0.000 4
  -1  560      0.119      0.833      0.000 4
  -1  564      0.121     -0.665      0.000 4
  -1  563      0.122      0.913      0.000 4
  -1  565      0.125      0.779      0.000 4
  -1  566      0.127     -0.960      0.000 4
  -1  568      0.128     -0.639      0.000 4
  -1   -2      0.129     -0.623      0.000 4
  -1  567      0.130     -0.918      0.000 4
  -1  571      0.132      0.234      0.000 4
  -1  570      0.133      0.478      0.000 4
  -1  574      0.136      0.131      0.000 4
  -1  576      0.138     -0.208      0.000 4
  -1  572      0.138      0.659      0.000 4
  -1  579      0.140      0.118      0.000 4
  -1  578      0.140     -0.305      0.000 4
  -1  582      0.143     -0.120      0.000 4
  -1  575      0.144     -0.698      0.000 4
  -1  584      0.145      0.072      0.000 4
  -1  580      0.145      0.402      0.000 4
  -1  581      0.145     -0.418      0.000 4
  -1  573      0.145     -0.990      0.000 4
  -1  585      0.148      0.247      0.000 4
  -1  577      0.148      0.954      0.000 4
  -1  586      0.148      0.270      0.000 4
  -1  583      0.148      0.516      0.000 4
  -1  587      0.151     -0.150      0.000 4
  -1  591      0.160      0.189      0.000 4
  -1  589      0.161     -0.585      0.000 4
  -1  590      0.162     -0.475      0.000 4
  -1  588      0.162     -0.945      0.000 4
  -1   -2      0.165     -0.630      0.000 4
  -1  596      0.166     -0.138      0.000 4
  -1  597      0.166      0.017      0.000 4
  -1  594      0.167     -0.283      0.000 4
  -1  598      0.168     -0.018      0.000 4
  -1  593      0.170     -0.768      0.000 4
  -1  595      0.172     -0.638      0.000 4
  -1  599      0.175     -0.584      0.000 4
  -1  600      0.178      0.588      0.000 4
  -1  602      0.179      0.271      0.000 4
  -1  601      0.182     -0.602      0.000 4
  -1  606      0.184      0.502      0.000 4
  -1  607      0.189      0.654      0.000 4
  -1  603      0.189      0.890      0.000 4
  -1  605      0.190     -0.928      0.000 4
  -1  604      0.190     -0.985      0.000 4
  -1  609      0.196      0.420      0.000 4
  -1  608      0.199      0.828      0.000 4
  -1  615      0.202     -0.104      0.000 4
  -1  614      0.204     -0.318      0.000 4
  -1  610      0.205     -0.923      0.000 4
  -1  612      0.205     -0.637      0.000 4
  -1  617      0.211     -0.461      0.000 4
  -1   -2      0.213     -0.988      0.000 4
  -1  616      0.216      0.959      0.000 4
  -1  618      0.218      0.851      0.000 4
  -1  622      0.219      0.148      0.000 4
  -1  624      0.222     -0.349      0.000 4
  -1  625      0.222      0.064      0.000 4
  -1  619      0.222     -0.993      0.000 4
  -1  620      0.223     -0.957      0.000 4
  -1  621      0.225     -0.767      0.000 4
  -1  623      0.225      0.497      0.000 4
  -1  626      0.227      0.044      0.000 4
  -1  627      0.231      0.213      0.000 4
  -1  629      0.240     -0.509      0.000 4
  -1  632      0.242     -0.217      0.000 4
  -1  635      0.243      0.014      0.000 4
  -1  636      0.244      0.139      0.000 4
  -1  631      0.244      0.356      0.000 4
  -1  628      0.246      0.913      0.000 4
  -1  630      0.248      0.662      0.000 4
  -1  639      0.248      0.103      0.000 4
  -1  637      0.248     -0.397      0.000 4
  -1  638      0.249      0.208      0.000 4
  -1  634      0.253     -0.698      0.000 4
  -1  643      0.253      0.113      0.000 4
  -1  644      0.255      0.237      0.000 4
  -1  633      0.256      0.906      0.000 4
  -1  646      0.256      0.184      0.000 4
  -1  640      0.260     -0.644      0.000 4
  -1  647      0.261      0.296      0.000 4
  -1  642      0.263     -0.723      0.000 4
  -1  641      0.266     -0.963      0.000 4
  -1  645      0.267      0.755      0.000 4
  -1  648      0.271      0.648      0.000 4
  -1  651      0.271     -0.354      0.000 4
  -1  649      0.271      0.464      0.000 4
  -1  650      0.273     -0.502      0.000 4
  -1  652      0.284      0.882      0.000 4
  -1  657      0.284      0.059      0.000 4
  -1  653      0.286     -0.957      0.000 4
  -1  655      0.291     -0.696      0.000 4
  -1  656      0.291     -0.542      0.000 4
  -1  654      0.292      0.723      0.000 4
  -1  662      0.293      0.170      0.000 4
  -1  663      0.293     -0.137      0.000 4
  -1  659      0.296     -0.634      0.000 4
  -1  660      0.299      0.539      0.000 4
  -1  658      0.300      0.773      0.000 4
  -1  664      0.301     -0.231      0.000 4
  -1  666      0.304     -0.198      0.000 4
  -1  665      0.306      0.421      0.000 4
  -1  661      0.307      0.964      0.000 4
  -1  669      0.313     -0.086      0.000 4
  -1  667      0.314      0.548      0.000 4
  -1  670      0.315     -0.188      0.000 4
  -1  671      0.316      0.046      0.000 4
  -1  668      0.317      0.596      0.000 4
  -1  673      0.317      0.058      0.000 4
  -1  672      0.332      0.744      0.000 4
  -1  675      0.332     -0.090      0.000 4
  -1  676      0.333      0.154      0.000 4
  -1  674      0.336     -0.457      0.000 4
  -1  678      0.336      0.212      0.000 4
  -1  677      0.341     -0.520      0.000 4
  -1  681      0.342      0.360      0.000 4
  -1  685      0.346     -0.141      0.000 4
  -1  679      0.347      0.563      0.000 4
  -1  689      0.351      0.028      0.000 4
  -1  680      0.353      0.795      0.000 4
  -1  682      0.354      0.644      0.000 4
  -1  686      0.355      0.498      0.000 4
  -1  687      0.355      0.445      0.000 4
  -1  692      0.358     -0.299      0.000 4
  -1  683      0.360      0.987      0.000 4
  -1  688      0.361      0.534      0.000 4
  -1  684      0.361     -0.871      0.000 4
  -1  693      0.363      0.073      0.000 4
  -1  691      0.364      0.548      0.000 4
  -1  695      0.365     -0.149      0.000 4
  -1  690      0.370      0.829      0.000 4
  -1  701      0.373      0.002      0.000 4
  -1  694      0.379     -0.722      0.000 4
  -1  699      0.380     -0.633      0.000 4
  -1  703      0.382      0.338      0.000 4
  -1  698      0.382      0.688      0.000 4
  -1  696      0.382     -0.895      0.000 4
  -1  697      0.383     -0.858      0.000 4
  -1  704      0.386      0.468      0.000 4
  -1  702      0.388     -0.677      0.000 4
  -1  710      0.388      0.016      0.000 4
  -1  707      0.388     -0.505      0.000 4
  -1  700      0.388     -0.782      0.000 4
  -1  706      0.392     -0.646      0.000 4
  -1  715      0.394     -0.132      0.000 4
  -1  716      0.395     -0.145      0.000 4
  -1  705      0.395     -0.847      0.000 4
  -1  713      0.397     -0.351      0.000 4
  -1  711      0.399      0.520      0.000 4
  -1  709      0.400      0.637      0.000 4
  -1  708      0.405      0.906      0.000 4
  -1  719      0.405     -0.198      0.000 4
  -1  717      0.409      0.478      0.000 4
  -1  712      0.410     -0.978      0.000 4
  -1   -2      0.412     -0.890      0.000 4
  -1  721      0.415      0.320      0.000 4
  -1  720      0.418      0.552      0.000 4
  -1  718      0.419     -0.889      0.000 4
  -1  724      0.421      0.116      0.000 4
  -1  725      0.422     -0.104      0.000 4
  -1  722      0.430      0.751      0.000 4
  -1  723      0.431      0.674      0.000 4
  -1  726      0.433     -0.444      0.000 4
  -1  730      0.435      0.083      0.000 4
  -1  728      0.436      0.251      0.000 4
  -1  729      0.441      0.417      0.000 4
  -1  731      0.442      0.214      0.000 4
  -1  727      0.449     -0.847      0.000 4
  -1  735      0.449      0.221      0.000 4
  -1  732      0.450     -0.987      0.000 4
  -1  734      0.454     -0.566      0.000 4
  -1  738      0.455     -0.407      0.000 4
  -1  740      0.459      0.434      0.000 4
  -1  733      0.461      0.829      0.000 4
  -1  736      0.462     -0.708      0.000 4
  -1  739      0.467     -0.834      0.000 4
  -1  737      0.468      0.886      0.000 4
  -1  741      0.469     -0.781      0.000 4
  -1  744      0.477      0.036      0.000 4
  -1  742      0.479     -0.734      0.000 4
  -1  745      0.483      0.288      0.000 4
  -1  749      0.484     -0.102      0.000 4
  -1   -2      0.490      0.835      0.000 4
  -1  747      0.493      0.530      0.000 4
  -1  753      0.496      0.043      0.000 4
  -1  754      0.499      0.175      0.000 4
  -1  746      0.499     -0.993      0.000 4
  -1  748      0.502      0.884      0.000 4
  -1  750      0.503      0.833      0.000 4
  -1  756      0.503      0.331      0.000 4
  -1  760      0.507     -0.198      0.000 4
  -1  751      0.507     -0.766      0.000 4
  -1  752      0.509     -0.743      0.000 4
  -1  755      0.514     -0.780      0.000 4
  -1  758      0.515     -0.529      0.000 4
  -1  765      0.517     -0.177      0.000 4
  -1  759      0.517     -0.582      0.000 4
  -1  757      0.519     -0.957      0.000 4
  -1  768      0.521     -0.227      0.000 4
  -1  762      0.522      0.632      0.000 4
  -1  766      0.524     -0.474      0.000 4
  -1  767      0.524      0.413      0.000 4
  -1  770      0.525     -0.072      0.000 4
  -1  761      0.526      0.783      0.000 4
  -1  763      0.532      0.859      0.000 4
  -1  772      0.531     -0.357      0.000 4
  -1  764      0.533     -0.979      0.000 4
  -1  769      0.539      0.694      0.000 4
  -1  774      0.541     -0.564      0.000 4
  -1  773      0.542      0.548      0.000 4
  -1  771      0.543     -0.779      0.000 4
  -1  775      0.552     -0.830      0.000 4
  -1  783      0.555      0.038      0.000 4
  -1  786      0.557     -0.056      0.000 4
  -1  777      0.556     -0.533      0.000 4
  -1  784      0.558     -0.280      0.000 4
  -1  776      0.558     -0.695      0.000 4
  -1  782      0.563     -0.516      0.000 4
  -1  778      0.563     -0.704      0.000 4
  -1  785      0.564      0.421      0.000 4
  -1  781      0.564      0.566      0.000 4
  -1  787      0.567     -0.523      0.000 4
  -1  789      0.567     -0.117      0.000 4
  -1  779      0.567     -0.895      0.000 4
  -1   -2      0.567     -0.279      0.000 4
  -1  780      0.570      0.831      0.000 4
  -1  791      0.575      0.427      0.000 4
  -1  796      0.577     -0.156      0.000 4
  -1  798      0.582      0.233      0.000 4
  -1  794      0.583     -0.622      0.000 4
  -1  790      0.587      0.996      0.000 4
  -1  802      0.587      0.028      0.000 4
  -1  803      0.587      0.041      0.000 4
  -1  792      0.588      0.867      0.000 4
  -1  793      0.589      0.950      0.000 4
  -1  797      0.589      0.581      0.000 4
  -1  795      0.591     -0.969      0.000 4
  -1  801      0.593     -0.658      0.000 4
  -1  800      0.594      0.631      0.000 4
  -1  799      0.598      0.793      0.000 4
  -1  804      0.599     -0.544      0.000 4
  -1  806      0.607     -0.300      0.000 4
  -1  805      0.609      0.725      0.000 4
  -1  807      0.611      0.378      0.000 4
  -1  810      0.621      0.014      0.000 4
  -1  809      0.621      0.131      0.000 4
  -1  808      0.623     -0.561      0.000 4
  -1  811      0.630     -0.532      0.000 4
  -1  812      0.632     -0.399      0.000 4
  -1  813      0.640     -0.579      0.000 4
  -1  815      0.650      0.583      0.000 4
  -1  814      0.650     -0.808      0.000 4
  -1  818      0.650      0.182      0.000 4
  -1  817      0.651      0.274      0.000 4
  -1  819      0.653     -0.181      0.000 4
  -1  816      0.656     -0.762      0.000 4
  -1  824      0.659      0.102      0.000 4
  -1  827      0.660     -0.130      0.000 4
  -1  828      0.664      0.074      0.000 4
  -1  821      0.666      0.605      0.000 4
  -1  822      0.666      0.539      0.000 4
  -1  829      0.668     -0.155      0.000 4
  -1  830      0.668      0.091      0.000 4
  -1  820      0.670     -0.988      0.000 4
  -1  823      0.671     -0.740      0.000 4
  -1  825      0.676      0.925      0.000 4
  -1  826      0.676      0.907      0.000 4
  -1  835      0.678      0.374      0.000 4
  -1  836      0.679     -0.199      0.000 4
  -1  833      0.679     -0.529      0.000 4
  -1   -2      0.684      0.374      0.000 4
  -1  831      0.684     -0.888      0.000 4
  -1  832      0.685      0.845      0.000 4
  -1  839      0.688      0.052      0.000 4
  -1  834      0.689      0.822      0.000 4
  -1  838      0.694      0.409      0.000 4
  -1  843      0.698     -0.098      0.000 4
  -1  842      0.698      0.206      0.000 4
  -1  841      0.699      0.402      0.000 4
  -1   -2      0.700     -0.983      0.000 4
  -1  837      0.702     -0.990      0.000 4
  -1  840      0.705      0.673      0.000 4
  -1  845      0.707     -0.382      0.000 4
  -1  848      0.707     -0.160      0.000 4
  -1  847      0.712      0.426      0.000 4
  -1  844      0.714      0.675      0.000 4
  -1  846      0.715     -0.659      0.000 4
  -1  849      0.718      0.614      0.000 4
  -1  851      0.723      0.091      0.000 4
  -1  850      0.723     -0.596      0.000 4
  -1  852      0.725      0.183      0.000 4
  -1  855      0.727      0.059      0.000 4
  -1  859      0.730     -0.070      0.000 4
  -1  860      0.732     -0.295      0.000 4
  -1  853      0.734      0.579      0.000 4
  -1  856      0.737      0.539      0.000 4
  -1  861      0.738     -0.441      0.000 4
  -1  854      0.738      0.752      0.000 4
  -1  857      0.741     -0.869      0.000 4
  -1  858      0.743      0.859      0.000 4
  -1  866      0.744      0.025      0.000 4
  -1  865      0.746     -0.379      0.000 4
  -1  862      0.750     -0.876      0.000 4
  -1  864      0.752      0.666      0.000 4
  -1  863      0.752     -0.856      0.000 4
  -1  869      0.756     -0.328      0.000 4
  -1  868      0.758     -0.668      0.000 4
  -1  871      0.759      0.218      0.000 4
  -1  867      0.760      0.926      0.000 4
  -1  870      0.761     -0.614      0.000 4
  -1  876      0.764     -0.060      0.000 4
  -1   -2      0.766      0.227      0.000 4
  -1  877      0.768     -0.172      0.000 4
  -1  878      0.768      0.013      0.000 4
  -1  873      0.770      0.711      0.000 4
  -1  874      0.771     -0.625      0.000 4
  -1  872      0.773      0.944      0.000 4
  -1  879      0.780      0.656      0.000 4
  -1  881      0.781      0.362      0.000 4
  -1  884      0.787     -0.221      0.000 4
  -1  880      0.787      0.779      0.000 4
  -1  882      0.789     -0.870      0.000 4
  -1  883      0.790      0.707      0.000 4
  -1  887      0.795     -0.028      0.000 4
  -1  886      0.796      0.404      0.000 4
  -1  891      0.798      0.004      0.000 4
  -1  890      0.799      0.171      0.000 4
  -1  885      0.800     -0.809      0.000 4
  -1  893      0.802     -0.414      0.000 4
  -1  897      0.804      0.296      0.000 4
  -1  892      0.804     -0.556      0.000 4
  -1  899      0.805      0.326      0.000 4
  -1  889      0.805     -0.771      0.000 4
  -1  888      0.806      0.816      0.000 4
  -1  898      0.805     -0.436      0.000 4
  -1   -2      0.806     -0.570      0.000 4
  -1  902      0.807      0.013      0.000 4
  -1  901      0.808      0.422      0.000 4
  -1  894      0.809     -0.826      0.000 4
  -1  900      0.810      0.639      0.000 4
  -1  895      0.810     -0.894      0.000 4
  -1  906      0.817     -0.353      0.000 4
  -1  903      0.820      0.849      0.000 4
  -1  904      0.821      0.593      0.000 4
  -1  905      0.821     -0.736      0.000 4
  -1  909      0.824     -0.020      0.000 4
  -1  908      0.824     -0.228      0.000 4
  -1  911      0.827      0.212      0.000 4
  -1  907      0.827     -0.818      0.000 4
  -1  912      0.832      0.498      0.000 4
  -1  910      0.831     -0.714      0.000 4
  -1  913      0.834     -0.819      0.000 4
  -1  915      0.835      0.447      0.000 4
  -1  914      0.839      0.755      0.000 4
  -1  917      0.840     -0.418      0.000 4
  -1  916      0.841     -0.912      0.000 4
  -1  919      0.845      0.299      0.000 4
  -1  918      0.847      0.520      0.000 4
  -1  924      0.856     -0.038      0.000 4
  -1  921      0.857      0.711      0.000 4
  -1  922      0.857     -0.705      0.000 4
  -1  920      0.858      0.950      0.000 4
  -1  923      0.859      0.825      0.000 4
  -1  928      0.861      0.241      0.000 4
  -1   -2      0.863      0.996      0.000 4
  -1  925      0.863      0.584      0.000 4
  -1  929      0.865      0.126      0.000 4
  -1  926      0.866      0.872      0.000 4
  -1  927      0.865     -0.920      0.000 4
  -1   -2      0.867      0.248      0.000 4
  -1  933      0.871     -0.095      0.000 4
  -1  931      0.874      0.650      0.000 4
  -1  934      0.876      0.018      0.000 4
  -1  932      0.877      0.846      0.000 4
  -1  938      0.882     -0.045      0.000 4
  -1  940      0.883     -0.203      0.000 4
  -1  939      0.883      0.227      0.000 4
  -1  935      0.884      0.991      0.000 4
  -1   -2      0.884      0.608      0.000 4
  -1  936      0.885      0.927      0.000 4
  -1  945      0.885      0.045      0.000 4
  -1  942      0.885      0.358      0.000 4
  -1  943      0.885     -0.433      0.000 4
  -1  944      0.888      0.596      0.000 4
  -1  941      0.888      0.782      0.000 4
  -1  946      0.889      0.510      0.000 4
  -1  947      0.890     -0.722      0.000 4
  -1  948      0.894      0.849      0.000 4
  -1  950      0.897      0.475      0.000 4
  -1  949      0.897     -0.623      0.000 4
  -1  951      0.901     -0.604      0.000 4
  -1  952      0.902      0.571      0.000 4
  -1  953      0.903     -0.326      0.000 4
  -1  954      0.903      0.228      0.000 4
  -1  955      0.904     -0.421      0.000 4
  -1  956      0.908     -0.539      0.000 4
  -1  957      0.911     -0.609      0.000 4
  -1  959      0.914     -0.159      0.000 4
  -1  958      0.917      0.813      0.000 4
  -1  960      0.921     -0.125      0.000 4
  -1  961      0.923     -0.263      0.000 4
  -1  962      0.923     -0.296      0.000 4
  -1  963      0.927      0.415      0.000 4
  -1  964      0.928     -0.630      0.000 4
  -1  965      0.936     -0.493      0.000 4
  -1  966      0.937     -0.912      0.000 4
  -1  967      0.938     -0.932      0.000 4
  -1  968      0.939     -0.863      0.000 4
  -1  970      0.943      0.186      0.000 4
  -1  969      0.944     -0.966      0.000 4
  -1  971      0.948      0.401      0.000 4
  -1  972      0.949     -0.987      0.000 4
  -1  973      0.959     -0.466      0.000 4
  -1  974      0.961      0.825      0.000 4
  -1  975      0.962      0.896      0.000 4
  -1  976      0.962      0.980      0.000 4
  -1  978      0.962     -0.163      0.000 4
  -1  977      0.963      0.682      0.000 4
  -1  979      0.965     -0.796      0.000 4
  -1  980      0.971      0.372      0.000 4
  -1  981      0.972     -0.625      0.000 4
  -1  982      0.974      0.010      0.000 4
  -1  983      0.975     -0.555      0.000 4
  -1  985      0.977     -0.262      0.000 4
  -1  984      0.978      0.773      0.000 4
  -1  986      0.978      0.339      0.000 4
  -1  987      0.978     -0.390      0.000 4
  -1  988      0.984      0.112      0.000 4
  -1   -2      0.985      0.290      0.000 4
  -1  990      0.986      0.281      0.000 4
  -1  991      0.991      0.617      0.000 4
  -1  992      0.992      0.522      0.000 4
  -1  993      0.993     -0.822      0.000 4
  -1  994      0.994      0.656      0.000 4
