996
  -1    0     -0.998      0.040      0.000 4
   0    1     -0.998      0.211      0.000 4
   1    2     -0.993     -0.127      0.000 4
   3    4     -0.990     -0.753      0.000 4
   2    3     -0.991      0.747      0.000 4
  -1   -2     -0.991      0.754      0.000 4
   5    6     -0.989     -0.221      0.000 4
   6    7     -0.989     -0.049      0.000 4
   7    8     -0.989      0.952      0.000 4
   8    9     -0.989      0.452      0.000 4
   9   10     -0.988     -0.549      0.000 4
  11   12     -0.988     -0.299      0.000 4
  12   11     -0.988      0.701      0.000 4
  10   13     -0.987     -0.799      0.000 4
  -1   14     -0.987      0.201      0.000 4
  13   15     -0.985     -0.279      0.000 4
  14   16     -0.981      0.255      0.000 4
  15   17     -0.977     -0.185      0.000 4
  16   18     -0.974      0.570      0.000 4
  17   22     -0.972      0.959      0.000 4
  19   19     -0.971     -0.018      0.000 4
  21   20     -0.971      0.368      0.000 4
  22   21     -0.970     -0.193      0.000 4
  18   25     -0.969     -0.978      0.000 4
  20   24     -0.970      0.682      0.000 4
  23   23     -0.969      0.342      0.000 4
  24   26     -0.965     -0.450      0.000 4
  25   27     -0.962     -0.109      0.000 4
  26   28     -0.961     -0.215      0.000 4
  27   29     -0.960      0.585      0.000 4
  28   30     -0.958     -0.419      0.000 4
  30   31     -0.954      0.183      0.000 4
  29   32     -0.954      0.825      0.000 4
  31   33     -0.950     -0.642      0.000 4
  36   34     -0.944      0.095      0.000 4
  32   35     -0.945      0.710      0.000 4
  34   38     -0.943     -0.688      0.000 4
  35   36     -0.944      0.563      0.000 4
  33   40     -0.942     -0.931      0.000 4
  37   37     -0.942      0.177      0.000 4
  38   39     -0.939     -0.275      0.000 4
  39   41     -0.938      0.412      0.000 4
  40   43     -0.935     -0.721      0.000 4
  42   44     -0.934      0.471      0.000 4
  43   42     -0.933      0.196      0.000 4
  45   45     -0.932      0.307      0.000 4
  41   46     -0.931     -0.931      0.000 4
  44   48     -0.930      0.757      0.000 4
  47   47     -0.928      0.365      0.000 4
  46   50     -0.926      0.938      0.000 4
  48   49     -0.921     -0.168      0.000 4
  49   51     -0.917      0.651      0.000 4
  50   52     -0.909     -0.210      0.000 4
  51   53     -0.905     -0.508      0.000 4
  53   54     -0.901     -0.237      0.000 4
  55   55     -0.898      0.423      0.000 4
  52   61     -0.896     -0.917      0.000 4
  54   59     -0.896     -0.673      0.000 4
  56   60     -0.895      0.637      0.000 4
  59   56     -0.894     -0.033      0.000 4
  60   57     -0.893      0.078      0.000 4
  62   58     -0.893      0.170      0.000 4
  57   62     -0.893      0.621      0.000 4
  61   67     -0.889     -0.636      0.000 4
  63   64     -0.889     -0.475      0.000 4
  64   65     -0.889      0.482      0.000 4
  58   69     -0.889      0.918      0.000 4
  66   63     -0.887     -0.174      0.000 4
  65   66     -0.887     -0.323      0.000 4
  67   68     -0.884     -0.260      0.000 4
  69   70     -0.878      0.038      0.000 4
  68   73     -0.878      0.552      0.000 4
  73   71     -0.875     -0.132      0.000 4
  74   72     -0.875     -0.006      0.000 4
  70   76     -0.874      0.593      0.000 4
  75   74     -0.872      0.200      0.000 4
  71   78     -0.869     -0.715      0.000 4
  77   75     -0.870     -0.092      0.000 4
  72   80     -0.869      0.804      0.000 4
  78   77     -0.868      0.130      0.000 4
  76   83     -0.863     -0.870      0.000 4
  80   79     -0.863     -0.065      0.000 4
  81   81     -0.860     -0.174      0.000 4
  79   85     -0.859     -0.831      0.000 4
  82   82     -0.858      0.277      0.000 4
  88   84     -0.853      0.144      0.000 4
  86   86     -0.852     -0.327      0.000 4
  83   88     -0.852      0.845      0.000 4
  84   92     -0.848     -0.921      0.000 4
  85   90     -0.848     -0.987      0.000 4
  89   87     -0.848      0.234      0.000 4
  87   93     -0.846     -0.712      0.000 4
  93   89     -0.843     -0.541      0.000 4
  90   94     -0.843      0.624      0.000 4
  -1   -2     -0.842      0.690      0.000 4
  92   97     -0.840      0.881      0.000 4
  96   91     -0.839     -0.182      0.000 4
  91   99     -0.839     -0.866      0.000 4
  95   98     -0.838      0.685      0.000 4
  97   95     -0.837      0.261      0.000 4
  99  101     -0.825     -0.338      0.000 4
 101  100     -0.824     -0.002      0.000 4
 103  102     -0.822      0.114      0.000 4
 102  103     -0.820      0.369      0.000 4
  98  106     -0.819     -0.935      0.000 4
 100  105     -0.818      0.653      0.000 4
 104  104     -0.816      0.527      0.000 4
 106  107     -0.807     -0.243      0.000 4
 105  109     -0.805      0.491      0.000 4
 107  108     -0.804     -0.404      0.000 4
 108  111     -0.798     -0.988      0.000 4
 113  110     -0.795     -0.049      0.000 4
 111  113     -0.794     -0.413      0.000 4
 109  114     -0.792      0.555      0.000 4
 114  112     -0.791     -0.178      0.000 4
 110  117     -0.786     -0.837      0.000 4
 112  119     -0.782     -0.962      0.000 4
 115  115     -0.781     -0.289      0.000 4
 120  116     -0.777     -0.256      0.000 4
 116  121     -0.774      0.541      0.000 4
 121  118     -0.773      0.120      0.000 4
 117  122     -0.771     -0.598      0.000 4
 119  124     -0.769      0.711      0.000 4
 123  120     -0.769      0.086      0.000 4
 118  126     -0.766     -0.871      0.000 4
 122  125     -0.764      0.565      0.000 4
 126  123     -0.762     -0.173      0.000 4
 124  132     -0.756      0.791      0.000 4
 129  127     -0.752     -0.440      0.000 4
 128  131     -0.752      0.523      0.000 4
 131  128     -0.750     -0.472      0.000 4
 130  130     -0.751      0.452      0.000 4
 125  137     -0.750     -0.995      0.000 4
 127  139     -0.746     -0.815      0.000 4
 135  129     -0.746      0.202      0.000 4
 132  136     -0.747      0.559      0.000 4
 133  135     -0.744     -0.494      0.000 4
 138  133     -0.743     -0.236      0.000 4
 137  134     -0.743      0.339      0.000 4
 134  138     -0.742      0.496      0.000 4
 136  140     -0.739     -0.526      0.000 4
 139  142     -0.735      0.444      0.000 4
 141  141     -0.734     -0.294      0.000 4
 144  143     -0.725     -0.216      0.000 4
 140  148     -0.722     -0.893      0.000 4
 142  147     -0.722     -0.843      0.000 4
 143  149     -0.722      0.924      0.000 4
 147  144     -0.716     -0.425      0.000 4
 150  145     -0.715      0.296      0.000 4
 146  150     -0.713     -0.542      0.000 4
 145  152     -0.711      0.678      0.000 4
 149  151     -0.711      0.499      0.000 4
 152  146     -0.709     -0.180      0.000 4
 148  154     -0.708     -0.742      0.000 4
 151  159     -0.703      0.966      0.000 4
 155  153     -0.699      0.033      0.000 4
 154  155     -0.698     -0.338      0.000 4
 153  161     -0.696     -0.697      0.000 4
 156  156     -0.696      0.180      0.000 4
 158  157     -0.691     -0.228      0.000 4
 160  158     -0.689      0.058      0.000 4
 157  166     -0.687      0.524      0.000 4
 164  160     -0.685      0.149      0.000 4
 161  165     -0.683     -0.408      0.000 4
 165  162     -0.683      0.242      0.000 4
 166  163     -0.681     -0.203      0.000 4
 163  167     -0.680     -0.498      0.000 4
 168  164     -0.679      0.035      0.000 4
 159  168     -0.677      0.875      0.000 4
 162  171     -0.671     -0.981      0.000 4
 167  169     -0.669      0.605      0.000 4
 170  172     -0.664      0.572      0.000 4
 169  173     -0.664      0.623      0.000 4
 171  175     -0.660      0.670      0.000 4
 175  170     -0.658      0.211      0.000 4
 172  178     -0.654      0.604      0.000 4
 178  174     -0.649     -0.085      0.000 4
 174  181     -0.648      0.817      0.000 4
 173  182     -0.648      0.889      0.000 4
 181  176     -0.646      0.025      0.000 4
 183  177     -0.644      0.062      0.000 4
 185  179     -0.641     -0.057      0.000 4
 177  186     -0.639      0.708      0.000 4
 176  188     -0.638      0.787      0.000 4
 187  180     -0.636      0.259      0.000 4
 184  184     -0.636      0.496      0.000 4
 186  183     -0.633     -0.436      0.000 4
 179  190     -0.631     -0.809      0.000 4
 180  192     -0.631      0.850      0.000 4
 182  189     -0.630     -0.735      0.000 4
 191  187     -0.628      0.319      0.000 4
 192  185     -0.626     -0.143      0.000 4
 189  194     -0.625      0.577      0.000 4
 190  193     -0.624     -0.579      0.000 4
  -1   -2     -0.621     -0.733      0.000 4
 195  191     -0.615     -0.195      0.000 4
 193  196     -0.610      0.569      0.000 4
 194  199     -0.602      0.931      0.000 4
 196  201     -0.599      0.732      0.000 4
 197  202     -0.594      0.535      0.000 4
 202  197     -0.591     -0.028      0.000 4
 201  203     -0.588      0.528      0.000 4
 198  205     -0.587     -0.761      0.000 4
 203  198     -0.587     -0.173      0.000 4
 199  206     -0.586      0.822      0.000 4
 200  207     -0.584     -0.722      0.000 4
 206  200     -0.584      0.014      0.000 4
 204  208     -0.579      0.488      0.000 4
 205  209     -0.574      0.520      0.000 4
 216  204     -0.573     -0.078      0.000 4
 209  210     -0.572      0.481      0.000 4
 207  212     -0.570     -0.621      0.000 4
 208  215     -0.567      0.699      0.000 4
 215  213     -0.567      0.458      0.000 4
 210  218     -0.563      0.793      0.000 4
 211  219     -0.563      0.829      0.000 4
  -1  217     -0.562     -0.042      0.000 4
 220  214     -0.562      0.278      0.000 4
 213  220     -0.560     -0.748      0.000 4
 214  222     -0.559     -0.791      0.000 4
 212  223     -0.560      0.870      0.000 4
 218  216     -0.558     -0.484      0.000 4
 217  225     -0.554      0.659      0.000 4
 222  221     -0.554     -0.527      0.000 4
 219  226     -0.552     -0.661      0.000 4
 224  227     -0.550     -0.619      0.000 4
 221  229     -0.550      0.643      0.000 4
 225  224     -0.549     -0.988      0.000 4
 223  232     -0.547     -0.041      0.000 4
 226  234     -0.540      0.841      0.000 4
 231  231     -0.538     -0.494      0.000 4
 234  228     -0.538     -0.171      0.000 4
 227  235     -0.538      0.806      0.000 4
 236  230     -0.533     -0.182      0.000 4
 228  240     -0.533      0.782      0.000 4
 232  236     -0.532      0.592      0.000 4
 229  243     -0.530      0.916      0.000 4
 238  239     -0.525      0.418      0.000 4
 241  233     -0.524     -0.216      0.000 4
 235  244     -0.524      0.601      0.000 4
 230   -2     -0.523     -0.039      0.000 4
 233  246     -0.523      0.906      0.000 4
 243  237     -0.523      0.306      0.000 4
 242  242     -0.520     -0.468      0.000 4
 250  238     -0.519     -0.168      0.000 4
 249  241     -0.518      0.177      0.000 4
 239  247     -0.515     -0.720      0.000 4
 237  250     -0.515     -0.913      0.000 4
 240  249     -0.513      0.723      0.000 4
 254  245     -0.509     -0.034      0.000 4
 244  253     -0.508     -0.844      0.000 4
 245  254     -0.506      0.992      0.000 4
 253  248     -0.505     -0.381      0.000 4
 247  258     -0.504     -0.982      0.000 4
 251  257     -0.501      0.655      0.000 4
 252  259     -0.499      0.716      0.000 4
 257  252     -0.497      0.345      0.000 4
 263  251     -0.495      0.084      0.000 4
 256  262     -0.492     -0.597      0.000 4
 261  261     -0.491      0.425      0.000 4
 255  266     -0.491      0.709      0.000 4
 264  256     -0.489      0.158      0.000 4
 266  255     -0.488     -0.057      0.000 4
 260  267     -0.487      0.617      0.000 4
 259  270     -0.483     -0.896      0.000 4
 258  271     -0.484      0.989      0.000 4
  -1   -2     -0.483      0.013      0.000 4
 270  263     -0.481     -0.146      0.000 4
  -1   -2     -0.480      0.709      0.000 4
 271  264     -0.480      0.141      0.000 4
 268  268     -0.478      0.444      0.000 4
 272  265     -0.477      0.018      0.000 4
 267  273     -0.475      0.577      0.000 4
 265  274     -0.475      0.720      0.000 4
 274  269     -0.470     -0.245      0.000 4
 276  278     -0.460      0.571      0.000 4
 278  275     -0.459     -0.305      0.000 4
 273  282     -0.458      0.945      0.000 4
 275  281     -0.456     -0.726      0.000 4
 282  276     -0.455     -0.104      0.000 4
 283  277     -0.455     -0.097      0.000 4
 280  280     -0.452      0.377      0.000 4
 277  283     -0.450      0.926      0.000 4
 285  279     -0.448     -0.232      0.000 4
 279  285     -0.442     -0.843      0.000 4
 281  286     -0.440      0.800      0.000 4
 289  284     -0.434     -0.311      0.000 4
 284  289     -0.434      0.955      0.000 4
 286  288     -0.432      0.735      0.000 4
 287  290     -0.428     -0.723      0.000 4
 288  292     -0.428      0.755      0.000 4
 293  287     -0.424     -0.377      0.000 4
 290  294     -0.420     -0.630      0.000 4
 295  291     -0.419     -0.417      0.000 4
 292  302     -0.417      0.761      0.000 4
 296  297     -0.415      0.476      0.000 4
 291  306     -0.415      0.950      0.000 4
 301  293     -0.414      0.261      0.000 4
 300  298     -0.412     -0.456      0.000 4
 299  300     -0.412     -0.509      0.000 4
 294  307     -0.411      0.814      0.000 4
 298  303     -0.411      0.568      0.000 4
 302  305     -0.408      0.480      0.000 4
 306  295     -0.407     -0.100      0.000 4
 307  296     -0.407     -0.061      0.000 4
 304  299     -0.407     -0.245      0.000 4
 308  301     -0.405      0.128      0.000 4
 297  309     -0.403     -0.994      0.000 4
 305  304     -0.404      0.311      0.000 4
 303  310     -0.395     -0.767      0.000 4
 314  308     -0.390      0.126      0.000 4
 311  311     -0.388     -0.588      0.000 4
 310  312     -0.388      0.610      0.000 4
 309  316     -0.386      0.926      0.000 4
 312  313     -0.383      0.596      0.000 4
 313  317     -0.380     -0.685      0.000 4
 315  322     -0.375      0.696      0.000 4
 323  314     -0.373      0.178      0.000 4
 321  319     -0.373      0.356      0.000 4
 325  315     -0.372      0.134      0.000 4
 316  327     -0.372      0.792      0.000 4
 317  325     -0.372      0.757      0.000 4
 318  328     -0.370     -0.795      0.000 4
 326  318     -0.369     -0.015      0.000 4
 327  320     -0.367      0.086      0.000 4
 319  331     -0.366      0.866      0.000 4
 328  321     -0.365      0.150      0.000 4
 329  324     -0.363      0.266      0.000 4
 330  323     -0.362     -0.250      0.000 4
 320  332     -0.362     -0.898      0.000 4
 322  334     -0.361      0.981      0.000 4
 324  333     -0.358     -0.817      0.000 4
 332  326     -0.357     -0.049      0.000 4
 334  329     -0.353     -0.123      0.000 4
 333  330     -0.353      0.137      0.000 4
 331  337     -0.347     -0.846      0.000 4
 335  336     -0.343     -0.564      0.000 4
 336  335     -0.342      0.310      0.000 4
 339  338     -0.326     -0.212      0.000 4
 337  339     -0.325      0.879      0.000 4
 338  340     -0.323      0.714      0.000 4
 340  342     -0.318      0.499      0.000 4
 341  341     -0.316      0.431      0.000 4
 344  343     -0.306      0.483      0.000 4
 342  347     -0.306      0.835      0.000 4
 343  346     -0.305      0.656      0.000 4
 345  345     -0.303     -0.588      0.000 4
 353  344     -0.299      0.048      0.000 4
 347  348     -0.298     -0.988      0.000 4
 346  351     -0.297     -0.632      0.000 4
 350  350     -0.297     -0.449      0.000 4
 348  352     -0.295      0.520      0.000 4
 356  349     -0.291     -0.051      0.000 4
 349  357     -0.289     -0.885      0.000 4
 352  359     -0.287     -0.911      0.000 4
 351  360     -0.288      0.938      0.000 4
 354  354     -0.287     -0.578      0.000 4
 359  353     -0.285     -0.226      0.000 4
 355  355     -0.285      0.524      0.000 4
 357  362     -0.281     -0.618      0.000 4
 362  361     -0.278      0.393      0.000 4
 363  358     -0.278      0.324      0.000 4
 364  356     -0.278      0.153      0.000 4
 360  363     -0.277     -0.647      0.000 4
 358  368     -0.277      0.990      0.000 4
 361  366     -0.275      0.664      0.000 4
 368  364     -0.269     -0.293      0.000 4
 369  365     -0.268     -0.311      0.000 4
 367  367     -0.268     -0.406      0.000 4
 365  370     -0.268      0.582      0.000 4
 370  369     -0.262     -0.056      0.000 4
 366  376     -0.261     -0.859      0.000 4
 372  371     -0.259     -0.130      0.000 4
 373  372     -0.259     -0.037      0.000 4
 374  373     -0.258     -0.103      0.000 4
 371  374     -0.257     -0.374      0.000 4
 376  375     -0.254     -0.241      0.000 4
 375  378     -0.250     -0.571      0.000 4
 380  377     -0.246     -0.121      0.000 4
 377  381     -0.243      0.714      0.000 4
 379  379     -0.243     -0.391      0.000 4
 378  383     -0.239      0.970      0.000 4
 382  380     -0.239     -0.240      0.000 4
 381  382     -0.237      0.647      0.000 4
 383  384     -0.231     -0.540      0.000 4
 384  388     -0.229      0.584      0.000 4
 385  385     -0.228      0.337      0.000 4
 387  387     -0.227      0.359      0.000 4
 386  389     -0.225      0.489      0.000 4
 389  386     -0.224     -0.033      0.000 4
 388  392     -0.221     -0.541      0.000 4
 391  391     -0.220     -0.350      0.000 4
 392  390     -0.220      0.119      0.000 4
 390  393     -0.216      0.700      0.000 4
 394  394     -0.210      0.567      0.000 4
 393  398     -0.209      0.968      0.000 4
 395  396     -0.206     -0.507      0.000 4
  -1   -2     -0.205     -0.441      0.000 4
 397  397     -0.204     -0.449      0.000 4
 398  399     -0.197      0.768      0.000 4
 399  402     -0.194      0.908      0.000 4
 401  400     -0.193      0.632      0.000 4
 400  404     -0.193      0.849      0.000 4
 402  401     -0.191     -0.642      0.000 4
 403  405     -0.190     -0.728      0.000 4
 404  406     -0.187      0.796      0.000 4
 406  403     -0.185      0.126      0.000 4
 405  407     -0.184     -0.985      0.000 4
 408  408     -0.178      0.445      0.000 4
 407  411     -0.176     -0.677      0.000 4
 409  413     -0.175      0.603      0.000 4
  -1  410     -0.174      0.365      0.000 4
 411  412     -0.173     -0.437      0.000 4
 410   -2     -0.173      0.373      0.000 4
 412  416     -0.170      0.657      0.000 4
 414  415     -0.169     -0.625      0.000 4
 416  414     -0.166     -0.044      0.000 4
 415  419     -0.165     -0.554      0.000 4
 417  417     -0.163      0.182      0.000 4
 418  418     -0.162      0.163      0.000 4
 419  421     -0.157     -0.416      0.000 4
 420  420     -0.157     -0.210      0.000 4
 423  422     -0.151     -0.181      0.000 4
 425  423     -0.150      0.146      0.000 4
 421  426     -0.148     -0.800      0.000 4
 427  424     -0.147     -0.263      0.000 4
 422  427     -0.147      0.800      0.000 4
 431  425     -0.144     -0.243      0.000 4
 424  429     -0.144      0.821      0.000 4
 426  430     -0.144      0.725      0.000 4
 430  428     -0.142      0.379      0.000 4
 428  431     -0.140     -0.883      0.000 4
 429  432     -0.140      0.961      0.000 4
 432  434     -0.133     -0.807      0.000 4
 433  433     -0.131     -0.309      0.000 4
 434  436     -0.127      0.558      0.000 4
 436  435     -0.125      0.245      0.000 4
 435  437     -0.121      0.747      0.000 4
 437  438     -0.116     -0.237      0.000 4
 440  439     -0.113     -0.156      0.000 4
 439  440     -0.111     -0.572      0.000 4
 438  442     -0.111      0.706      0.000 4
 441  441     -0.109      0.181      0.000 4
 442  443     -0.108     -0.504      0.000 4
 444  444     -0.106      0.498      0.000 4
  -1   -2     -0.105      0.487      0.000 4
 445  446     -0.103      0.004      0.000 4
 447  447     -0.103     -0.050      0.000 4
 446  448     -0.101      0.380      0.000 4
 448  449     -0.100     -0.443      0.000 4
 449  450     -0.089     -0.290      0.000 4
 450  451     -0.081     -0.559      0.000 4
 451  453     -0.079      0.918      0.000 4
 454  452     -0.076     -0.017      0.000 4
 453  454     -0.076     -0.486      0.000 4
 452  455     -0.076      0.818      0.000 4
 455  456     -0.073      0.584      0.000 4
 456  457     -0.071     -0.604      0.000 4
 458  458     -0.068     -0.387      0.000 4
 459  459     -0.067     -0.204      0.000 4
 457  461     -0.067      0.973      0.000 4
 460  460     -0.067      0.224      0.000 4
 461  462     -0.063      0.380      0.000 4
 462  463     -0.062      0.464      0.000 4
 463  464     -0.061     -0.898      0.000 4
 464  465     -0.057     -0.915      0.000 4
 465  468     -0.054     -0.734      0.000 4
 466  466     -0.054     -0.414      0.000 4
 467  467     -0.054     -0.051      0.000 4
 468  469     -0.052     -0.755      0.000 4
 472  470     -0.050      0.057      0.000 4
 470  472     -0.050      0.446      0.000 4
 469  473     -0.050      0.736      0.000 4
 471  471     -0.050      0.041      0.000 4
 474  474     -0.048     -0.448      0.000 4
 473  476     -0.048     -0.549      0.000 4
 475  475     -0.048     -0.082      0.000 4
 476  477     -0.046      0.312      0.000 4
 477  478     -0.043     -0.633      0.000 4
 479  479     -0.039      0.201      0.000 4
 478  480     -0.039     -0.885      0.000 4
 480  481     -0.038      0.906      0.000 4
 481  482     -0.037      0.524      0.000 4
 482  483     -0.036      0.353      0.000 4
 483  484     -0.034      0.078      0.000 4
 485  485     -0.034     -0.446      0.000 4
 484  486     -0.034      0.737      0.000 4
 486  487     -0.033     -0.812      0.000 4
 487  488     -0.032      0.230      0.000 4
 488  489     -0.031     -0.256      0.000 4
 489  490     -0.031      0.817      0.000 4
 490  491     -0.030     -0.528      0.000 4
 491  492     -0.029      0.940      0.000 4
 492  493     -0.029      0.112      0.000 4
 493  494     -0.026      0.143      0.000 4
 494  495     -0.024      0.016      0.000 4
 495  496     -0.023     -0.639      0.000 4
 496  497     -0.022     -0.414      0.000 4
 497  498     -0.022     -0.501      0.000 4
 498  499     -0.021      0.628      0.000 4
 499  500     -0.019     -0.448      0.000 4
 500  501     -0.016     -0.694      0.000 4
  -1   -2     -0.015     -0.496      0.000 4
 502  505     -0.014      0.244      0.000 4
 503  503     -0.014     -0.600      0.000 4
 504  504     -0.013      0.975      0.000 4
 505  506     -0.013     -0.627      0.000 4
 506  507      0.002      0.045      0.000 4
 507  508      0.004     -0.379      0.000 4
 508  509      0.006     -0.223      0.000 4
 509  510      0.009      0.228      0.000 4
 510  511      0.011      0.513      0.000 4
 511  512      0.012      0.776      0.000 4
 512  513      0.012     -0.698      0.000 4
 513  514      0.014      0.712      0.000 4
 514  517      0.019     -0.329      0.000 4
 516  515      0.019     -0.680      0.000 4
 517  516      0.020      0.701      0.000 4
 515  518      0.021      0.057      0.000 4
 518  519      0.024     -0.108      0.000 4
 519  520      0.025     -0.088      0.000 4
 520  521      0.027     -0.189      0.000 4
 521  522      0.029      0.532      0.000 4
 522  523      0.032      0.125      0.000 4
 523  526      0.040      0.087      0.000 4
 524  525      0.040     -0.191      0.000 4
 527  524      0.043     -0.962      0.000 4
 525  528      0.043      0.335      0.000 4
 526  527      0.043     -0.480      0.000 4
 529  529      0.047     -0.778      0.000 4
 528  531      0.049      0.162      0.000 4
 531  530      0.051     -0.673      0.000 4
 530  532      0.053     -0.392      0.000 4
 532  533      0.055      0.296      0.000 4
 534  534      0.061      0.866      0.000 4
 533  536      0.062      0.002      0.000 4
 535  535      0.064     -0.917      0.000 4
 537  537      0.067      0.736      0.000 4
 538  538      0.069     -0.847      0.000 4
 536  542      0.070      0.362      0.000 4
 539  540      0.072      0.674      0.000 4
 540  539      0.072     -0.967      0.000 4
 542  541      0.073      0.937      0.000 4
 541  543      0.075     -0.591      0.000 4
 543  544      0.079      0.657      0.000 4
 547  545      0.086     -0.895      0.000 4
 544  548      0.087      0.050      0.000 4
 545  547      0.087     -0.279      0.000 4
 546  546      0.088     -0.379      0.000 4
 548  551      0.097      0.203      0.000 4
 549  550      0.098     -0.399      0.000 4
 551  549      0.100     -0.962      0.000 4
 550  554      0.102      0.177      0.000 4
 553  552      0.104      0.834      0.000 4
 554  553      0.105     -0.869      0.000 4
  -1  557      0.107      0.199      0.000 4
 555  555      0.109     -0.504      0.000 4
 558  556      0.113     -0.969      0.000 4
 560  558      0.114      0.945      0.000 4
 556  560      0.115      0.507      0.000 4
 561  559      0.115     -0.863      0.000 4
 566  561      0.118     -0.975      0.000 4
 567  562      0.120      0.741      0.000 4
 562  564      0.121     -0.545      0.000 4
 557  568      0.121      0.049      0.000 4
 570  563      0.122     -0.919      0.000 4
 564  566      0.122     -0.478      0.000 4
 559  570      0.123     -0.051      0.000 4
 568  565      0.123     -0.636      0.000 4
 565  569      0.124      0.275      0.000 4
 563  572      0.125     -0.167      0.000 4
 569  571      0.127     -0.463      0.000 4
 574  567      0.128      0.777      0.000 4
 571  574      0.130     -0.190      0.000 4
 572  575      0.131      0.076      0.000 4
 573  577      0.136     -0.048      0.000 4
 577  573      0.137      0.875      0.000 4
 575  579      0.142      0.015      0.000 4
 576  580      0.143     -0.178      0.000 4
 580  576      0.144      0.865      0.000 4
 581  578      0.148     -0.932      0.000 4
 578  581      0.149      0.257      0.000 4
 579  582      0.152      0.058      0.000 4
 583  583      0.157      0.513      0.000 4
 582  586      0.158      0.327      0.000 4
  -1   -2      0.159     -0.478      0.000 4
 586  589      0.162     -0.488      0.000 4
 590  584      0.163     -0.925      0.000 4
 585  590      0.163      0.364      0.000 4
 587  588      0.164     -0.649      0.000 4
 593  587      0.167      0.833      0.000 4
 591  592      0.169      0.441      0.000 4
 588  593      0.169     -0.434      0.000 4
 595  591      0.171      0.952      0.000 4
 589  594      0.172     -0.199      0.000 4
 592  595      0.175      0.111      0.000 4
 594  599      0.180      0.052      0.000 4
 598  597      0.183     -0.457      0.000 4
 597  598      0.183     -0.438      0.000 4
 596  600      0.183     -0.031      0.000 4
 600  596      0.185      0.656      0.000 4
 599  602      0.190     -0.014      0.000 4
 602  601      0.192     -0.498      0.000 4
 601  603      0.193      0.268      0.000 4
 603  608      0.198     -0.152      0.000 4
 606  606      0.201     -0.987      0.000 4
 609  605      0.202      0.540      0.000 4
 605  609      0.202     -0.291      0.000 4
 604  613      0.203      0.075      0.000 4
 610  604      0.204      0.687      0.000 4
 608  610      0.204      0.363      0.000 4
 607  614      0.205     -0.339      0.000 4
 611  611      0.208     -0.608      0.000 4
 614  607      0.209      0.976      0.000 4
 612  612      0.209     -0.576      0.000 4
 615  615      0.214      0.625      0.000 4
 613  616      0.217      0.144      0.000 4
 616  619      0.223     -0.208      0.000 4
 618  617      0.226      0.533      0.000 4
 622  618      0.231     -0.819      0.000 4
 617  625      0.231      0.172      0.000 4
 626  620      0.236      0.730      0.000 4
 619  629      0.236      0.157      0.000 4
 623  624      0.237     -0.523      0.000 4
 624  622      0.237      0.663      0.000 4
 620  630      0.238     -0.143      0.000 4
 629  621      0.239      0.777      0.000 4
 627  626      0.240     -0.589      0.000 4
 621  632      0.240      0.077      0.000 4
 631  623      0.241     -0.853      0.000 4
 628  633      0.246      0.298      0.000 4
 630  634      0.247      0.372      0.000 4
 625  635      0.247      0.069      0.000 4
 634  627      0.248     -0.966      0.000 4
 635  628      0.248      0.882      0.000 4
 636  631      0.251     -0.808      0.000 4
 632  638      0.256     -0.086      0.000 4
 633  639      0.259      0.040      0.000 4
 642  636      0.263     -0.798      0.000 4
 643   -2      0.264     -0.855      0.000 4
 640  640      0.264     -0.344      0.000 4
 637  642      0.265      0.120      0.000 4
 638  643      0.265     -0.199      0.000 4
 639  644      0.266     -0.106      0.000 4
 646  637      0.270     -0.856      0.000 4
 644  641      0.271     -0.529      0.000 4
 641  646      0.273      0.181      0.000 4
 645  647      0.276     -0.394      0.000 4
 648  645      0.281     -0.720      0.000 4
 649  648      0.286      0.500      0.000 4
 647  653      0.290     -0.100      0.000 4
 653  649      0.295      0.563      0.000 4
 650  656      0.296      0.004      0.000 4
 652  654      0.297      0.439      0.000 4
 656  650      0.298      0.620      0.000 4
 655  651      0.298     -0.651      0.000 4
 651  660      0.300     -0.019      0.000 4
 662  652      0.303      0.866      0.000 4
 654  663      0.304     -0.234      0.000 4
 663  655      0.305     -0.814      0.000 4
 658  659      0.306      0.454      0.000 4
 657  661      0.306      0.363      0.000 4
 665  657      0.310      0.800      0.000 4
 659  664      0.310     -0.442      0.000 4
 664  658      0.311      0.705      0.000 4
 660  665      0.312     -0.401      0.000 4
 661  667      0.316     -0.262      0.000 4
 666  672      0.323      0.266      0.000 4
 670  666      0.324     -0.805      0.000 4
 669  668      0.326     -0.610      0.000 4
 668  671      0.327      0.483      0.000 4
 667  675      0.330     -0.308      0.000 4
 674  669      0.333      0.870      0.000 4
  -1   -2      0.333      0.815      0.000 4
 672  674      0.335      0.577      0.000 4
 679  673      0.338     -0.957      0.000 4
 675  679      0.342     -0.565      0.000 4
 680  678      0.343      0.627      0.000 4
 682  677      0.344     -0.750      0.000 4
 671  683      0.344     -0.080      0.000 4
 677  681      0.345     -0.582      0.000 4
 683  676      0.346      0.817      0.000 4
 681  682      0.349      0.478      0.000 4
 687  680      0.351     -0.984      0.000 4
 684  684      0.354      0.463      0.000 4
 676  687      0.354      0.103      0.000 4
 678  686      0.354      0.154      0.000 4
 685  688      0.360      0.342      0.000 4
 686  693      0.364      0.226      0.000 4
 696  685      0.365      0.850      0.000 4
 691  690      0.367      0.430      0.000 4
 689  692      0.367     -0.446      0.000 4
 697  689      0.371     -0.675      0.000 4
 690  697      0.371     -0.282      0.000 4
 688  698      0.372      0.041      0.000 4
 698  691      0.373     -0.707      0.000 4
 692  700      0.376      0.179      0.000 4
 694  701      0.378      0.154      0.000 4
 695  702      0.379     -0.169      0.000 4
 693  703      0.379      0.028      0.000 4
 701  694      0.381      0.772      0.000 4
 703  695      0.382     -0.766      0.000 4
 702  696      0.383     -0.750      0.000 4
 699  709      0.388      0.101      0.000 4
 707  706      0.392      0.508      0.000 4
 712  699      0.393     -0.898      0.000 4
 700  715      0.393      0.138      0.000 4
 704  708      0.393     -0.392      0.000 4
 709  707      0.394      0.470      0.000 4
 706  711      0.394      0.385      0.000 4
 711  704      0.394     -0.729      0.000 4
 713  705      0.398     -0.829      0.000 4
 705  717      0.400      0.075      0.000 4
 708  720      0.403      0.006      0.000 4
 710  721      0.405      0.083      0.000 4
 716  710      0.406      0.993      0.000 4
 718  712      0.406     -0.977      0.000 4
 719  714      0.409      0.832      0.000 4
 717  716      0.408     -0.776      0.000 4
 721  713      0.409      0.948      0.000 4
 714  719      0.410      0.420      0.000 4
 715  722      0.416     -0.457      0.000 4
 723  718      0.419      0.870      0.000 4
 720  725      0.423      0.310      0.000 4
 722  724      0.424      0.440      0.000 4
 725  723      0.427      0.694      0.000 4
 727  727      0.439     -0.542      0.000 4
 729  726      0.440      0.633      0.000 4
 724  729      0.441      0.137      0.000 4
 726  732      0.446     -0.195      0.000 4
 733  728      0.447      0.805      0.000 4
 732  730      0.450     -0.987      0.000 4
 728  734      0.451      0.045      0.000 4
 730  736      0.457     -0.116      0.000 4
 731  737      0.458     -0.170      0.000 4
 735  733      0.459     -0.707      0.000 4
 736  731      0.459     -0.717      0.000 4
 739  735      0.467      0.530      0.000 4
 737  739      0.471      0.310      0.000 4
 734  741      0.473     -0.164      0.000 4
 738  742      0.475      0.186      0.000 4
 748  738      0.482      0.751      0.000 4
 746  740      0.481     -0.590      0.000 4
 744  743      0.484      0.406      0.000 4
 741  746      0.484     -0.271      0.000 4
 740  749      0.487     -0.076      0.000 4
 747  744      0.487     -0.429      0.000 4
 742  752      0.490      0.038      0.000 4
 745  751      0.490      0.136      0.000 4
 743  753      0.490      0.049      0.000 4
 749  747      0.491      0.430      0.000 4
 752  750      0.500      0.571      0.000 4
 755  745      0.500     -0.993      0.000 4
 750  760      0.501     -0.332      0.000 4
 756  748      0.501     -0.839      0.000 4
 758  754      0.505      0.666      0.000 4
 751  765      0.508     -0.081      0.000 4
 759  758      0.509      0.598      0.000 4
 757  761      0.509     -0.544      0.000 4
 760  757      0.509     -0.692      0.000 4
 753  764      0.510      0.310      0.000 4
 762  755      0.511      0.934      0.000 4
 764  756      0.512      0.920      0.000 4
 761  762      0.513     -0.587      0.000 4
 767  759      0.516     -0.913      0.000 4
 754  769      0.516     -0.129      0.000 4
 765  763      0.518     -0.657      0.000 4
 769  767      0.524      0.623      0.000 4
 771  766      0.525     -0.803      0.000 4
 766  770      0.526     -0.408      0.000 4
 763  773      0.531      0.025      0.000 4
 772  768      0.532      0.873      0.000 4
 768  776      0.535     -0.140      0.000 4
 770  777      0.538      0.069      0.000 4
 776  771      0.541     -0.993      0.000 4
 773  774      0.542     -0.569      0.000 4
 777  772      0.543      0.856      0.000 4
 775  778      0.548     -0.502      0.000 4
 784  775      0.551     -0.791      0.000 4
 774  782      0.555      0.003      0.000 4
 779  781      0.556      0.448      0.000 4
 782  779      0.556     -0.566      0.000 4
 783  780      0.557     -0.558      0.000 4
 778  783      0.559      0.258      0.000 4
 780  785      0.564     -0.196      0.000 4
 781  786      0.566     -0.142      0.000 4
 785  787      0.567     -0.129      0.000 4
 786  789      0.569      0.018      0.000 4
 789  784      0.574     -0.600      0.000 4
 787  794      0.578      0.226      0.000 4
 790  793      0.580      0.364      0.000 4
 794  788      0.582      0.654      0.000 4
 788  797      0.582      0.235      0.000 4
 792  796      0.583      0.314      0.000 4
 793  795      0.585      0.475      0.000 4
 795  792      0.585     -0.626      0.000 4
 791  801      0.586      0.123      0.000 4
 798  790      0.588      0.678      0.000 4
 797  799      0.591      0.487      0.000 4
 799  798      0.592     -0.649      0.000 4
 801  791      0.592     -0.907      0.000 4
 796  807      0.600     -0.106      0.000 4
 806  800      0.602     -0.914      0.000 4
 803  803      0.604      0.747      0.000 4
 805  802      0.604      0.896      0.000 4
 800  811      0.606      0.093      0.000 4
 802  805      0.606     -0.605      0.000 4
 807  804      0.610     -0.900      0.000 4
 809  806      0.614      0.752      0.000 4
 804  812      0.614     -0.399      0.000 4
 808  808      0.617      0.626      0.000 4
 810  809      0.620      0.817      0.000 4
 811  810      0.623      0.946      0.000 4
 813  813      0.632     -0.745      0.000 4
 818  814      0.640      0.961      0.000 4
 812  817      0.640      0.207      0.000 4
 816  815      0.640      0.707      0.000 4
 815  816      0.645      0.460      0.000 4
 814  821      0.652      0.047      0.000 4
 821  819      0.654     -0.625      0.000 4
 819  822      0.654     -0.226      0.000 4
 817  824      0.655     -0.112      0.000 4
 820  825      0.657     -0.261      0.000 4
 825  818      0.658     -0.915      0.000 4
 826  820      0.662      0.758      0.000 4
 822  831      0.666      0.058      0.000 4
 828  823      0.667     -0.699      0.000 4
 823  832      0.668     -0.204      0.000 4
 824  830      0.668     -0.333      0.000 4
 830  827      0.671      0.686      0.000 4
 831  826      0.673      0.797      0.000 4
 829  833      0.675     -0.486      0.000 4
  -1   -2      0.675     -0.336      0.000 4
 833  828      0.677     -0.766      0.000 4
 835  829      0.680      0.849      0.000 4
 837  834      0.685     -0.933      0.000 4
 832  839      0.687      0.301      0.000 4
 839  836      0.688     -0.876      0.000 4
 836  837      0.689      0.656      0.000 4
 834  846      0.692     -0.080      0.000 4
 843  838      0.697     -0.889      0.000 4
 845  841      0.699      0.800      0.000 4
 838  848      0.699     -0.373      0.000 4
 844  842      0.700      0.760      0.000 4
 847  840      0.700      0.878      0.000 4
 840  847      0.700     -0.987      0.000 4
 841  845      0.701      0.527      0.000 4
 846  843      0.701     -0.726      0.000 4
 852  844      0.705     -0.852      0.000 4
 842  850      0.705      0.488      0.000 4
 853  849      0.708     -0.738      0.000 4
 849  851      0.709      0.523      0.000 4
 851  852      0.711      0.550      0.000 4
 848  855      0.715      0.059      0.000 4
 857  853      0.716      0.902      0.000 4
 850  858      0.719     -0.063      0.000 4
 854  860      0.720     -0.141      0.000 4
 855  859      0.720     -0.193      0.000 4
 856  857      0.724      0.372      0.000 4
 859  854      0.725     -0.886      0.000 4
 861  856      0.732     -0.946      0.000 4
 865  861      0.737     -0.888      0.000 4
 864  862      0.737     -0.831      0.000 4
 858  866      0.739      0.066      0.000 4
 860  867      0.740      0.050      0.000 4
 867  863      0.743      0.758      0.000 4
 863  864      0.743     -0.499      0.000 4
 866  865      0.746     -0.569      0.000 4
 862  870      0.747      0.191      0.000 4
 868  871      0.755      0.264      0.000 4
 871  868      0.757     -0.819      0.000 4
 870  869      0.758      0.844      0.000 4
 869  878      0.765      0.033      0.000 4
 874  872      0.768      0.727      0.000 4
  -1   -2      0.767     -0.706      0.000 4
 875  875      0.769     -0.695      0.000 4
 876  874      0.770      0.974      0.000 4
 872  880      0.771     -0.242      0.000 4
 879  876      0.772     -0.952      0.000 4
 878  881      0.777     -0.510      0.000 4
 884  877      0.777     -0.993      0.000 4
 887  879      0.780      0.892      0.000 4
 877  884      0.781      0.160      0.000 4
 880  883      0.783      0.309      0.000 4
 881  886      0.784     -0.273      0.000 4
 882  888      0.785     -0.173      0.000 4
 883  889      0.786     -0.211      0.000 4
 888  882      0.787      0.922      0.000 4
 886  891      0.789      0.148      0.000 4
 885  892      0.789      0.122      0.000 4
 891  885      0.793      0.819      0.000 4
 893  887      0.794     -0.818      0.000 4
 890  893      0.795      0.514      0.000 4
 889  894      0.795     -0.410      0.000 4
 892  890      0.796      0.560      0.000 4
 895  895      0.802      0.581      0.000 4
 894  898      0.802     -0.457      0.000 4
 898  897      0.805      0.654      0.000 4
 901  896      0.806      0.907      0.000 4
 897  901      0.808      0.287      0.000 4
 896  905      0.809      0.094      0.000 4
 900  899      0.808     -0.587      0.000 4
 899  906      0.813     -0.224      0.000 4
 904  900      0.813     -0.994      0.000 4
 903  903      0.813     -0.564      0.000 4
 902  909      0.815     -0.132      0.000 4
 906  902      0.816      0.957      0.000 4
 905  904      0.817      0.678      0.000 4
 910  908      0.822      0.611      0.000 4
 907  911      0.823      0.341      0.000 4
 911  907      0.823      0.731      0.000 4
  -1   -2      0.825      0.354      0.000 4
 908  916      0.826      0.157      0.000 4
 914  910      0.827      0.781      0.000 4
 912  914      0.828      0.482      0.000 4
 917  913      0.831      0.870      0.000 4
 913  918      0.833      0.109      0.000 4
 918  915      0.835      0.911      0.000 4
 916  917      0.835      0.447      0.000 4
 915  920      0.838     -0.091      0.000 4
 921  919      0.841     -0.835      0.000 4
 919  922      0.843     -0.501      0.000 4
  -1   -2      0.847      0.753      0.000 4
 922  923      0.846     -0.577      0.000 4
 920  925      0.847      0.059      0.000 4
 923  926      0.850     -0.253      0.000 4
 926  924      0.854      0.745      0.000 4
 925  927      0.854     -0.326      0.000 4
 927  930      0.861     -0.077      0.000 4
 929  929      0.862      0.286      0.000 4
 928  932      0.863      0.040      0.000 4
 931  928      0.866     -0.769      0.000 4
 932  931      0.868      0.678      0.000 4
 930  933      0.868      0.460      0.000 4
 933  937      0.873      0.346      0.000 4
 935  935      0.873     -0.756      0.000 4
 937  934      0.875      0.892      0.000 4
 938  936      0.876      0.729      0.000 4
 934  938      0.877     -0.343      0.000 4
 936  941      0.881     -0.027      0.000 4
 940  939      0.882      0.651      0.000 4
 939  943      0.882      0.027      0.000 4
 942  940      0.884     -0.603      0.000 4
 943  942      0.886     -0.761      0.000 4
 941  946      0.887      0.042      0.000 4
 944  944      0.890      0.535      0.000 4
 946  945      0.891     -0.706      0.000 4
 945  947      0.892      0.392      0.000 4
  -1   -2      0.895      0.402      0.000 4
 948  949      0.898     -0.013      0.000 4
 950  950      0.903     -0.950      0.000 4
 949  952      0.904     -0.595      0.000 4
 951  951      0.905     -0.961      0.000 4
 952  953      0.907     -0.778      0.000 4
 954  954      0.908     -0.924      0.000 4
 953  955      0.911      0.377      0.000 4
 955  956      0.913      0.228      0.000 4
 958  957      0.917     -0.978      0.000 4
 956  959      0.917     -0.044      0.000 4
 957  958      0.918     -0.485      0.000 4
 960  960      0.921      0.600      0.000 4
 959  961      0.921     -0.315      0.000 4
 961  962      0.923     -0.140      0.000 4
 962  963      0.926      0.380      0.000 4
 964  964      0.927     -0.668      0.000 4
 963  965      0.928      0.052      0.000 4
 965  966      0.932      0.098      0.000 4
 966  967      0.932     -0.056      0.000 4
 967  968      0.938     -0.448      0.000 4
 968  969      0.941     -0.402      0.000 4
 969  970      0.943      0.588      0.000 4
 971  971      0.945      0.942      0.000 4
 970  973      0.945     -0.247      0.000 4
 972  972      0.946      0.901      0.000 4
 973  975      0.948     -0.988      0.000 4
 976  974      0.950     -0.887      0.000 4
 975  976      0.951      0.814      0.000 4
 974  977      0.952     -0.192      0.000 4
 977  978      0.954     -0.644      0.000 4
 978  979      0.959      0.322      0.000 4
 979  980      0.961     -0.778      0.000 4
 980  981      0.964      0.871      0.000 4
 981  982      0.966     -0.725      0.000 4
 982  983      0.968      0.557      0.000 4
 983  986      0.978      0.521      0.000 4
 985  984      0.977     -0.902      0.000 4
 984  985      0.978     -0.563      0.000 4
 986  987      0.980      0.770      0.000 4
 987  988      0.981      0.979      0.000 4
 989  989      0.982     -0.844      0.000 4
 990  990      0.983      0.796      0.000 4
 991  991      0.984      0.699      0.000 4
 988  992      0.983     -0.255      0.000 4
 992  994      0.990     -0.402      0.000 4
  -1   -2      0.990      0.462      0.000 4
 994  995      0.992      0.451      0.000 4
