996
   1    0     -0.994     -0.117      0.000 4
   3    2     -0.993      0.717      0.000 4
  -1   -2     -0.993      0.726      0.000 4
   4    3     -0.992     -0.724      0.000 4
   5    4     -0.989     -0.202      0.000 4
   6    5     -0.989     -0.049      0.000 4
  -1   -2     -0.989      0.952      0.000 4
   7    6     -0.989      0.452      0.000 4
   9    7     -0.988     -0.549      0.000 4
   8    8     -0.987     -0.799      0.000 4
  10    9     -0.988     -0.299      0.000 4
  11   10     -0.987      0.201      0.000 4
  12   11     -0.987      0.701      0.000 4
  13   12     -0.984     -0.255      0.000 4
  14   13     -0.980      0.226      0.000 4
  15   -2     -0.978      0.952      0.000 4
  17   14     -0.976     -0.169      0.000 4
  16   15     -0.975     -0.976      0.000 4
  19   16     -0.973      0.531      0.000 4
  18   17     -0.973      0.648      0.000 4
  -1   18     -0.969     -0.020      0.000 4
  21   19     -0.969      0.330      0.000 4
  22   20     -0.968     -0.175      0.000 4
  23   21     -0.967      0.306      0.000 4
  24   22     -0.963     -0.412      0.000 4
  25   26     -0.961      0.804      0.000 4
  26   23     -0.960      0.547      0.000 4
  27   24     -0.958     -0.100      0.000 4
  28   25     -0.957     -0.194      0.000 4
  29   27     -0.955     -0.382      0.000 4
  31   28     -0.952     -0.607      0.000 4
  30   30     -0.952     -0.924      0.000 4
  33   29     -0.950      0.158      0.000 4
  32   31     -0.950      0.679      0.000 4
  34   32     -0.947     -0.655      0.000 4
  36   33     -0.944      0.524      0.000 4
  35   36     -0.942     -0.924      0.000 4
  37   35     -0.940     -0.691      0.000 4
  40   34     -0.939      0.080      0.000 4
  41   37     -0.936      0.153      0.000 4
  39   40     -0.937      0.729      0.000 4
  38   41     -0.936      0.930      0.000 4
  42   38     -0.935      0.371      0.000 4
  43   39     -0.934     -0.248      0.000 4
  44   42     -0.932      0.430      0.000 4
  45   43     -0.928      0.272      0.000 4
  46   44     -0.927      0.170      0.000 4
  48   45     -0.924      0.327      0.000 4
  47   46     -0.922      0.617      0.000 4
  50   47     -0.912     -0.153      0.000 4
  49   48     -0.911     -0.908      0.000 4
  53   49     -0.903     -0.471      0.000 4
  52   51     -0.902     -0.641      0.000 4
  51   52     -0.903      0.907      0.000 4
  56   50     -0.900     -0.190      0.000 4
  54   53     -0.900      0.603      0.000 4
  55   54     -0.897      0.586      0.000 4
  58   55     -0.894      0.385      0.000 4
  57   57     -0.893     -0.604      0.000 4
  59   56     -0.891     -0.214      0.000 4
  60   58     -0.887      0.444      0.000 4
  62   59     -0.885     -0.439      0.000 4
  61   64     -0.883      0.782      0.000 4
  67   60     -0.882      0.148      0.000 4
  69   62     -0.882      0.065      0.000 4
  70   61     -0.881     -0.033      0.000 4
  63   68     -0.880     -0.855      0.000 4
  65   65     -0.880      0.516      0.000 4
  64   67     -0.879     -0.688      0.000 4
  71   63     -0.878     -0.294      0.000 4
  68   69     -0.878      0.558      0.000 4
  66   71     -0.875     -0.813      0.000 4
  73   66     -0.875     -0.159      0.000 4
  76   70     -0.873     -0.236      0.000 4
  72   74     -0.868     -0.913      0.000 4
  75   76     -0.868      0.828      0.000 4
  74   77     -0.866     -0.987      0.000 4
  79   72     -0.864      0.030      0.000 4
  81   73     -0.860     -0.121      0.000 4
  83   75     -0.859     -0.008      0.000 4
  77   82     -0.858     -0.852      0.000 4
  82   78     -0.859      0.176      0.000 4
  78   83     -0.858      0.868      0.000 4
  80   81     -0.856     -0.685      0.000 4
  87   79     -0.854     -0.085      0.000 4
  88   80     -0.853      0.113      0.000 4
  86   88     -0.851      0.659      0.000 4
  85   87     -0.850      0.592      0.000 4
  90   84     -0.848      0.247      0.000 4
  92   85     -0.846     -0.062      0.000 4
  93   86     -0.845     -0.160      0.000 4
  91   90     -0.843     -0.509      0.000 4
  89   93     -0.842     -0.929      0.000 4
  94   89     -0.841     -0.300      0.000 4
  95   91     -0.837      0.126      0.000 4
  96   92     -0.836      0.209      0.000 4
  97   96     -0.828      0.624      0.000 4
  98   94     -0.824      0.234      0.000 4
 100   95     -0.822     -0.168      0.000 4
  99   97     -0.818      0.494      0.000 4
 104   98     -0.812     -0.312      0.000 4
 103   99     -0.812      0.338      0.000 4
 101  104     -0.809     -0.960      0.000 4
 102  103     -0.809     -0.822      0.000 4
 105  102     -0.804      0.460      0.000 4
 108  101     -0.803      0.100      0.000 4
 109  100     -0.803     -0.005      0.000 4
 106  105     -0.798     -0.988      0.000 4
 110  107     -0.796      0.525      0.000 4
 111  106     -0.795     -0.378      0.000 4
 107  110     -0.792     -0.860      0.000 4
 113  108     -0.789     -0.225      0.000 4
 112  111     -0.785      0.688      0.000 4
 114  109     -0.784     -0.386      0.000 4
 115  116     -0.778      0.774      0.000 4
 117  113     -0.777      0.512      0.000 4
 116  114     -0.777     -0.572      0.000 4
 120  112     -0.771     -0.047      0.000 4
 118  119     -0.770     -0.801      0.000 4
 121  115     -0.770     -0.166      0.000 4
 119  118     -0.769      0.537      0.000 4
 123  117     -0.763     -0.269      0.000 4
 128  120     -0.757     -0.238      0.000 4
 126  122     -0.755      0.496      0.000 4
 122  128     -0.752     -0.885      0.000 4
 127  123     -0.752      0.533      0.000 4
 124  130     -0.749     -0.831      0.000 4
 125  131     -0.750      0.918      0.000 4
 131  121     -0.749      0.107      0.000 4
 129  125     -0.747      0.425      0.000 4
 130  127     -0.745     -0.448      0.000 4
 132  126     -0.744     -0.416      0.000 4
 137  124     -0.744      0.077      0.000 4
 133  133     -0.742      0.470      0.000 4
 134  132     -0.741     -0.470      0.000 4
 136  134     -0.739     -0.502      0.000 4
 140  129     -0.738     -0.163      0.000 4
 135  139     -0.733      0.963      0.000 4
 141  136     -0.731      0.420      0.000 4
 142  135     -0.730      0.316      0.000 4
 138  140     -0.728     -0.725      0.000 4
 139  141     -0.728      0.659      0.000 4
 143  137     -0.725      0.186      0.000 4
 146  138     -0.720     -0.222      0.000 4
 150  142     -0.715     -0.278      0.000 4
 145  143     -0.714     -0.521      0.000 4
 144  146     -0.712     -0.681      0.000 4
 149  144     -0.712      0.477      0.000 4
 151  145     -0.706     -0.406      0.000 4
 147  149     -0.707      0.867      0.000 4
 148  150     -0.704     -0.980      0.000 4
 152  147     -0.700     -0.205      0.000 4
 153  148     -0.698      0.277      0.000 4
 154  151     -0.691      0.504      0.000 4
 162  152     -0.682     -0.172      0.000 4
 157  155     -0.681      0.587      0.000 4
 161  153     -0.680     -0.323      0.000 4
 155  162     -0.680      0.884      0.000 4
 158  160     -0.679      0.655      0.000 4
 159  159     -0.678      0.607      0.000 4
 160  154     -0.676     -0.481      0.000 4
 156  164     -0.677      0.808      0.000 4
 163  163     -0.673      0.555      0.000 4
 168  158     -0.671     -0.392      0.000 4
 170  156     -0.670      0.168      0.000 4
 171  157     -0.668      0.029      0.000 4
 172  161     -0.666     -0.218      0.000 4
 166  168     -0.666      0.588      0.000 4
 164  170     -0.666      0.778      0.000 4
 165  173     -0.662      0.844      0.000 4
 167  174     -0.661     -0.801      0.000 4
 174  165     -0.661      0.229      0.000 4
 169  171     -0.661      0.696      0.000 4
 177  166     -0.658      0.052      0.000 4
 176  167     -0.657      0.140      0.000 4
 173  175     -0.653     -0.724      0.000 4
 178  169     -0.652     -0.195      0.000 4
 180  172     -0.646      0.031      0.000 4
  -1   -2     -0.645     -0.724      0.000 4
 182  178     -0.637      0.481      0.000 4
 179  181     -0.637      0.929      0.000 4
 181  179     -0.635      0.564      0.000 4
 185  176     -0.633      0.201      0.000 4
 183  180     -0.630     -0.568      0.000 4
 188  182     -0.623     -0.426      0.000 4
 184  187     -0.624      0.725      0.000 4
 187  188     -0.619      0.558      0.000 4
 186  191     -0.618      0.817      0.000 4
 192  183     -0.616     -0.083      0.000 4
 189  192     -0.613     -0.755      0.000 4
 191  185     -0.614      0.249      0.000 4
 194  184     -0.612      0.023      0.000 4
 196  186     -0.611      0.058      0.000 4
 193  190     -0.611      0.308      0.000 4
 190  194     -0.606     -0.716      0.000 4
 200  189     -0.606     -0.056      0.000 4
 198  195     -0.599      0.526      0.000 4
 195  198     -0.595      0.826      0.000 4
 197  200     -0.594      0.868      0.000 4
 206  193     -0.593     -0.140      0.000 4
 199  199     -0.594      0.789      0.000 4
 203  197     -0.593      0.519      0.000 4
 202  201     -0.590      0.693      0.000 4
 201  202     -0.588     -0.787      0.000 4
 204  203     -0.586     -0.744      0.000 4
 212  196     -0.585     -0.192      0.000 4
 205  204     -0.582     -0.617      0.000 4
 209  205     -0.579      0.481      0.000 4
 208  206     -0.578      0.513      0.000 4
 210  208     -0.574      0.655      0.000 4
 207  211     -0.573      0.840      0.000 4
 216  207     -0.572      0.475      0.000 4
 211  215     -0.570      0.805      0.000 4
 214  209     -0.569     -0.658      0.000 4
 215  214     -0.568      0.639      0.000 4
 213  217     -0.567      0.916      0.000 4
 221  210     -0.564      0.452      0.000 4
 217  219     -0.563      0.781      0.000 4
 219  216     -0.562     -0.616      0.000 4
 218  222     -0.559      0.906      0.000 4
 227  213     -0.555     -0.171      0.000 4
 228  212     -0.555     -0.028      0.000 4
 222  221     -0.554     -0.525      0.000 4
 220  226     -0.553     -0.911      0.000 4
 223  220     -0.554     -0.481      0.000 4
  -1  223     -0.549     -0.988      0.000 4
 232  218     -0.548      0.013      0.000 4
 226  227     -0.545      0.590      0.000 4
  -1  233     -0.543     -0.981      0.000 4
 224  232     -0.543      0.993      0.000 4
 225  231     -0.542     -0.844      0.000 4
 233  225     -0.541      0.275      0.000 4
 229  235     -0.539      0.723      0.000 4
 230  234     -0.538     -0.720      0.000 4
 231  230     -0.538      0.600      0.000 4
 238  224     -0.537     -0.078      0.000 4
 234  228     -0.535     -0.494      0.000 4
  -1  236     -0.526     -0.042      0.000 4
 236  238     -0.524      0.717      0.000 4
 235  242     -0.521      0.990      0.000 4
 237  243     -0.520     -0.896      0.000 4
 239  240     -0.520      0.656      0.000 4
 242  237     -0.518      0.418      0.000 4
 240  245     -0.516      0.710      0.000 4
 243  239     -0.514     -0.470      0.000 4
 241  252     -0.511     -0.042      0.000 4
 251  241     -0.505     -0.172      0.000 4
  -1   -2     -0.505      0.712      0.000 4
 250  246     -0.504      0.307      0.000 4
 245  250     -0.503      0.620      0.000 4
 248  249     -0.501     -0.601      0.000 4
 253  244     -0.501     -0.183      0.000 4
 246  256     -0.500      0.724      0.000 4
  -1   -2     -0.496     -0.220      0.000 4
 247  258     -0.496      0.947      0.000 4
 256  248     -0.492     -0.215      0.000 4
 257  255     -0.490     -0.384      0.000 4
 260  253     -0.489      0.178      0.000 4
 249   -2     -0.487     -0.039      0.000 4
 264  254     -0.486     -0.170      0.000 4
 254  260     -0.486      0.582      0.000 4
 252  262     -0.486      0.928      0.000 4
 259  257     -0.485      0.429      0.000 4
 262  259     -0.482      0.349      0.000 4
 255  264     -0.480     -0.732      0.000 4
 258  267     -0.475     -0.847      0.000 4
 266  263     -0.474      0.449      0.000 4
 269  261     -0.473     -0.035      0.000 4
 261  270     -0.471      0.957      0.000 4
 267  266     -0.471      0.577      0.000 4
 263  269     -0.471      0.805      0.000 4
 273  265     -0.461      0.085      0.000 4
 275  268     -0.459      0.161      0.000 4
 268  275     -0.459      0.742      0.000 4
 270  278     -0.455      0.762      0.000 4
 278  271     -0.452     -0.058      0.000 4
 272  279     -0.451     -0.732      0.000 4
 271  282     -0.452      0.953      0.000 4
 279  273     -0.449      0.144      0.000 4
 280  274     -0.448     -0.149      0.000 4
  -1   -2     -0.448      0.013      0.000 4
 274  283     -0.445      0.769      0.000 4
 284  277     -0.443     -0.251      0.000 4
 277  284     -0.442      0.821      0.000 4
 285  276     -0.442      0.018      0.000 4
 282  280     -0.441      0.386      0.000 4
 276  285     -0.440     -0.994      0.000 4
 286  281     -0.437     -0.313      0.000 4
 283  287     -0.433     -0.642      0.000 4
 292  286     -0.422     -0.107      0.000 4
 287  295     -0.422      0.929      0.000 4
 288  293     -0.421     -0.777      0.000 4
 289  290     -0.421      0.580      0.000 4
 293  288     -0.420     -0.099      0.000 4
 291  289     -0.420     -0.239      0.000 4
 290  292     -0.416      0.489      0.000 4
 296  291     -0.413     -0.321      0.000 4
 294  297     -0.411     -0.523      0.000 4
 300  294     -0.409     -0.389      0.000 4
 298  296     -0.409     -0.430      0.000 4
 295  298     -0.409      0.494      0.000 4
 302  299     -0.406     -0.470      0.000 4
 301  301     -0.402      0.624      0.000 4
 297  304     -0.401      0.802      0.000 4
 306  302     -0.398     -0.698      0.000 4
 299  310     -0.398      0.872      0.000 4
 304  307     -0.398      0.768      0.000 4
 303  308     -0.397     -0.805      0.000 4
 309  303     -0.396     -0.603      0.000 4
 308  309     -0.396      0.709      0.000 4
 310  305     -0.395      0.611      0.000 4
 305  313     -0.395      0.983      0.000 4
 307  312     -0.394     -0.904      0.000 4
 312  300     -0.393      0.272      0.000 4
 314  306     -0.388      0.324      0.000 4
 311  317     -0.386     -0.827      0.000 4
 315  311     -0.382     -0.255      0.000 4
 313  318     -0.376     -0.856      0.000 4
 317  314     -0.375     -0.104      0.000 4
 316  315     -0.375      0.134      0.000 4
 318  316     -0.374     -0.064      0.000 4
 321  319     -0.361      0.134      0.000 4
 320  320     -0.361      0.372      0.000 4
 319  325     -0.355      0.886      0.000 4
 322  324     -0.349     -0.585      0.000 4
 324  321     -0.348      0.188      0.000 4
 326  323     -0.345      0.282      0.000 4
 327  322     -0.344      0.143      0.000 4
 323  330     -0.344      0.729      0.000 4
 328  327     -0.340     -0.263      0.000 4
 329  326     -0.339      0.160      0.000 4
 330  329     -0.338      0.092      0.000 4
 331  328     -0.337     -0.014      0.000 4
 325  335     -0.334      0.844      0.000 4
 334  334     -0.327      0.328      0.000 4
 339  331     -0.327     -0.051      0.000 4
 338  332     -0.327      0.147      0.000 4
 340  333     -0.324     -0.130      0.000 4
 332  337     -0.322      0.676      0.000 4
 337  336     -0.321      0.522      0.000 4
 333  339     -0.317      0.942      0.000 4
 335  340     -0.316     -0.895      0.000 4
 336  343     -0.315     -0.919      0.000 4
 342  338     -0.313      0.454      0.000 4
 343  341     -0.310     -0.612      0.000 4
 344  345     -0.309     -0.654      0.000 4
 345  344     -0.308      0.508      0.000 4
 341  348     -0.305      0.992      0.000 4
 348  342     -0.302     -0.225      0.000 4
 346  347     -0.300      0.545      0.000 4
 347  346     -0.298     -0.988      0.000 4
 349  350     -0.293     -0.603      0.000 4
 355  349     -0.292     -0.474      0.000 4
 351  352     -0.291     -0.643      0.000 4
 350  353     -0.291      0.685      0.000 4
 352  351     -0.290      0.549      0.000 4
 353  354     -0.288     -0.670      0.000 4
 354  356     -0.285     -0.871      0.000 4
 356  357     -0.277      0.607      0.000 4
 359  355     -0.273      0.054      0.000 4
 357  358     -0.273      0.419      0.000 4
 360  360     -0.268      0.348      0.000 4
 363  359     -0.266     -0.054      0.000 4
 362  361     -0.265     -0.243      0.000 4
 358  364     -0.265      0.973      0.000 4
 361  367     -0.261      0.735      0.000 4
 364  362     -0.260     -0.432      0.000 4
 367  363     -0.257      0.167      0.000 4
 365  368     -0.255     -0.599      0.000 4
 368  366     -0.254     -0.334      0.000 4
 369  365     -0.254     -0.315      0.000 4
 366  370     -0.250      0.672      0.000 4
 370  369     -0.247     -0.399      0.000 4
 376  371     -0.239     -0.060      0.000 4
 378  372     -0.237     -0.140      0.000 4
 371  377     -0.237      0.612      0.000 4
 377  375     -0.236     -0.260      0.000 4
 380  373     -0.235     -0.039      0.000 4
 379  374     -0.235     -0.111      0.000 4
 375  376     -0.235     -0.418      0.000 4
 373  378     -0.234     -0.570      0.000 4
 372  383     -0.231      0.971      0.000 4
 374  382     -0.230      0.723      0.000 4
 381  381     -0.227      0.519      0.000 4
 383  379     -0.225     -0.131      0.000 4
 382  384     -0.224     -0.572      0.000 4
 386  380     -0.223     -0.260      0.000 4
 387  386     -0.220      0.388      0.000 4
 388  385     -0.220      0.365      0.000 4
 384  387     -0.217      0.597      0.000 4
 385  391     -0.214      0.915      0.000 4
 389  389     -0.214      0.787      0.000 4
 390  393     -0.212      0.861      0.000 4
 392  388     -0.211     -0.377      0.000 4
 394  394     -0.206     -0.538      0.000 4
 400  390     -0.204     -0.035      0.000 4
 391  400     -0.204     -0.988      0.000 4
 393  398     -0.204      0.814      0.000 4
 396  397     -0.202      0.660      0.000 4
 395  399     -0.202     -0.753      0.000 4
 401  392     -0.202      0.133      0.000 4
 399  396     -0.201     -0.481      0.000 4
  -1   -2     -0.201     -0.472      0.000 4
 397  401     -0.199     -0.671      0.000 4
 402  402     -0.185     -0.706      0.000 4
 403  403     -0.183      0.633      0.000 4
 404  405     -0.179      0.685      0.000 4
 405  404     -0.178      0.478      0.000 4
 406  406     -0.176     -0.657      0.000 4
 411  407     -0.171      0.141      0.000 4
 407  409     -0.170     -0.470      0.000 4
  -1  410     -0.170      0.397      0.000 4
 410   -2     -0.169      0.406      0.000 4
 409  411     -0.168     -0.587      0.000 4
 413  412     -0.160     -0.822      0.000 4
 412  413     -0.160      0.818      0.000 4
 414  417     -0.158      0.837      0.000 4
 416  419     -0.155      0.749      0.000 4
 415  420     -0.155      0.964      0.000 4
 418  415     -0.154     -0.449      0.000 4
 417  421     -0.154     -0.897      0.000 4
 419  416     -0.152      0.203      0.000 4
 420  414     -0.152     -0.047      0.000 4
 421  418     -0.151      0.183      0.000 4
 423  422     -0.146     -0.229      0.000 4
 422  426     -0.143     -0.828      0.000 4
 425  423     -0.141     -0.198      0.000 4
 424  427     -0.140      0.413      0.000 4
 427  424     -0.139      0.164      0.000 4
 426  425     -0.139     -0.288      0.000 4
 428  428     -0.136     -0.266      0.000 4
 430  429     -0.131      0.592      0.000 4
 429  430     -0.130      0.770      0.000 4
 431  431     -0.125     -0.338      0.000 4
 433  432     -0.119      0.273      0.000 4
 432  433     -0.118      0.732      0.000 4
 434  434     -0.114     -0.608      0.000 4
 437  435     -0.109     -0.260      0.000 4
 435  436     -0.108     -0.540      0.000 4
 436  438     -0.107      0.534      0.000 4
  -1   -2     -0.107      0.523      0.000 4
 439  437     -0.106     -0.172      0.000 4
 440  440     -0.103      0.203      0.000 4
 441  441     -0.100      0.416      0.000 4
 442  442     -0.099     -0.479      0.000 4
 443  443     -0.096      0.007      0.000 4
 444  444     -0.095     -0.054      0.000 4
 445  446     -0.086      0.925      0.000 4
 446  445     -0.085     -0.318      0.000 4
 448  447     -0.083     -0.596      0.000 4
 447  448     -0.082      0.835      0.000 4
 449  449     -0.076     -0.522      0.000 4
 450  450     -0.075      0.619      0.000 4
 451  451     -0.073     -0.640      0.000 4
 452  453     -0.072      0.976      0.000 4
 453  452     -0.071     -0.016      0.000 4
 455  454     -0.067     -0.421      0.000 4
 454  457     -0.065     -0.912      0.000 4
 456  455     -0.064      0.251      0.000 4
 458  456     -0.064     -0.225      0.000 4
 457  459     -0.063      0.501      0.000 4
 459  458     -0.063      0.416      0.000 4
 460  460     -0.061     -0.927      0.000 4
 461  461     -0.059     -0.983      0.000 4
 462  462     -0.057     -0.762      0.000 4
 463  463     -0.055     -0.782      0.000 4
 464  464     -0.054     -0.450      0.000 4
 465  466     -0.052      0.761      0.000 4
 466  465     -0.051     -0.055      0.000 4
 467  467     -0.050      0.483      0.000 4
 469  468     -0.049     -0.988      0.000 4
 468  469     -0.049     -0.587      0.000 4
 470  471     -0.048     -0.485      0.000 4
 472  472     -0.048      0.049      0.000 4
 471  470     -0.048      0.067      0.000 4
 473  473     -0.046     -0.090      0.000 4
 474  474     -0.046      0.345      0.000 4
 475  475     -0.045     -0.667      0.000 4
 476  476     -0.041     -0.900      0.000 4
 477  477     -0.040      0.915      0.000 4
 478  478     -0.039      0.227      0.000 4
 479  479     -0.038      0.560      0.000 4
 480  480     -0.036      0.388      0.000 4
 481  481     -0.036      0.762      0.000 4
 483  482     -0.034      0.090      0.000 4
 482  483     -0.034     -0.482      0.000 4
 484  484     -0.034     -0.834      0.000 4
 485  485     -0.032      0.258      0.000 4
 486  486     -0.032      0.835      0.000 4
 487  487     -0.031     -0.281      0.000 4
 488  488     -0.031     -0.565      0.000 4
 489  489     -0.030      0.945      0.000 4
 490  490     -0.029      0.128      0.000 4
 491  491     -0.027      0.162      0.000 4
 492  492     -0.025      0.021      0.000 4
 493  493     -0.023     -0.673      0.000 4
 494  494     -0.023     -0.450      0.000 4
 495  495     -0.023     -0.539      0.000 4
 496  496     -0.021      0.661      0.000 4
 497  497     -0.020     -0.485      0.000 4
 498  498     -0.016     -0.725      0.000 4
  -1   -2     -0.016     -0.534      0.000 4
 499  500     -0.016      0.273      0.000 4
 501  501     -0.014     -0.636      0.000 4
 502  502     -0.013     -0.662      0.000 4
 503  503     -0.012      0.978      0.000 4
 504  504     -0.002      0.054      0.000 4
 505  505      0.002     -0.414      0.000 4
 506  506      0.002     -0.246      0.000 4
 507  507      0.006      0.255      0.000 4
 508  508      0.011      0.550      0.000 4
 511  509      0.015     -0.729      0.000 4
 509  513      0.015      0.067      0.000 4
 512  510      0.015      0.797      0.000 4
 510  512      0.016     -0.360      0.000 4
 515  511      0.017      0.739      0.000 4
 513  514      0.018     -0.119      0.000 4
 514  515      0.019     -0.095      0.000 4
 516  517      0.020     -0.208      0.000 4
 517  516      0.021     -0.711      0.000 4
 519  518      0.023      0.728      0.000 4
 518  519      0.025      0.142      0.000 4
 520  520      0.030      0.567      0.000 4
 521  521      0.032      0.101      0.000 4
 522  522      0.033     -0.210      0.000 4
 523  523      0.039      0.368      0.000 4
 524  525      0.042      0.182      0.000 4
 525  524      0.042     -0.517      0.000 4
 526  527      0.049     -0.426      0.000 4
 527  529      0.050      0.328      0.000 4
 529  526      0.051     -0.968      0.000 4
 528  531      0.052      0.005      0.000 4
 530  528      0.052     -0.803      0.000 4
 531  530      0.055     -0.705      0.000 4
 532  532      0.066      0.396      0.000 4
 534  533      0.071      0.878      0.000 4
 536  534      0.074     -0.928      0.000 4
 533  539      0.074      0.059      0.000 4
 537  535      0.075      0.760      0.000 4
 538  538      0.078     -0.625      0.000 4
 535  540      0.078     -0.306      0.000 4
 541  536      0.079     -0.865      0.000 4
 539  537      0.079      0.702      0.000 4
 540  543      0.082     -0.411      0.000 4
 544  541      0.084     -0.973      0.000 4
 546  542      0.086      0.941      0.000 4
 545  544      0.086      0.686      0.000 4
 542  545      0.087      0.226      0.000 4
 543  546      0.090      0.198      0.000 4
 547  547      0.092     -0.433      0.000 4
  -1   -2      0.095      0.222      0.000 4
 551  548      0.098     -0.908      0.000 4
 549  551      0.105      0.057      0.000 4
 550  552      0.106     -0.054      0.000 4
 553  550      0.108     -0.539      0.000 4
 552  554      0.110     -0.182      0.000 4
 555  558      0.114      0.302      0.000 4
 554  559      0.114      0.087      0.000 4
 559  553      0.115     -0.968      0.000 4
 556  560      0.115     -0.208      0.000 4
 558  557      0.116      0.541      0.000 4
 557  563      0.117     -0.051      0.000 4
 562  555      0.118      0.848      0.000 4
 565  556      0.119     -0.885      0.000 4
 561  561      0.120     -0.512      0.000 4
 564  562      0.122     -0.579      0.000 4
 560  569      0.123      0.019      0.000 4
 566  564      0.124     -0.496      0.000 4
 563  571      0.126     -0.194      0.000 4
 568  568      0.129     -0.667      0.000 4
 570  566      0.130     -0.879      0.000 4
 571  565      0.130     -0.974      0.000 4
 572  567      0.131      0.948      0.000 4
 573  570      0.132      0.763      0.000 4
 567  574      0.133      0.066      0.000 4
 574  572      0.136     -0.980      0.000 4
 569  576      0.136      0.283      0.000 4
 575  573      0.139     -0.929      0.000 4
 576  575      0.143      0.796      0.000 4
 577  578      0.149      0.356      0.000 4
 578  582      0.154     -0.216      0.000 4
 584  577      0.155      0.885      0.000 4
 579  584      0.155      0.124      0.000 4
 581  581      0.156      0.394      0.000 4
  -1   -2      0.156     -0.510      0.000 4
 580  587      0.158      0.059      0.000 4
 586  583      0.160      0.545      0.000 4
 585  585      0.160     -0.520      0.000 4
 582  589      0.160     -0.032      0.000 4
 590  580      0.163      0.876      0.000 4
 588  588      0.163     -0.465      0.000 4
 589  590      0.167      0.471      0.000 4
 587  592      0.167     -0.013      0.000 4
 592  586      0.168     -0.940      0.000 4
 594  591      0.172     -0.677      0.000 4
 591  596      0.176     -0.164      0.000 4
 596  594      0.177     -0.468      0.000 4
 597  595      0.178     -0.486      0.000 4
 595  598      0.179      0.292      0.000 4
 593  599      0.180      0.084      0.000 4
 600  593      0.183     -0.933      0.000 4
 598  601      0.185     -0.313      0.000 4
 603  597      0.187      0.846      0.000 4
 602  602      0.191     -0.527      0.000 4
 599  604      0.192     -0.365      0.000 4
 606  600      0.195      0.955      0.000 4
 601  606      0.195      0.159      0.000 4
 604  605      0.196      0.390      0.000 4
 608  603      0.198      0.680      0.000 4
 607  607      0.201     -0.987      0.000 4
 605  609      0.202     -0.225      0.000 4
 613  608      0.207      0.568      0.000 4
 609  612      0.210      0.188      0.000 4
 610  615      0.213     -0.153      0.000 4
 611  614      0.213      0.171      0.000 4
 615  610      0.214     -0.604      0.000 4
 612  616      0.214      0.085      0.000 4
 616  611      0.215     -0.635      0.000 4
 618  613      0.219      0.709      0.000 4
 614  618      0.220      0.077      0.000 4
 621  617      0.226      0.649      0.000 4
 617  622      0.228     -0.091      0.000 4
 620  621      0.231      0.320      0.000 4
 624  620      0.231      0.559      0.000 4
 619  624      0.231      0.044      0.000 4
 628  619      0.235      0.979      0.000 4
 627  623      0.237     -0.549      0.000 4
 622  628      0.238     -0.113      0.000 4
 623  626      0.238      0.130      0.000 4
 626  625      0.238      0.396      0.000 4
 625  629      0.240     -0.212      0.000 4
 631  627      0.246     -0.614      0.000 4
 629  634      0.248      0.195      0.000 4
 630  633      0.249     -0.365      0.000 4
 633  630      0.252      0.684      0.000 4
 635  631      0.254     -0.833      0.000 4
 637  632      0.256      0.747      0.000 4
 632  637      0.259     -0.106      0.000 4
 639  635      0.261      0.792      0.000 4
 634  642      0.264      0.006      0.000 4
 638  638      0.265     -0.416      0.000 4
 640  636      0.266     -0.865      0.000 4
 636  644      0.268     -0.019      0.000 4
 641  643      0.272     -0.552      0.000 4
 643  639      0.274     -0.822      0.000 4
 644  640      0.276      0.889      0.000 4
 645  641      0.277     -0.970      0.000 4
 642  647      0.279     -0.247      0.000 4
 650  645      0.287     -0.812      0.000 4
 647  648      0.288      0.521      0.000 4
 653  646      0.291     -0.865      0.000 4
 646  653      0.292     -0.276      0.000 4
 649  650      0.293      0.460      0.000 4
 648  652      0.295      0.382      0.000 4
 659  649      0.297     -0.867      0.000 4
 658  651      0.299     -0.737      0.000 4
 651  655      0.299     -0.420      0.000 4
 654  657      0.302     -0.462      0.000 4
 652  658      0.303      0.280      0.000 4
 660  654      0.303      0.582      0.000 4
 656  656      0.304      0.473      0.000 4
 657  661      0.308     -0.322      0.000 4
 655  662      0.310     -0.084      0.000 4
 662  659      0.311     -0.670      0.000 4
 663  660      0.312      0.638      0.000 4
 661  667      0.322      0.109      0.000 4
 664  669      0.324      0.162      0.000 4
 665  666      0.327      0.501      0.000 4
 672  663      0.331     -0.824      0.000 4
 669  665      0.332      0.719      0.000 4
 677  664      0.334      0.873      0.000 4
 670  670      0.335     -0.627      0.000 4
 666  675      0.337      0.044      0.000 4
 678  668      0.339      0.810      0.000 4
 667  673      0.339      0.236      0.000 4
 668  679      0.343      0.030      0.000 4
 676  676      0.345      0.356      0.000 4
 681  671      0.345      0.592      0.000 4
 671  682      0.346     -0.175      0.000 4
 680  674      0.346     -0.581      0.000 4
 675  681      0.347     -0.293      0.000 4
 674  684      0.348      0.186      0.000 4
 673  685      0.348      0.161      0.000 4
 682  677      0.349      0.493      0.000 4
 689  672      0.351     -0.815      0.000 4
 685  678      0.351     -0.598      0.000 4
 683  680      0.352      0.478      0.000 4
 679  691      0.354      0.106      0.000 4
 687  688      0.358     -0.461      0.000 4
 692  683      0.359      0.640      0.000 4
 684  694      0.361      0.144      0.000 4
 690  690      0.361      0.443      0.000 4
  -1   -2      0.363      0.823      0.000 4
 686  695      0.364      0.078      0.000 4
 694  687      0.365      0.875      0.000 4
 688  696      0.366      0.006      0.000 4
 695  689      0.368     -0.761      0.000 4
 691  698      0.370      0.086      0.000 4
 698  692      0.373     -0.959      0.000 4
 699  693      0.376      0.823      0.000 4
 696  699      0.378     -0.403      0.000 4
 697  701      0.383      0.396      0.000 4
 703  697      0.387     -0.984      0.000 4
 701  700      0.388     -0.686      0.000 4
 700  704      0.392      0.481      0.000 4
 706  702      0.393     -0.716      0.000 4
 702  705      0.395      0.518      0.000 4
 711  703      0.398      0.855      0.000 4
 707  709      0.403      0.429      0.000 4
 705  710      0.403      0.316      0.000 4
 704  713      0.407      0.140      0.000 4
 713  706      0.407     -0.758      0.000 4
 710  711      0.408     -0.466      0.000 4
 715  707      0.408     -0.773      0.000 4
 716  708      0.409      0.778      0.000 4
 709  716      0.413     -0.199      0.000 4
 708  718      0.414      0.046      0.000 4
 718  712      0.417     -0.737      0.000 4
 717  715      0.419      0.447      0.000 4
 712  719      0.420     -0.118      0.000 4
 714  721      0.423     -0.172      0.000 4
 721  714      0.428     -0.900      0.000 4
 722  717      0.429     -0.833      0.000 4
 727  720      0.436     -0.781      0.000 4
 719  729      0.438     -0.166      0.000 4
 724  726      0.441     -0.548      0.000 4
 730  722      0.441      0.835      0.000 4
 733  723      0.444      0.995      0.000 4
 734  724      0.444     -0.975      0.000 4
 720  731      0.444      0.187      0.000 4
 736  725      0.446      0.950      0.000 4
 723  734      0.448     -0.077      0.000 4
 735  727      0.450      0.698      0.000 4
 732  730      0.450     -0.987      0.000 4
 728  733      0.451      0.312      0.000 4
 725  735      0.451      0.038      0.000 4
 726  736      0.452      0.048      0.000 4
 739  728      0.454      0.873      0.000 4
 729  738      0.456      0.136      0.000 4
 738  732      0.457      0.636      0.000 4
 731  737      0.456     -0.273      0.000 4
 737  745      0.469     -0.082      0.000 4
 744  740      0.472      0.531      0.000 4
 741  743      0.474      0.406      0.000 4
 742  744      0.475     -0.430      0.000 4
 749  739      0.478      0.806      0.000 4
 743  746      0.478     -0.332      0.000 4
 740  749      0.479     -0.129      0.000 4
 748  741      0.481     -0.708      0.000 4
 750  742      0.482     -0.719      0.000 4
 745  747      0.484      0.429      0.000 4
 752  748      0.489     -0.590      0.000 4
 747  750      0.490      0.308      0.000 4
 746  751      0.492      0.024      0.000 4
 751  754      0.499     -0.139      0.000 4
 753  755      0.501      0.068      0.000 4
 758  752      0.509      0.750      0.000 4
 756  753      0.509      0.568      0.000 4
 755  757      0.511     -0.406      0.000 4
 757  756      0.511     -0.542      0.000 4
 754  763      0.517      0.001      0.000 4
 759  758      0.520     -0.584      0.000 4
 764  759      0.522      0.594      0.000 4
 766  760      0.526      0.663      0.000 4
 767  761      0.528     -0.689      0.000 4
 760  769      0.531     -0.140      0.000 4
 763  770      0.531     -0.193      0.000 4
 761  772      0.532     -0.127      0.000 4
 762  773      0.532      0.016      0.000 4
 768  765      0.533     -0.653      0.000 4
 765  771      0.534      0.252      0.000 4
 770  762      0.534     -0.837      0.000 4
 774  764      0.536     -0.992      0.000 4
 769  766      0.539      0.617      0.000 4
 771  775      0.544     -0.496      0.000 4
 779  767      0.547      0.934      0.000 4
 775  776      0.547     -0.563      0.000 4
 780  768      0.548      0.920      0.000 4
 772  780      0.551      0.219      0.000 4
 777  778      0.551      0.439      0.000 4
 773  783      0.553      0.118      0.000 4
 787  774      0.554     -0.911      0.000 4
 776  784      0.555      0.228      0.000 4
 785  777      0.555     -0.799      0.000 4
 782  782      0.560     -0.550      0.000 4
 783  781      0.560     -0.558      0.000 4
 778  790      0.564     -0.104      0.000 4
 781  787      0.564      0.305      0.000 4
 784  788      0.566      0.354      0.000 4
 788  779      0.566      0.870      0.000 4
 786  792      0.572      0.088      0.000 4
 790  785      0.575      0.852      0.000 4
 792  786      0.576     -0.992      0.000 4
 793  789      0.579     -0.785      0.000 4
 791  791      0.582     -0.590      0.000 4
 789  793      0.583      0.463      0.000 4
 794  794      0.591      0.473      0.000 4
 796  795      0.596     -0.615      0.000 4
 797  796      0.599      0.642      0.000 4
 795  799      0.599     -0.388      0.000 4
 799  797      0.605     -0.637      0.000 4
 801  798      0.607      0.666      0.000 4
 798  802      0.613      0.196      0.000 4
 803  800      0.615     -0.592      0.000 4
 800  804      0.617      0.043      0.000 4
 802  808      0.621     -0.108      0.000 4
 804  810      0.626     -0.217      0.000 4
 809  803      0.628      0.736      0.000 4
 810  801      0.628     -0.903      0.000 4
 808  805      0.630      0.610      0.000 4
 806  812      0.631     -0.251      0.000 4
 805  814      0.633      0.052      0.000 4
 813  806      0.636      0.891      0.000 4
 814  809      0.639      0.741      0.000 4
 815  807      0.638     -0.909      0.000 4
 807  817      0.639     -0.195      0.000 4
 811  815      0.642      0.442      0.000 4
 818  811      0.645     -0.894      0.000 4
 819  813      0.649      0.807      0.000 4
 812  819      0.649     -0.318      0.000 4
 820  818      0.653     -0.731      0.000 4
 821  816      0.654      0.943      0.000 4
  -1   -2      0.656     -0.320      0.000 4
 823  820      0.660      0.691      0.000 4
 817  824      0.660     -0.077      0.000 4
 824  821      0.663     -0.607      0.000 4
 822  826      0.668      0.282      0.000 4
 825  825      0.670     -0.467      0.000 4
 827  823      0.670      0.958      0.000 4
 831  828      0.683     -0.681      0.000 4
 828  831      0.683     -0.354      0.000 4
 833  827      0.684      0.743      0.000 4
 826  833      0.685      0.053      0.000 4
 834  830      0.688      0.668      0.000 4
 829  835      0.688     -0.061      0.000 4
 835  829      0.690     -0.909      0.000 4
 830  837      0.692     -0.134      0.000 4
 832  841      0.694     -0.183      0.000 4
 837  832      0.697      0.783      0.000 4
 840  834      0.698     -0.750      0.000 4
 836  839      0.700     -0.987      0.000 4
 843  838      0.703      0.635      0.000 4
 841  842      0.704      0.502      0.000 4
 838  843      0.704      0.463      0.000 4
 846  836      0.706      0.838      0.000 4
 845  846      0.711      0.497      0.000 4
 839  852      0.711      0.058      0.000 4
 842  854      0.712      0.043      0.000 4
 844  850      0.713      0.348      0.000 4
 847  847      0.715      0.525      0.000 4
 851  844      0.717     -0.928      0.000 4
 850  845      0.717     -0.867      0.000 4
 849  848      0.718     -0.707      0.000 4
 852  849      0.721      0.743      0.000 4
 853  851      0.722      0.785      0.000 4
 848  858      0.725      0.175      0.000 4
 855  855      0.726      0.868      0.000 4
 854  856      0.726     -0.719      0.000 4
 858  853      0.726     -0.880      0.000 4
 859  857      0.731     -0.840      0.000 4
 857  861      0.737      0.243      0.000 4
 856  862      0.739      0.028      0.000 4
 860  860      0.740     -0.474      0.000 4
 862  859      0.741      0.893      0.000 4
 863  864      0.748     -0.543      0.000 4
 861  867      0.750     -0.226      0.000 4
 866  863      0.752     -0.877      0.000 4
 864  870      0.760      0.144      0.000 4
 872  866      0.760     -0.817      0.000 4
 871  868      0.761      0.737      0.000 4
 874  865      0.760     -0.942      0.000 4
 875  869      0.763     -0.879      0.000 4
 865  871      0.764     -0.162      0.000 4
 867  873      0.765     -0.197      0.000 4
 868  872      0.766     -0.255      0.000 4
 869  877      0.767      0.108      0.000 4
 870  878      0.768      0.133      0.000 4
 873  875      0.769      0.283      0.000 4
 876  879      0.775     -0.482      0.000 4
 877  874      0.777     -0.803      0.000 4
 880  876      0.778      0.830      0.000 4
  -1   -2      0.780     -0.682      0.000 4
 882  881      0.781     -0.670      0.000 4
 883  882      0.782      0.703      0.000 4
 881  884      0.786     -0.383      0.000 4
 878  887      0.787      0.083      0.000 4
 889  883      0.792      0.969      0.000 4
 885  893      0.794     -0.208      0.000 4
 884  894      0.795     -0.123      0.000 4
 886  891      0.795      0.261      0.000 4
 887  890      0.796     -0.428      0.000 4
 888  889      0.796      0.482      0.000 4
 892  885      0.796     -0.948      0.000 4
 891  886      0.797     -0.993      0.000 4
 893  888      0.799      0.881      0.000 4
 890  892      0.800      0.528      0.000 4
 898  895      0.807      0.914      0.000 4
 895  897      0.807      0.549      0.000 4
 894  901      0.808      0.140      0.000 4
 900  896      0.809      0.801      0.000 4
 899  899      0.812     -0.557      0.000 4
 905  898      0.812     -0.800      0.000 4
 897  903      0.814      0.312      0.000 4
 904  900      0.814      0.624      0.000 4
 896  906      0.814      0.095      0.000 4
 903  902      0.815     -0.533      0.000 4
  -1   -2      0.816      0.324      0.000 4
 902  908      0.819     -0.086      0.000 4
 908  905      0.824      0.897      0.000 4
 909  907      0.826      0.648      0.000 4
 907  911      0.827      0.448      0.000 4
 910  910      0.828      0.578      0.000 4
 906  915      0.829      0.050      0.000 4
  -1  909      0.830     -0.994      0.000 4
 911  914      0.832      0.413      0.000 4
 914  912      0.833      0.951      0.000 4
 913  913      0.834      0.705      0.000 4
 912  917      0.837     -0.233      0.000 4
 919  916      0.839      0.758      0.000 4
 917  919      0.841     -0.469      0.000 4
 916  921      0.843     -0.301      0.000 4
 915  923      0.844     -0.073      0.000 4
 921  918      0.846      0.855      0.000 4
 918  924      0.846      0.033      0.000 4
 920  922      0.848     -0.545      0.000 4
 923  920      0.849      0.900      0.000 4
 922  927      0.852      0.258      0.000 4
 924  925      0.855     -0.817      0.000 4
  -1   -2      0.857      0.727      0.000 4
 929  928      0.864      0.718      0.000 4
 926  931      0.865     -0.027      0.000 4
 928  930      0.866      0.315      0.000 4
 930  929      0.867      0.424      0.000 4
 927  932      0.868      0.020      0.000 4
 931  933      0.869     -0.316      0.000 4
 932  936      0.873      0.034      0.000 4
 933  934      0.875      0.647      0.000 4
 934  935      0.875     -0.744      0.000 4
 936  937      0.882     -0.729      0.000 4
 937  938      0.884      0.700      0.000 4
 935  942      0.885     -0.015      0.000 4
 939  939      0.886      0.878      0.000 4
 940  941      0.887     -0.568      0.000 4
 941  940      0.888      0.617      0.000 4
 938  943      0.888      0.357      0.000 4
 943  944      0.891      0.498      0.000 4
  -1   -2      0.892      0.367      0.000 4
 944  945      0.894     -0.735      0.000 4
 945  947      0.897     -0.675      0.000 4
 946  949      0.905      0.203      0.000 4
 947  951      0.906     -0.042      0.000 4
 949  948      0.906     -0.559      0.000 4
 948  950      0.908      0.342      0.000 4
 953  952      0.912     -0.946      0.000 4
 952  953      0.913     -0.753      0.000 4
 950  956      0.914     -0.129      0.000 4
 956  954      0.914     -0.958      0.000 4
 951  957      0.915     -0.289      0.000 4
 955  958      0.916     -0.451      0.000 4
 957  955      0.916     -0.915      0.000 4
 954  959      0.919      0.043      0.000 4
 960  962      0.923      0.345      0.000 4
 958  963      0.923     -0.054      0.000 4
 959  964      0.923      0.084      0.000 4
 961  961      0.924      0.562      0.000 4
 962  960      0.923     -0.977      0.000 4
 963  965      0.930     -0.634      0.000 4
 964  966      0.936     -0.415      0.000 4
 965  967      0.939     -0.371      0.000 4
 966  968      0.940     -0.226      0.000 4
 968  969      0.945      0.550      0.000 4
 967  970      0.946     -0.176      0.000 4
 969  971      0.949      0.934      0.000 4
 971  972      0.950      0.888      0.000 4
 970  973      0.949     -0.987      0.000 4
 972  974      0.954      0.791      0.000 4
 973  975      0.953     -0.873      0.000 4
 974  977      0.956      0.290      0.000 4
 975  976      0.956     -0.609      0.000 4
 976  978      0.964     -0.751      0.000 4
 977  979      0.967      0.854      0.000 4
 978  980      0.968     -0.694      0.000 4
 979  981      0.970      0.519      0.000 4
 980  984      0.978     -0.234      0.000 4
 981  982      0.980      0.482      0.000 4
 982  983      0.980     -0.527      0.000 4
 984  985      0.982     -0.890      0.000 4
 983  986      0.983      0.742      0.000 4
 985  987      0.984      0.972      0.000 4
 987  990      0.986      0.772      0.000 4
 988  988      0.985     -0.824      0.000 4
 986  989      0.986      0.666      0.000 4
 989  991      0.987     -0.370      0.000 4
  -1   -2      0.990      0.424      0.000 4
 991  993      0.992      0.413      0.000 4
 992  994      0.993      0.032      0.000 4
