995
   0    1     -0.996      0.204      0.000 4
   1    2     -0.994     -0.125      0.000 4
   2    4     -0.992      0.740      0.000 4
   3    3     -0.990     -0.746      0.000 4
  -1   -2     -0.991      0.747      0.000 4
   5    6     -0.989     -0.216      0.000 4
   6    7     -0.989     -0.049      0.000 4
   7    8     -0.989      0.952      0.000 4
   9    9     -0.989      0.452      0.000 4
   8   10     -0.988     -0.549      0.000 4
  10   13     -0.987     -0.799      0.000 4
  11   11     -0.988     -0.299      0.000 4
  12   12     -0.988      0.701      0.000 4
  14   15     -0.985     -0.273      0.000 4
  15   16     -0.981      0.248      0.000 4
  16   17     -0.977     -0.181      0.000 4
  18   18     -0.974      0.560      0.000 4
  17   19     -0.974      0.957      0.000 4
  19   23     -0.970     -0.978      0.000 4
  21   20     -0.971     -0.019      0.000 4
  20   24     -0.971      0.673      0.000 4
  22   21     -0.970      0.358      0.000 4
  23   22     -0.970     -0.188      0.000 4
  24   25     -0.969      0.333      0.000 4
  25   26     -0.964     -0.440      0.000 4
  26   27     -0.961     -0.107      0.000 4
  28   28     -0.960     -0.209      0.000 4
  27   29     -0.960      0.576      0.000 4
  30   30     -0.956     -0.410      0.000 4
  29   32     -0.956      0.820      0.000 4
  31   31     -0.953      0.176      0.000 4
  32   33     -0.951     -0.634      0.000 4
  34   35     -0.946      0.702      0.000 4
  33   38     -0.944     -0.929      0.000 4
  35   36     -0.944     -0.680      0.000 4
  36   37     -0.944      0.554      0.000 4
  37   34     -0.943      0.091      0.000 4
  38   39     -0.940      0.171      0.000 4
  40   40     -0.938     -0.268      0.000 4
  42   41     -0.938      0.402      0.000 4
  39   42     -0.937     -0.714      0.000 4
  41   46     -0.934     -0.930      0.000 4
  43   43     -0.934      0.461      0.000 4
  46   44     -0.931      0.189      0.000 4
  44   47     -0.931      0.750      0.000 4
  47   45     -0.931      0.297      0.000 4
  45   49     -0.929      0.936      0.000 4
  48   48     -0.927      0.355      0.000 4
  50   50     -0.919     -0.164      0.000 4
  49   51     -0.919      0.642      0.000 4
  51   52     -0.907     -0.205      0.000 4
  53   53     -0.905     -0.499      0.000 4
  52   56     -0.900     -0.915      0.000 4
  56   54     -0.899     -0.231      0.000 4
  54   57     -0.897     -0.665      0.000 4
  57   55     -0.897      0.414      0.000 4
  55   58     -0.897      0.629      0.000 4
  59   62     -0.894      0.613      0.000 4
  58   66     -0.892      0.916      0.000 4
  63   59     -0.891     -0.033      0.000 4
  64   60     -0.891      0.075      0.000 4
  60   63     -0.890     -0.628      0.000 4
  65   61     -0.890      0.164      0.000 4
  62   64     -0.888     -0.466      0.000 4
  61   65     -0.889      0.473      0.000 4
  66   68     -0.885     -0.315      0.000 4
  67   67     -0.885     -0.170      0.000 4
  68   69     -0.881     -0.254      0.000 4
  69   71     -0.878      0.544      0.000 4
  74   70     -0.875      0.036      0.000 4
  70   74     -0.875      0.585      0.000 4
  72   76     -0.872     -0.709      0.000 4
  71   78     -0.873      0.798      0.000 4
  76   72     -0.872     -0.129      0.000 4
  77   73     -0.871     -0.006      0.000 4
  78   75     -0.868      0.194      0.000 4
  73   80     -0.867     -0.866      0.000 4
  79   77     -0.866     -0.090      0.000 4
  80   79     -0.864      0.126      0.000 4
  75   83     -0.863     -0.826      0.000 4
  84   81     -0.858     -0.065      0.000 4
  86   82     -0.856     -0.171      0.000 4
  85   84     -0.856      0.269      0.000 4
  81   87     -0.856      0.841      0.000 4
  82   88     -0.853     -0.919      0.000 4
  83   89     -0.852     -0.987      0.000 4
  90   86     -0.849     -0.321      0.000 4
  87   91     -0.848     -0.705      0.000 4
  93   85     -0.849      0.139      0.000 4
  96   90     -0.846      0.227      0.000 4
  91   93     -0.845      0.616      0.000 4
  88   97     -0.844     -0.863      0.000 4
  89   95     -0.845      0.878      0.000 4
  94   92     -0.844     -0.533      0.000 4
  -1   -2     -0.845      0.683      0.000 4
  95   98     -0.841      0.678      0.000 4
  97   96     -0.835     -0.178      0.000 4
  99   99     -0.834      0.254      0.000 4
  98  104     -0.825     -0.933      0.000 4
 101  100     -0.822     -0.331      0.000 4
 100  105     -0.821      0.646      0.000 4
 104  101     -0.819     -0.003      0.000 4
 103  103     -0.819      0.361      0.000 4
 105  102     -0.818      0.110      0.000 4
 102  106     -0.817      0.519      0.000 4
 106  108     -0.805      0.483      0.000 4
 109  107     -0.802     -0.238      0.000 4
 107  109     -0.802     -0.398      0.000 4
 108  110     -0.798     -0.988      0.000 4
 112  113     -0.793      0.548      0.000 4
 110  115     -0.792     -0.833      0.000 4
 113  112     -0.792     -0.406      0.000 4
 111  116     -0.789     -0.962      0.000 4
 114  111     -0.790     -0.049      0.000 4
 115  114     -0.786     -0.175      0.000 4
 120  117     -0.777     -0.283      0.000 4
 118  119     -0.775      0.534      0.000 4
 119  121     -0.773     -0.591      0.000 4
 116  124     -0.773     -0.869      0.000 4
 117  122     -0.773      0.705      0.000 4
 121  118     -0.772     -0.251      0.000 4
 125  120     -0.767      0.117      0.000 4
 123  125     -0.765      0.558      0.000 4
 127  123     -0.763      0.084      0.000 4
 122  127     -0.762      0.787      0.000 4
 124  132     -0.757     -0.995      0.000 4
 129  126     -0.756     -0.170      0.000 4
 126  133     -0.752     -0.812      0.000 4
 128  129     -0.753      0.516      0.000 4
 132  128     -0.751     -0.434      0.000 4
 131  131     -0.750      0.445      0.000 4
 133  130     -0.749     -0.466      0.000 4
 130  135     -0.748      0.552      0.000 4
 134  136     -0.744     -0.488      0.000 4
 135  139     -0.742      0.489      0.000 4
 140  134     -0.741      0.198      0.000 4
 136  140     -0.740     -0.520      0.000 4
 138  138     -0.740      0.333      0.000 4
 143  137     -0.737     -0.233      0.000 4
 142  141     -0.734      0.438      0.000 4
 137  144     -0.730     -0.891      0.000 4
 144  142     -0.730     -0.290      0.000 4
 139  145     -0.729     -0.840      0.000 4
 141  146     -0.729      0.922      0.000 4
 149  143     -0.719     -0.213      0.000 4
 145  150     -0.716      0.673      0.000 4
 148  149     -0.714     -0.537      0.000 4
 150  147     -0.714     -0.420      0.000 4
 146  153     -0.713     -0.738      0.000 4
 151  151     -0.711      0.494      0.000 4
 152  148     -0.711      0.291      0.000 4
 147  154     -0.711      0.965      0.000 4
 154  152     -0.703     -0.178      0.000 4
 153  157     -0.700     -0.693      0.000 4
 156  156     -0.694     -0.334      0.000 4
 159  155     -0.691      0.033      0.000 4
 160  158     -0.689      0.177      0.000 4
 157  161     -0.688      0.519      0.000 4
 161  159     -0.686     -0.226      0.000 4
 155  168     -0.684      0.873      0.000 4
 165  160     -0.682      0.056      0.000 4
 163  163     -0.680     -0.404      0.000 4
 158  169     -0.679     -0.981      0.000 4
 162  166     -0.679     -0.494      0.000 4
 167  162     -0.679      0.147      0.000 4
 166  164     -0.678      0.239      0.000 4
 171  165     -0.674     -0.200      0.000 4
 164  170     -0.672      0.601      0.000 4
 173  167     -0.671      0.034      0.000 4
 168  172     -0.668      0.620      0.000 4
 170  171     -0.667      0.568      0.000 4
 169  173     -0.665      0.667      0.000 4
 175  175     -0.657      0.600      0.000 4
 172  178     -0.656      0.888      0.000 4
 174  177     -0.656      0.815      0.000 4
 180  174     -0.652      0.209      0.000 4
 176  183     -0.645      0.785      0.000 4
 177  182     -0.644      0.705      0.000 4
 184  176     -0.641     -0.085      0.000 4
 178  187     -0.639     -0.808      0.000 4
 179  188     -0.639      0.849      0.000 4
 186  179     -0.637      0.025      0.000 4
 181  189     -0.636     -0.732      0.000 4
 189  180     -0.636      0.061      0.000 4
 182  185     -0.636      0.492      0.000 4
 191  181     -0.632     -0.057      0.000 4
 187  186     -0.631     -0.433      0.000 4
 190  184     -0.631      0.256      0.000 4
  -1   -2     -0.628     -0.731      0.000 4
 185  192     -0.628      0.574      0.000 4
 188  193     -0.625     -0.576      0.000 4
 192  190     -0.624      0.316      0.000 4
 196  191     -0.618     -0.143      0.000 4
 194  196     -0.612      0.566      0.000 4
 193  197     -0.611      0.931      0.000 4
 199  195     -0.608     -0.194      0.000 4
 195  198     -0.605      0.731      0.000 4
 200  199     -0.595      0.533      0.000 4
 198  202     -0.594     -0.760      0.000 4
 197  204     -0.594      0.820      0.000 4
 201  205     -0.589     -0.721      0.000 4
 202  201     -0.589      0.526      0.000 4
 212  200     -0.582     -0.028      0.000 4
 214  203     -0.579     -0.173      0.000 4
 203  207     -0.578      0.485      0.000 4
 209  208     -0.575      0.518      0.000 4
 215  206     -0.575      0.014      0.000 4
 207  211     -0.573     -0.620      0.000 4
 205  212     -0.573      0.697      0.000 4
 213  210     -0.572      0.480      0.000 4
 206  214     -0.571      0.792      0.000 4
 204  215     -0.571      0.828      0.000 4
 208  220     -0.568      0.870      0.000 4
 211  218     -0.567     -0.747      0.000 4
 210  219     -0.566     -0.790      0.000 4
 216  213     -0.566      0.457      0.000 4
 223  209     -0.564     -0.078      0.000 4
 217  222     -0.559      0.658      0.000 4
 222  221     -0.557     -0.483      0.000 4
 218  224     -0.557     -0.660      0.000 4
 226  217     -0.557      0.277      0.000 4
 219  226     -0.555      0.642      0.000 4
 224  223     -0.554     -0.527      0.000 4
  -1  228     -0.553     -0.042      0.000 4
 220  225     -0.553     -0.618      0.000 4
 227  227     -0.549     -0.988      0.000 4
 221  229     -0.548      0.841      0.000 4
 225  232     -0.546      0.806      0.000 4
 228  234     -0.541      0.782      0.000 4
 229  236     -0.539      0.916      0.000 4
 230  240     -0.538     -0.041      0.000 4
 233  230     -0.537     -0.494      0.000 4
 232  235     -0.535      0.592      0.000 4
 231  241     -0.532      0.906      0.000 4
 242  231     -0.530     -0.171      0.000 4
 235  239     -0.528      0.601      0.000 4
 244  233     -0.525     -0.182      0.000 4
 234  247     -0.525     -0.912      0.000 4
 243  237     -0.523      0.418      0.000 4
 237  246     -0.521     -0.720      0.000 4
 238  248     -0.520      0.723      0.000 4
  -1  238     -0.519     -0.218      0.000 4
 245  243     -0.518     -0.468      0.000 4
 246  242     -0.518      0.306      0.000 4
 239  250     -0.516     -0.845      0.000 4
 240  251     -0.515      0.992      0.000 4
 249   -2     -0.515     -0.214      0.000 4
 241  253     -0.514     -0.982      0.000 4
 236   -2     -0.514     -0.039      0.000 4
 251  245     -0.511      0.177      0.000 4
 253  244     -0.510     -0.169      0.000 4
 248  254     -0.506      0.655      0.000 4
 247  255     -0.505      0.717      0.000 4
 256  252     -0.501     -0.381      0.000 4
 260  249     -0.500     -0.034      0.000 4
 252  260     -0.497      0.709      0.000 4
 257  258     -0.494     -0.598      0.000 4
 261  256     -0.493      0.346      0.000 4
 255  265     -0.493      0.989      0.000 4
 254  264     -0.492     -0.896      0.000 4
 258  263     -0.491      0.618      0.000 4
 262  259     -0.489      0.426      0.000 4
  -1   -2     -0.486      0.710      0.000 4
 265  257     -0.486      0.084      0.000 4
 268  261     -0.481      0.159      0.000 4
 263  273     -0.481      0.721      0.000 4
 269  262     -0.479     -0.058      0.000 4
 264  272     -0.478      0.579      0.000 4
 267  270     -0.477      0.445      0.000 4
  -1   -2     -0.475      0.013      0.000 4
 273  267     -0.473     -0.146      0.000 4
 275  269     -0.472      0.141      0.000 4
 276  271     -0.468      0.018      0.000 4
 266  277     -0.468      0.946      0.000 4
 278  274     -0.463     -0.246      0.000 4
 270  278     -0.462     -0.728      0.000 4
 274  275     -0.462      0.572      0.000 4
 271  282     -0.459      0.927      0.000 4
 281  276     -0.453     -0.307      0.000 4
 277  284     -0.450     -0.844      0.000 4
 282  281     -0.449      0.380      0.000 4
 279  285     -0.447      0.802      0.000 4
 286  279     -0.447     -0.105      0.000 4
 287  280     -0.446     -0.097      0.000 4
 280  287     -0.443      0.955      0.000 4
 288  283     -0.441     -0.234      0.000 4
 283  288     -0.439      0.737      0.000 4
 285  289     -0.434     -0.726      0.000 4
 284  290     -0.434      0.757      0.000 4
 293  286     -0.428     -0.313      0.000 4
 291  292     -0.423     -0.633      0.000 4
 289  296     -0.424      0.951      0.000 4
 290  294     -0.424      0.763      0.000 4
 295  291     -0.420     -0.379      0.000 4
 292  300     -0.419      0.816      0.000 4
 298  293     -0.416     -0.420      0.000 4
 297  295     -0.415      0.479      0.000 4
 294  307     -0.412     -0.994      0.000 4
 296  301     -0.413      0.571      0.000 4
 299  299     -0.412     -0.512      0.000 4
 300  298     -0.410     -0.459      0.000 4
 303  297     -0.409      0.264      0.000 4
 302  302     -0.408      0.483      0.000 4
 301  309     -0.402     -0.770      0.000 4
 306  305     -0.400     -0.247      0.000 4
 305  308     -0.400      0.314      0.000 4
 309  303     -0.399     -0.100      0.000 4
 310  304     -0.399     -0.062      0.000 4
 311  306     -0.397      0.129      0.000 4
 304  313     -0.395      0.927      0.000 4
 307  312     -0.391      0.614      0.000 4
 308  311     -0.390     -0.592      0.000 4
 313  314     -0.386      0.600      0.000 4
 312  315     -0.385     -0.688      0.000 4
 321  310     -0.383      0.128      0.000 4
 315  316     -0.380      0.699      0.000 4
 314  320     -0.379      0.795      0.000 4
 316  321     -0.378      0.760      0.000 4
 317  322     -0.377     -0.798      0.000 4
 318  325     -0.374      0.868      0.000 4
 319  329     -0.369     -0.900      0.000 4
 323  318     -0.370      0.360      0.000 4
 320  330     -0.369      0.981      0.000 4
 325  317     -0.367      0.180      0.000 4
 322  331     -0.365     -0.820      0.000 4
 326  319     -0.365      0.136      0.000 4
 328  323     -0.361     -0.015      0.000 4
 329  324     -0.359      0.087      0.000 4
 330  326     -0.358      0.152      0.000 4
 327  327     -0.358      0.270      0.000 4
 331  328     -0.356     -0.253      0.000 4
 324  335     -0.354     -0.849      0.000 4
 333  332     -0.350     -0.049      0.000 4
 335  334     -0.346      0.139      0.000 4
 336  333     -0.345     -0.125      0.000 4
 332  336     -0.344     -0.569      0.000 4
 337  337     -0.338      0.314      0.000 4
 334  339     -0.332      0.881      0.000 4
 338  340     -0.328      0.718      0.000 4
 342  338     -0.320     -0.215      0.000 4
 340  341     -0.318      0.505      0.000 4
 341  342     -0.315      0.436      0.000 4
 339  344     -0.313      0.837      0.000 4
 343  345     -0.309      0.661      0.000 4
 344  343     -0.306      0.489      0.000 4
 345  346     -0.304     -0.594      0.000 4
 346  349     -0.300     -0.637      0.000 4
 350  348     -0.298     -0.988      0.000 4
 351  351     -0.296      0.526      0.000 4
 347  353     -0.295     -0.888      0.000 4
 352  350     -0.295     -0.455      0.000 4
 348  355     -0.295      0.939      0.000 4
 349  354     -0.294     -0.913      0.000 4
 357  347     -0.292      0.050      0.000 4
 354  356     -0.288     -0.584      0.000 4
 355  358     -0.287      0.530      0.000 4
 360  352     -0.285     -0.051      0.000 4
 356  359     -0.284     -0.625      0.000 4
 353  364     -0.284      0.990      0.000 4
 362  357     -0.280     -0.231      0.000 4
 358  363     -0.279     -0.653      0.000 4
 359  365     -0.279      0.669      0.000 4
 361  360     -0.277      0.400      0.000 4
 364  361     -0.276      0.330      0.000 4
 366  362     -0.273      0.156      0.000 4
 365  369     -0.270      0.588      0.000 4
 363  371     -0.267     -0.862      0.000 4
 367  368     -0.266     -0.412      0.000 4
 368  366     -0.265     -0.298      0.000 4
 369  367     -0.264     -0.317      0.000 4
 374  370     -0.256     -0.057      0.000 4
 371  375     -0.254     -0.380      0.000 4
 375  372     -0.253     -0.133      0.000 4
 376  373     -0.252     -0.038      0.000 4
 377  374     -0.252     -0.105      0.000 4
 370  377     -0.251     -0.578      0.000 4
 378  376     -0.249     -0.246      0.000 4
 372  379     -0.248      0.720      0.000 4
 373  381     -0.245      0.971      0.000 4
 380  380     -0.241     -0.397      0.000 4
 381  378     -0.241     -0.124      0.000 4
 379  383     -0.240      0.654      0.000 4
 384  382     -0.235     -0.245      0.000 4
 383  384     -0.232     -0.547      0.000 4
 382  385     -0.231      0.591      0.000 4
 386  386     -0.226      0.344      0.000 4
 385  388     -0.226      0.496      0.000 4
 387  387     -0.225      0.366      0.000 4
 389  390     -0.221     -0.548      0.000 4
 392  389     -0.219     -0.034      0.000 4
 388  393     -0.219      0.706      0.000 4
 391  391     -0.218     -0.357      0.000 4
 394  392     -0.215      0.122      0.000 4
 390  395     -0.214      0.969      0.000 4
 393  394     -0.212      0.574      0.000 4
 395  396     -0.206     -0.515      0.000 4
  -1   -2     -0.204     -0.448      0.000 4
 399  398     -0.203     -0.457      0.000 4
 396  399     -0.201      0.773      0.000 4
 397  400     -0.199      0.910      0.000 4
 400  402     -0.197      0.852      0.000 4
 401  401     -0.195      0.639      0.000 4
 403  403     -0.193     -0.649      0.000 4
 402  404     -0.193     -0.734      0.000 4
 404  405     -0.191      0.801      0.000 4
 405  407     -0.189     -0.986      0.000 4
 409  406     -0.181      0.129      0.000 4
 406  409     -0.178     -0.685      0.000 4
 408  408     -0.178      0.453      0.000 4
 407  410     -0.177      0.611      0.000 4
  -1  413     -0.173      0.373      0.000 4
 413  412     -0.172     -0.445      0.000 4
 410  414     -0.172      0.664      0.000 4
 412   -2     -0.172      0.381      0.000 4
 411  415     -0.171     -0.633      0.000 4
 415  417     -0.165     -0.562      0.000 4
 416  416     -0.163     -0.045      0.000 4
 417  418     -0.160      0.187      0.000 4
 418  419     -0.159      0.168      0.000 4
 419  420     -0.156     -0.424      0.000 4
 422  421     -0.154     -0.214      0.000 4
 420  424     -0.150     -0.806      0.000 4
 421  426     -0.150      0.805      0.000 4
 427  422     -0.149     -0.185      0.000 4
 423  428     -0.148      0.825      0.000 4
 428  423     -0.147      0.150      0.000 4
 424  429     -0.146      0.732      0.000 4
 429  425     -0.145     -0.269      0.000 4
 425  431     -0.144     -0.887      0.000 4
 426  432     -0.143      0.962      0.000 4
 430  430     -0.142      0.387      0.000 4
 431  427     -0.142     -0.249      0.000 4
 432  433     -0.135     -0.813      0.000 4
 434  434     -0.129     -0.316      0.000 4
 433  435     -0.128      0.567      0.000 4
 435  437     -0.124      0.753      0.000 4
 436  436     -0.123      0.252      0.000 4
 439  438     -0.114     -0.242      0.000 4
 437  441     -0.113      0.713      0.000 4
 438  440     -0.112     -0.581      0.000 4
 440  439     -0.111     -0.160      0.000 4
 444  442     -0.108      0.186      0.000 4
 441  443     -0.108     -0.513      0.000 4
  -1   -2     -0.106      0.496      0.000 4
 443  444     -0.106      0.508      0.000 4
 446  446     -0.101      0.005      0.000 4
 445  448     -0.101      0.389      0.000 4
 448  447     -0.101     -0.051      0.000 4
 447  449     -0.099     -0.452      0.000 4
 449  450     -0.088     -0.296      0.000 4
 451  451     -0.081     -0.568      0.000 4
 450  452     -0.081      0.920      0.000 4
 452  455     -0.077      0.823      0.000 4
 453  454     -0.076     -0.495      0.000 4
 455  453     -0.075     -0.017      0.000 4
 454  456     -0.073      0.593      0.000 4
 456  457     -0.072     -0.613      0.000 4
 457  460     -0.068      0.974      0.000 4
 458  458     -0.067     -0.395      0.000 4
 459  459     -0.066     -0.210      0.000 4
 460  461     -0.066      0.231      0.000 4
 463  462     -0.063      0.389      0.000 4
 462  463     -0.063      0.473      0.000 4
 461  464     -0.062     -0.902      0.000 4
 464  465     -0.058     -0.918      0.000 4
 465  466     -0.055     -0.741      0.000 4
 467  467     -0.054     -0.423      0.000 4
 469  468     -0.053     -0.052      0.000 4
 468  469     -0.052     -0.762      0.000 4
 470  472     -0.050      0.742      0.000 4
 471  471     -0.050      0.455      0.000 4
 474  473     -0.049      0.043      0.000 4
 473  470     -0.049      0.059      0.000 4
 472  475     -0.048     -0.559      0.000 4
 475  474     -0.048     -0.457      0.000 4
 476  476     -0.048     -0.084      0.000 4
 477  477     -0.046      0.320      0.000 4
 478  478     -0.043     -0.641      0.000 4
 479  480     -0.039     -0.889      0.000 4
 480  479     -0.039      0.208      0.000 4
 481  481     -0.038      0.909      0.000 4
 482  482     -0.037      0.533      0.000 4
 483  483     -0.036      0.361      0.000 4
 485  484     -0.035      0.081      0.000 4
 484  486     -0.035      0.743      0.000 4
 486  485     -0.034     -0.455      0.000 4
 487  487     -0.033     -0.818      0.000 4
 488  488     -0.032      0.237      0.000 4
 490  489     -0.031     -0.262      0.000 4
 489  490     -0.031      0.822      0.000 4
 491  491     -0.031     -0.537      0.000 4
 492  492     -0.029      0.941      0.000 4
 493  493     -0.029      0.116      0.000 4
 494  494     -0.026      0.147      0.000 4
 495  495     -0.024      0.017      0.000 4
 496  496     -0.023     -0.647      0.000 4
 497  497     -0.023     -0.423      0.000 4
 498  498     -0.022     -0.511      0.000 4
 499  499     -0.021      0.636      0.000 4
 500  500     -0.019     -0.457      0.000 4
 501  501     -0.017     -0.702      0.000 4
  -1   -2     -0.015     -0.506      0.000 4
 503  503     -0.015      0.251      0.000 4
 504  504     -0.014     -0.609      0.000 4
 506  505     -0.013      0.975      0.000 4
 505  506     -0.013     -0.636      0.000 4
 507  507      0.001      0.047      0.000 4
 508  508      0.003     -0.388      0.000 4
 509  509      0.005     -0.229      0.000 4
 510  510      0.008      0.235      0.000 4
 511  511      0.011      0.522      0.000 4
 513  512      0.012      0.781      0.000 4
 512  513      0.013     -0.706      0.000 4
 514  514      0.015      0.719      0.000 4
 515  515      0.018     -0.336      0.000 4
 516  518      0.019      0.060      0.000 4
 517  516      0.020     -0.687      0.000 4
 519  517      0.021      0.708      0.000 4
 518  519      0.022     -0.111      0.000 4
 520  520      0.024     -0.090      0.000 4
 521  521      0.025     -0.194      0.000 4
 523  522      0.029      0.541      0.000 4
 522  523      0.030      0.129      0.000 4
 525  524      0.038      0.091      0.000 4
 524  525      0.038     -0.195      0.000 4
 526  527      0.042      0.343      0.000 4
 527  528      0.043     -0.489      0.000 4
 529  526      0.045     -0.963      0.000 4
 528  530      0.047      0.166      0.000 4
 530  529      0.048     -0.785      0.000 4
 531  532      0.052     -0.400      0.000 4
 533  531      0.052     -0.681      0.000 4
 532  533      0.054      0.304      0.000 4
 534  535      0.060      0.003      0.000 4
 535  534      0.064      0.869      0.000 4
 537  536      0.066     -0.920      0.000 4
 536  539      0.069      0.370      0.000 4
 538  537      0.069      0.742      0.000 4
 539  538      0.071     -0.852      0.000 4
 540  540      0.074      0.681      0.000 4
 542  541      0.075     -0.969      0.000 4
 541  543      0.076     -0.599      0.000 4
 543  542      0.077      0.938      0.000 4
 545  544      0.081      0.664      0.000 4
 544  546      0.084      0.052      0.000 4
 546  547      0.085     -0.286      0.000 4
 547  548      0.086     -0.387      0.000 4
 549  545      0.089     -0.898      0.000 4
 548  549      0.095      0.209      0.000 4
 550  550      0.096     -0.408      0.000 4
 551  552      0.099      0.182      0.000 4
 553  551      0.103     -0.964      0.000 4
  -1   -2      0.104      0.205      0.000 4
 555  553      0.107      0.838      0.000 4
 556  554      0.108     -0.873      0.000 4
 554  556      0.109     -0.513      0.000 4
 559  559      0.115      0.515      0.000 4
 557  564      0.117      0.051      0.000 4
 564  557      0.117     -0.970      0.000 4
 558  567      0.118     -0.052      0.000 4
 567  558      0.118      0.946      0.000 4
 565  560      0.119     -0.868      0.000 4
 563  563      0.120     -0.554      0.000 4
 560  570      0.121     -0.170      0.000 4
 562  566      0.121     -0.486      0.000 4
 561  569      0.121      0.281      0.000 4
 573  561      0.123     -0.976      0.000 4
 571  562      0.123      0.746      0.000 4
 569  568      0.124     -0.644      0.000 4
 570  571      0.126     -0.471      0.000 4
 574  565      0.126     -0.921      0.000 4
 566  573      0.126     -0.195      0.000 4
 568  574      0.127      0.079      0.000 4
 572  575      0.131     -0.049      0.000 4
 577  572      0.132      0.782      0.000 4
 575  577      0.137      0.016      0.000 4
 576  578      0.138     -0.182      0.000 4
 580  576      0.141      0.877      0.000 4
 579  581      0.145      0.264      0.000 4
 578  582      0.147      0.060      0.000 4
 581  579      0.148      0.868      0.000 4
 584  580      0.153     -0.934      0.000 4
 582  584      0.155      0.334      0.000 4
 585  583      0.158      0.521      0.000 4
  -1   -2      0.158     -0.486      0.000 4
 586  588      0.161      0.371      0.000 4
 587  586      0.162     -0.496      0.000 4
 591  589      0.166     -0.656      0.000 4
 590  592      0.167     -0.442      0.000 4
 588  594      0.168     -0.203      0.000 4
 595  587      0.168     -0.927      0.000 4
 592  591      0.168      0.448      0.000 4
 589  595      0.170      0.114      0.000 4
 596  590      0.171      0.837      0.000 4
 593  596      0.174      0.054      0.000 4
 600  593      0.177      0.953      0.000 4
 594  599      0.177     -0.032      0.000 4
 598  598      0.181     -0.445      0.000 4
 599  597      0.181     -0.464      0.000 4
 597  601      0.185     -0.014      0.000 4
 604  600      0.188      0.662      0.000 4
 601  603      0.189      0.274      0.000 4
 605  602      0.192     -0.505      0.000 4
 602  604      0.192     -0.154      0.000 4
 603  608      0.197      0.077      0.000 4
 606  607      0.198     -0.296      0.000 4
 609  605      0.201     -0.987      0.000 4
 607  611      0.202     -0.346      0.000 4
 608  610      0.202      0.369      0.000 4
 610  606      0.203      0.547      0.000 4
 613  609      0.207      0.693      0.000 4
 614  612      0.210     -0.615      0.000 4
 612  614      0.210     -0.583      0.000 4
 611  616      0.211      0.148      0.000 4
 618  613      0.215      0.977      0.000 4
 616  615      0.217      0.631      0.000 4
 615  617      0.218     -0.212      0.000 4
 617  620      0.226      0.176      0.000 4
 622  618      0.227      0.539      0.000 4
 619  622      0.230      0.160      0.000 4
 620  625      0.232     -0.145      0.000 4
 621  628      0.234      0.079      0.000 4
 627  619      0.236     -0.823      0.000 4
 624  623      0.237     -0.530      0.000 4
 630  624      0.240      0.668      0.000 4
 623  632      0.240      0.071      0.000 4
 632  621      0.241      0.735      0.000 4
 629  627      0.241     -0.596      0.000 4
 625  630      0.242      0.304      0.000 4
 633  626      0.244      0.781      0.000 4
 628  631      0.245      0.378      0.000 4
 637  629      0.247     -0.856      0.000 4
 626  636      0.248     -0.087      0.000 4
 631  637      0.252      0.041      0.000 4
 641  633      0.255     -0.967      0.000 4
 640  634      0.255      0.883      0.000 4
 642  635      0.257     -0.811      0.000 4
 634  641      0.258      0.122      0.000 4
 636  642      0.258     -0.202      0.000 4
 635  643      0.259     -0.108      0.000 4
 638  640      0.260     -0.349      0.000 4
 639  646      0.266      0.184      0.000 4
 646  638      0.269     -0.802      0.000 4
 648  639      0.271     -0.858      0.000 4
 644  645      0.271     -0.534      0.000 4
 643  647      0.273     -0.399      0.000 4
  -1  644      0.277     -0.859      0.000 4
 645  650      0.282     -0.101      0.000 4
 651  648      0.285     -0.724      0.000 4
 650  649      0.287      0.505      0.000 4
 647  652      0.288      0.005      0.000 4
 649  656      0.291     -0.019      0.000 4
 653  653      0.296      0.444      0.000 4
 654  651      0.297      0.568      0.000 4
 652  658      0.298     -0.237      0.000 4
 656  655      0.301     -0.656      0.000 4
 658  654      0.301      0.625      0.000 4
 655  661      0.303      0.367      0.000 4
 659  660      0.305      0.459      0.000 4
 661  663      0.308     -0.447      0.000 4
 660  665      0.308     -0.406      0.000 4
 657  666      0.310     -0.265      0.000 4
 664  657      0.311      0.868      0.000 4
 663  659      0.311     -0.817      0.000 4
 666  664      0.316      0.709      0.000 4
 667  662      0.317      0.803      0.000 4
 662  667      0.318      0.269      0.000 4
 665  671      0.324     -0.311      0.000 4
 668  670      0.327      0.488      0.000 4
 670  669      0.328     -0.615      0.000 4
 671  668      0.331     -0.808      0.000 4
 669  679      0.336     -0.081      0.000 4
 674  674      0.338      0.581      0.000 4
  -1   -2      0.340      0.817      0.000 4
 678  672      0.340      0.871      0.000 4
 675  676      0.343     -0.569      0.000 4
 672  685      0.346      0.104      0.000 4
 677  680      0.346     -0.587      0.000 4
 673  686      0.346      0.155      0.000 4
 685  675      0.347     -0.957      0.000 4
 680  677      0.347      0.630      0.000 4
 679  682      0.349      0.481      0.000 4
 686  678      0.350     -0.753      0.000 4
 688  681      0.353      0.819      0.000 4
 683  684      0.353      0.467      0.000 4
 682  687      0.356      0.346      0.000 4
 681  688      0.357      0.228      0.000 4
 695  683      0.360     -0.983      0.000 4
 684  694      0.363      0.042      0.000 4
 691  691      0.364     -0.450      0.000 4
 687  693      0.365     -0.285      0.000 4
 694  690      0.365      0.433      0.000 4
 690  696      0.369      0.181      0.000 4
 689  699      0.370      0.028      0.000 4
 693  697      0.370      0.156      0.000 4
 692  698      0.370     -0.170      0.000 4
 699  689      0.373      0.851      0.000 4
 698  692      0.375     -0.678      0.000 4
 701  695      0.378     -0.709      0.000 4
 696  703      0.380      0.102      0.000 4
 697  706      0.385      0.139      0.000 4
 709  700      0.388      0.774      0.000 4
 708  702      0.388     -0.752      0.000 4
 710  701      0.389     -0.768      0.000 4
 703  707      0.389     -0.394      0.000 4
 700  712      0.391      0.076      0.000 4
 705  709      0.392      0.388      0.000 4
 707  704      0.393      0.510      0.000 4
 702  713      0.394      0.006      0.000 4
 706  708      0.394      0.473      0.000 4
 704  714      0.396      0.084      0.000 4
 711  710      0.400     -0.731      0.000 4
 713  705      0.401     -0.898      0.000 4
 716  711      0.405     -0.830      0.000 4
 712  720      0.408      0.422      0.000 4
 714  721      0.414     -0.459      0.000 4
 721  715      0.416      0.994      0.000 4
 718  718      0.415     -0.778      0.000 4
 722  716      0.416     -0.976      0.000 4
 720  717      0.417      0.832      0.000 4
 715  723      0.418      0.311      0.000 4
 723  719      0.418      0.948      0.000 4
 717  724      0.423      0.442      0.000 4
 726  722      0.427      0.871      0.000 4
 719  728      0.432      0.138      0.000 4
 727  725      0.432      0.696      0.000 4
 724  729      0.437     -0.196      0.000 4
 729  726      0.439     -0.543      0.000 4
 725  732      0.441      0.046      0.000 4
 731  727      0.444      0.633      0.000 4
 728  733      0.448     -0.117      0.000 4
 730  734      0.449     -0.170      0.000 4
 732  731      0.450     -0.987      0.000 4
 736  730      0.454      0.806      0.000 4
 733  739      0.464     -0.164      0.000 4
 739  735      0.465     -0.707      0.000 4
 740  736      0.465     -0.718      0.000 4
 735  738      0.466      0.310      0.000 4
 734  740      0.468      0.186      0.000 4
 738  737      0.469      0.530      0.000 4
 737  745      0.477     -0.076      0.000 4
 742  744      0.478     -0.271      0.000 4
 741  747      0.480      0.038      0.000 4
 743  749      0.481      0.049      0.000 4
 745  743      0.482      0.406      0.000 4
 744  748      0.482      0.136      0.000 4
 747  742      0.483     -0.590      0.000 4
 746  746      0.485     -0.429      0.000 4
 751  741      0.489      0.751      0.000 4
 748  750      0.489      0.430      0.000 4
 750  753      0.495     -0.332      0.000 4
 749  756      0.498     -0.081      0.000 4
 754  751      0.502      0.570      0.000 4
 753  760      0.505      0.310      0.000 4
 752  765      0.507     -0.129      0.000 4
 762  752      0.509     -0.993      0.000 4
 761  754      0.509     -0.839      0.000 4
 755  758      0.509     -0.544      0.000 4
 758  755      0.511      0.666      0.000 4
 757  757      0.512      0.597      0.000 4
 764  759      0.514     -0.691      0.000 4
 759  763      0.515     -0.587      0.000 4
 767  761      0.520      0.934      0.000 4
 756  770      0.521      0.025      0.000 4
 768  762      0.521      0.920      0.000 4
 766  766      0.522     -0.656      0.000 4
 763  769      0.522     -0.407      0.000 4
 770  764      0.525     -0.913      0.000 4
 760  772      0.526     -0.140      0.000 4
 769  767      0.528      0.621      0.000 4
 765  773      0.529      0.069      0.000 4
 772  768      0.533     -0.802      0.000 4
 778  771      0.541      0.872      0.000 4
 773  775      0.543     -0.568      0.000 4
 771  779      0.545      0.002      0.000 4
 774  777      0.547     -0.501      0.000 4
 784  774      0.550     -0.993      0.000 4
 783  776      0.551      0.855      0.000 4
 775  783      0.553      0.256      0.000 4
 781  780      0.555      0.445      0.000 4
 776  784      0.556     -0.195      0.000 4
 777  785      0.557     -0.141      0.000 4
 782  781      0.557     -0.564      0.000 4
 785  782      0.558     -0.556      0.000 4
 787  778      0.558     -0.790      0.000 4
 779  786      0.559     -0.128      0.000 4
 780  787      0.560      0.017      0.000 4
 786  789      0.571      0.224      0.000 4
 788  792      0.575      0.234      0.000 4
 792  788      0.576     -0.597      0.000 4
 790  790      0.577      0.361      0.000 4
 789  796      0.578      0.122      0.000 4
 791  793      0.579      0.312      0.000 4
 794  794      0.584      0.472      0.000 4
 796  791      0.586      0.651      0.000 4
 798  795      0.588     -0.624      0.000 4
 793  801      0.591     -0.105      0.000 4
 797  798      0.591      0.484      0.000 4
 799  797      0.593      0.675      0.000 4
 800  799      0.595     -0.647      0.000 4
 795  805      0.598      0.091      0.000 4
 802  800      0.601     -0.906      0.000 4
 803  806      0.609     -0.602      0.000 4
 804  803      0.610      0.745      0.000 4
 801  809      0.610     -0.396      0.000 4
 805  804      0.612      0.894      0.000 4
 806  802      0.612     -0.913      0.000 4
 810  807      0.619     -0.898      0.000 4
 807  810      0.620      0.622      0.000 4
 808  808      0.620      0.750      0.000 4
 811  811      0.628      0.815      0.000 4
 813  812      0.631      0.945      0.000 4
 809  815      0.633      0.204      0.000 4
 816  813      0.637     -0.742      0.000 4
 812  818      0.643      0.046      0.000 4
 817  817      0.645      0.456      0.000 4
 820  816      0.646      0.703      0.000 4
 814  821      0.647     -0.111      0.000 4
 822  814      0.648      0.960      0.000 4
 815  820      0.647     -0.223      0.000 4
 818  822      0.651     -0.259      0.000 4
 824  819      0.656     -0.620      0.000 4
 819  825      0.658      0.056      0.000 4
 821  827      0.661     -0.202      0.000 4
 823  828      0.663     -0.329      0.000 4
 828  823      0.666     -0.914      0.000 4
 826  824      0.667      0.754      0.000 4
  -1   -2      0.671     -0.332      0.000 4
 829  826      0.671     -0.694      0.000 4
 827  831      0.674     -0.481      0.000 4
 832  829      0.676      0.682      0.000 4
 833  830      0.679      0.794      0.000 4
 831  836      0.682      0.296      0.000 4
 834  833      0.682     -0.762      0.000 4
 830  839      0.685     -0.079      0.000 4
 836  834      0.687      0.846      0.000 4
 837  838      0.693      0.651      0.000 4
 840  835      0.693     -0.932      0.000 4
 835  842      0.695     -0.368      0.000 4
 842  837      0.695     -0.874      0.000 4
 839  845      0.700     -0.987      0.000 4
 841  846      0.702      0.521      0.000 4
 844  849      0.705      0.482      0.000 4
 851  840      0.704     -0.887      0.000 4
 848  843      0.705      0.756      0.000 4
 850  841      0.705      0.796      0.000 4
 847  847      0.705     -0.722      0.000 4
 852  844      0.707      0.875      0.000 4
 838  853      0.707      0.057      0.000 4
 849  851      0.710      0.516      0.000 4
 843  855      0.711     -0.063      0.000 4
 853  852      0.712      0.544      0.000 4
 855  848      0.711     -0.849      0.000 4
 854  850      0.712     -0.733      0.000 4
 845  856      0.713     -0.140      0.000 4
 846  857      0.714     -0.190      0.000 4
 856  858      0.721      0.366      0.000 4
 859  854      0.722      0.899      0.000 4
 857  863      0.732      0.064      0.000 4
 861  859      0.732     -0.884      0.000 4
 858  864      0.733      0.048      0.000 4
 864  860      0.739     -0.945      0.000 4
 860  868      0.742      0.187      0.000 4
 862  866      0.743     -0.493      0.000 4
 866  862      0.743     -0.828      0.000 4
 867  861      0.744     -0.886      0.000 4
 865  867      0.747     -0.563      0.000 4
 868  865      0.748      0.753      0.000 4
 863  869      0.750      0.259      0.000 4
 869  872      0.759      0.032      0.000 4
 872  871      0.763      0.841      0.000 4
 871  870      0.762     -0.816      0.000 4
 870  877      0.766     -0.238      0.000 4
  -1   -2      0.770     -0.700      0.000 4
 876  873      0.772      0.721      0.000 4
 878  875      0.772     -0.689      0.000 4
 884  876      0.776      0.973      0.000 4
 873  882      0.776      0.156      0.000 4
 881  879      0.776     -0.503      0.000 4
 885  878      0.779     -0.951      0.000 4
 879  883      0.779      0.302      0.000 4
 877  884      0.780     -0.268      0.000 4
 875  885      0.780     -0.170      0.000 4
 880  886      0.781     -0.207      0.000 4
 886  880      0.782     -0.993      0.000 4
 882  889      0.784      0.118      0.000 4
 883  888      0.784      0.144      0.000 4
 887  881      0.785      0.889      0.000 4
 890  887      0.792      0.920      0.000 4
 888  893      0.792     -0.404      0.000 4
 889  892      0.796      0.506      0.000 4
 894  890      0.797      0.814      0.000 4
 891  894      0.797      0.552      0.000 4
 896  891      0.799     -0.814      0.000 4
 893  896      0.800     -0.450      0.000 4
 898  895      0.804      0.573      0.000 4
 892  900      0.804      0.091      0.000 4
 895  899      0.805      0.280      0.000 4
 900  897      0.808      0.647      0.000 4
 897  902      0.808     -0.220      0.000 4
 901  901      0.809     -0.580      0.000 4
 903  898      0.811      0.905      0.000 4
 899  905      0.810     -0.130      0.000 4
 902  904      0.814     -0.557      0.000 4
 908  903      0.817     -0.994      0.000 4
 906  907      0.819      0.670      0.000 4
 910  906      0.821      0.956      0.000 4
 905  909      0.821      0.334      0.000 4
 904  912      0.822      0.152      0.000 4
  -1   -2      0.823      0.347      0.000 4
 911  908      0.824      0.603      0.000 4
 913  910      0.826      0.725      0.000 4
 912  914      0.828      0.473      0.000 4
 909  916      0.828      0.105      0.000 4
 915  913      0.830      0.775      0.000 4
 914  919      0.834     -0.090      0.000 4
 916  918      0.835      0.438      0.000 4
 917  915      0.835      0.866      0.000 4
 919  917      0.838      0.908      0.000 4
 920  921      0.843     -0.493      0.000 4
 918  924      0.843      0.056      0.000 4
 923  920      0.844     -0.831      0.000 4
 922  923      0.847     -0.569      0.000 4
 921  925      0.847     -0.248      0.000 4
  -1   -2      0.849      0.747      0.000 4
 924  927      0.851     -0.320      0.000 4
 929  926      0.856      0.739      0.000 4
 926  928      0.857     -0.076      0.000 4
 927  930      0.859      0.038      0.000 4
 928  929      0.860      0.278      0.000 4
 930  933      0.868      0.451      0.000 4
 932  931      0.869     -0.763      0.000 4
 933  932      0.870      0.671      0.000 4
 931  934      0.872      0.338      0.000 4
 935  938      0.875     -0.336      0.000 4
 937  935      0.876     -0.749      0.000 4
 934  939      0.877     -0.027      0.000 4
 939  936      0.878      0.888      0.000 4
 938  937      0.878      0.723      0.000 4
 936  941      0.879      0.025      0.000 4
 941  940      0.884      0.642      0.000 4
 940  944      0.883      0.040      0.000 4
 942  942      0.885     -0.594      0.000 4
 945  943      0.888     -0.755      0.000 4
 944  945      0.890      0.526      0.000 4
 943  947      0.891      0.383      0.000 4
 948  946      0.893     -0.698      0.000 4
  -1   -2      0.894      0.393      0.000 4
 946  949      0.895     -0.013      0.000 4
 949  951      0.905     -0.586      0.000 4
 950  950      0.906     -0.949      0.000 4
 953  952      0.907     -0.960      0.000 4
 954  953      0.909     -0.772      0.000 4
 952  955      0.911      0.368      0.000 4
 956  954      0.910     -0.922      0.000 4
 951  956      0.911      0.222      0.000 4
 955  958      0.914     -0.043      0.000 4
 957  959      0.918     -0.476      0.000 4
 960  957      0.918     -0.978      0.000 4
 958  961      0.920     -0.308      0.000 4
 961  960      0.922      0.591      0.000 4
 959  962      0.922     -0.137      0.000 4
 963  963      0.925      0.371      0.000 4
 962  965      0.926      0.050      0.000 4
 966  964      0.928     -0.660      0.000 4
 965  966      0.930      0.094      0.000 4
 964  967      0.930     -0.056      0.000 4
 967  968      0.937     -0.440      0.000 4
 968  969      0.940     -0.395      0.000 4
 970  970      0.944      0.579      0.000 4
 969  972      0.944     -0.242      0.000 4
 971  971      0.946      0.940      0.000 4
 972  973      0.947      0.898      0.000 4
 974  974      0.948     -0.988      0.000 4
 973  977      0.950     -0.188      0.000 4
 975  976      0.951      0.808      0.000 4
 976  975      0.950     -0.884      0.000 4
 977  978      0.954     -0.636      0.000 4
 978  979      0.958      0.314      0.000 4
 979  980      0.962     -0.771      0.000 4
 980  981      0.965      0.867      0.000 4
 981  982      0.967     -0.717      0.000 4
 982  983      0.969      0.548      0.000 4
 983  984      0.979      0.511      0.000 4
 984  986      0.979     -0.554      0.000 4
 985  985      0.979     -0.899      0.000 4
 986  987      0.981      0.763      0.000 4
 988  988      0.981      0.977      0.000 4
 987  992      0.982     -0.250      0.000 4
 989  989      0.983     -0.840      0.000 4
 990  990      0.984      0.790      0.000 4
 991  991      0.984      0.691      0.000 4
 992  993      0.989     -0.394      0.000 4
  -1   -2      0.991      0.452      0.000 4
 994  995      0.992      0.441      0.000 4
