1002
  -1    0     -0.998      0.657      0.000 4
   0    1     -0.997      0.251      0.000 4
   1    2     -0.996      0.054      0.000 4
   2    3     -0.993     -0.144      0.000 4
   3    4     -0.989     -0.252      0.000 4
   4    6     -0.989     -0.049      0.000 4
   5    5     -0.989      0.452      0.000 4
   6    7     -0.988     -0.549      0.000 4
   7    8     -0.989      0.952      0.000 4
   9   13     -0.987     -0.799      0.000 4
  10   10     -0.987     -0.299      0.000 4
  11    9     -0.988      0.201      0.000 4
   8   11     -0.988      0.701      0.000 4
  12   14     -0.987      0.786      0.000 4
  13   -2     -0.985     -0.792      0.000 4
  -1   -2     -0.987      0.793      0.000 4
  15   12     -0.986     -0.319      0.000 4
  16   16     -0.982      0.303      0.000 4
  17   17     -0.979     -0.212      0.000 4
  18   18     -0.974     -0.015      0.000 4
  20   19     -0.973     -0.222      0.000 4
  21   20     -0.973      0.426      0.000 4
  19   21     -0.973      0.626      0.000 4
  22   22     -0.972      0.399      0.000 4
  23   23     -0.967     -0.506      0.000 4
  24   24     -0.966     -0.125      0.000 4
  26   25     -0.964     -0.249      0.000 4
  25   26     -0.964      0.728      0.000 4
  27   28     -0.963      0.969      0.000 4
  29   27     -0.960     -0.475      0.000 4
  28   30     -0.959     -0.979      0.000 4
  30   29     -0.959      0.224      0.000 4
  31   31     -0.957      0.640      0.000 4
  32   32     -0.951      0.122      0.000 4
  33   33     -0.948      0.218      0.000 4
  34   35     -0.945     -0.691      0.000 4
  35   34     -0.945     -0.319      0.000 4
  36   38     -0.943      0.853      0.000 4
  38   36     -0.942      0.474      0.000 4
  39   37     -0.941      0.240      0.000 4
  37   39     -0.941      0.618      0.000 4
  41   40     -0.938      0.363      0.000 4
  40   42     -0.935     -0.732      0.000 4
  43   41     -0.936      0.531      0.000 4
  42   43     -0.935      0.753      0.000 4
  44   45     -0.932      0.424      0.000 4
  45   44     -0.931     -0.196      0.000 4
  46   47     -0.925     -0.941      0.000 4
  47   46     -0.925     -0.762      0.000 4
  48   48     -0.921     -0.244      0.000 4
  49   50     -0.916      0.793      0.000 4
  51   49     -0.913     -0.274      0.000 4
  50   53     -0.912     -0.941      0.000 4
  54   51     -0.910     -0.033      0.000 4
  55   52     -0.909      0.101      0.000 4
  52   58     -0.909      0.949      0.000 4
  53   57     -0.907      0.698      0.000 4
  56   55     -0.906     -0.562      0.000 4
  57   54     -0.906      0.209      0.000 4
  58   56     -0.903     -0.201      0.000 4
  59   59     -0.901      0.481      0.000 4
  61   61     -0.897     -0.300      0.000 4
  60   62     -0.897     -0.369      0.000 4
  62   60     -0.897      0.052      0.000 4
  64   63     -0.894      0.000      0.000 4
  65   64     -0.893     -0.151      0.000 4
  63   66     -0.891     -0.528      0.000 4
  68   65     -0.889     -0.103      0.000 4
  66   69     -0.888      0.538      0.000 4
  71   67     -0.886      0.241      0.000 4
  72   68     -0.885      0.161      0.000 4
  67   71     -0.884     -0.716      0.000 4
  74   70     -0.884     -0.072      0.000 4
  69   73     -0.884      0.684      0.000 4
  70   74     -0.882      0.669      0.000 4
  73   75     -0.880     -0.682      0.000 4
  75   72     -0.879     -0.200      0.000 4
  78   76     -0.872      0.176      0.000 4
  76   80     -0.870     -0.929      0.000 4
  77   78     -0.871      0.604      0.000 4
  79   77     -0.870      0.325      0.000 4
  82   79     -0.865     -0.371      0.000 4
  80   84     -0.865      0.931      0.000 4
  83   81     -0.864      0.278      0.000 4
  81   83     -0.864      0.642      0.000 4
  84   82     -0.861     -0.208      0.000 4
  86   86     -0.852      0.306      0.000 4
  85   88     -0.851     -0.753      0.000 4
  88   85     -0.851      0.004      0.000 4
  89   87     -0.847      0.139      0.000 4
  87   90     -0.846      0.831      0.000 4
  90   91     -0.840     -0.589      0.000 4
  92   89     -0.839     -0.380      0.000 4
  91   95     -0.833     -0.887      0.000 4
  93   96     -0.831     -0.853      0.000 4
  98   92     -0.829     -0.274      0.000 4
  94   97     -0.829      0.667      0.000 4
  97   94     -0.829      0.418      0.000 4
 101   93     -0.827     -0.051      0.000 4
  95   99     -0.825     -0.748      0.000 4
  96  100     -0.823      0.866      0.000 4
  -1   -2     -0.822      0.728      0.000 4
 103   98     -0.820     -0.200      0.000 4
  99  103     -0.818      0.723      0.000 4
 100  104     -0.817     -0.988      0.000 4
 102  105     -0.814     -0.931      0.000 4
 105  102     -0.814     -0.448      0.000 4
 104  112     -0.810      0.897      0.000 4
 107  107     -0.809      0.574      0.000 4
 106  113     -0.805     -0.883      0.000 4
 109  111     -0.803     -0.455      0.000 4
 113  106     -0.803      0.143      0.000 4
 111  109     -0.802     -0.322      0.000 4
 115  108     -0.802      0.104      0.000 4
 114  110     -0.801     -0.285      0.000 4
 110  114     -0.801      0.538      0.000 4
 112  115     -0.798     -0.988      0.000 4
 108  117     -0.799      0.692      0.000 4
 116  116     -0.794     -0.193      0.000 4
 118  118     -0.781      0.598      0.000 4
 117  121     -0.779     -0.942      0.000 4
 119  119     -0.775      0.232      0.000 4
 120  120     -0.773     -0.261      0.000 4
 121  124     -0.764      0.582      0.000 4
 123  125     -0.760     -0.477      0.000 4
 124  122     -0.760     -0.323      0.000 4
 122  127     -0.759     -0.634      0.000 4
 128  123     -0.758     -0.237      0.000 4
 126  126     -0.757      0.377      0.000 4
 127  128     -0.754     -0.510      0.000 4
 130  130     -0.752      0.492      0.000 4
 129  132     -0.750      0.603      0.000 4
 125  135     -0.748     -0.855      0.000 4
 135  129     -0.746     -0.196      0.000 4
 132  133     -0.745     -0.530      0.000 4
 134  134     -0.743      0.562      0.000 4
 140  131     -0.742      0.042      0.000 4
 133  140     -0.741      0.740      0.000 4
 131  143     -0.739     -0.966      0.000 4
 138  138     -0.737      0.482      0.000 4
 136  141     -0.737      0.534      0.000 4
 137  139     -0.736     -0.561      0.000 4
 141  137     -0.736      0.328      0.000 4
 139  145     -0.734      0.595      0.000 4
 145  136     -0.732      0.068      0.000 4
 146  142     -0.730      0.202      0.000 4
 143  147     -0.727     -0.457      0.000 4
 147  144     -0.726     -0.247      0.000 4
 150  146     -0.724      0.043      0.000 4
 142  152     -0.723     -0.885      0.000 4
 149  148     -0.723      0.168      0.000 4
 148  149     -0.721     -0.364      0.000 4
 144  153     -0.720      0.812      0.000 4
 153  150     -0.718     -0.218      0.000 4
 155  151     -0.712      0.267      0.000 4
 151  158     -0.707     -0.995      0.000 4
 154  154     -0.707     -0.572      0.000 4
 152  160     -0.706     -0.833      0.000 4
 156  156     -0.705      0.532      0.000 4
 157  159     -0.698     -0.434      0.000 4
 158  155     -0.696     -0.089      0.000 4
 161  157     -0.693      0.031      0.000 4
 160  162     -0.692      0.231      0.000 4
 164  161     -0.690      0.071      0.000 4
 165  163     -0.689     -0.058      0.000 4
 159  166     -0.683      0.703      0.000 4
 167  164     -0.681     -0.524      0.000 4
 169  167     -0.678      0.552      0.000 4
 162  169     -0.677     -0.856      0.000 4
 163  170     -0.676      0.931      0.000 4
 168  171     -0.673     -0.761      0.000 4
 166  173     -0.672     -0.902      0.000 4
 171  165     -0.672     -0.150      0.000 4
 170  174     -0.666     -0.718      0.000 4
 173  168     -0.666      0.278      0.000 4
 174  172     -0.658     -0.204      0.000 4
 172  177     -0.656      0.970      0.000 4
 177  175     -0.650      0.339      0.000 4
 175  180     -0.648      0.627      0.000 4
 176  179     -0.648      0.595      0.000 4
 179  178     -0.645     -0.455      0.000 4
 183  176     -0.643     -0.027      0.000 4
 178  183     -0.640      0.645      0.000 4
 186  181     -0.635      0.017      0.000 4
 187  182     -0.633     -0.179      0.000 4
 181  186     -0.633      0.625      0.000 4
 184  185     -0.631      0.516      0.000 4
 182  187     -0.631      0.688      0.000 4
 180  189     -0.629      0.882      0.000 4
 188  184     -0.625     -0.079      0.000 4
 185  190     -0.619     -0.982      0.000 4
  -1  192     -0.615     -0.041      0.000 4
 189  191     -0.612     -0.594      0.000 4
 190  193     -0.607      0.594      0.000 4
 192  195     -0.603      0.722      0.000 4
 191  196     -0.603      0.826      0.000 4
 193  203     -0.601     -0.040      0.000 4
 194  199     -0.597      0.895      0.000 4
 196  201     -0.594     -0.745      0.000 4
 195  202     -0.594      0.797      0.000 4
 197  198     -0.594      0.583      0.000 4
 202  194     -0.592      0.287      0.000 4
 198  206     -0.585     -0.817      0.000 4
  -1   -2     -0.585     -0.743      0.000 4
 205  197     -0.586     -0.173      0.000 4
 203  204     -0.583      0.547      0.000 4
 201  212     -0.583      0.856      0.000 4
 207  200     -0.580     -0.183      0.000 4
 204  208     -0.578      0.540      0.000 4
 199   -2     -0.577     -0.038      0.000 4
 206  210     -0.575      0.498      0.000 4
 208  214     -0.571      0.491      0.000 4
 214  207     -0.570     -0.219      0.000 4
 209  215     -0.569      0.467      0.000 4
 215  209     -0.567     -0.168      0.000 4
 216  211     -0.567     -0.214      0.000 4
 211  218     -0.566      0.529      0.000 4
 213  217     -0.564     -0.489      0.000 4
 220  213     -0.563     -0.033      0.000 4
 221  216     -0.561      0.179      0.000 4
 212  221     -0.560      0.740      0.000 4
 223  222     -0.551     -0.531      0.000 4
 218  225     -0.551     -0.626      0.000 4
 226  219     -0.550      0.308      0.000 4
 224  224     -0.549     -0.988      0.000 4
 219  227     -0.549     -0.726      0.000 4
 217  232     -0.549      0.932      0.000 4
 222  230     -0.547     -0.766      0.000 4
 229  220     -0.545      0.085      0.000 4
 227  228     -0.542     -0.496      0.000 4
 232  223     -0.541     -0.056      0.000 4
 225  238     -0.539      0.825      0.000 4
  -1   -2     -0.537      0.014      0.000 4
 231  234     -0.535      0.420      0.000 4
 239  229     -0.534      0.158      0.000 4
 230  239     -0.532     -0.620      0.000 4
 228  240     -0.532      0.702      0.000 4
 242  231     -0.531     -0.143      0.000 4
 245  233     -0.530      0.018      0.000 4
 240  236     -0.529     -0.378      0.000 4
 237  237     -0.529     -0.467      0.000 4
 233  241     -0.527     -0.662      0.000 4
 246  235     -0.527      0.140      0.000 4
 234  243     -0.524      0.662      0.000 4
 238  245     -0.522      0.646      0.000 4
 235  248     -0.522     -0.749      0.000 4
 248  242     -0.519      0.343      0.000 4
 241  249     -0.517      0.794      0.000 4
 243  251     -0.515     -0.791      0.000 4
 244  252     -0.514      0.830      0.000 4
 249  250     -0.512      0.592      0.000 4
 251  244     -0.511     -0.240      0.000 4
 247  256     -0.508      0.871      0.000 4
 252  246     -0.507     -0.101      0.000 4
 256  247     -0.507     -0.094      0.000 4
 250  255     -0.503      0.599      0.000 4
 254  253     -0.500      0.420      0.000 4
 258  254     -0.493     -0.298      0.000 4
 253  259     -0.491      0.805      0.000 4
 261  257     -0.490     -0.225      0.000 4
 255  260     -0.490      0.840      0.000 4
 257  261     -0.489      0.781      0.000 4
 262  258     -0.484      0.436      0.000 4
 259  263     -0.481     -0.715      0.000 4
 264  262     -0.479     -0.589      0.000 4
 260  269     -0.476      0.914      0.000 4
 263  266     -0.475      0.719      0.000 4
 266  267     -0.472      0.649      0.000 4
 265  272     -0.469      0.904      0.000 4
 271  265     -0.469      0.367      0.000 4
 272  264     -0.467     -0.300      0.000 4
 268  271     -0.464      0.609      0.000 4
 269  274     -0.462      0.710      0.000 4
 267  279     -0.460     -0.912      0.000 4
 270  280     -0.458     -0.841      0.000 4
 278  268     -0.458     -0.058      0.000 4
 274  275     -0.458      0.568      0.000 4
 279  270     -0.458     -0.095      0.000 4
 273  281     -0.455      0.702      0.000 4
 275  284     -0.451      0.990      0.000 4
 283  273     -0.450      0.121      0.000 4
 276  286     -0.448     -0.984      0.000 4
 282  278     -0.447     -0.362      0.000 4
 284  277     -0.447      0.249      0.000 4
 285  276     -0.447     -0.233      0.000 4
  -1   -2     -0.445      0.701      0.000 4
 280  283     -0.445      0.558      0.000 4
 281  289     -0.438      0.712      0.000 4
 288  285     -0.437     -0.400      0.000 4
 290  282     -0.435      0.118      0.000 4
 286  292     -0.430     -0.892      0.000 4
 291  288     -0.430      0.295      0.000 4
 287  296     -0.429      0.986      0.000 4
 289  297     -0.424     -0.713      0.000 4
 292  290     -0.424     -0.437      0.000 4
 297  291     -0.418     -0.015      0.000 4
 294  298     -0.417      0.457      0.000 4
 295  299     -0.415     -0.488      0.000 4
 299  293     -0.415      0.124      0.000 4
 301  295     -0.413      0.165      0.000 4
 302  294     -0.413      0.079      0.000 4
 293  305     -0.412      0.997      0.000 4
 298  302     -0.408      0.460      0.000 4
 308  300     -0.407      0.138      0.000 4
 310  301     -0.405     -0.046      0.000 4
 296  311     -0.404      0.942      0.000 4
 300  307     -0.403     -0.610      0.000 4
 312  304     -0.399     -0.234      0.000 4
 313  303     -0.398     -0.115      0.000 4
 306  312     -0.397     -0.707      0.000 4
 309  309     -0.398      0.548      0.000 4
 304  313     -0.397     -0.834      0.000 4
 303  316     -0.397      0.922      0.000 4
 305  315     -0.396      0.790      0.000 4
 307  314     -0.395      0.721      0.000 4
 317  306     -0.394      0.126      0.000 4
 316  308     -0.394      0.247      0.000 4
 315  310     -0.392      0.333      0.000 4
 311  317     -0.389      0.742      0.000 4
 314  319     -0.380      0.952      0.000 4
 319  318     -0.378     -0.563      0.000 4
 318  320     -0.378      0.747      0.000 4
 321  323     -0.369      0.586      0.000 4
 320  325     -0.367      0.802      0.000 4
 323  324     -0.366      0.572      0.000 4
 325  322     -0.366      0.286      0.000 4
 328  321     -0.364     -0.195      0.000 4
 322  327     -0.363      0.947      0.000 4
 324  326     -0.361     -0.748      0.000 4
 326  328     -0.357     -0.660      0.000 4
 327  330     -0.352     -0.993      0.000 4
 329  331     -0.345      0.674      0.000 4
 335  329     -0.340      0.042      0.000 4
 333  333     -0.339     -0.533      0.000 4
 330  335     -0.337      0.920      0.000 4
 331  334     -0.336      0.738      0.000 4
 332  336     -0.334     -0.775      0.000 4
 338  332     -0.333     -0.048      0.000 4
 334  337     -0.333      0.775      0.000 4
 340  338     -0.324      0.398      0.000 4
 336  343     -0.322      0.855      0.000 4
 337  342     -0.321     -0.797      0.000 4
 344  339     -0.319     -0.205      0.000 4
 339  344     -0.318     -0.886      0.000 4
 342  341     -0.316      0.465      0.000 4
 341  348     -0.313      0.977      0.000 4
 346  340     -0.312      0.135      0.000 4
 343  349     -0.309     -0.828      0.000 4
 347  345     -0.308     -0.414      0.000 4
 345  346     -0.307      0.448      0.000 4
 352  347     -0.300     -0.052      0.000 4
 349  355     -0.298     -0.988      0.000 4
 351  351     -0.298      0.292      0.000 4
 356  350     -0.296     -0.035      0.000 4
 350  357     -0.295     -0.551      0.000 4
 354  354     -0.295     -0.265      0.000 4
 357  352     -0.295     -0.118      0.000 4
 348  360     -0.295      0.686      0.000 4
 360  353     -0.294     -0.093      0.000 4
 359  356     -0.292     -0.282      0.000 4
 353  359     -0.291      0.483      0.000 4
 358  358     -0.290      0.357      0.000 4
 362  364     -0.285     -0.595      0.000 4
 361  365     -0.285      0.624      0.000 4
 355  369     -0.284      0.867      0.000 4
 365  363     -0.283     -0.369      0.000 4
 366  361     -0.283     -0.217      0.000 4
 363  366     -0.282     -0.539      0.000 4
 364  367     -0.281      0.485      0.000 4
 368  362     -0.280     -0.110      0.000 4
 370  368     -0.274     -0.338      0.000 4
 369  371     -0.271     -0.580      0.000 4
 367  372     -0.270      0.816      0.000 4
 372  370     -0.266     -0.215      0.000 4
 371  374     -0.263     -0.608      0.000 4
 377  375     -0.258     -0.353      0.000 4
 374  376     -0.257      0.542      0.000 4
 379  373     -0.257     -0.032      0.000 4
 375  378     -0.256      0.629      0.000 4
 373  379     -0.253     -0.867      0.000 4
 376  382     -0.250     -0.896      0.000 4
 382  377     -0.249      0.102      0.000 4
 378  383     -0.249      0.933      0.000 4
 380  380     -0.246     -0.528      0.000 4
 383  381     -0.243      0.299      0.000 4
 384  384     -0.239      0.319      0.000 4
 381  386     -0.238      0.985      0.000 4
 386  385     -0.237     -0.313      0.000 4
 387  387     -0.231     -0.495      0.000 4
 385  389     -0.230     -0.836      0.000 4
 388  388     -0.226      0.444      0.000 4
 389  392     -0.222      0.680      0.000 4
 390  391     -0.222      0.608      0.000 4
 392  390     -0.221     -0.495      0.000 4
 391  393     -0.220      0.541      0.000 4
  -1  395     -0.214     -0.396      0.000 4
 395   -2     -0.212     -0.405      0.000 4
 398  396     -0.209      0.106      0.000 4
 396  397     -0.209     -0.460      0.000 4
 394  399     -0.206      0.966      0.000 4
 397  398     -0.204      0.521      0.000 4
 399  401     -0.197      0.663      0.000 4
 400  400     -0.190     -0.041      0.000 4
  -1  405     -0.183      0.321      0.000 4
 401  408     -0.182     -0.595      0.000 4
 404   -2     -0.182      0.328      0.000 4
 405  406     -0.182      0.397      0.000 4
 409  403     -0.181      0.154      0.000 4
 403  409     -0.181      0.588      0.000 4
 410  404     -0.181      0.137      0.000 4
 408  407     -0.180     -0.391      0.000 4
 402  411     -0.179      0.964      0.000 4
 407  413     -0.176      0.736      0.000 4
 413  410     -0.175     -0.183      0.000 4
 411  414     -0.175     -0.686      0.000 4
 418  412     -0.171     -0.159      0.000 4
 412  419     -0.169      0.827      0.000 4
 419  415     -0.168      0.122      0.000 4
 414  422     -0.168      0.896      0.000 4
 416  417     -0.167      0.556      0.000 4
 415  424     -0.166      0.767      0.000 4
 417  420     -0.166     -0.632      0.000 4
 421  416     -0.165     -0.370      0.000 4
 422  421     -0.164     -0.504      0.000 4
 420  425     -0.163     -0.577      0.000 4
 425  418     -0.163     -0.230      0.000 4
 426  423     -0.160     -0.213      0.000 4
 423  427     -0.159     -0.979      0.000 4
 424  426     -0.158      0.613      0.000 4
 427  428     -0.149      0.332      0.000 4
 428  429     -0.142     -0.270      0.000 4
 430  430     -0.136      0.209      0.000 4
 429  431     -0.133     -0.765      0.000 4
 431  433     -0.131      0.686      0.000 4
 432  435     -0.131      0.770      0.000 4
 433  436     -0.128      0.793      0.000 4
 435  432     -0.128     -0.206      0.000 4
 436  434     -0.127     -0.136      0.000 4
 434  439     -0.123     -0.859      0.000 4
 437  437     -0.123      0.506      0.000 4
 440  438     -0.121      0.151      0.000 4
 438  442     -0.121      0.956      0.000 4
 439  443     -0.119     -0.772      0.000 4
 441  440     -0.116     -0.000      0.000 4
 442  441     -0.115     -0.046      0.000 4
 443  446     -0.110      0.709      0.000 4
 444  444     -0.110     -0.519      0.000 4
 445  445     -0.108     -0.451      0.000 4
  -1   -2     -0.105      0.433      0.000 4
 448  447     -0.105      0.331      0.000 4
 447  449     -0.105      0.445      0.000 4
 450  450     -0.103     -0.392      0.000 4
 449  451     -0.102      0.663      0.000 4
 451  452     -0.095     -0.252      0.000 4
 452  453     -0.084     -0.018      0.000 4
 453  454     -0.079     -0.505      0.000 4
 454  455     -0.076     -0.432      0.000 4
 455  456     -0.071     -0.177      0.000 4
 458  457     -0.070      0.188      0.000 4
 457  459     -0.070      0.531      0.000 4
 459  458     -0.070     -0.339      0.000 4
 456  461     -0.070      0.907      0.000 4
 461  460     -0.069     -0.550      0.000 4
 460  462     -0.068      0.789      0.000 4
 462  463     -0.064      0.330      0.000 4
 463  464     -0.062      0.410      0.000 4
 464  465     -0.059      0.968      0.000 4
 465  466     -0.057     -0.047      0.000 4
 466  468     -0.055     -0.875      0.000 4
 467  467     -0.055     -0.364      0.000 4
 470  469     -0.052      0.044      0.000 4
 471  470     -0.052      0.031      0.000 4
 468  471     -0.051     -0.895      0.000 4
 469  473     -0.051     -0.687      0.000 4
 473  472     -0.050     -0.073      0.000 4
 472  476     -0.049     -0.970      0.000 4
 474  474     -0.049     -0.988      0.000 4
 475  475     -0.049      0.392      0.000 4
 476  478     -0.048     -0.711      0.000 4
 477  477     -0.048     -0.396      0.000 4
 478  480     -0.047     -0.494      0.000 4
 479  479     -0.047      0.266      0.000 4
 480  481     -0.046      0.695      0.000 4
 481  482     -0.041     -0.579      0.000 4
 482  483     -0.040      0.168      0.000 4
 483  484     -0.036     -0.860      0.000 4
 484  485     -0.036      0.468      0.000 4
 486  486     -0.036      0.304      0.000 4
 485  487     -0.035      0.892      0.000 4
 487  488     -0.034      0.061      0.000 4
 488  489     -0.033     -0.393      0.000 4
 489  490     -0.033      0.696      0.000 4
 490  491     -0.031     -0.775      0.000 4
 491  492     -0.031      0.193      0.000 4
 492  493     -0.030     -0.221      0.000 4
 494  495     -0.029      0.787      0.000 4
 493  494     -0.029     -0.473      0.000 4
 495  496     -0.028      0.933      0.000 4
 496  497     -0.028      0.091      0.000 4
 497  498     -0.024      0.117      0.000 4
 498  499     -0.022     -0.585      0.000 4
 499  500     -0.022      0.010      0.000 4
 500  501     -0.021     -0.363      0.000 4
 501  502     -0.020     -0.446      0.000 4
 502  503     -0.020      0.577      0.000 4
 503  504     -0.017     -0.396      0.000 4
 504  505     -0.016     -0.644      0.000 4
 505  506     -0.015      0.969      0.000 4
  -1   -2     -0.014     -0.442      0.000 4
 507  508     -0.013     -0.545      0.000 4
 508  509     -0.013     -0.573      0.000 4
 509  510     -0.011      0.205      0.000 4
 510  512      0.008     -0.331      0.000 4
 512  511      0.008      0.740      0.000 4
 511  513      0.009      0.034      0.000 4
 513  514      0.010     -0.649      0.000 4
 514  515      0.011      0.668      0.000 4
 515  516      0.012      0.458      0.000 4
 516  517      0.013     -0.193      0.000 4
 517  519      0.015      0.191      0.000 4
 518  518      0.016      0.656      0.000 4
 519  520      0.017     -0.629      0.000 4
 520  521      0.026     -0.286      0.000 4
 521  522      0.029      0.477      0.000 4
 522  524      0.031      0.045      0.000 4
 524  523      0.032     -0.951      0.000 4
 523  525      0.035     -0.095      0.000 4
 526  527      0.037     -0.164      0.000 4
 525  528      0.037     -0.077      0.000 4
 527  526      0.039     -0.738      0.000 4
 528  529      0.043      0.102      0.000 4
 530  530      0.047     -0.623      0.000 4
 529  532      0.047     -0.427      0.000 4
 534  531      0.049      0.845      0.000 4
 535  533      0.051     -0.898      0.000 4
 531  534      0.051      0.288      0.000 4
 532  535      0.052     -0.165      0.000 4
 533  538      0.053      0.071      0.000 4
 539  536      0.057     -0.957      0.000 4
 536  537      0.057     -0.817      0.000 4
 537  540      0.058      0.697      0.000 4
 541  539      0.058      0.929      0.000 4
 538  541      0.061     -0.345      0.000 4
 540  543      0.063      0.134      0.000 4
 543  542      0.065      0.628      0.000 4
 542  544      0.065      0.254      0.000 4
 544  545      0.070     -0.872      0.000 4
 545  546      0.072      0.610      0.000 4
 546  547      0.074     -0.539      0.000 4
 547  549      0.079      0.315      0.000 4
 549  548      0.080     -0.952      0.000 4
 548  551      0.081     -0.002      0.000 4
 550  550      0.087      0.809      0.000 4
 551  552      0.087     -0.843      0.000 4
 552  553      0.092     -0.959      0.000 4
 553  554      0.092      0.939      0.000 4
 556  555      0.096     -0.967      0.000 4
 555  556      0.097     -0.837      0.000 4
 554  558      0.099     -0.334      0.000 4
 558  557      0.100     -0.901      0.000 4
 557  560      0.104     -0.244      0.000 4
 561  559      0.105      0.704      0.000 4
 560  563      0.108     -0.354      0.000 4
 559  564      0.109      0.039      0.000 4
 564  561      0.110      0.745      0.000 4
 566  562      0.113      0.857      0.000 4
 562  565      0.114     -0.454      0.000 4
 565  566      0.115      0.457      0.000 4
 563  570      0.116      0.172      0.000 4
 567  568      0.117     -0.588      0.000 4
 571  567      0.120      0.845      0.000 4
 569  571      0.122     -0.495      0.000 4
 568  572      0.123      0.149      0.000 4
 572  569      0.123     -0.917      0.000 4
 570  574      0.127      0.169      0.000 4
 573  573      0.129     -0.430      0.000 4
 576  575      0.135     -0.909      0.000 4
 574  577      0.135     -0.416      0.000 4
 578  578      0.141      0.811      0.000 4
 579  576      0.141      0.947      0.000 4
 575  579      0.142      0.237      0.000 4
 577  580      0.149      0.039      0.000 4
 581  582      0.151     -0.147      0.000 4
 580  583      0.151     -0.047      0.000 4
 584  581      0.155     -0.604      0.000 4
 582  585      0.157     -0.168      0.000 4
 585  584      0.158      0.467      0.000 4
 583  586      0.160      0.063      0.000 4
 586  591      0.167     -0.045      0.000 4
  -1   -2      0.167     -0.433      0.000 4
 590  590      0.169     -0.443      0.000 4
 589  592      0.171      0.224      0.000 4
 593  589      0.171      0.616      0.000 4
 588  593      0.171     -0.157      0.000 4
 597  587      0.173      0.972      0.000 4
 591  596      0.174      0.010      0.000 4
 592  595      0.175      0.288      0.000 4
 594  594      0.177      0.396      0.000 4
 595  597      0.178      0.323      0.000 4
 598  599      0.182     -0.392      0.000 4
 596  600      0.184      0.048      0.000 4
 599  598      0.185      0.651      0.000 4
 600  601      0.193     -0.414      0.000 4
 601  603      0.195     -0.396      0.000 4
 604  604      0.199      0.498      0.000 4
 602  606      0.199     -0.455      0.000 4
 607  605      0.201      0.587      0.000 4
 605  608      0.201     -0.987      0.000 4
 609  602      0.202     -0.793      0.000 4
 606  607      0.202     -0.567      0.000 4
 603  615      0.204     -0.177      0.000 4
 610  613      0.207     -0.535      0.000 4
 612  610      0.208     -0.832      0.000 4
 616  609      0.208     -0.959      0.000 4
 613  611      0.209      0.752      0.000 4
 608  616      0.209      0.095      0.000 4
 618  612      0.211      0.869      0.000 4
 615  614      0.211      0.700      0.000 4
 611  620      0.216      0.043      0.000 4
 620  617      0.218      0.628      0.000 4
 614  619      0.218      0.237      0.000 4
 625  618      0.221     -0.782      0.000 4
 617  625      0.221     -0.030      0.000 4
 619  622      0.221      0.326      0.000 4
 622  621      0.223      0.493      0.000 4
 629  623      0.229     -0.835      0.000 4
 621  629      0.229     -0.015      0.000 4
 623  626      0.230     -0.307      0.000 4
 624  628      0.230     -0.261      0.000 4
 630  624      0.232     -0.773      0.000 4
  -1   -2      0.234     -0.837      0.000 4
 628  627      0.235     -0.550      0.000 4
 626  630      0.235     -0.136      0.000 4
 631  631      0.240     -0.485      0.000 4
 627  632      0.242      0.064      0.000 4
 632  635      0.254      0.126      0.000 4
 634  633      0.257     -0.691      0.000 4
 633  639      0.260     -0.189      0.000 4
 638  634      0.261      0.854      0.000 4
 636  640      0.265      0.339      0.000 4
 635  641      0.268      0.153      0.000 4
 642  637      0.269     -0.794      0.000 4
 644  636      0.270     -0.993      0.000 4
 637  643      0.272      0.270      0.000 4
 645  638      0.272      0.783      0.000 4
 639  648      0.274      0.139      0.000 4
 641  642      0.274     -0.494      0.000 4
 640  654      0.281     -0.130      0.000 4
 646  645      0.281      0.591      0.000 4
 650  644      0.282      0.681      0.000 4
 648  646      0.282     -0.621      0.000 4
 643  655      0.283      0.067      0.000 4
 652  651      0.286      0.532      0.000 4
 649  653      0.287      0.468      0.000 4
 656  647      0.288      0.859      0.000 4
 653  649      0.288     -0.786      0.000 4
 657  650      0.290     -0.952      0.000 4
 647  659      0.292      0.060      0.000 4
 651  657      0.292     -0.316      0.000 4
  -1   -2      0.292      0.800      0.000 4
 655  660      0.298     -0.365      0.000 4
 665  656      0.301     -0.981      0.000 4
 654  663      0.302     -0.079      0.000 4
 666  658      0.304      0.803      0.000 4
 658  667      0.306      0.034      0.000 4
 660  665      0.306     -0.182      0.000 4
 662  662      0.307      0.410      0.000 4
 661  668      0.308      0.107      0.000 4
 663  670      0.312      0.164      0.000 4
 669  661      0.313     -0.730      0.000 4
 664  672      0.313     -0.098      0.000 4
 667  669      0.314      0.426      0.000 4
 668  666      0.315     -0.584      0.000 4
 673  664      0.319      0.840      0.000 4
 672  673      0.323      0.552      0.000 4
 674  671      0.324      0.604      0.000 4
 671  674      0.326     -0.416      0.000 4
 670  676      0.327      0.338      0.000 4
 675  675      0.330      0.458      0.000 4
 676  680      0.334     -0.376      0.000 4
 680  679      0.338     -0.558      0.000 4
 679  681      0.338     -0.540      0.000 4
 677  690      0.339     -0.093      0.000 4
 683  677      0.341      0.759      0.000 4
 686  678      0.343     -0.891      0.000 4
 685  683      0.346     -0.688      0.000 4
 678  694      0.346      0.003      0.000 4
 681  692      0.346     -0.218      0.000 4
 690  682      0.346     -0.751      0.000 4
 688  687      0.348     -0.655      0.000 4
 691  685      0.349     -0.734      0.000 4
 682  696      0.351     -0.019      0.000 4
 695  684      0.353      0.990      0.000 4
 689  691      0.353      0.455      0.000 4
 696  686      0.353     -0.977      0.000 4
 694  689      0.354     -0.818      0.000 4
 697  688      0.355      0.945      0.000 4
 684  699      0.356     -0.245      0.000 4
 687  700      0.357      0.248      0.000 4
 692  698      0.359      0.442      0.000 4
 699  693      0.362      0.824      0.000 4
 698  695      0.363     -0.714      0.000 4
 693  702      0.365     -0.290      0.000 4
 702  697      0.369      0.865      0.000 4
 701  701      0.370     -0.765      0.000 4
 700  703      0.378      0.412      0.000 4
 704  704      0.383     -0.427      0.000 4
 703  706      0.384      0.326      0.000 4
 706  707      0.389      0.493      0.000 4
 711  705      0.394      0.685      0.000 4
 705  710      0.398     -0.076      0.000 4
 709  709      0.398      0.456      0.000 4
 713  708      0.401      0.800      0.000 4
 707  711      0.401      0.145      0.000 4
 710  712      0.404      0.215      0.000 4
 708  714      0.405      0.097      0.000 4
 712  716      0.411     -0.270      0.000 4
 714  715      0.413      0.373      0.000 4
 719  713      0.416      0.624      0.000 4
 715  717      0.418     -0.379      0.000 4
 716  721      0.422      0.171      0.000 4
 720  720      0.423      0.409      0.000 4
 718  724      0.426      0.148      0.000 4
 717  726      0.427      0.039      0.000 4
 726  718      0.427     -0.710      0.000 4
 727  719      0.429     -0.700      0.000 4
 721  728      0.430     -0.162      0.000 4
 723  722      0.431     -0.446      0.000 4
 725  725      0.434      0.432      0.000 4
 722  730      0.434      0.027      0.000 4
 729  727      0.437     -0.533      0.000 4
 724  733      0.441      0.098      0.000 4
 731  723      0.441      0.749      0.000 4
 728  736      0.443      0.133      0.000 4
 735  735      0.450     -0.988      0.000 4
 736  729      0.451     -0.839      0.000 4
 732  737      0.453      0.304      0.000 4
 730  739      0.454      0.073      0.000 4
 738  731      0.457      0.934      0.000 4
 733  740      0.458      0.081      0.000 4
 739  732      0.459      0.920      0.000 4
 740  734      0.459     -0.915      0.000 4
 734  742      0.459      0.006      0.000 4
 737  738      0.460      0.527      0.000 4
 741  741      0.471     -0.587      0.000 4
 742  743      0.476      0.668      0.000 4
 747  745      0.480     -0.805      0.000 4
 744  746      0.480     -0.693      0.000 4
 748  744      0.481      0.874      0.000 4
 745  748      0.484      0.573      0.000 4
 751  747      0.487     -0.994      0.000 4
 749  750      0.489      0.601      0.000 4
 743  753      0.491      0.137      0.000 4
 756  749      0.493      0.858      0.000 4
 754  751      0.494     -0.659      0.000 4
 746  758      0.496     -0.193      0.000 4
 750  756      0.498      0.409      0.000 4
 760  752      0.500      0.628      0.000 4
 755  757      0.501      0.434      0.000 4
 752  760      0.501      0.311      0.000 4
 761  755      0.502     -0.590      0.000 4
 758  761      0.506     -0.430      0.000 4
 762  759      0.506     -0.547      0.000 4
 764  754      0.507     -0.795      0.000 4
 753  762      0.508      0.046      0.000 4
 757  763      0.510     -0.168      0.000 4
 759  764      0.512     -0.115      0.000 4
 763  766      0.521      0.188      0.000 4
 765  769      0.525     -0.164      0.000 4
 766  768      0.526     -0.273      0.000 4
 771  767      0.534     -0.578      0.000 4
 767  771      0.534     -0.336      0.000 4
 775  765      0.536     -0.912      0.000 4
 770  772      0.539      0.318      0.000 4
 768  776      0.540      0.139      0.000 4
 769  782      0.544     -0.076      0.000 4
 772  783      0.546      0.051      0.000 4
 773  784      0.546      0.040      0.000 4
 774  779      0.547     -0.416      0.000 4
 780  770      0.547     -0.919      0.000 4
 776  775      0.548     -0.577      0.000 4
 778  778      0.551     -0.569      0.000 4
 777  781      0.552     -0.512      0.000 4
 785  773      0.554      0.901      0.000 4
 781  777      0.554      0.667      0.000 4
 787  774      0.556     -0.905      0.000 4
 784  780      0.557      0.692      0.000 4
 786  785      0.560     -0.612      0.000 4
 783  787      0.562      0.462      0.000 4
 779  793      0.564     -0.082      0.000 4
 789  786      0.565      0.760      0.000 4
 788  788      0.567     -0.640      0.000 4
 782  794      0.570     -0.131      0.000 4
 790  790      0.569     -0.663      0.000 4
 793  789      0.573      0.948      0.000 4
 794  792      0.575      0.766      0.000 4
 796  791      0.576      0.828      0.000 4
 797  796      0.585      0.494      0.000 4
 791  801      0.586      0.029      0.000 4
 792  802      0.588     -0.143      0.000 4
 799  798      0.589      0.507      0.000 4
 795  805      0.591      0.074      0.000 4
 803  795      0.592      0.964      0.000 4
 800  799      0.592     -0.623      0.000 4
 802  797      0.593      0.646      0.000 4
 798  804      0.594      0.272      0.000 4
 805  800      0.596     -0.760      0.000 4
 801  807      0.599      0.382      0.000 4
 813  803      0.605     -0.921      0.000 4
 812  806      0.607      0.726      0.000 4
 807  808      0.610      0.333      0.000 4
 804  811      0.610      0.005      0.000 4
 806  810      0.611     -0.203      0.000 4
 809  812      0.616      0.241      0.000 4
 808  814      0.617     -0.147      0.000 4
 811  813      0.619      0.251      0.000 4
 810  817      0.619     -0.133      0.000 4
 814  819      0.624      0.022      0.000 4
 816  809      0.625      0.776      0.000 4
 818  816      0.633      0.813      0.000 4
 817  825      0.634     -0.420      0.000 4
 815  827      0.634      0.134      0.000 4
 821  815      0.634     -0.938      0.000 4
 819  821      0.636     -0.649      0.000 4
 823  818      0.637      0.862      0.000 4
 822  822      0.639     -0.721      0.000 4
 825  823      0.640     -0.785      0.000 4
 828  820      0.641     -0.887      0.000 4
 824  824      0.642      0.711      0.000 4
 827  828      0.647      0.489      0.000 4
 829  826      0.649     -0.899      0.000 4
 820  832      0.650     -0.110      0.000 4
 826  835      0.655      0.103      0.000 4
 830  829      0.658      0.889      0.000 4
 831  831      0.662      0.819      0.000 4
 833  830      0.661     -0.866      0.000 4
 832  834      0.665      0.684      0.000 4
 835  833      0.666      0.783      0.000 4
 836  836      0.671     -0.750      0.000 4
 838  837      0.675      0.912      0.000 4
 834  842      0.677      0.228      0.000 4
 839  838      0.677     -0.762      0.000 4
 837  841      0.679     -0.516      0.000 4
 842  839      0.681     -0.898      0.000 4
 846  840      0.686     -0.951      0.000 4
 840  847      0.692     -0.281      0.000 4
 841  849      0.693     -0.243      0.000 4
 847  844      0.693      0.563      0.000 4
 852  843      0.694     -0.900      0.000 4
 844  848      0.695     -0.358      0.000 4
 843  854      0.698      0.056      0.000 4
 857  845      0.699     -0.849      0.000 4
 851  846      0.700      0.586      0.000 4
 849  851      0.700     -0.987      0.000 4
  -1   -2      0.701     -0.362      0.000 4
 845  856      0.701     -0.119      0.000 4
 854  850      0.702      0.559      0.000 4
 853  852      0.702      0.525      0.000 4
 850  858      0.707     -0.221      0.000 4
 856  857      0.709      0.332      0.000 4
 855  861      0.712      0.068      0.000 4
 859  855      0.713      0.784      0.000 4
 858  862      0.718     -0.404      0.000 4
 860  859      0.722     -0.840      0.000 4
 861  860      0.723      0.863      0.000 4
 865  863      0.733     -0.957      0.000 4
 866  864      0.735      0.981      0.000 4
 863  868      0.736      0.411      0.000 4
 862  871      0.736     -0.085      0.000 4
 864  865      0.738     -0.607      0.000 4
 868  866      0.742      0.758      0.000 4
 871  867      0.742     -0.992      0.000 4
  -1  872      0.744     -0.738      0.000 4
 867  873      0.745     -0.538      0.000 4
 874  870      0.747      0.906      0.000 4
 873   -2      0.747     -0.728      0.000 4
 877  874      0.755      0.933      0.000 4
 869  877      0.755      0.071      0.000 4
 872  878      0.756     -0.212      0.000 4
 875  879      0.758     -0.155      0.000 4
 876  880      0.760     -0.067      0.000 4
 878  875      0.764      0.842      0.000 4
 879  876      0.764     -0.841      0.000 4
 885  881      0.777      0.920      0.000 4
 882  885      0.776      0.221      0.000 4
 880  887      0.776      0.080      0.000 4
 883  884      0.777      0.301      0.000 4
 884  882      0.776     -0.553      0.000 4
 881  888      0.778      0.062      0.000 4
 887  883      0.784     -0.993      0.000 4
 886  889      0.786      0.606      0.000 4
 890  886      0.787      0.965      0.000 4
 888  890      0.788      0.695      0.000 4
 889  891      0.790      0.561      0.000 4
 891  892      0.791      0.626      0.000 4
 892  899      0.797     -0.270      0.000 4
 894  897      0.798      0.350      0.000 4
 895  893      0.799      0.717      0.000 4
 896  895      0.800     -0.631      0.000 4
 893  901      0.800      0.043      0.000 4
 900  894      0.803      0.766      0.000 4
 902  896      0.804      0.810      0.000 4
 898  903      0.805     -0.453      0.000 4
 905  898      0.806      0.889      0.000 4
 897  906      0.807     -0.304      0.000 4
 901  905      0.807     -0.502      0.000 4
 903  902      0.807     -0.609      0.000 4
 899  908      0.809      0.188      0.000 4
 910  900      0.810      0.924      0.000 4
 907  904      0.810      0.656      0.000 4
 904  909      0.813     -0.236      0.000 4
 906  910      0.815     -0.193      0.000 4
 911  907      0.816     -0.858      0.000 4
 908  911      0.817      0.175      0.000 4
 909  912      0.818      0.145      0.000 4
 912  915      0.824      0.329      0.000 4
 913  914      0.826      0.532      0.000 4
  -1   -2      0.828      0.787      0.000 4
 915  917      0.833      0.388      0.000 4
  -1   -2      0.834      0.402      0.000 4
 919  919      0.836      0.498      0.000 4
 917  921      0.836     -0.252      0.000 4
 921  916      0.837      0.781      0.000 4
 916  922      0.836      0.114      0.000 4
 922  920      0.840     -0.625      0.000 4
 920  925      0.843     -0.147      0.000 4
 923  923      0.843     -0.549      0.000 4
 924  926      0.849      0.186      0.000 4
 925  924      0.849     -0.802      0.000 4
 927  927      0.856      0.722      0.000 4
 928  928      0.856      0.909      0.000 4
 926  931      0.857      0.132      0.000 4
 930  929      0.858     -0.790      0.000 4
 931  930      0.862      0.767      0.000 4
 929  933      0.864     -0.101      0.000 4
 932  934      0.866     -0.367      0.000 4
 935  932      0.868      0.514      0.000 4
 933  937      0.868     -0.286      0.000 4
 934  938      0.871      0.074      0.000 4
 937  935      0.872      0.697      0.000 4
 938  936      0.872     -0.796      0.000 4
 936  939      0.874      0.331      0.000 4
 940  940      0.878     -0.652      0.000 4
 939  942      0.880      0.397      0.000 4
 943  941      0.881     -0.747      0.000 4
 941  945      0.883     -0.085      0.000 4
 944  943      0.885      0.589      0.000 4
 942  946      0.885      0.053      0.000 4
 945  948      0.887     -0.386      0.000 4
 946  944      0.888     -0.956      0.000 4
 947  947      0.890     -0.965      0.000 4
 949  949      0.893     -0.935      0.000 4
 948  951      0.895      0.446      0.000 4
 952  950      0.895     -0.812      0.000 4
  -1   -2      0.898      0.457      0.000 4
 954  953      0.899     -0.645      0.000 4
 951  955      0.900     -0.025      0.000 4
 953  956      0.902      0.037      0.000 4
 956  954      0.904     -0.979      0.000 4
 955  957      0.905      0.056      0.000 4
 958  958      0.914      0.431      0.000 4
 957  961      0.915     -0.009      0.000 4
 959  959      0.916      0.653      0.000 4
 960  960      0.917     -0.537      0.000 4
 962  962      0.921     -0.715      0.000 4
 961  963      0.923      0.269      0.000 4
 963  964      0.928      0.434      0.000 4
 964  965      0.928     -0.357      0.000 4
 965  966      0.932     -0.045      0.000 4
 966  968      0.936     -0.157      0.000 4
 969  967      0.939      0.953      0.000 4
 968  970      0.938     -0.499      0.000 4
 970  969      0.940      0.643      0.000 4
 971  971      0.941      0.918      0.000 4
 967  972      0.940      0.068      0.000 4
 972  975      0.943      0.121      0.000 4
 974  974      0.943     -0.452      0.000 4
 973  977      0.944     -0.061      0.000 4
 975  973      0.944     -0.905      0.000 4
 976  976      0.946      0.844      0.000 4
 977  978      0.949     -0.987      0.000 4
 978  979      0.950     -0.694      0.000 4
 979  980      0.953     -0.282      0.000 4
 980  981      0.956     -0.813      0.000 4
 982  982      0.959      0.893      0.000 4
 981  983      0.960     -0.219      0.000 4
 983  985      0.962      0.373      0.000 4
 984  984      0.962     -0.766      0.000 4
 985  986      0.966      0.614      0.000 4
 986  987      0.972     -0.917      0.000 4
 987  988      0.975      0.989      0.000 4
 988  989      0.976      0.806      0.000 4
 989  990      0.976      0.578      0.000 4
 990  991      0.975     -0.617      0.000 4
 991  992      0.977     -0.869      0.000 4
 992  993      0.979      0.829      0.000 4
 993  994      0.980      0.744      0.000 4
  -1   -2      0.989      0.519      0.000 4
 995  997      0.990     -0.291      0.000 4
 996  996      0.991      0.507      0.000 4
 997  998      0.991     -0.451      0.000 4
 998  999      0.993     -0.683      0.000 4
