995
  -1    0     -0.998      0.199      0.000 4
   0    1     -0.994     -0.123      0.000 4
   2    2     -0.992      0.733      0.000 4
   3    3     -0.991     -0.739      0.000 4
  -1   -2     -0.992      0.741      0.000 4
   4    5     -0.989     -0.211      0.000 4
   5    6     -0.989     -0.049      0.000 4
  -1    7     -0.989      0.952      0.000 4
   7    9     -0.988     -0.549      0.000 4
   6    8     -0.989      0.452      0.000 4
   8   10     -0.987     -0.799      0.000 4
   9   11     -0.988     -0.299      0.000 4
  11   12     -0.988      0.701      0.000 4
  10   -2     -0.987      0.201      0.000 4
  12   13     -0.985     -0.266      0.000 4
  13   14     -0.981      0.240      0.000 4
  14   15     -0.976     -0.177      0.000 4
  -1   17     -0.975      0.955      0.000 4
  16   16     -0.974      0.550      0.000 4
  15   18     -0.972     -0.977      0.000 4
  17   20     -0.971      0.665      0.000 4
  18   19     -0.970     -0.019      0.000 4
  19   21     -0.970      0.349      0.000 4
  20   22     -0.969     -0.184      0.000 4
  21   23     -0.968      0.324      0.000 4
  22   24     -0.964     -0.431      0.000 4
  24   25     -0.960     -0.104      0.000 4
  23   27     -0.960      0.566      0.000 4
  25   26     -0.959     -0.204      0.000 4
  26   29     -0.958      0.815      0.000 4
  27   28     -0.956     -0.400      0.000 4
  29   30     -0.952      0.170      0.000 4
  28   31     -0.951     -0.625      0.000 4
  30   33     -0.947     -0.927      0.000 4
  31   32     -0.948      0.695      0.000 4
  32   34     -0.945     -0.672      0.000 4
  33   35     -0.944      0.544      0.000 4
  34   36     -0.942      0.087      0.000 4
  37   37     -0.939      0.164      0.000 4
  35   40     -0.938     -0.706      0.000 4
  39   38     -0.937     -0.261      0.000 4
  36   41     -0.936     -0.928      0.000 4
  38   39     -0.937      0.392      0.000 4
  42   42     -0.934      0.451      0.000 4
  40   44     -0.933      0.743      0.000 4
  41   46     -0.931      0.934      0.000 4
  44   43     -0.930      0.183      0.000 4
  43   45     -0.930      0.289      0.000 4
  45   47     -0.926      0.345      0.000 4
  46   49     -0.920      0.634      0.000 4
  47   48     -0.917     -0.160      0.000 4
  50   50     -0.905     -0.200      0.000 4
  48   52     -0.904     -0.913      0.000 4
  49   51     -0.904     -0.489      0.000 4
  51   54     -0.899     -0.658      0.000 4
  53   56     -0.898      0.621      0.000 4
  56   53     -0.896     -0.225      0.000 4
  55   55     -0.896      0.404      0.000 4
  52   58     -0.896      0.913      0.000 4
  54   57     -0.895      0.604      0.000 4
  57   61     -0.891     -0.620      0.000 4
  58   64     -0.888      0.463      0.000 4
  59   63     -0.887     -0.457      0.000 4
  61   59     -0.888     -0.033      0.000 4
  62   60     -0.888      0.071      0.000 4
  60   62     -0.888      0.159      0.000 4
  63   65     -0.883     -0.308      0.000 4
  66   66     -0.881     -0.166      0.000 4
  70   67     -0.879     -0.248      0.000 4
  65   68     -0.879      0.534      0.000 4
  69   70     -0.876      0.576      0.000 4
  64   72     -0.876      0.793      0.000 4
  67   71     -0.874     -0.702      0.000 4
  68   76     -0.872     -0.863      0.000 4
  72   69     -0.872      0.033      0.000 4
  71   79     -0.868     -0.822      0.000 4
  73   73     -0.868     -0.126      0.000 4
  75   74     -0.867     -0.007      0.000 4
  78   75     -0.865      0.188      0.000 4
  79   77     -0.862     -0.088      0.000 4
  80   78     -0.861      0.121      0.000 4
  76   83     -0.860      0.837      0.000 4
  74   84     -0.858     -0.917      0.000 4
  77   85     -0.857     -0.987      0.000 4
  85   80     -0.854     -0.063      0.000 4
  84   82     -0.853      0.262      0.000 4
  86   81     -0.852     -0.167      0.000 4
  81   87     -0.851     -0.699      0.000 4
  82   91     -0.849     -0.859      0.000 4
  83   92     -0.850      0.875      0.000 4
  89   86     -0.847     -0.314      0.000 4
  87   90     -0.847      0.608      0.000 4
  -1   -2     -0.847      0.676      0.000 4
  91   88     -0.845      0.135      0.000 4
  90   93     -0.844     -0.525      0.000 4
  88   95     -0.844      0.671      0.000 4
  92   89     -0.842      0.221      0.000 4
  95   96     -0.831     -0.174      0.000 4
  93   98     -0.830     -0.932      0.000 4
  94   97     -0.831      0.247      0.000 4
  96  100     -0.823      0.639      0.000 4
  98   99     -0.819     -0.325      0.000 4
  97  104     -0.818      0.511      0.000 4
  99  102     -0.817      0.353      0.000 4
 100  101     -0.814     -0.004      0.000 4
 101  103     -0.813      0.106      0.000 4
 102  105     -0.804      0.476      0.000 4
 106  107     -0.799     -0.391      0.000 4
 105  108     -0.798     -0.988      0.000 4
 108  106     -0.798     -0.234      0.000 4
 103  110     -0.798     -0.830      0.000 4
 104  112     -0.796     -0.961      0.000 4
 107  109     -0.795      0.540      0.000 4
 109  111     -0.789     -0.400      0.000 4
 112  113     -0.784     -0.048      0.000 4
 115  114     -0.781     -0.172      0.000 4
 110  118     -0.779     -0.866      0.000 4
 111  119     -0.778      0.700      0.000 4
 113  116     -0.776      0.527      0.000 4
 114  117     -0.774     -0.585      0.000 4
 117  115     -0.772     -0.279      0.000 4
 120  120     -0.767     -0.247      0.000 4
 116  124     -0.767      0.783      0.000 4
 118  122     -0.767      0.551      0.000 4
  -1  125     -0.764     -0.995      0.000 4
 121  121     -0.761      0.114      0.000 4
 119  127     -0.758     -0.808      0.000 4
 124  123     -0.757      0.081      0.000 4
 122  128     -0.753      0.510      0.000 4
 129  126     -0.750     -0.168      0.000 4
 123  132     -0.750      0.546      0.000 4
 125  130     -0.750      0.438      0.000 4
 126  129     -0.749     -0.428      0.000 4
 127  131     -0.748     -0.460      0.000 4
 132  133     -0.743     -0.482      0.000 4
 133  134     -0.742      0.483      0.000 4
 134  136     -0.739     -0.514      0.000 4
 128  140     -0.737     -0.889      0.000 4
 135  137     -0.737      0.327      0.000 4
 130  142     -0.736     -0.837      0.000 4
 137  135     -0.736      0.194      0.000 4
 131  143     -0.736      0.921      0.000 4
 136  139     -0.733      0.432      0.000 4
 138  138     -0.732     -0.229      0.000 4
 142  141     -0.725     -0.286      0.000 4
 141  145     -0.720      0.669      0.000 4
 140  148     -0.718     -0.734      0.000 4
 139  151     -0.719      0.964      0.000 4
 143  146     -0.714     -0.532      0.000 4
 147  144     -0.713     -0.210      0.000 4
 145  147     -0.711     -0.416      0.000 4
 144  149     -0.712      0.488      0.000 4
 148  150     -0.707      0.286      0.000 4
 146  153     -0.704     -0.689      0.000 4
 152  152     -0.696     -0.176      0.000 4
 149  159     -0.692      0.871      0.000 4
 153  154     -0.689     -0.330      0.000 4
 151  157     -0.689      0.514      0.000 4
 150  162     -0.688     -0.981      0.000 4
 157  155     -0.684      0.032      0.000 4
 156  156     -0.683      0.174      0.000 4
 161  158     -0.679     -0.223      0.000 4
 154  163     -0.678     -0.490      0.000 4
 158  161     -0.677     -0.400      0.000 4
 155  167     -0.675      0.596      0.000 4
 166  160     -0.674      0.055      0.000 4
 165  165     -0.673      0.235      0.000 4
 167  164     -0.672      0.145      0.000 4
 159  169     -0.671      0.616      0.000 4
 160  171     -0.670      0.663      0.000 4
 163  170     -0.669      0.564      0.000 4
 169  166     -0.667     -0.198      0.000 4
 162  173     -0.664      0.887      0.000 4
 172  168     -0.663      0.033      0.000 4
 164  174     -0.663      0.813      0.000 4
 168  172     -0.660      0.596      0.000 4
 170  176     -0.652      0.783      0.000 4
 171  177     -0.649      0.702      0.000 4
 174  179     -0.646     -0.805      0.000 4
 173  180     -0.647      0.847      0.000 4
 176  175     -0.646      0.206      0.000 4
 175  182     -0.642     -0.730      0.000 4
 178  184     -0.637      0.488      0.000 4
  -1   -2     -0.633     -0.729      0.000 4
 183  178     -0.633     -0.084      0.000 4
 179  189     -0.630      0.571      0.000 4
 184  181     -0.629      0.024      0.000 4
 182  186     -0.628     -0.431      0.000 4
 180  190     -0.627     -0.574      0.000 4
 186  183     -0.628      0.060      0.000 4
 185  187     -0.625      0.254      0.000 4
 189  185     -0.624     -0.056      0.000 4
 190  191     -0.620      0.313      0.000 4
 181  194     -0.620      0.930      0.000 4
 188  193     -0.615      0.563      0.000 4
 187  196     -0.612      0.729      0.000 4
 193  192     -0.610     -0.142      0.000 4
 191  199     -0.602      0.820      0.000 4
 192  198     -0.601     -0.759      0.000 4
 196  195     -0.601     -0.193      0.000 4
 195  197     -0.597      0.530      0.000 4
 194  200     -0.595     -0.719      0.000 4
 197  201     -0.591      0.524      0.000 4
 205  204     -0.579      0.484      0.000 4
 198  211     -0.579      0.828      0.000 4
 201  208     -0.579      0.696      0.000 4
 199  210     -0.578      0.791      0.000 4
 204  207     -0.576     -0.619      0.000 4
 200  212     -0.577      0.869      0.000 4
 206  205     -0.576      0.517      0.000 4
 202  214     -0.574     -0.789      0.000 4
 203  213     -0.573     -0.746      0.000 4
 212  202     -0.573     -0.028      0.000 4
 207  209     -0.572      0.478      0.000 4
 213  203     -0.571     -0.172      0.000 4
 218  206     -0.566      0.013      0.000 4
 210  215     -0.566      0.455      0.000 4
 208  217     -0.564      0.657      0.000 4
 209  219     -0.560     -0.660      0.000 4
 214  221     -0.559      0.642      0.000 4
 216  224     -0.556     -0.618      0.000 4
 211  226     -0.556      0.840      0.000 4
 220  218     -0.556     -0.482      0.000 4
 224  216     -0.555     -0.078      0.000 4
 221  222     -0.554     -0.526      0.000 4
 215  227     -0.554      0.805      0.000 4
 225  220     -0.551      0.276      0.000 4
 223  225     -0.549     -0.988      0.000 4
 219  228     -0.549      0.782      0.000 4
 217  229     -0.549      0.916      0.000 4
  -1  230     -0.544     -0.042      0.000 4
 222  233     -0.541      0.907      0.000 4
 227  232     -0.538      0.591      0.000 4
 228  231     -0.536     -0.494      0.000 4
 226  237     -0.534     -0.912      0.000 4
 230  235     -0.531      0.601      0.000 4
 229  248     -0.529     -0.042      0.000 4
 234  239     -0.527     -0.720      0.000 4
 235  240     -0.526      0.723      0.000 4
 231  244     -0.525     -0.845      0.000 4
 232  245     -0.525      0.992      0.000 4
 233  247     -0.523     -0.981      0.000 4
 241  234     -0.522     -0.171      0.000 4
 237  238     -0.522      0.418      0.000 4
 244  236     -0.517     -0.182      0.000 4
 239  242     -0.517     -0.469      0.000 4
 246  243     -0.514      0.306      0.000 4
 238  252     -0.511      0.717      0.000 4
 240  251     -0.511      0.656      0.000 4
 247  246     -0.509     -0.217      0.000 4
 236   -2     -0.505     -0.039      0.000 4
 253  249     -0.503      0.177      0.000 4
 245  255     -0.503      0.710      0.000 4
 254  250     -0.503     -0.169      0.000 4
 243  259     -0.502     -0.896      0.000 4
 242  258     -0.503      0.990      0.000 4
 255  253     -0.497     -0.382      0.000 4
 249  256     -0.496     -0.599      0.000 4
 250  260     -0.495      0.619      0.000 4
  -1   -2     -0.493      0.711      0.000 4
 261  254     -0.491     -0.034      0.000 4
 259  257     -0.490      0.347      0.000 4
 257  261     -0.488      0.427      0.000 4
 256  265     -0.488      0.722      0.000 4
 260  267     -0.481      0.580      0.000 4
 265  263     -0.478      0.085      0.000 4
 258  273     -0.477      0.946      0.000 4
 263  268     -0.476      0.447      0.000 4
 268  264     -0.473      0.159      0.000 4
 271  266     -0.470     -0.058      0.000 4
 264  275     -0.468     -0.729      0.000 4
 262  277     -0.468      0.927      0.000 4
  -1   -2     -0.465      0.013      0.000 4
 274  270     -0.465     -0.147      0.000 4
 266  276     -0.465      0.574      0.000 4
 273  271     -0.464      0.142      0.000 4
 276  272     -0.459      0.018      0.000 4
 267  279     -0.459     -0.845      0.000 4
 277  274     -0.456     -0.248      0.000 4
 269  281     -0.455      0.803      0.000 4
 270  284     -0.452      0.956      0.000 4
 281  278     -0.448     -0.309      0.000 4
 280  280     -0.447      0.382      0.000 4
 275  286     -0.445      0.739      0.000 4
 278  288     -0.441      0.759      0.000 4
 279  287     -0.440     -0.728      0.000 4
 286  282     -0.438     -0.106      0.000 4
 288  283     -0.437     -0.098      0.000 4
 289  285     -0.434     -0.235      0.000 4
 282  291     -0.433      0.952      0.000 4
 283  292     -0.430      0.765      0.000 4
 287  290     -0.427     -0.636      0.000 4
 284  294     -0.426      0.818      0.000 4
 291  289     -0.423     -0.316      0.000 4
 285  297     -0.422     -0.994      0.000 4
 294  293     -0.416     -0.383      0.000 4
 290  298     -0.416      0.574      0.000 4
 292  296     -0.415      0.482      0.000 4
 296  295     -0.414     -0.423      0.000 4
 297  299     -0.412     -0.515      0.000 4
 299  300     -0.409     -0.463      0.000 4
 293  303     -0.408     -0.773      0.000 4
 298  302     -0.408      0.487      0.000 4
 300  301     -0.404      0.266      0.000 4
 295  309     -0.404      0.928      0.000 4
 306  305     -0.396      0.317      0.000 4
 311  304     -0.394     -0.250      0.000 4
 301  310     -0.395      0.617      0.000 4
 303  311     -0.392     -0.596      0.000 4
 314  306     -0.391     -0.101      0.000 4
 316  307     -0.391     -0.062      0.000 4
 315  308     -0.390      0.131      0.000 4
 302  313     -0.389     -0.692      0.000 4
 305  312     -0.389      0.603      0.000 4
 304  316     -0.386      0.797      0.000 4
 309  315     -0.385      0.703      0.000 4
 307  317     -0.385      0.763      0.000 4
 308  318     -0.384     -0.800      0.000 4
 310  319     -0.382      0.870      0.000 4
 312  320     -0.378     -0.901      0.000 4
 313  322     -0.378      0.982      0.000 4
 319  314     -0.375      0.130      0.000 4
 317  324     -0.372     -0.822      0.000 4
 320  321     -0.367      0.364      0.000 4
 318  331     -0.362     -0.851      0.000 4
 321  323     -0.360      0.183      0.000 4
 322  325     -0.358      0.138      0.000 4
 323  329     -0.354      0.274      0.000 4
 328  326     -0.353     -0.015      0.000 4
 329  327     -0.352      0.089      0.000 4
 326  328     -0.352      0.155      0.000 4
 327  330     -0.350     -0.256      0.000 4
 324  335     -0.346     -0.574      0.000 4
 331  332     -0.342     -0.050      0.000 4
 325  337     -0.340      0.883      0.000 4
 332  333     -0.339      0.142      0.000 4
 333  334     -0.338     -0.127      0.000 4
 334  336     -0.334      0.319      0.000 4
 330  338     -0.333      0.722      0.000 4
 335  342     -0.320      0.840      0.000 4
 336  340     -0.319      0.511      0.000 4
 338  341     -0.315      0.443      0.000 4
 342  339     -0.314     -0.218      0.000 4
 337  343     -0.313      0.666      0.000 4
 344  344     -0.307      0.496      0.000 4
 341  345     -0.306     -0.600      0.000 4
 345  346     -0.303     -0.643      0.000 4
 340  349     -0.302     -0.890      0.000 4
 339  351     -0.302      0.940      0.000 4
 343  352     -0.301     -0.915      0.000 4
 346  347     -0.298     -0.988      0.000 4
 347  348     -0.297      0.533      0.000 4
 349  350     -0.294     -0.461      0.000 4
 348  358     -0.291      0.991      0.000 4
 350  354     -0.290     -0.591      0.000 4
 351  355     -0.288      0.536      0.000 4
 352  357     -0.286     -0.631      0.000 4
 355  353     -0.286      0.051      0.000 4
 354  360     -0.282     -0.659      0.000 4
 353  361     -0.282      0.675      0.000 4
 359  356     -0.278     -0.052      0.000 4
 358  362     -0.276      0.406      0.000 4
 361  359     -0.275     -0.234      0.000 4
 356  366     -0.273     -0.865      0.000 4
 360  363     -0.273      0.336      0.000 4
 357  365     -0.272      0.594      0.000 4
 363  364     -0.267      0.160      0.000 4
 362  367     -0.264     -0.419      0.000 4
 365  368     -0.261     -0.304      0.000 4
 366  369     -0.260     -0.323      0.000 4
 368  375     -0.252     -0.585      0.000 4
 369  371     -0.252     -0.386      0.000 4
 367  377     -0.252      0.725      0.000 4
 364  378     -0.252      0.971      0.000 4
 371  370     -0.250     -0.058      0.000 4
 372  372     -0.248     -0.135      0.000 4
 373  373     -0.247     -0.038      0.000 4
 374  374     -0.247     -0.107      0.000 4
 375  376     -0.245     -0.250      0.000 4
 370  381     -0.243      0.660      0.000 4
 376  379     -0.239     -0.404      0.000 4
 379  380     -0.235     -0.126      0.000 4
 377  384     -0.233      0.598      0.000 4
 378  383     -0.232     -0.555      0.000 4
 380  382     -0.231     -0.250      0.000 4
 381  386     -0.226      0.504      0.000 4
 385  385     -0.224      0.351      0.000 4
 386  387     -0.223      0.373      0.000 4
 382  390     -0.222      0.712      0.000 4
 384  388     -0.222     -0.556      0.000 4
 383  393     -0.220      0.970      0.000 4
 388  391     -0.215     -0.363      0.000 4
 390  389     -0.214     -0.034      0.000 4
 387  394     -0.214      0.582      0.000 4
 392  392     -0.211      0.126      0.000 4
 394  395     -0.206     -0.522      0.000 4
 389  398     -0.205      0.777      0.000 4
 391  399     -0.204      0.912      0.000 4
  -1   -2     -0.203     -0.456      0.000 4
 396  397     -0.203     -0.465      0.000 4
 393  400     -0.202      0.855      0.000 4
 397  401     -0.197      0.646      0.000 4
 399  403     -0.196     -0.740      0.000 4
 401  402     -0.195     -0.657      0.000 4
 398  404     -0.195      0.805      0.000 4
 400  405     -0.194     -0.987      0.000 4
 402  407     -0.181     -0.692      0.000 4
 403  409     -0.179      0.619      0.000 4
 404  408     -0.178      0.462      0.000 4
 407  406     -0.177      0.133      0.000 4
 405  412     -0.174      0.671      0.000 4
 406  414     -0.172     -0.641      0.000 4
  -1  413     -0.172      0.381      0.000 4
 409  411     -0.171     -0.454      0.000 4
 408   -2     -0.171      0.389      0.000 4
 411  415     -0.166     -0.571      0.000 4
 414  416     -0.159     -0.045      0.000 4
 416  417     -0.157      0.192      0.000 4
 418  418     -0.156      0.173      0.000 4
 415  419     -0.155     -0.432      0.000 4
 412  421     -0.154     -0.811      0.000 4
 413  422     -0.153      0.810      0.000 4
 422  420     -0.151     -0.219      0.000 4
 417  424     -0.151      0.829      0.000 4
 419  426     -0.149      0.738      0.000 4
 421  428     -0.147     -0.890      0.000 4
 420  429     -0.147      0.963      0.000 4
 423  423     -0.146     -0.190      0.000 4
 424  425     -0.144      0.154      0.000 4
 425  427     -0.143     -0.275      0.000 4
 427  430     -0.141      0.396      0.000 4
 428  431     -0.140     -0.255      0.000 4
 426  432     -0.138     -0.818      0.000 4
 429  434     -0.129      0.575      0.000 4
 431  433     -0.128     -0.323      0.000 4
 430  435     -0.126      0.759      0.000 4
 432  436     -0.121      0.259      0.000 4
 433  438     -0.114      0.719      0.000 4
 434  439     -0.113     -0.590      0.000 4
 435  437     -0.113     -0.248      0.000 4
 437  440     -0.109     -0.164      0.000 4
 436  442     -0.108     -0.522      0.000 4
  -1   -2     -0.106      0.505      0.000 4
 438  444     -0.106      0.516      0.000 4
 440  441     -0.106      0.191      0.000 4
 441  446     -0.101      0.398      0.000 4
 443  445     -0.099      0.006      0.000 4
 442  448     -0.099     -0.461      0.000 4
 444  447     -0.099     -0.052      0.000 4
 445  449     -0.087     -0.303      0.000 4
 446  451     -0.082      0.922      0.000 4
 447  450     -0.082     -0.577      0.000 4
 448  452     -0.078      0.827      0.000 4
 449  453     -0.076     -0.504      0.000 4
 450  455     -0.074      0.601      0.000 4
 452  454     -0.073     -0.016      0.000 4
 451  456     -0.072     -0.622      0.000 4
 453  457     -0.069      0.975      0.000 4
 454  458     -0.067     -0.404      0.000 4
 456  459     -0.065     -0.215      0.000 4
 455  460     -0.065      0.237      0.000 4
 457  463     -0.063     -0.905      0.000 4
 459  462     -0.063      0.482      0.000 4
 458  461     -0.063      0.398      0.000 4
 460  464     -0.059     -0.921      0.000 4
 462  465     -0.056     -0.748      0.000 4
 461   -2     -0.055     -0.982      0.000 4
 464  466     -0.054     -0.432      0.000 4
 463  468     -0.053     -0.769      0.000 4
 465  467     -0.052     -0.053      0.000 4
 466  469     -0.051      0.749      0.000 4
 467  470     -0.050      0.465      0.000 4
 469  473     -0.049     -0.568      0.000 4
 470  472     -0.049      0.062      0.000 4
 472  471     -0.049      0.045      0.000 4
 471  474     -0.048     -0.466      0.000 4
 473  475     -0.047     -0.086      0.000 4
 474  476     -0.046      0.328      0.000 4
 475  477     -0.044     -0.650      0.000 4
 476  478     -0.040     -0.893      0.000 4
 478  479     -0.039      0.214      0.000 4
 477  480     -0.039      0.911      0.000 4
 479  481     -0.038      0.542      0.000 4
 480  482     -0.036      0.370      0.000 4
 481  484     -0.035      0.749      0.000 4
 482  483     -0.035      0.083      0.000 4
 483  485     -0.034     -0.464      0.000 4
 484  486     -0.033     -0.823      0.000 4
 485  487     -0.032      0.244      0.000 4
 486  489     -0.031      0.826      0.000 4
 487  488     -0.031     -0.268      0.000 4
 488  490     -0.031     -0.546      0.000 4
 489  491     -0.030      0.943      0.000 4
 490  492     -0.029      0.120      0.000 4
 491  493     -0.026      0.152      0.000 4
 492  494     -0.024      0.018      0.000 4
 493  495     -0.023     -0.656      0.000 4
 494  496     -0.023     -0.431      0.000 4
 495  497     -0.022     -0.520      0.000 4
 496  498     -0.021      0.645      0.000 4
 497  499     -0.019     -0.466      0.000 4
 498  500     -0.016     -0.710      0.000 4
  -1   -2     -0.016     -0.515      0.000 4
 500  502     -0.015      0.258      0.000 4
 501  503     -0.014     -0.617      0.000 4
 502  505     -0.013     -0.645      0.000 4
 503  504     -0.013      0.976      0.000 4
 504  506     -0.000      0.049      0.000 4
 505  507      0.003     -0.396      0.000 4
 506  508      0.004     -0.234      0.000 4
 507  509      0.007      0.242      0.000 4
 508  510      0.011      0.531      0.000 4
 509  512      0.013     -0.714      0.000 4
 510  511      0.014      0.787      0.000 4
 511  513      0.015      0.726      0.000 4
 512  514      0.017     -0.344      0.000 4
 513  515      0.018      0.062      0.000 4
 516  516      0.020     -0.696      0.000 4
 514  518      0.020     -0.113      0.000 4
 518  517      0.021      0.715      0.000 4
 515  519      0.022     -0.092      0.000 4
 517  520      0.023     -0.198      0.000 4
 519  522      0.028      0.133      0.000 4
 520  521      0.029      0.550      0.000 4
 522  524      0.036     -0.200      0.000 4
 521  523      0.036      0.094      0.000 4
 523  525      0.041      0.351      0.000 4
 524  526      0.043     -0.498      0.000 4
 525  528      0.045      0.172      0.000 4
 526  527      0.046     -0.966      0.000 4
 528  529      0.049     -0.791      0.000 4
 527  530      0.051     -0.409      0.000 4
 529  532      0.053      0.312      0.000 4
 530  531      0.053     -0.689      0.000 4
 531  533      0.057      0.003      0.000 4
 533  534      0.066      0.872      0.000 4
 532  536      0.068      0.378      0.000 4
 534  535      0.068     -0.923      0.000 4
 535  537      0.071      0.749      0.000 4
 536  538      0.074     -0.856      0.000 4
 537  539      0.075      0.688      0.000 4
 538  541      0.076     -0.608      0.000 4
 541  540      0.078     -0.970      0.000 4
 542  542      0.080      0.939      0.000 4
 539  544      0.080      0.054      0.000 4
 544  543      0.082      0.672      0.000 4
 540  545      0.082     -0.292      0.000 4
 543  546      0.085     -0.394      0.000 4
 545  548      0.092      0.214      0.000 4
 548  547      0.092     -0.901      0.000 4
 547  549      0.095     -0.416      0.000 4
 546  550      0.096      0.187      0.000 4
  -1   -2      0.100      0.211      0.000 4
 553  551      0.107     -0.965      0.000 4
 550  555      0.108     -0.522      0.000 4
 555  553      0.111      0.841      0.000 4
 556  554      0.112     -0.877      0.000 4
 551  557      0.113      0.053      0.000 4
 552  559      0.114     -0.052      0.000 4
 557  556      0.115      0.524      0.000 4
 554  563      0.117     -0.174      0.000 4
 558  565      0.119      0.288      0.000 4
 561  564      0.120     -0.495      0.000 4
 562  562      0.121     -0.562      0.000 4
 565  558      0.121     -0.971      0.000 4
 566  561      0.122     -0.871      0.000 4
 560  571      0.123     -0.199      0.000 4
 567  560      0.123      0.947      0.000 4
 559  572      0.123      0.081      0.000 4
 568  568      0.126     -0.651      0.000 4
 564  569      0.126     -0.479      0.000 4
 570  567      0.126      0.752      0.000 4
 563  573      0.127     -0.050      0.000 4
 572  566      0.127     -0.977      0.000 4
 573  570      0.130     -0.924      0.000 4
 569  575      0.133      0.017      0.000 4
 571  576      0.134     -0.185      0.000 4
 575  574      0.135      0.787      0.000 4
 574  579      0.142      0.062      0.000 4
 576  578      0.142      0.270      0.000 4
 577  577      0.145      0.880      0.000 4
 580  580      0.153      0.870      0.000 4
 578  582      0.153      0.342      0.000 4
  -1   -2      0.158     -0.494      0.000 4
 586  581      0.158     -0.936      0.000 4
 583  583      0.158      0.529      0.000 4
 581  585      0.160      0.378      0.000 4
 585  586      0.161     -0.504      0.000 4
 582  589      0.163     -0.207      0.000 4
 584  592      0.165      0.117      0.000 4
 588  588      0.166     -0.449      0.000 4
 591  587      0.168     -0.663      0.000 4
 590  591      0.168      0.456      0.000 4
 587  594      0.169      0.056      0.000 4
 589  596      0.171     -0.032      0.000 4
 593  590      0.173     -0.930      0.000 4
 597  593      0.176      0.840      0.000 4
 592  599      0.178     -0.014      0.000 4
 594  597      0.180     -0.453      0.000 4
 595  598      0.180     -0.471      0.000 4
 600  595      0.183      0.953      0.000 4
 598  601      0.186      0.280      0.000 4
 596  603      0.187     -0.157      0.000 4
 599  604      0.191      0.079      0.000 4
 603  600      0.192      0.668      0.000 4
 602  602      0.192     -0.512      0.000 4
 601  605      0.193     -0.301      0.000 4
 604  607      0.198     -0.352      0.000 4
 605  608      0.200      0.376      0.000 4
 607  606      0.201     -0.987      0.000 4
 608  609      0.204      0.554      0.000 4
 606  613      0.205      0.151      0.000 4
 610  612      0.211     -0.590      0.000 4
 613  610      0.211      0.698      0.000 4
 611  611      0.211     -0.622      0.000 4
 609  616      0.212     -0.216      0.000 4
 617  615      0.220      0.638      0.000 4
 612  617      0.220      0.180      0.000 4
 619  614      0.222      0.977      0.000 4
 614  619      0.225      0.164      0.000 4
 615  620      0.225     -0.148      0.000 4
 616  621      0.227      0.081      0.000 4
 620  618      0.229      0.546      0.000 4
 618  625      0.234      0.073      0.000 4
 623  623      0.237     -0.536      0.000 4
 621  628      0.238      0.309      0.000 4
 622  632      0.242     -0.088      0.000 4
 631  622      0.242     -0.826      0.000 4
 625  630      0.243      0.384      0.000 4
 627  627      0.243     -0.602      0.000 4
 630  624      0.244      0.673      0.000 4
 624  633      0.245      0.042      0.000 4
 632  626      0.246      0.739      0.000 4
 635  629      0.249      0.785      0.000 4
 626  637      0.251      0.125      0.000 4
 628  639      0.252     -0.109      0.000 4
 629  638      0.252     -0.205      0.000 4
 636  631      0.253     -0.860      0.000 4
 633  640      0.256     -0.354      0.000 4
 634  641      0.260      0.188      0.000 4
 640  635      0.262      0.885      0.000 4
 641  634      0.262     -0.968      0.000 4
 639  636      0.263     -0.815      0.000 4
 638  645      0.270     -0.405      0.000 4
 643  644      0.271     -0.540      0.000 4
 637  647      0.274     -0.102      0.000 4
 645  642      0.274     -0.805      0.000 4
 642  650      0.279      0.005      0.000 4
 649  643      0.280     -0.861      0.000 4
 644  651      0.283     -0.019      0.000 4
 648  649      0.287      0.510      0.000 4
 651  648      0.290     -0.729      0.000 4
 647  654      0.292     -0.240      0.000 4
 650  652      0.295      0.449      0.000 4
 654  653      0.299      0.573      0.000 4
 652  657      0.300      0.372      0.000 4
 659  655      0.304     -0.661      0.000 4
 653  661      0.304     -0.268      0.000 4
 660  656      0.305      0.629      0.000 4
 656  658      0.305      0.464      0.000 4
 655  660      0.305     -0.410      0.000 4
 657  659      0.306     -0.452      0.000 4
 658  666      0.313      0.273      0.000 4
 663  663      0.318     -0.819      0.000 4
 664  662      0.318      0.870      0.000 4
 661  667      0.319     -0.315      0.000 4
 665  664      0.321      0.712      0.000 4
 668  665      0.324      0.805      0.000 4
 666  668      0.327      0.492      0.000 4
 662  671      0.327     -0.082      0.000 4
 670  669      0.330     -0.619      0.000 4
 672  670      0.337     -0.811      0.000 4
 667  676      0.338      0.106      0.000 4
 669  678      0.339      0.157      0.000 4
 671  672      0.340      0.584      0.000 4
 674  675      0.344     -0.573      0.000 4
  -1   -2      0.348      0.819      0.000 4
 678  677      0.348     -0.590      0.000 4
 687  674      0.348      0.872      0.000 4
 677  681      0.349      0.485      0.000 4
 683  680      0.351      0.634      0.000 4
 673  686      0.351      0.231      0.000 4
 676  685      0.352      0.349      0.000 4
 680  684      0.353      0.470      0.000 4
 675  688      0.354      0.043      0.000 4
 692  679      0.356     -0.958      0.000 4
 689  682      0.356     -0.756      0.000 4
 681  690      0.358     -0.287      0.000 4
 693  683      0.361      0.820      0.000 4
 679  693      0.361      0.029      0.000 4
 684  692      0.362      0.182      0.000 4
 688  689      0.362     -0.453      0.000 4
 682  695      0.362     -0.172      0.000 4
 685  694      0.363      0.157      0.000 4
 690  691      0.364      0.437      0.000 4
 697  687      0.368     -0.984      0.000 4
 691  699      0.371      0.103      0.000 4
 694  700      0.377      0.140      0.000 4
 700  697      0.379     -0.680      0.000 4
 703  696      0.381      0.852      0.000 4
 695  705      0.382      0.076      0.000 4
 702  698      0.383     -0.712      0.000 4
 696  708      0.384      0.006      0.000 4
 699  704      0.385     -0.397      0.000 4
 698  710      0.387      0.085      0.000 4
 701  706      0.389      0.390      0.000 4
 704  709      0.393      0.476      0.000 4
 705  707      0.393      0.513      0.000 4
 706  702      0.395     -0.754      0.000 4
 708  701      0.395      0.775      0.000 4
 707  703      0.395     -0.770      0.000 4
 712  711      0.405     -0.733      0.000 4
 709  714      0.406      0.425      0.000 4
 714  712      0.410     -0.899      0.000 4
 711  715      0.412     -0.461      0.000 4
 710  720      0.413      0.313      0.000 4
 717  713      0.413     -0.831      0.000 4
 715  722      0.422      0.444      0.000 4
 720  717      0.422     -0.779      0.000 4
 713  724      0.424      0.138      0.000 4
 722  719      0.425      0.833      0.000 4
 723  716      0.425      0.994      0.000 4
 724  718      0.425     -0.976      0.000 4
 725  721      0.427      0.949      0.000 4
 716  726      0.429     -0.196      0.000 4
 718  728      0.432      0.046      0.000 4
 728  723      0.436      0.871      0.000 4
 727  725      0.438      0.697      0.000 4
 719  730      0.439     -0.117      0.000 4
 726  727      0.439     -0.545      0.000 4
 721  731      0.441     -0.171      0.000 4
 732  729      0.448      0.634      0.000 4
 730  732      0.450     -0.987      0.000 4
 729  734      0.456     -0.165      0.000 4
 731  738      0.460      0.186      0.000 4
 733  737      0.461      0.311      0.000 4
 739  733      0.462      0.806      0.000 4
 734  740      0.468     -0.077      0.000 4
 740  739      0.470      0.530      0.000 4
 741  735      0.470     -0.708      0.000 4
 742  736      0.470     -0.718      0.000 4
 735  742      0.471      0.038      0.000 4
 737  741      0.471     -0.272      0.000 4
 736  743      0.471      0.048      0.000 4
 738  745      0.473      0.136      0.000 4
 743  744      0.479      0.406      0.000 4
 744  747      0.481     -0.429      0.000 4
 748  746      0.485     -0.590      0.000 4
 747  749      0.487      0.430      0.000 4
 745  751      0.489     -0.081      0.000 4
 746  750      0.489     -0.332      0.000 4
 752  748      0.495      0.751      0.000 4
 749  754      0.498     -0.129      0.000 4
 750  753      0.500      0.309      0.000 4
 753  752      0.504      0.570      0.000 4
 756  757      0.510     -0.543      0.000 4
 751  763      0.511      0.025      0.000 4
 759  759      0.515      0.596      0.000 4
 760  758      0.516      0.665      0.000 4
 758  761      0.517     -0.586      0.000 4
 754  768      0.517     -0.139      0.000 4
 762  756      0.518     -0.839      0.000 4
 764  755      0.518     -0.993      0.000 4
 757  766      0.518     -0.407      0.000 4
 761  760      0.519     -0.690      0.000 4
 755  770      0.519      0.068      0.000 4
 765  765      0.526     -0.655      0.000 4
 767  762      0.529      0.934      0.000 4
 768  764      0.530      0.920      0.000 4
 766  769      0.532      0.620      0.000 4
 774  767      0.535     -0.912      0.000 4
 763  774      0.536      0.002      0.000 4
 777  771      0.540     -0.801      0.000 4
 776  773      0.544     -0.566      0.000 4
 775  775      0.546     -0.499      0.000 4
 771  778      0.546      0.255      0.000 4
 770  780      0.548     -0.194      0.000 4
 769  781      0.549     -0.141      0.000 4
 779  772      0.549      0.872      0.000 4
 772  785      0.549     -0.128      0.000 4
 773  786      0.551      0.017      0.000 4
 778  779      0.554      0.443      0.000 4
 781  782      0.559     -0.562      0.000 4
 785  777      0.559      0.854      0.000 4
 786  776      0.559     -0.993      0.000 4
 782  783      0.559     -0.554      0.000 4
 780  787      0.564      0.223      0.000 4
 789  784      0.565     -0.789      0.000 4
 784  788      0.569      0.231      0.000 4
 783  791      0.569      0.121      0.000 4
 788  790      0.573      0.359      0.000 4
 787  792      0.574      0.309      0.000 4
 791  789      0.578     -0.595      0.000 4
 790  796      0.582     -0.104      0.000 4
 793  793      0.584      0.469      0.000 4
 792  800      0.589      0.090      0.000 4
 796  794      0.590      0.648      0.000 4
 794  797      0.591      0.480      0.000 4
 795  795      0.591     -0.621      0.000 4
 798  798      0.598      0.673      0.000 4
 797  799      0.599     -0.644      0.000 4
 799  804      0.607     -0.393      0.000 4
 801  801      0.610     -0.905      0.000 4
 800  802      0.611     -0.599      0.000 4
 803  803      0.617      0.742      0.000 4
 806  805      0.620      0.893      0.000 4
 807  806      0.620     -0.912      0.000 4
 805  808      0.624      0.618      0.000 4
 809  809      0.627      0.747      0.000 4
 802  812      0.627      0.201      0.000 4
 811  807      0.627     -0.897      0.000 4
 813  810      0.635      0.812      0.000 4
 804  814      0.635      0.045      0.000 4
 816  811      0.639      0.944      0.000 4
 808  817      0.638     -0.110      0.000 4
 810  819      0.641     -0.221      0.000 4
 818  813      0.642     -0.738      0.000 4
 815  815      0.644      0.451      0.000 4
 812  820      0.644     -0.256      0.000 4
 814  822      0.650      0.055      0.000 4
 820  816      0.650      0.700      0.000 4
 817  823      0.654     -0.200      0.000 4
 823  818      0.655      0.959      0.000 4
 819  824      0.659     -0.326      0.000 4
 821  821      0.659     -0.616      0.000 4
  -1   -2      0.666     -0.328      0.000 4
 827  826      0.673      0.751      0.000 4
 825  829      0.673     -0.476      0.000 4
 829  825      0.674     -0.912      0.000 4
 828  828      0.675     -0.690      0.000 4
 824  834      0.677     -0.079      0.000 4
 826  832      0.678      0.291      0.000 4
 830  830      0.680      0.677      0.000 4
 832  831      0.685      0.790      0.000 4
 834  833      0.688     -0.758      0.000 4
 831  838      0.691     -0.363      0.000 4
 836  835      0.693      0.844      0.000 4
 838  836      0.697      0.646      0.000 4
 833  848      0.700      0.056      0.000 4
 839  840      0.700     -0.987      0.000 4
 844  837      0.701     -0.931      0.000 4
 842  841      0.703      0.514      0.000 4
 845  839      0.703     -0.872      0.000 4
 835  850      0.704     -0.062      0.000 4
 843  842      0.705      0.476      0.000 4
 837  854      0.706     -0.138      0.000 4
 841  855      0.707     -0.188      0.000 4
 848  846      0.710     -0.717      0.000 4
 849  844      0.710      0.752      0.000 4
 846  849      0.710      0.510      0.000 4
 851  845      0.711      0.793      0.000 4
 853  843      0.711     -0.884      0.000 4
 855  847      0.713      0.873      0.000 4
 847  851      0.713      0.537      0.000 4
 856  853      0.717     -0.729      0.000 4
 857  852      0.718     -0.846      0.000 4
 850  856      0.719      0.360      0.000 4
 852  858      0.725      0.062      0.000 4
 854  860      0.726      0.047      0.000 4
 859  857      0.729      0.897      0.000 4
 858  862      0.737      0.183      0.000 4
 863  859      0.739     -0.882      0.000 4
 860  863      0.742     -0.486      0.000 4
 861  868      0.746      0.253      0.000 4
 865  861      0.746     -0.944      0.000 4
 864  866      0.747     -0.556      0.000 4
 866  864      0.749     -0.824      0.000 4
 869  865      0.750     -0.884      0.000 4
 868  867      0.752      0.748      0.000 4
 862  869      0.752      0.030      0.000 4
 867  872      0.760     -0.234      0.000 4
 874  871      0.767     -0.811      0.000 4
 876  870      0.768      0.837      0.000 4
 870  877      0.771      0.152      0.000 4
  -1   -2      0.774     -0.694      0.000 4
 871  882      0.775     -0.168      0.000 4
 882  874      0.775      0.715      0.000 4
 872  881      0.775     -0.264      0.000 4
 881  875      0.775     -0.683      0.000 4
 875  880      0.776      0.295      0.000 4
 873  883      0.776     -0.204      0.000 4
 879  878      0.776     -0.496      0.000 4
 877  885      0.779      0.115      0.000 4
 878  886      0.779      0.140      0.000 4
 883  876      0.782      0.971      0.000 4
 885  879      0.784     -0.950      0.000 4
 886  884      0.787     -0.993      0.000 4
 888  887      0.790      0.887      0.000 4
 884  889      0.790     -0.397      0.000 4
 889  890      0.796      0.498      0.000 4
 895  888      0.797      0.918      0.000 4
 892  892      0.798      0.544      0.000 4
 887  896      0.798      0.088      0.000 4
 890  894      0.799     -0.442      0.000 4
 896  891      0.801      0.810      0.000 4
 891  897      0.802      0.274      0.000 4
 898  893      0.803     -0.809      0.000 4
 893  899      0.804     -0.216      0.000 4
 897  895      0.805      0.565      0.000 4
 894  902      0.805     -0.128      0.000 4
 900  898      0.810      0.640      0.000 4
 899  900      0.810     -0.572      0.000 4
 902  903      0.814     -0.549      0.000 4
 905  901      0.815      0.902      0.000 4
 901  908      0.817      0.148      0.000 4
 903  907      0.818      0.326      0.000 4
 907  905      0.821      0.663      0.000 4
  -1   -2      0.821      0.339      0.000 4
 909  904      0.821     -0.994      0.000 4
 906  913      0.824      0.102      0.000 4
 912  906      0.825      0.954      0.000 4
 910  910      0.825      0.594      0.000 4
 911  912      0.828      0.465      0.000 4
 913  911      0.829      0.718      0.000 4
 908  915      0.829     -0.089      0.000 4
 916  914      0.833      0.769      0.000 4
 914  916      0.834      0.430      0.000 4
 918  917      0.839      0.863      0.000 4
 915  920      0.838      0.054      0.000 4
 920  918      0.843      0.905      0.000 4
 919  919      0.842     -0.485      0.000 4
 917  923      0.844     -0.243      0.000 4
 922  922      0.847     -0.561      0.000 4
 925  921      0.848     -0.827      0.000 4
 921  925      0.848     -0.314      0.000 4
  -1   -2      0.852      0.740      0.000 4
 923  927      0.853     -0.075      0.000 4
 924  928      0.855      0.036      0.000 4
 927  929      0.858      0.271      0.000 4
 928  926      0.859      0.732      0.000 4
 929  930      0.868      0.442      0.000 4
 930  933      0.870      0.330      0.000 4
 935  931      0.871     -0.757      0.000 4
 934  932      0.872      0.663      0.000 4
 931  936      0.873     -0.027      0.000 4
 933  934      0.873     -0.329      0.000 4
 932  939      0.875      0.023      0.000 4
 937  935      0.878     -0.742      0.000 4
 938  938      0.880      0.715      0.000 4
 939  937      0.880      0.885      0.000 4
 936  941      0.880      0.038      0.000 4
 940  940      0.885      0.634      0.000 4
 941  942      0.885     -0.586      0.000 4
 943  945      0.890      0.374      0.000 4
 944  944      0.891      0.516      0.000 4
 945  943      0.890     -0.748      0.000 4
 942  948      0.891     -0.014      0.000 4
  -1   -2      0.894      0.384      0.000 4
 947  946      0.894     -0.691      0.000 4
 948  949      0.905     -0.577      0.000 4
 952  950      0.908     -0.948      0.000 4
 949  955      0.909      0.215      0.000 4
 950  953      0.910      0.360      0.000 4
 954  951      0.910     -0.960      0.000 4
 953  952      0.910     -0.766      0.000 4
 951  956      0.912     -0.043      0.000 4
 955  954      0.912     -0.920      0.000 4
 958  957      0.917     -0.468      0.000 4
 957  959      0.918     -0.302      0.000 4
 956  961      0.919     -0.134      0.000 4
 960  958      0.920     -0.977      0.000 4
 961  960      0.923      0.581      0.000 4
 959  963      0.923      0.048      0.000 4
 962  962      0.924      0.362      0.000 4
 963  966      0.927     -0.055      0.000 4
 964  965      0.928      0.091      0.000 4
 965  964      0.929     -0.652      0.000 4
 966  967      0.937     -0.431      0.000 4
 967  968      0.940     -0.387      0.000 4
 968  970      0.943     -0.236      0.000 4
 969  969      0.944      0.569      0.000 4
 971  971      0.947      0.938      0.000 4
 972  972      0.948      0.895      0.000 4
 970  974      0.949     -0.183      0.000 4
 973  973      0.949     -0.987      0.000 4
 974  975      0.952      0.803      0.000 4
 975  976      0.951     -0.881      0.000 4
 976  977      0.955     -0.627      0.000 4
 977  978      0.957      0.306      0.000 4
 978  979      0.963     -0.765      0.000 4
 979  980      0.965      0.863      0.000 4
 980  981      0.967     -0.709      0.000 4
 981  982      0.970      0.538      0.000 4
 982  983      0.979      0.501      0.000 4
 983  984      0.979     -0.545      0.000 4
 985  985      0.980     -0.896      0.000 4
 986  986      0.981      0.756      0.000 4
 984  988      0.981     -0.244      0.000 4
 987  987      0.982      0.975      0.000 4
 988  989      0.983     -0.835      0.000 4
 990  990      0.985      0.784      0.000 4
 989  991      0.985      0.683      0.000 4
 991  992      0.989     -0.386      0.000 4
  -1   -2      0.990      0.443      0.000 4
 993  994      0.992      0.432      0.000 4
