1000
   1    0     -0.996     -0.522      0.000 4
   2    3     -0.997      0.650      0.000 4
  -1   -2     -0.997      0.660      0.000 4
   5    2     -0.996      0.485      0.000 4
   3    5     -0.995     -0.658      0.000 4
   4    4     -0.995     -0.100      0.000 4
   6    6     -0.989     -0.167      0.000 4
   7    7     -0.989      0.952      0.000 4
   9    8     -0.988     -0.049      0.000 4
   8    9     -0.988      0.201      0.000 4
  10   12     -0.988     -0.549      0.000 4
  11   11     -0.987     -0.799      0.000 4
  12   10     -0.988     -0.299      0.000 4
  14   13     -0.988      0.701      0.000 4
  13   14     -0.988      0.937      0.000 4
  15   15     -0.986     -0.972      0.000 4
  16   16     -0.984     -0.210      0.000 4
  17   17     -0.978      0.174      0.000 4
  18   18     -0.975      0.573      0.000 4
  20   19     -0.971     -0.139      0.000 4
  19   21     -0.971      0.754      0.000 4
  22   20     -0.970      0.449      0.000 4
  21   22     -0.967     -0.903      0.000 4
  23   23     -0.964      0.260      0.000 4
  25   25     -0.962      0.239      0.000 4
  26   24     -0.961     -0.143      0.000 4
  27   26     -0.961     -0.022      0.000 4
  24   28     -0.960     -0.904      0.000 4
  28   27     -0.958     -0.341      0.000 4
  30   29     -0.957      0.465      0.000 4
  29   30     -0.957      0.609      0.000 4
  31   31     -0.955      0.910      0.000 4
  32   32     -0.950     -0.531      0.000 4
  33   34     -0.950     -0.583      0.000 4
  36   33     -0.948     -0.158      0.000 4
  38   35     -0.948     -0.084      0.000 4
  37   36     -0.948     -0.313      0.000 4
  35   37     -0.947     -0.624      0.000 4
  34   38     -0.948      0.667      0.000 4
  39   40     -0.940      0.441      0.000 4
  41   39     -0.939      0.116      0.000 4
  40   41     -0.936     -0.883      0.000 4
  43   43     -0.927      0.542      0.000 4
  42   47     -0.927      0.883      0.000 4
  44   42     -0.926      0.296      0.000 4
  45   44     -0.925      0.350      0.000 4
  46   45     -0.924      0.055      0.000 4
  47   46     -0.922      0.113      0.000 4
  48   48     -0.920     -0.201      0.000 4
  50   49     -0.914      0.210      0.000 4
  51   50     -0.912      0.258      0.000 4
  53   51     -0.910      0.127      0.000 4
  49   53     -0.908     -0.819      0.000 4
  52   52     -0.907     -0.572      0.000 4
  56   54     -0.907      0.527      0.000 4
  54   55     -0.905      0.732      0.000 4
  -1   -2     -0.905      0.531      0.000 4
  55   57     -0.902     -0.891      0.000 4
  60   56     -0.902      0.512      0.000 4
  59   58     -0.900     -0.768      0.000 4
  58   60     -0.899     -0.987      0.000 4
  62   61     -0.896     -0.532      0.000 4
  64   59     -0.895     -0.399      0.000 4
  61   63     -0.895      0.788      0.000 4
  66   64     -0.891     -0.624      0.000 4
  63   65     -0.890     -0.816      0.000 4
  68   62     -0.890     -0.127      0.000 4
  65   66     -0.890      0.837      0.000 4
  67   71     -0.882     -0.913      0.000 4
  69   67     -0.882      0.314      0.000 4
  70   69     -0.880      0.484      0.000 4
  71   68     -0.879      0.370      0.000 4
  72   72     -0.878      0.441      0.000 4
  73   70     -0.876     -0.157      0.000 4
  75   73     -0.874     -0.371      0.000 4
  74   75     -0.871     -0.624      0.000 4
  76   -2     -0.868      0.598      0.000 4
  78   74     -0.866     -0.177      0.000 4
  -1   76     -0.865      0.593      0.000 4
  79   79     -0.858      0.523      0.000 4
  77   82     -0.857     -0.952      0.000 4
  80   77     -0.855     -0.245      0.000 4
  82   78     -0.854      0.112      0.000 4
  83   80     -0.850      0.046      0.000 4
  84   81     -0.849     -0.032      0.000 4
  81   85     -0.846     -0.784      0.000 4
  86   83     -0.845     -0.197      0.000 4
  88   84     -0.844     -0.133      0.000 4
  85   86     -0.842      0.561      0.000 4
  89   87     -0.837     -0.443      0.000 4
  87   90     -0.836     -0.831      0.000 4
  91   88     -0.828      0.018      0.000 4
  90   89     -0.827      0.137      0.000 4
  92   91     -0.825     -0.103      0.000 4
  94   92     -0.821     -0.013      0.000 4
  96   93     -0.819      0.198      0.000 4
  99   94     -0.817      0.086      0.000 4
 101   95     -0.816     -0.075      0.000 4
  98   97     -0.815      0.429      0.000 4
  93  100     -0.815      0.734      0.000 4
 102   96     -0.812     -0.254      0.000 4
  97  101     -0.811      0.636      0.000 4
  95  103     -0.810     -0.763      0.000 4
 105   98     -0.807     -0.136      0.000 4
 100  105     -0.805     -0.863      0.000 4
 106   99     -0.805     -0.056      0.000 4
 109  102     -0.802      0.167      0.000 4
 103  110     -0.802      0.903      0.000 4
 107  106     -0.798     -0.988      0.000 4
 112  104     -0.798      0.097      0.000 4
 108  107     -0.798      0.463      0.000 4
 104  112     -0.796     -0.801      0.000 4
 110  108     -0.796      0.398      0.000 4
 113  109     -0.791      0.190      0.000 4
 114  111     -0.788      0.283      0.000 4
 111  115     -0.787      0.955      0.000 4
 115  116     -0.780     -0.517      0.000 4
 117  114     -0.780     -0.268      0.000 4
 118  113     -0.780     -0.144      0.000 4
 116  117     -0.777      0.454      0.000 4
 120  118     -0.774      0.480      0.000 4
 123  119     -0.769     -0.329      0.000 4
 119  123     -0.766     -0.978      0.000 4
 122  124     -0.761     -0.685      0.000 4
 121  126     -0.761      0.847      0.000 4
 126  120     -0.759     -0.339      0.000 4
 128  121     -0.756      0.078      0.000 4
 125  125     -0.756      0.479      0.000 4
 124  128     -0.755      0.614      0.000 4
 130  122     -0.752     -0.010      0.000 4
 127  127     -0.752      0.442      0.000 4
 132  129     -0.745     -0.195      0.000 4
 131  130     -0.739     -0.640      0.000 4
 129  134     -0.739      0.869      0.000 4
 134  131     -0.735      0.419      0.000 4
 135  132     -0.733      0.375      0.000 4
 136  133     -0.731     -0.455      0.000 4
 133  140     -0.730      0.784      0.000 4
 139  135     -0.727     -0.403      0.000 4
 138  136     -0.727     -0.424      0.000 4
 142  139     -0.721     -0.373      0.000 4
 143  137     -0.720     -0.238      0.000 4
 137  144     -0.721      0.825      0.000 4
 146  138     -0.719     -0.147      0.000 4
 140  146     -0.716      0.752      0.000 4
 144  142     -0.715      0.373      0.000 4
 149  141     -0.715     -0.045      0.000 4
 141  147     -0.714     -0.777      0.000 4
 151  143     -0.711     -0.211      0.000 4
 148  145     -0.710     -0.479      0.000 4
 145  149     -0.709      0.619      0.000 4
 150  148     -0.706      0.432      0.000 4
 147  155     -0.703      0.923      0.000 4
 153  152     -0.699      0.569      0.000 4
 152  154     -0.699      0.666      0.000 4
 154  153     -0.698      0.549      0.000 4
 156  150     -0.697      0.277      0.000 4
 160  151     -0.694      0.089      0.000 4
 155  158     -0.693     -0.697      0.000 4
 157  157     -0.691      0.463      0.000 4
 163  156     -0.686      0.062      0.000 4
  -1   -2     -0.685     -0.698      0.000 4
 159  162     -0.685      0.553      0.000 4
 161  161     -0.685      0.517      0.000 4
 166  159     -0.681     -0.147      0.000 4
 164  160     -0.679     -0.371      0.000 4
 162  167     -0.678      0.801      0.000 4
 169  164     -0.673      0.160      0.000 4
 165  169     -0.671      0.702      0.000 4
 172  166     -0.669     -0.252      0.000 4
 173  165     -0.668     -0.201      0.000 4
 171  168     -0.664     -0.449      0.000 4
 167  171     -0.662     -0.736      0.000 4
 168  172     -0.661      0.859      0.000 4
 170  174     -0.657      0.814      0.000 4
 178  170     -0.656      0.247      0.000 4
 174  177     -0.652      0.775      0.000 4
 177  175     -0.650      0.536      0.000 4
 175  179     -0.647     -0.696      0.000 4
 176  180     -0.644     -0.773      0.000 4
 188  173     -0.644     -0.188      0.000 4
 187  176     -0.641     -0.365      0.000 4
 191  178     -0.638     -0.299      0.000 4
 180  184     -0.639      0.831      0.000 4
 179  186     -0.639      0.913      0.000 4
 185  181     -0.638     -0.543      0.000 4
 181  185     -0.634     -0.729      0.000 4
 190  182     -0.634      0.453      0.000 4
 189  183     -0.634      0.533      0.000 4
 186  188     -0.634      0.676      0.000 4
 182  190     -0.632      0.903      0.000 4
 184  189     -0.632      0.795      0.000 4
 183  191     -0.630     -0.905      0.000 4
 193  195     -0.622      0.771      0.000 4
 197  187     -0.621     -0.160      0.000 4
 192  196     -0.620     -0.977      0.000 4
 194  198     -0.617      0.993      0.000 4
 203  192     -0.612      0.151      0.000 4
 195  203     -0.610     -0.838      0.000 4
 196  200     -0.611      0.640      0.000 4
 205  193     -0.610      0.209      0.000 4
 207  194     -0.608     -0.205      0.000 4
 198  199     -0.608      0.506      0.000 4
 200  204     -0.603     -0.602      0.000 4
 199  208     -0.602      0.626      0.000 4
 204  209     -0.600     -0.646      0.000 4
 206  205     -0.601      0.502      0.000 4
 208  202     -0.599     -0.407      0.000 4
 211  197     -0.599      0.024      0.000 4
 201  210     -0.596      0.991      0.000 4
 213  201     -0.596      0.127      0.000 4
 202  211     -0.595     -0.892      0.000 4
 216  206     -0.591     -0.184      0.000 4
 209  215     -0.590      0.716      0.000 4
 219  207     -0.589      0.046      0.000 4
 215  214     -0.584      0.499      0.000 4
 212  217     -0.583     -0.714      0.000 4
 214  216     -0.583     -0.606      0.000 4
 210  221     -0.580     -0.994      0.000 4
 220  218     -0.578      0.467      0.000 4
 224  213     -0.577      0.188      0.000 4
 227  212     -0.576      0.026      0.000 4
 218  223     -0.574      0.713      0.000 4
 228  219     -0.572      0.293      0.000 4
 217  225     -0.571      0.948      0.000 4
 225  222     -0.570      0.463      0.000 4
 221  224     -0.569      0.582      0.000 4
 226  226     -0.565      0.594      0.000 4
 222  227     -0.565      0.708      0.000 4
 232  220     -0.565      0.236      0.000 4
 223  232     -0.562      0.930      0.000 4
 229  230     -0.560      0.653      0.000 4
 234  228     -0.557      0.443      0.000 4
  -1   -2     -0.555      0.711      0.000 4
 235  229     -0.554     -0.519      0.000 4
 231  237     -0.552      0.724      0.000 4
 237  233     -0.549     -0.987      0.000 4
 233  240     -0.547      0.959      0.000 4
 236  241     -0.544     -0.849      0.000 4
 243  231     -0.544     -0.082      0.000 4
 239  238     -0.543     -0.476      0.000 4
 244  234     -0.540      0.054      0.000 4
 245  235     -0.540      0.020      0.000 4
 238  246     -0.536      0.809      0.000 4
 240  243     -0.535      0.621      0.000 4
 248  239     -0.533     -0.056      0.000 4
 242  247     -0.528     -0.736      0.000 4
 241  249     -0.529      0.956      0.000 4
 247  245     -0.528     -0.493      0.000 4
 253  242     -0.524     -0.139      0.000 4
 255  244     -0.521     -0.189      0.000 4
 249  248     -0.521     -0.605      0.000 4
 246  250     -0.517     -0.991      0.000 4
 250  252     -0.514      0.748      0.000 4
 251  253     -0.514      0.769      0.000 4
 254  251     -0.511      0.589      0.000 4
 252  257     -0.508      0.827      0.000 4
 256  259     -0.504      0.777      0.000 4
 259  254     -0.504      0.421      0.000 4
 260  255     -0.502     -0.475      0.000 4
 258  260     -0.500     -0.742      0.000 4
 257  263     -0.497      0.933      0.000 4
 262  256     -0.496      0.276      0.000 4
 261  261     -0.494      0.587      0.000 4
 265  258     -0.489     -0.173      0.000 4
 269  262     -0.481     -0.029      0.000 4
 263  268     -0.477     -0.790      0.000 4
 268  265     -0.475      0.440      0.000 4
 273  264     -0.474      0.013      0.000 4
 264  272     -0.471      0.987      0.000 4
 271  269     -0.469      0.462      0.000 4
 266  274     -0.468      0.881      0.000 4
 276  267     -0.467      0.314      0.000 4
 267  276     -0.464     -0.910      0.000 4
 279  266     -0.464     -0.080      0.000 4
 272  273     -0.463     -0.660      0.000 4
 270  277     -0.463      0.814      0.000 4
 278  270     -0.460     -0.397      0.000 4
 274  278     -0.457     -0.820      0.000 4
 275  279     -0.456      0.782      0.000 4
 281  275     -0.454      0.361      0.000 4
  -1  281     -0.453     -0.044      0.000 4
 277  286     -0.448     -0.841      0.000 4
 283  284     -0.446      0.601      0.000 4
 280  287     -0.445      0.727      0.000 4
 282  290     -0.440     -0.868      0.000 4
 287  280     -0.440     -0.178      0.000 4
 284  289     -0.439     -0.720      0.000 4
 285  294     -0.438     -0.043      0.000 4
 290  282     -0.437     -0.190      0.000 4
 286  291     -0.436      0.646      0.000 4
 292  285     -0.435     -0.227      0.000 4
 293  288     -0.430      0.186      0.000 4
 289  295     -0.427      0.635      0.000 4
 288  300     -0.423      0.896      0.000 4
 295  293     -0.423      0.408      0.000 4
 299  292     -0.422     -0.179      0.000 4
 294  296     -0.421      0.514      0.000 4
 296  297     -0.417     -0.631      0.000 4
 291   -2     -0.415     -0.041      0.000 4
 298  298     -0.415     -0.550      0.000 4
 297  299     -0.415      0.521      0.000 4
 304  301     -0.402     -0.036      0.000 4
 305  302     -0.400      0.173      0.000 4
 303  305     -0.398     -0.500      0.000 4
 307  304     -0.396     -0.335      0.000 4
 301  312     -0.396      0.860      0.000 4
 310  303     -0.395      0.093      0.000 4
 302  314     -0.393      0.755      0.000 4
 308  308     -0.392     -0.459      0.000 4
 312  306     -0.391     -0.269      0.000 4
 313  307     -0.389      0.156      0.000 4
 316  309     -0.385     -0.160      0.000 4
 306  317     -0.385      0.947      0.000 4
 314  313     -0.384     -0.418      0.000 4
 317  310     -0.383     -0.062      0.000 4
  -1   -2     -0.379      0.016      0.000 4
 309  319     -0.378     -0.930      0.000 4
 311  320     -0.377     -0.909      0.000 4
 319  316     -0.375     -0.347      0.000 4
 322  315     -0.373      0.022      0.000 4
 315  325     -0.371      0.997      0.000 4
 323  318     -0.369     -0.259      0.000 4
 320  323     -0.366     -0.623      0.000 4
 321  327     -0.361      0.709      0.000 4
 324  324     -0.360      0.355      0.000 4
 326  321     -0.357     -0.117      0.000 4
 325  326     -0.356      0.300      0.000 4
 328  322     -0.355     -0.108      0.000 4
 329  328     -0.344      0.410      0.000 4
 327  331     -0.340     -0.891      0.000 4
 330  330     -0.337     -0.695      0.000 4
 335  329     -0.336     -0.282      0.000 4
 331  332     -0.334      0.566      0.000 4
 333  333     -0.331     -0.655      0.000 4
 332  335     -0.329      0.722      0.000 4
 334  340     -0.324      0.978      0.000 4
  -1   -2     -0.321      0.154      0.000 4
 336  342     -0.319     -0.713      0.000 4
 338  339     -0.318      0.555      0.000 4
 337  343     -0.317     -0.687      0.000 4
 339  344     -0.316      0.592      0.000 4
 346  336     -0.315     -0.115      0.000 4
 342  345     -0.313      0.501      0.000 4
 348  337     -0.313     -0.070      0.000 4
 344  338     -0.313      0.319      0.000 4
 340  346     -0.312     -0.650      0.000 4
 349  341     -0.309      0.155      0.000 4
 343  349     -0.307      0.597      0.000 4
 350  348     -0.305      0.371      0.000 4
 347  352     -0.303      0.653      0.000 4
 352  347     -0.303      0.217      0.000 4
 345  355     -0.303      0.770      0.000 4
 353  350     -0.299     -0.297      0.000 4
 351  353     -0.298     -0.988      0.000 4
 355  351     -0.295      0.166      0.000 4
 358  354     -0.292      0.186      0.000 4
 356  357     -0.288     -0.526      0.000 4
 359  356     -0.285      0.110      0.000 4
 354  363     -0.284      0.977      0.000 4
 357  362     -0.282      0.716      0.000 4
 362  358     -0.280     -0.013      0.000 4
 361  359     -0.279      0.173      0.000 4
 366  360     -0.272     -0.148      0.000 4
 360  364     -0.272     -0.652      0.000 4
 367  361     -0.272     -0.056      0.000 4
 364  365     -0.268      0.473      0.000 4
 363  367     -0.266      0.763      0.000 4
 372  366     -0.262     -0.258      0.000 4
 365  369     -0.262      0.926      0.000 4
 368  368     -0.261      0.664      0.000 4
 369  372     -0.256      0.882      0.000 4
 370  373     -0.253      0.819      0.000 4
 373  370     -0.252      0.401      0.000 4
 374  371     -0.251     -0.488      0.000 4
 371  374     -0.251     -0.994      0.000 4
 376  375     -0.245     -0.628      0.000 4
 375  376     -0.244      0.842      0.000 4
 378  377     -0.238      0.578      0.000 4
 377  380     -0.237      0.652      0.000 4
 380  382     -0.235     -0.631      0.000 4
 381  378     -0.234     -0.456      0.000 4
 379  385     -0.233     -0.796      0.000 4
 383  381     -0.231     -0.386      0.000 4
 384  379     -0.231     -0.283      0.000 4
 385  384     -0.229     -0.364      0.000 4
 382  389     -0.229      0.711      0.000 4
 388  383     -0.227      0.069      0.000 4
 387  386     -0.225     -0.477      0.000 4
 386  390     -0.221     -0.726      0.000 4
 389  388     -0.221      0.203      0.000 4
 390  387     -0.220     -0.060      0.000 4
 391  392     -0.213     -0.602      0.000 4
 393  391     -0.213      0.449      0.000 4
 392  395     -0.210     -0.758      0.000 4
 394  394     -0.210      0.425      0.000 4
 397  393     -0.208     -0.305      0.000 4
 395  398     -0.205      0.734      0.000 4
 396  401     -0.204      0.689      0.000 4
 398  400     -0.201     -0.546      0.000 4
  -1   -2     -0.199     -0.537      0.000 4
 403  396     -0.199     -0.165      0.000 4
 407  397     -0.198     -0.067      0.000 4
 402  405     -0.197     -0.437      0.000 4
 409  399     -0.196     -0.129      0.000 4
 408  404     -0.195     -0.306      0.000 4
 411  403     -0.194     -0.043      0.000 4
 400  407     -0.194     -0.715      0.000 4
 401  408     -0.192      0.849      0.000 4
 405  409     -0.190      0.864      0.000 4
 404  411     -0.190      0.971      0.000 4
 406  410     -0.189     -0.858      0.000 4
 413  406     -0.189     -0.154      0.000 4
 410  412     -0.186     -0.921      0.000 4
 414  413     -0.182      0.545      0.000 4
 412  414     -0.181      0.792      0.000 4
 415  415     -0.178     -0.652      0.000 4
 418  416     -0.172      0.166      0.000 4
 416  419     -0.170     -0.865      0.000 4
 421  417     -0.169     -0.037      0.000 4
 417  418     -0.169     -0.538      0.000 4
 419  420     -0.166      0.473      0.000 4
  -1   -2     -0.166      0.465      0.000 4
 422  423     -0.154      0.810      0.000 4
 423  422     -0.151     -0.518      0.000 4
 425  424     -0.146      0.179      0.000 4
 424  425     -0.143      0.656      0.000 4
 427  426     -0.138      0.483      0.000 4
 426  428     -0.137      0.779      0.000 4
 428  427     -0.134      0.252      0.000 4
 429  429     -0.131      0.229      0.000 4
 430  430     -0.128     -0.276      0.000 4
 432  431     -0.127     -0.053      0.000 4
 433  432     -0.125     -0.344      0.000 4
 431  436     -0.123     -0.675      0.000 4
 434  433     -0.121     -0.240      0.000 4
 435  434     -0.121      0.207      0.000 4
 436  435     -0.121     -0.320      0.000 4
 437  437     -0.116     -0.401      0.000 4
 438  438     -0.113      0.605      0.000 4
 440  440     -0.112     -0.612      0.000 4
  -1   -2     -0.112      0.594      0.000 4
 441  441     -0.109      0.335      0.000 4
 442  442     -0.103      0.937      0.000 4
 443  443     -0.099     -0.553      0.000 4
 444  445     -0.099      0.489      0.000 4
 446  444     -0.098     -0.314      0.000 4
 445  446     -0.096      0.865      0.000 4
 447  448     -0.092      0.255      0.000 4
 448  447     -0.092     -0.209      0.000 4
 449  449     -0.088     -0.666      0.000 4
 450  450     -0.086      0.983      0.000 4
 451  453     -0.082      0.683      0.000 4
 454  451     -0.082      0.015      0.000 4
 453  452     -0.082     -0.062      0.000 4
 452  455     -0.079     -0.706      0.000 4
 456  454     -0.079     -0.381      0.000 4
 455  456     -0.078     -0.597      0.000 4
 457  457     -0.076     -0.935      0.000 4
 458  458     -0.071     -0.947      0.000 4
 459  459     -0.069     -0.991      0.000 4
 461  460     -0.066     -0.494      0.000 4
 460  461     -0.066      0.575      0.000 4
 462  463     -0.064     -0.813      0.000 4
 463  464     -0.063      0.491      0.000 4
 465  462     -0.063     -0.014      0.000 4
 464  466     -0.061     -0.830      0.000 4
 466  465     -0.060      0.312      0.000 4
 468  467     -0.058     -0.274      0.000 4
 467  468     -0.058      0.805      0.000 4
 469  469     -0.054     -0.525      0.000 4
 470  470     -0.052     -0.659      0.000 4
 471  471     -0.052      0.558      0.000 4
 473  473     -0.049     -0.987      0.000 4
 472  472     -0.049     -0.561      0.000 4
 474  475     -0.048     -0.732      0.000 4
 476  474     -0.047     -0.063      0.000 4
 477  476     -0.046      0.417      0.000 4
 475  477     -0.046     -0.926      0.000 4
 478  480     -0.045      0.928      0.000 4
 480  478     -0.044      0.091      0.000 4
 479  479     -0.044      0.068      0.000 4
 481  481     -0.043     -0.108      0.000 4
 482  482     -0.040      0.631      0.000 4
 483  484     -0.039      0.806      0.000 4
 484  483     -0.038      0.284      0.000 4
 486  485     -0.037      0.462      0.000 4
 485  486     -0.036     -0.873      0.000 4
 487  487     -0.036     -0.558      0.000 4
 488  489     -0.034      0.865      0.000 4
 489  488     -0.034      0.119      0.000 4
 490  491     -0.033      0.320      0.000 4
 491  490     -0.032     -0.639      0.000 4
 492  492     -0.032      0.952      0.000 4
 493  493     -0.031     -0.341      0.000 4
 494  494     -0.030      0.166      0.000 4
 495  495     -0.027      0.208      0.000 4
 496  496     -0.026      0.033      0.000 4
 498  497     -0.024     -0.524      0.000 4
 497  498     -0.024     -0.737      0.000 4
 499  499     -0.023     -0.613      0.000 4
 500  500     -0.021      0.721      0.000 4
 501  501     -0.021     -0.560      0.000 4
 502  502     -0.018      0.337      0.000 4
  -1   -2     -0.016     -0.608      0.000 4
 504  504     -0.016     -0.782      0.000 4
 505  505     -0.013     -0.704      0.000 4
 506  506     -0.012     -0.727      0.000 4
 507  507     -0.010      0.985      0.000 4
 508  508     -0.008      0.074      0.000 4
 509  509     -0.003     -0.299      0.000 4
 510  510     -0.001     -0.487      0.000 4
 511  511      0.001      0.317      0.000 4
 512  512      0.006      0.090      0.000 4
 513  513      0.008     -0.144      0.000 4
 514  514      0.009     -0.115      0.000 4
 515  515      0.011     -0.429      0.000 4
 516  517      0.012     -0.254      0.000 4
 517  516      0.013      0.621      0.000 4
 518  518      0.015      0.183      0.000 4
 519  520      0.020      0.132      0.000 4
 521  519      0.020     -0.785      0.000 4
 520  522      0.022     -0.256      0.000 4
 522  521      0.024      0.835      0.000 4
 523  523      0.025      0.787      0.000 4
 525  524      0.028     -0.770      0.000 4
 524  526      0.030      0.231      0.000 4
 527  525      0.032      0.778      0.000 4
 528  527      0.034      0.637      0.000 4
 526  529      0.035      0.012      0.000 4
 529  528      0.035      0.440      0.000 4
 531  530      0.043     -0.590      0.000 4
 530  531      0.043      0.396      0.000 4
 532  532      0.045     -0.498      0.000 4
 533  533      0.053      0.079      0.000 4
 534  534      0.062      0.468      0.000 4
 535  536      0.064     -0.366      0.000 4
 537  535      0.067     -0.763      0.000 4
 539  537      0.068     -0.846      0.000 4
 536  539      0.070      0.281      0.000 4
 540  538      0.070     -0.979      0.000 4
 538  540      0.071      0.247      0.000 4
 542  541      0.075     -0.481      0.000 4
  -1   -2      0.077      0.275      0.000 4
 541  543      0.077     -0.062      0.000 4
 543  544      0.077      0.077      0.000 4
 545  547      0.084     -0.219      0.000 4
 548  546      0.086     -0.502      0.000 4
 546  548      0.086      0.113      0.000 4
 547  549      0.087     -0.059      0.000 4
 551  545      0.087     -0.691      0.000 4
 549  552      0.090     -0.250      0.000 4
 550  555      0.092      0.029      0.000 4
 557  550      0.095      0.898      0.000 4
 555  551      0.095      0.802      0.000 4
 556  553      0.096      0.753      0.000 4
 552  559      0.099     -0.232      0.000 4
 558  554      0.099     -0.947      0.000 4
 554  557      0.099      0.365      0.000 4
 553  560      0.101      0.087      0.000 4
 560  556      0.102     -0.896      0.000 4
 559  558      0.103      0.739      0.000 4
 561  563      0.112     -0.607      0.000 4
 563  561      0.113     -0.983      0.000 4
 567  562      0.115      0.949      0.000 4
 562  564      0.118      0.341      0.000 4
 571   -2      0.121     -0.580      0.000 4
 564  569      0.121      0.078      0.000 4
 565  571      0.122     -0.035      0.000 4
 566  570      0.122      0.156      0.000 4
  -1  565      0.123     -0.564      0.000 4
 568  572      0.124     -0.257      0.000 4
 572  566      0.124      0.606      0.000 4
 570  574      0.127     -0.012      0.000 4
 574  568      0.129     -0.930      0.000 4
 573  573      0.130     -0.644      0.000 4
 577  575      0.137      0.419      0.000 4
 575  576      0.138     -0.194      0.000 4
 576  577      0.140      0.106      0.000 4
 579  578      0.147     -0.724      0.000 4
 578  582      0.148      0.457      0.000 4
 582  579      0.151     -0.978      0.000 4
 583  580      0.152      0.873      0.000 4
 585  581      0.152     -0.910      0.000 4
 581  586      0.157      0.347      0.000 4
 580  588      0.158      0.194      0.000 4
  -1   -2      0.158     -0.574      0.000 4
 586  584      0.158     -0.529      0.000 4
 584  590      0.160     -0.365      0.000 4
 589  589      0.163     -0.584      0.000 4
 592  585      0.163      0.801      0.000 4
 588  595      0.165     -0.263      0.000 4
 598  587      0.166     -0.905      0.000 4
 595  593      0.169      0.534      0.000 4
 590  600      0.169      0.106      0.000 4
 591  601      0.169     -0.179      0.000 4
  -1  596      0.170     -0.983      0.000 4
 601  594      0.171      0.605      0.000 4
 605  592      0.172      0.955      0.000 4
 599  597      0.172     -0.529      0.000 4
 597  602      0.172     -0.421      0.000 4
 594  604      0.173      0.227      0.000 4
 593  606      0.174      0.096      0.000 4
 596  605      0.174      0.207      0.000 4
 604  603      0.176     -0.548      0.000 4
 607   -2      0.177     -0.987      0.000 4
 600  607      0.178     -0.105      0.000 4
 608  599      0.178      0.829      0.000 4
 609  598      0.179     -0.946      0.000 4
 602  609      0.181      0.057      0.000 4
 610  608      0.185      0.448      0.000 4
 606  613      0.188     -0.130      0.000 4
 611  614      0.192      0.158      0.000 4
 613  612      0.195     -0.587      0.000 4
 615  611      0.196     -0.729      0.000 4
 612  617      0.197     -0.246      0.000 4
 620  610      0.198      0.902      0.000 4
 616  616      0.201     -0.988      0.000 4
 614  620      0.205     -0.120      0.000 4
 622  615      0.207      0.894      0.000 4
 618  621      0.207      0.231      0.000 4
 617  622      0.208      0.011      0.000 4
 621  619      0.208      0.371      0.000 4
 619  623      0.210     -0.019      0.000 4
 624  618      0.215     -0.954      0.000 4
 626  624      0.224      0.620      0.000 4
 623  626      0.224     -0.413      0.000 4
 625  630      0.227      0.449      0.000 4
 629  625      0.230      0.724      0.000 4
 628  629      0.230     -0.656      0.000 4
 631  627      0.233     -0.948      0.000 4
 632  628      0.234      0.868      0.000 4
 627  632      0.235     -0.281      0.000 4
 630  631      0.236     -0.685      0.000 4
 636  634      0.245     -0.601      0.000 4
 634  636      0.248     -0.464      0.000 4
 637  635      0.248      0.608      0.000 4
 633  640      0.249     -0.093      0.000 4
 639  633      0.249      0.960      0.000 4
 635  639      0.251     -0.311      0.000 4
 640  637      0.256      0.692      0.000 4
 641  638      0.257      0.747      0.000 4
 638  642      0.263      0.126      0.000 4
 646  641      0.266     -0.660      0.000 4
 642  643      0.267      0.317      0.000 4
 644  645      0.271      0.184      0.000 4
 643  647      0.272      0.052      0.000 4
 645  644      0.272     -0.358      0.000 4
 647  651      0.277      0.036      0.000 4
 648  648      0.278      0.424      0.000 4
 651  646      0.281     -0.597      0.000 4
 650  649      0.281     -0.462      0.000 4
 649  655      0.287     -0.194      0.000 4
 661  650      0.290      0.719      0.000 4
 653  657      0.291      0.182      0.000 4
 652  660      0.292      0.120      0.000 4
 659  653      0.292      0.502      0.000 4
 658  654      0.292     -0.504      0.000 4
 654  659      0.293      0.264      0.000 4
 655  662      0.294      0.209      0.000 4
 656  664      0.297      0.009      0.000 4
 665  652      0.297      0.983      0.000 4
 657  665      0.299      0.089      0.000 4
 664  658      0.300      0.562      0.000 4
 660  668      0.301      0.161      0.000 4
 663  667      0.302     -0.322      0.000 4
 667  656      0.303      0.777      0.000 4
 662  669      0.304      0.098      0.000 4
 666  663      0.305      0.514      0.000 4
 668  661      0.307     -0.857      0.000 4
 670  666      0.315      0.815      0.000 4
 669  673      0.320      0.388      0.000 4
 672  670      0.323     -0.884      0.000 4
 671  672      0.327      0.618      0.000 4
 676  671      0.328     -0.845      0.000 4
 675  675      0.334      0.535      0.000 4
 683  674      0.341      0.900      0.000 4
 680  676      0.341     -0.834      0.000 4
 673  683      0.341      0.051      0.000 4
 674  684      0.343      0.152      0.000 4
 684  678      0.343     -0.765      0.000 4
 687  677      0.344     -0.975      0.000 4
 681  679      0.344     -0.701      0.000 4
 679  682      0.346     -0.491      0.000 4
 686  680      0.346      0.668      0.000 4
 677  692      0.349     -0.126      0.000 4
 678  691      0.350     -0.212      0.000 4
  -1   -2      0.351     -0.881      0.000 4
 685  689      0.352     -0.429      0.000 4
 689  687      0.353      0.508      0.000 4
 690  686      0.354      0.523      0.000 4
 688  688      0.354      0.472      0.000 4
 682  694      0.357     -0.183      0.000 4
 698  685      0.359     -0.882      0.000 4
 695  690      0.360     -0.657      0.000 4
 696  693      0.362     -0.611      0.000 4
 693  695      0.365      0.420      0.000 4
 694  698      0.368      0.336      0.000 4
 692  700      0.370     -0.175      0.000 4
 701  696      0.370     -0.626      0.000 4
 702  697      0.372      0.619      0.000 4
 697  701      0.374     -0.081      0.000 4
 699  703      0.377      0.040      0.000 4
 700  704      0.378      0.051      0.000 4
 706  699      0.381      0.740      0.000 4
 703  706      0.384      0.196      0.000 4
 704  711      0.389      0.142      0.000 4
 707  707      0.391      0.448      0.000 4
 712  702      0.391     -0.840      0.000 4
 709  709      0.394      0.502      0.000 4
 705  714      0.394     -0.085      0.000 4
 713  705      0.395      0.661      0.000 4
 708  712      0.396     -0.486      0.000 4
 717  708      0.401      0.824      0.000 4
 710  716      0.402     -0.283      0.000 4
 719  710      0.403      0.882      0.000 4
 715  713      0.405      0.537      0.000 4
 711  719      0.406     -0.133      0.000 4
 722  715      0.411     -0.829      0.000 4
 718  717      0.412      0.463      0.000 4
 716  720      0.412      0.322      0.000 4
 714  724      0.416      0.025      0.000 4
 723  718      0.420     -0.776      0.000 4
 726  723      0.426     -0.702      0.000 4
 721  728      0.426     -0.142      0.000 4
 720  729      0.426      0.068      0.000 4
  -1   -2      0.428      0.833      0.000 4
 728  721      0.428     -0.994      0.000 4
 724  730      0.433     -0.338      0.000 4
 731  725      0.436      0.882      0.000 4
 729  726      0.438     -0.730      0.000 4
 725  733      0.439      0.000      0.000 4
 737  727      0.442      0.832      0.000 4
 733  732      0.446     -0.558      0.000 4
 741  731      0.449     -0.958      0.000 4
 730  736      0.449      0.311      0.000 4
 738  734      0.450     -0.987      0.000 4
 736  737      0.452     -0.436      0.000 4
 732  743      0.454      0.015      0.000 4
 739  739      0.455      0.410      0.000 4
 734  744      0.458     -0.127      0.000 4
 735  745      0.458     -0.140      0.000 4
 742  735      0.460     -0.766      0.000 4
 740  747      0.464     -0.192      0.000 4
 747   -2      0.464     -0.981      0.000 4
 744  738      0.464     -0.781      0.000 4
 745  741      0.466     -0.745      0.000 4
 749  740      0.468      0.860      0.000 4
 751  742      0.470      0.785      0.000 4
 743  746      0.470      0.430      0.000 4
 750  749      0.481     -0.404      0.000 4
 748  753      0.482      0.247      0.000 4
 746  754      0.482      0.114      0.000 4
 753  748      0.484      0.531      0.000 4
 752  757      0.488     -0.102      0.000 4
 757  751      0.492      0.637      0.000 4
 754  758      0.493      0.212      0.000 4
 758  750      0.493     -0.784      0.000 4
 760  752      0.495     -0.835      0.000 4
 759  755      0.497      0.700      0.000 4
 756  761      0.499      0.220      0.000 4
 755  762      0.499      0.083      0.000 4
 762  756      0.502     -0.899      0.000 4
 761  760      0.504     -0.588      0.000 4
 765  759      0.509      0.836      0.000 4
 763  766      0.514     -0.536      0.000 4
 767  763      0.519      0.996      0.000 4
 770  764      0.522      0.952      0.000 4
 764  771      0.522      0.292      0.000 4
 772  765      0.522     -0.972      0.000 4
 766  768      0.523     -0.705      0.000 4
 774  767      0.525      0.873      0.000 4
 771  769      0.526     -0.715      0.000 4
 769  770      0.527      0.559      0.000 4
 775  772      0.533     -0.575      0.000 4
 768  775      0.534      0.338      0.000 4
 773  774      0.534     -0.484      0.000 4
 777  776      0.538      0.424      0.000 4
 781  773      0.542      0.803      0.000 4
 776  779      0.544      0.037      0.000 4
 780  777      0.546      0.581      0.000 4
 778  782      0.549     -0.103      0.000 4
 779  785      0.554      0.181      0.000 4
 783  778      0.554     -0.548      0.000 4
 782  790      0.562      0.045      0.000 4
 787  783      0.562     -0.640      0.000 4
 793  780      0.563      0.741      0.000 4
 791  781      0.564      0.649      0.000 4
 786  786      0.564     -0.532      0.000 4
 784  791      0.565     -0.204      0.000 4
 785  789      0.565     -0.369      0.000 4
 792  784      0.565     -0.676      0.000 4
 788  788      0.566     -0.541      0.000 4
 794  787      0.567      0.600      0.000 4
 789  793      0.574     -0.235      0.000 4
 795  792      0.574      0.439      0.000 4
 790  794      0.576     -0.183      0.000 4
 797  795      0.585      0.448      0.000 4
 796  798      0.590     -0.073      0.000 4
 798  797      0.594     -0.567      0.000 4
 801  796      0.599     -0.826      0.000 4
 799  803      0.603     -0.295      0.000 4
 805  799      0.608     -0.990      0.000 4
  -1   -2      0.612     -0.296      0.000 4
 806  800      0.612     -0.784      0.000 4
 804  804      0.614     -0.589      0.000 4
 809  801      0.617      0.930      0.000 4
 811  802      0.618      0.915      0.000 4
 802  812      0.618      0.043      0.000 4
 803  813      0.621     -0.059      0.000 4
 807  816      0.626      0.252      0.000 4
 813  809      0.626     -0.562      0.000 4
 814  808      0.627     -0.609      0.000 4
 816  806      0.627     -0.902      0.000 4
 808  817      0.628     -0.123      0.000 4
 810  815      0.628      0.406      0.000 4
 815  810      0.629      0.613      0.000 4
 818  807      0.631      0.860      0.000 4
 817  811      0.632     -0.766      0.000 4
 812  820      0.635     -0.166      0.000 4
 823  814      0.638      0.839      0.000 4
 822  819      0.641      0.637      0.000 4
 825  818      0.645     -0.991      0.000 4
 821  822      0.646     -0.322      0.000 4
 820  825      0.648      0.034      0.000 4
 819  824      0.648      0.047      0.000 4
 826  821      0.652      0.575      0.000 4
 824  823      0.653     -0.429      0.000 4
 830  826      0.672      0.707      0.000 4
 827  829      0.673      0.148      0.000 4
 829  827      0.676     -0.567      0.000 4
 828  832      0.679      0.019      0.000 4
 832  828      0.682      0.710      0.000 4
 831  833      0.684      0.305      0.000 4
 835  831      0.691     -0.698      0.000 4
 840  830      0.694     -0.889      0.000 4
 833  839      0.695      0.207      0.000 4
 837  835      0.695      0.654      0.000 4
 834  838      0.695      0.414      0.000 4
 841  834      0.696      0.876      0.000 4
 843  836      0.700      0.782      0.000 4
 838  840      0.700     -0.987      0.000 4
 836  845      0.702     -0.200      0.000 4
 839  842      0.702      0.452      0.000 4
 848  837      0.703     -0.895      0.000 4
 851  841      0.707     -0.878      0.000 4
 845  846      0.709      0.446      0.000 4
 849  844      0.709     -0.640      0.000 4
 842  848      0.710      0.118      0.000 4
 844  851      0.712     -0.143      0.000 4
 855  843      0.713      0.935      0.000 4
 846  854      0.716      0.087      0.000 4
 854  847      0.716      0.624      0.000 4
 847  855      0.717     -0.172      0.000 4
 852  849      0.717      0.472      0.000 4
 850  856      0.719      0.108      0.000 4
 858  850      0.723      0.706      0.000 4
 853  858      0.723     -0.222      0.000 4
 857  853      0.725      0.586      0.000 4
 856  857      0.726     -0.424      0.000 4
 861  852      0.728      0.951      0.000 4
 862  859      0.735     -0.711      0.000 4
 859  861      0.735      0.238      0.000 4
 860  864      0.738      0.064      0.000 4
 864  860      0.739      0.749      0.000 4
 867  863      0.745     -0.662      0.000 4
 863  869      0.747     -0.108      0.000 4
 866  866      0.747     -0.489      0.000 4
 868  862      0.748     -0.892      0.000 4
 865  871      0.752     -0.180      0.000 4
 870  865      0.752      0.810      0.000 4
 871  868      0.754     -0.673      0.000 4
 873  867      0.756      0.700      0.000 4
 872  873      0.761     -0.334      0.000 4
 869  876      0.762      0.216      0.000 4
 877  870      0.762      0.747      0.000 4
 875  874      0.764     -0.426      0.000 4
 874  880      0.766      0.111      0.000 4
 879  872      0.767     -0.841      0.000 4
 876  881      0.771      0.073      0.000 4
 881  875      0.772      0.843      0.000 4
 882  877      0.772     -0.914      0.000 4
 878  883      0.775     -0.077      0.000 4
 883  879      0.775     -0.808      0.000 4
 884  878      0.775     -0.856      0.000 4
 880  884      0.779     -0.373      0.000 4
 889  882      0.786      0.872      0.000 4
 885  889      0.787      0.035      0.000 4
 886  886      0.788      0.258      0.000 4
 890  885      0.791      0.689      0.000 4
 888  888      0.792      0.417      0.000 4
  -1   -2      0.793      0.269      0.000 4
 897  887      0.797     -0.850      0.000 4
 896  890      0.797     -0.779      0.000 4
 893  891      0.797     -0.613      0.000 4
  -1   -2      0.798     -0.626      0.000 4
 895  894      0.801      0.462      0.000 4
 891  899      0.803     -0.198      0.000 4
 892  901      0.805     -0.066      0.000 4
 899  896      0.806      0.648      0.000 4
 900  895      0.806     -0.852      0.000 4
 898  905      0.808      0.021      0.000 4
 906  897      0.809     -0.930      0.000 4
 905  898      0.810     -0.762      0.000 4
 902  902      0.812      0.482      0.000 4
 901  904      0.812     -0.470      0.000 4
 903  903      0.812     -0.493      0.000 4
 907  900      0.813      0.794      0.000 4
 904  907      0.816     -0.256      0.000 4
 908  906      0.818      0.381      0.000 4
 909  908      0.820      0.348      0.000 4
 912  910      0.827      0.559      0.000 4
 910  912      0.827      0.208      0.000 4
 915  909      0.829      0.958      0.000 4
 911  917      0.831     -0.029      0.000 4
 914  913      0.832     -0.406      0.000 4
 918  911      0.834      0.854      0.000 4
 913  920      0.833      0.010      0.000 4
 916  916      0.835      0.509      0.000 4
 919  915      0.838      0.757      0.000 4
 922  914      0.838     -0.937      0.000 4
 921  919      0.839     -0.755      0.000 4
 920  921      0.840      0.583      0.000 4
 917  922      0.840      0.021      0.000 4
 923  918      0.841      0.893      0.000 4
 926  923      0.847     -0.477      0.000 4
 924  927      0.847     -0.266      0.000 4
 925  926      0.848      0.256      0.000 4
 928  924      0.852      0.644      0.000 4
 930  925      0.855      0.872      0.000 4
 927  929      0.854     -0.019      0.000 4
 929  931      0.858      0.355      0.000 4
 931  928      0.861      0.704      0.000 4
 932  930      0.863      0.938      0.000 4
 933  932      0.871      0.820      0.000 4
  -1   -2      0.874      0.668      0.000 4
 937  934      0.875      0.875      0.000 4
 934  937      0.876      0.292      0.000 4
 939  935      0.877     -0.772      0.000 4
 940  936      0.879      0.657      0.000 4
  -1   -2      0.881      0.301      0.000 4
 936  940      0.881     -0.040      0.000 4
 942  939      0.885      0.576      0.000 4
 941  941      0.885      0.158      0.000 4
 943  943      0.889     -0.497      0.000 4
 946  942      0.889     -0.685      0.000 4
 944  944      0.890      0.422      0.000 4
 945  948      0.893     -0.109      0.000 4
 949  946      0.895      0.544      0.000 4
 950  945      0.894     -0.667      0.000 4
 951  947      0.896      0.635      0.000 4
 948  949      0.897      0.278      0.000 4
 947  950      0.897      0.028      0.000 4
 952  952      0.900     -0.241      0.000 4
 953  955      0.902     -0.050      0.000 4
 955  951      0.904      0.846      0.000 4
 954  956      0.904      0.061      0.000 4
 956  954      0.905     -0.606      0.000 4
 957  953      0.905     -0.673      0.000 4
 958  957      0.907     -0.486      0.000 4
 959  958      0.911     -0.383      0.000 4
 960  959      0.914      0.280      0.000 4
 961  960      0.923     -0.693      0.000 4
 962  964      0.927     -0.188      0.000 4
 963  962      0.927      0.485      0.000 4
 964  961      0.927     -0.932      0.000 4
 967  963      0.929     -0.948      0.000 4
 965  966      0.930     -0.350      0.000 4
 969  965      0.930     -0.892      0.000 4
 966  967      0.931     -0.312      0.000 4
 968  970      0.933     -0.147      0.000 4
 970  968      0.935     -0.561      0.000 4
 971  969      0.935     -0.973      0.000 4
 972  971      0.948      0.471      0.000 4
 973  973      0.949      0.232      0.000 4
 974  972      0.949     -0.987      0.000 4
 975  974      0.956      0.915      0.000 4
 976  975      0.956      0.857      0.000 4
 977  976      0.957      0.989      0.000 4
 979  977      0.959      0.737      0.000 4
 978  978      0.959     -0.534      0.000 4
 980  979      0.960     -0.838      0.000 4
 981  981      0.968     -0.194      0.000 4
 982  980      0.969     -0.689      0.000 4
 983  982      0.972      0.440      0.000 4
 984  983      0.973      0.814      0.000 4
 985  984      0.973     -0.623      0.000 4
 986  985      0.980      0.405      0.000 4
 988  986      0.980     -0.455      0.000 4
 987  988      0.982      0.018      0.000 4
 989  987      0.982     -0.311      0.000 4
 990  989      0.988      0.679      0.000 4
  -1   -2      0.988      0.351      0.000 4
 994  990      0.989     -0.859      0.000 4
 992  992      0.989      0.341      0.000 4
 995  994      0.990      0.593      0.000 4
 996  993      0.991      0.958      0.000 4
 993  997      0.991      0.144      0.000 4
 997  995      0.992      0.714      0.000 4
 998  996      0.991     -0.777      0.000 4
