1000
   0    0     -0.997      0.237      0.000 4
   1    1     -0.997      0.049      0.000 4
   2    2     -0.993     -0.138      0.000 4
   4    3     -0.989     -0.241      0.000 4
   5    4     -0.989     -0.049      0.000 4
   8    5     -0.989      0.452      0.000 4
   6    7     -0.989      0.952      0.000 4
   9    6     -0.988     -0.549      0.000 4
  12    8     -0.989      0.701      0.000 4
  -1   12     -0.988      0.780      0.000 4
  13    9     -0.987     -0.799      0.000 4
   7   13     -0.987     -0.779      0.000 4
  10   -2     -0.988      0.774      0.000 4
  14   11     -0.987      0.201      0.000 4
  15   15     -0.986     -0.304      0.000 4
  16   16     -0.982      0.287      0.000 4
  17   17     -0.978     -0.203      0.000 4
  19   18     -0.973     -0.016      0.000 4
  18   19     -0.973      0.607      0.000 4
  20   21     -0.972      0.406      0.000 4
  21   20     -0.972     -0.212      0.000 4
  22   22     -0.971      0.380      0.000 4
  25   23     -0.967     -0.487      0.000 4
  24   25     -0.966      0.713      0.000 4
  23   27     -0.966      0.966      0.000 4
  27   24     -0.964     -0.119      0.000 4
  28   26     -0.963     -0.237      0.000 4
  26   28     -0.962     -0.979      0.000 4
  29   29     -0.959     -0.457      0.000 4
  30   31     -0.959      0.622      0.000 4
  31   30     -0.957      0.210      0.000 4
  34   32     -0.949      0.113      0.000 4
  32   34     -0.947     -0.675      0.000 4
  33   36     -0.947      0.844      0.000 4
  35   33     -0.946      0.204      0.000 4
  36   35     -0.944     -0.303      0.000 4
  37   37     -0.942      0.600      0.000 4
  40   38     -0.941      0.453      0.000 4
  39   40     -0.938     -0.718      0.000 4
  38   42     -0.939      0.739      0.000 4
  41   39     -0.938      0.225      0.000 4
  42   41     -0.936      0.344      0.000 4
  43   43     -0.936      0.512      0.000 4
  44   46     -0.931     -0.938      0.000 4
  46   44     -0.931      0.404      0.000 4
  45   47     -0.929     -0.749      0.000 4
  47   45     -0.928     -0.186      0.000 4
  48   49     -0.921      0.781      0.000 4
  49   50     -0.918     -0.938      0.000 4
  51   48     -0.917     -0.232      0.000 4
  50   52     -0.915      0.946      0.000 4
  52   53     -0.911      0.683      0.000 4
  53   51     -0.909     -0.261      0.000 4
  54   56     -0.906     -0.544      0.000 4
  55   54     -0.905     -0.033      0.000 4
  56   55     -0.904      0.093      0.000 4
  57   57     -0.902      0.195      0.000 4
  58   59     -0.900      0.462      0.000 4
  59   58     -0.898     -0.192      0.000 4
  60   60     -0.894     -0.354      0.000 4
  61   61     -0.893     -0.286      0.000 4
  63   63     -0.891     -0.510      0.000 4
  66   62     -0.891      0.047      0.000 4
  62   67     -0.889     -0.703      0.000 4
  65   66     -0.889      0.520      0.000 4
  69   64     -0.888     -0.002      0.000 4
  70   65     -0.887     -0.144      0.000 4
  64   69     -0.888      0.669      0.000 4
  67   70     -0.886      0.654      0.000 4
  68   73     -0.883     -0.668      0.000 4
  72   68     -0.883     -0.099      0.000 4
  73   71     -0.882      0.227      0.000 4
  71   76     -0.879     -0.925      0.000 4
  74   72     -0.880      0.150      0.000 4
  77   74     -0.877     -0.070      0.000 4
  76   77     -0.874      0.587      0.000 4
  78   75     -0.873     -0.191      0.000 4
  75   80     -0.873      0.927      0.000 4
  79   81     -0.868      0.626      0.000 4
  80   79     -0.867      0.308      0.000 4
  81   78     -0.866      0.165      0.000 4
  83   82     -0.861     -0.356      0.000 4
  85   83     -0.860      0.263      0.000 4
  82   85     -0.858     -0.741      0.000 4
  86   84     -0.854     -0.198      0.000 4
  84   87     -0.854      0.823      0.000 4
  89   86     -0.848      0.290      0.000 4
  87   91     -0.843     -0.881      0.000 4
  91   88     -0.843      0.002      0.000 4
  90   90     -0.842     -0.573      0.000 4
  88   93     -0.841     -0.846      0.000 4
  95   89     -0.839      0.130      0.000 4
  97   92     -0.835     -0.365      0.000 4
  94   94     -0.834      0.653      0.000 4
  93   95     -0.832     -0.737      0.000 4
  92   96     -0.833      0.860      0.000 4
  96  100     -0.828     -0.988      0.000 4
  -1   99     -0.829      0.716      0.000 4
  98  102     -0.825     -0.928      0.000 4
 102   97     -0.826      0.401      0.000 4
 100   -2     -0.826      0.711      0.000 4
 104   98     -0.822     -0.263      0.000 4
 101  104     -0.821      0.892      0.000 4
 103  106     -0.817     -0.878      0.000 4
 106  101     -0.817     -0.051      0.000 4
 105  107     -0.812      0.559      0.000 4
 107  105     -0.811     -0.433      0.000 4
 109  103     -0.811     -0.192      0.000 4
 108  108     -0.806      0.679      0.000 4
 110  110     -0.803      0.523      0.000 4
 112  109     -0.801     -0.441      0.000 4
 113  112     -0.798     -0.988      0.000 4
 114  111     -0.796     -0.310      0.000 4
 115  114     -0.794     -0.274      0.000 4
 111  117     -0.793     -0.940      0.000 4
 116  113     -0.794      0.135      0.000 4
 118  115     -0.791      0.098      0.000 4
 117  118     -0.785      0.584      0.000 4
 119  116     -0.784     -0.186      0.000 4
 120  121     -0.768      0.568      0.000 4
 124  119     -0.766      0.221      0.000 4
 122  122     -0.764     -0.623      0.000 4
 125  120     -0.763     -0.252      0.000 4
 121  125     -0.761     -0.850      0.000 4
 127  123     -0.758     -0.465      0.000 4
 126  129     -0.755      0.591      0.000 4
 123  131     -0.754     -0.965      0.000 4
 129  127     -0.753     -0.497      0.000 4
 131  126     -0.753      0.364      0.000 4
 133  124     -0.752     -0.313      0.000 4
 130  130     -0.752      0.479      0.000 4
 128  133     -0.751      0.731      0.000 4
 136  128     -0.748     -0.229      0.000 4
 132  134     -0.747      0.549      0.000 4
 134  132     -0.745     -0.519      0.000 4
 138  136     -0.739      0.522      0.000 4
 137  139     -0.739      0.584      0.000 4
 135  142     -0.737     -0.881      0.000 4
 139  137     -0.738     -0.549      0.000 4
 141  138     -0.737      0.470      0.000 4
 143  135     -0.734     -0.190      0.000 4
 140  144     -0.732      0.805      0.000 4
 145  141     -0.729      0.316      0.000 4
 147  140     -0.728      0.039      0.000 4
 146  143     -0.724     -0.446      0.000 4
 142  151     -0.722     -0.995      0.000 4
 144  152     -0.720     -0.828      0.000 4
 148  146     -0.719      0.194      0.000 4
 149  145     -0.719      0.064      0.000 4
 152  147     -0.715     -0.240      0.000 4
 151  148     -0.714     -0.354      0.000 4
 154  149     -0.711      0.161      0.000 4
 150  154     -0.710     -0.562      0.000 4
 155  150     -0.709      0.040      0.000 4
 153  156     -0.708      0.521      0.000 4
 157  153     -0.706     -0.212      0.000 4
 159  155     -0.703      0.258      0.000 4
 163  157     -0.694     -0.425      0.000 4
 156  162     -0.692     -0.852      0.000 4
 161  159     -0.692      0.695      0.000 4
 158  163     -0.692      0.929      0.000 4
 160  166     -0.689     -0.900      0.000 4
 162  168     -0.685     -0.755      0.000 4
 168  160     -0.682      0.224      0.000 4
 169  158     -0.681     -0.087      0.000 4
 164  169     -0.681      0.543      0.000 4
 166  167     -0.681     -0.516      0.000 4
 170  161     -0.678      0.029      0.000 4
 165  170     -0.677     -0.712      0.000 4
 171  164     -0.675      0.067      0.000 4
 172  165     -0.674     -0.057      0.000 4
 167  172     -0.672      0.969      0.000 4
 178  171     -0.657     -0.148      0.000 4
 177  173     -0.656      0.271      0.000 4
 173  175     -0.655      0.620      0.000 4
 174  176     -0.654      0.588      0.000 4
 176  178     -0.649      0.638      0.000 4
 175  180     -0.645      0.880      0.000 4
 184  174     -0.644     -0.201      0.000 4
 183  177     -0.644      0.332      0.000 4
 182  179     -0.642     -0.449      0.000 4
 180  182     -0.641      0.683      0.000 4
 181  181     -0.640      0.618      0.000 4
 179  185     -0.636     -0.982      0.000 4
 185  184     -0.633      0.509      0.000 4
 190  183     -0.626     -0.027      0.000 4
 195  186     -0.619      0.016      0.000 4
 194  187     -0.618     -0.177      0.000 4
 186  191     -0.618      0.823      0.000 4
 189  189     -0.616     -0.589      0.000 4
 188  192     -0.615      0.718      0.000 4
 187  194     -0.614      0.893      0.000 4
 191  190     -0.614      0.589      0.000 4
 192  195     -0.609      0.794      0.000 4
 200  188     -0.608     -0.079      0.000 4
 193  196     -0.606     -0.742      0.000 4
 196  198     -0.601     -0.815      0.000 4
 199  197     -0.599      0.578      0.000 4
 197  201     -0.599      0.855      0.000 4
  -1   -2     -0.598     -0.740      0.000 4
  -1  199     -0.598     -0.042      0.000 4
 202  203     -0.586      0.543      0.000 4
 201  210     -0.583     -0.041      0.000 4
 205  202     -0.582      0.283      0.000 4
 203  204     -0.581      0.536      0.000 4
 206  206     -0.577      0.495      0.000 4
 204  212     -0.573      0.738      0.000 4
 209  208     -0.571      0.488      0.000 4
 215  205     -0.570     -0.171      0.000 4
 211  209     -0.569      0.464      0.000 4
 210  211     -0.568      0.526      0.000 4
 207  217     -0.567      0.932      0.000 4
 218  207     -0.565     -0.182      0.000 4
 217  213     -0.562     -0.487      0.000 4
 213  219     -0.560     -0.725      0.000 4
 212  222     -0.560     -0.765      0.000 4
 208   -2     -0.559     -0.038      0.000 4
 216  218     -0.558     -0.625      0.000 4
 214  225     -0.554      0.824      0.000 4
 223  214     -0.554     -0.216      0.000 4
 219  223     -0.552     -0.530      0.000 4
 224  215     -0.551     -0.168      0.000 4
 221  224     -0.549     -0.988      0.000 4
 230  221     -0.547      0.178      0.000 4
 235  220     -0.545     -0.033      0.000 4
 222  228     -0.543      0.702      0.000 4
 227  227     -0.541     -0.495      0.000 4
 234  226     -0.541      0.307      0.000 4
 226  230     -0.538     -0.620      0.000 4
 229  233     -0.535     -0.662      0.000 4
 225  235     -0.535     -0.749      0.000 4
 231  234     -0.534      0.661      0.000 4
 228  241     -0.532      0.794      0.000 4
 238  231     -0.532      0.419      0.000 4
 236  238     -0.532      0.645      0.000 4
 232  244     -0.530      0.830      0.000 4
 233  243     -0.529     -0.792      0.000 4
 241  229     -0.528      0.084      0.000 4
 239  237     -0.526     -0.467      0.000 4
 237  247     -0.525      0.871      0.000 4
 244  232     -0.524     -0.056      0.000 4
 242  240     -0.521     -0.379      0.000 4
  -1   -2     -0.519      0.013      0.000 4
 247  239     -0.519      0.158      0.000 4
 240  249     -0.519      0.592      0.000 4
 251  242     -0.515     -0.144      0.000 4
 252  245     -0.513      0.018      0.000 4
 250  248     -0.512      0.344      0.000 4
 253  246     -0.511      0.139      0.000 4
 246  250     -0.510      0.601      0.000 4
 245  253     -0.507      0.806      0.000 4
 243  255     -0.506      0.841      0.000 4
 248  257     -0.503      0.782      0.000 4
 259  251     -0.497     -0.241      0.000 4
 257  254     -0.497      0.422      0.000 4
 254  260     -0.494      0.915      0.000 4
 255  259     -0.492     -0.717      0.000 4
 264  252     -0.490     -0.102      0.000 4
 266  256     -0.489     -0.094      0.000 4
 258  263     -0.488      0.721      0.000 4
 256  265     -0.487      0.905      0.000 4
 262  264     -0.483     -0.591      0.000 4
 270  258     -0.482     -0.300      0.000 4
 265  262     -0.482      0.438      0.000 4
 261  266     -0.481      0.652      0.000 4
 260  267     -0.478     -0.912      0.000 4
 273  261     -0.476     -0.227      0.000 4
 263  270     -0.475     -0.843      0.000 4
 267  269     -0.474      0.713      0.000 4
 271  268     -0.472      0.612      0.000 4
 268  275     -0.470      0.990      0.000 4
 269  276     -0.467     -0.984      0.000 4
 272  273     -0.467      0.705      0.000 4
 274  274     -0.463      0.571      0.000 4
 276  271     -0.463      0.370      0.000 4
  -1   -2     -0.456      0.704      0.000 4
 281  272     -0.456     -0.303      0.000 4
 278  281     -0.450      0.715      0.000 4
 280  280     -0.449      0.563      0.000 4
 277  286     -0.448     -0.894      0.000 4
 279  287     -0.447      0.987      0.000 4
 285  278     -0.441     -0.059      0.000 4
 286  279     -0.441     -0.096      0.000 4
 284  282     -0.439     -0.366      0.000 4
 287  284     -0.436      0.252      0.000 4
 290  283     -0.435      0.123      0.000 4
 282  289     -0.434     -0.718      0.000 4
 291  285     -0.433     -0.237      0.000 4
 289  288     -0.431     -0.405      0.000 4
 283  293     -0.430      0.997      0.000 4
 288  296     -0.422      0.943      0.000 4
 296  291     -0.421      0.300      0.000 4
 294  292     -0.420     -0.443      0.000 4
 301  290     -0.420      0.121      0.000 4
 297  294     -0.416      0.463      0.000 4
 298  295     -0.414     -0.495      0.000 4
 292  303     -0.414      0.923      0.000 4
 293  304     -0.411     -0.837      0.000 4
 295  305     -0.410      0.794      0.000 4
 302  300     -0.409     -0.617      0.000 4
 303  298     -0.408      0.466      0.000 4
 300  306     -0.407     -0.713      0.000 4
 299  307     -0.407      0.726      0.000 4
 306  309     -0.401      0.554      0.000 4
 309  297     -0.401     -0.015      0.000 4
 304  311     -0.401      0.747      0.000 4
 308  299     -0.400      0.127      0.000 4
 310  301     -0.399      0.169      0.000 4
 305  314     -0.398      0.953      0.000 4
 311  302     -0.397      0.081      0.000 4
 314  308     -0.393      0.142      0.000 4
 307  318     -0.390      0.752      0.000 4
 317  310     -0.389     -0.047      0.000 4
 318  312     -0.386     -0.239      0.000 4
 316  315     -0.385      0.340      0.000 4
 319  316     -0.383      0.253      0.000 4
 323  313     -0.382     -0.118      0.000 4
 315  319     -0.381     -0.571      0.000 4
 312  320     -0.381      0.807      0.000 4
 325  317     -0.380      0.129      0.000 4
 313  322     -0.379      0.948      0.000 4
 321  321     -0.375      0.595      0.000 4
 320  324     -0.372     -0.755      0.000 4
 324  323     -0.371      0.580      0.000 4
 322  327     -0.369     -0.993      0.000 4
 326  326     -0.365     -0.669      0.000 4
 330  325     -0.357      0.293      0.000 4
 328  329     -0.354      0.681      0.000 4
 327  330     -0.353      0.922      0.000 4
 333  328     -0.350     -0.200      0.000 4
 329  331     -0.347      0.744      0.000 4
 331  332     -0.346     -0.782      0.000 4
 332  334     -0.345      0.782      0.000 4
 335  333     -0.340     -0.544      0.000 4
 334  336     -0.336      0.859      0.000 4
 336  337     -0.333     -0.804      0.000 4
 337  339     -0.332     -0.891      0.000 4
 338  341     -0.328      0.979      0.000 4
 341  335     -0.326      0.044      0.000 4
 339  343     -0.321     -0.835      0.000 4
 340  340     -0.321      0.409      0.000 4
 343  338     -0.319     -0.049      0.000 4
 342  342     -0.316      0.477      0.000 4
 348  344     -0.307     -0.212      0.000 4
 345  345     -0.306      0.460      0.000 4
 347  347     -0.303     -0.425      0.000 4
 344  348     -0.303      0.696      0.000 4
 351  346     -0.300      0.140      0.000 4
 350  349     -0.298     -0.988      0.000 4
 349  350     -0.297     -0.563      0.000 4
 346  355     -0.297      0.871      0.000 4
 353  353     -0.292      0.496      0.000 4
 355  351     -0.291      0.302      0.000 4
 352  361     -0.291      0.635      0.000 4
 354  362     -0.289     -0.607      0.000 4
 361  352     -0.287     -0.053      0.000 4
 360  354     -0.286     -0.274      0.000 4
 358  358     -0.286      0.369      0.000 4
 362  359     -0.284     -0.291      0.000 4
 363  356     -0.283     -0.036      0.000 4
 357  363     -0.283     -0.552      0.000 4
 364  357     -0.282     -0.122      0.000 4
 359  364     -0.282      0.498      0.000 4
 366  360     -0.282     -0.097      0.000 4
 356  367     -0.281      0.823      0.000 4
 367  365     -0.278     -0.381      0.000 4
 365  369     -0.274     -0.593      0.000 4
 371  366     -0.272     -0.224      0.000 4
 373  370     -0.268     -0.350      0.000 4
 375  368     -0.268     -0.113      0.000 4
 369  371     -0.267     -0.622      0.000 4
 368  373     -0.264     -0.874      0.000 4
 370  376     -0.262     -0.902      0.000 4
 374  375     -0.262      0.641      0.000 4
 372  378     -0.261      0.935      0.000 4
 376  374     -0.260      0.556      0.000 4
 378  372     -0.257     -0.223      0.000 4
 379  377     -0.252     -0.365      0.000 4
 377  381     -0.251      0.987      0.000 4
 380  380     -0.247     -0.542      0.000 4
 382  379     -0.246     -0.032      0.000 4
 381  385     -0.240     -0.844      0.000 4
 384  382     -0.239      0.107      0.000 4
 383  383     -0.237      0.311      0.000 4
 385  384     -0.235      0.332      0.000 4
 389  386     -0.231     -0.325      0.000 4
 387  387     -0.230     -0.510      0.000 4
 386  389     -0.229      0.692      0.000 4
 388  390     -0.226      0.621      0.000 4
 390  388     -0.225      0.459      0.000 4
 391  391     -0.222      0.555      0.000 4
 393  392     -0.220     -0.510      0.000 4
 392  394     -0.216      0.967      0.000 4
  -1   -2     -0.210     -0.411      0.000 4
 395  395     -0.209     -0.419      0.000 4
 396  396     -0.207     -0.475      0.000 4
 397  397     -0.205      0.536      0.000 4
 398  399     -0.203      0.675      0.000 4
 399  398     -0.200      0.112      0.000 4
 400  402     -0.189      0.965      0.000 4
 402  401     -0.185     -0.611      0.000 4
 401  403     -0.184      0.603      0.000 4
 403  407     -0.183      0.747      0.000 4
 409  400     -0.182     -0.042      0.000 4
 407  405     -0.180      0.413      0.000 4
  -1  406     -0.180      0.335      0.000 4
 404  411     -0.179     -0.700      0.000 4
 408   -2     -0.178      0.343      0.000 4
 411  408     -0.177     -0.406      0.000 4
 405  412     -0.176      0.835      0.000 4
 406  414     -0.176      0.900      0.000 4
 413  409     -0.175      0.163      0.000 4
 415  410     -0.174      0.146      0.000 4
 412  415     -0.173      0.777      0.000 4
 416  416     -0.169      0.572      0.000 4
 417  417     -0.169     -0.647      0.000 4
 419  413     -0.169     -0.192      0.000 4
 414  423     -0.166     -0.981      0.000 4
 418  420     -0.165     -0.593      0.000 4
 420  422     -0.164     -0.520      0.000 4
 423  418     -0.164     -0.166      0.000 4
 422  421     -0.162     -0.385      0.000 4
 424  419     -0.162      0.129      0.000 4
 421  424     -0.162      0.628      0.000 4
 425  425     -0.157     -0.240      0.000 4
 426  426     -0.154     -0.222      0.000 4
 427  427     -0.146      0.347      0.000 4
 431  428     -0.138     -0.283      0.000 4
 428  429     -0.137     -0.777      0.000 4
 429  432     -0.136      0.781      0.000 4
 430  431     -0.135      0.700      0.000 4
 432  433     -0.133      0.803      0.000 4
 434  430     -0.132      0.220      0.000 4
 433  434     -0.129     -0.868      0.000 4
 435  438     -0.127      0.958      0.000 4
 437  437     -0.124      0.524      0.000 4
 436  439     -0.123     -0.784      0.000 4
 438  435     -0.123     -0.216      0.000 4
 439  436     -0.122     -0.143      0.000 4
 441  440     -0.117      0.160      0.000 4
 440  443     -0.113      0.722      0.000 4
 443  441     -0.112      0.001      0.000 4
 444  442     -0.111     -0.047      0.000 4
 442  444     -0.110     -0.537      0.000 4
 445  445     -0.108     -0.468      0.000 4
  -1   -2     -0.105      0.451      0.000 4
 448  447     -0.105      0.463      0.000 4
 446  449     -0.105      0.678      0.000 4
 449  448     -0.103      0.347      0.000 4
 450  450     -0.101     -0.409      0.000 4
 451  451     -0.093     -0.264      0.000 4
 453  452     -0.081     -0.017      0.000 4
 452  453     -0.080     -0.523      0.000 4
 454  454     -0.076     -0.450      0.000 4
 455  456     -0.072      0.911      0.000 4
 457  457     -0.071      0.549      0.000 4
 456  460     -0.071      0.799      0.000 4
 459  455     -0.070     -0.185      0.000 4
 458  461     -0.070     -0.568      0.000 4
 460  459     -0.069     -0.354      0.000 4
 461  458     -0.069      0.199      0.000 4
 462  462     -0.064      0.346      0.000 4
 464  463     -0.062      0.427      0.000 4
 463  464     -0.062      0.970      0.000 4
 465  466     -0.057     -0.883      0.000 4
 466  465     -0.056     -0.048      0.000 4
 467  467     -0.054     -0.380      0.000 4
 468  468     -0.053     -0.902      0.000 4
 469  469     -0.052     -0.703      0.000 4
 472  470     -0.051      0.049      0.000 4
 471  471     -0.051      0.034      0.000 4
 470  472     -0.051     -0.973      0.000 4
 473  476     -0.049     -0.727      0.000 4
 476  473     -0.050     -0.076      0.000 4
 474  474     -0.049     -0.988      0.000 4
 475  475     -0.049      0.410      0.000 4
 477  477     -0.048     -0.413      0.000 4
 478  478     -0.048     -0.513      0.000 4
 479  480     -0.048      0.709      0.000 4
 480  479     -0.047      0.281      0.000 4
 481  481     -0.042     -0.597      0.000 4
 482  482     -0.039      0.179      0.000 4
 483  483     -0.037     -0.868      0.000 4
 484  484     -0.036      0.487      0.000 4
 485  485     -0.036      0.897      0.000 4
 486  486     -0.036      0.320      0.000 4
 487  487     -0.034      0.066      0.000 4
 488  488     -0.033     -0.410      0.000 4
 489  489     -0.033      0.710      0.000 4
 490  490     -0.031     -0.788      0.000 4
 491  491     -0.031      0.205      0.000 4
 492  492     -0.030     -0.232      0.000 4
 493  494     -0.030      0.798      0.000 4
 494  493     -0.029     -0.491      0.000 4
 495  495     -0.028      0.935      0.000 4
 496  496     -0.028      0.097      0.000 4
 497  497     -0.024      0.125      0.000 4
 498  498     -0.023     -0.603      0.000 4
 499  499     -0.023      0.012      0.000 4
 500  500     -0.021     -0.380      0.000 4
 501  501     -0.021     -0.464      0.000 4
 502  502     -0.021      0.594      0.000 4
 503  503     -0.018     -0.413      0.000 4
 504  504     -0.016     -0.661      0.000 4
  -1   -2     -0.014     -0.460      0.000 4
 506  505     -0.014      0.971      0.000 4
 507  507     -0.013     -0.563      0.000 4
 508  508     -0.013     -0.591      0.000 4
 509  509     -0.012      0.218      0.000 4
 510  511      0.006      0.038      0.000 4
 511  510      0.006     -0.347      0.000 4
 513  512      0.009      0.752      0.000 4
 512  516      0.011     -0.202      0.000 4
 515  513      0.011     -0.666      0.000 4
 514  515      0.011      0.477      0.000 4
 517  514      0.012      0.684      0.000 4
 516  517      0.013      0.203      0.000 4
 519  518      0.017      0.671      0.000 4
 518  519      0.018     -0.646      0.000 4
 520  520      0.023     -0.300      0.000 4
 521  522      0.028      0.049      0.000 4
 522  521      0.029      0.495      0.000 4
 523  523      0.031     -0.099      0.000 4
 524  525      0.033     -0.080      0.000 4
 525  526      0.033     -0.171      0.000 4
 526  524      0.035     -0.955      0.000 4
 527  528      0.039      0.109      0.000 4
 528  527      0.042     -0.752      0.000 4
 529  529      0.046     -0.444      0.000 4
 530  532      0.048     -0.173      0.000 4
 532  531      0.048      0.303      0.000 4
 533  530      0.048     -0.640      0.000 4
 531  533      0.048      0.076      0.000 4
 534  534      0.053      0.852      0.000 4
 536  535      0.055     -0.905      0.000 4
 537  538      0.058     -0.360      0.000 4
 535  540      0.058      0.143      0.000 4
 539  537      0.060      0.710      0.000 4
 540  536      0.061     -0.827      0.000 4
 538  542      0.062      0.267      0.000 4
 541  539      0.062     -0.961      0.000 4
 542  541      0.063      0.932      0.000 4
 543  543      0.067      0.644      0.000 4
 544  548      0.074     -0.001      0.000 4
 546  546      0.074     -0.556      0.000 4
 547  545      0.074      0.626      0.000 4
 548  544      0.075     -0.880      0.000 4
 545  547      0.075      0.330      0.000 4
 549  549      0.087     -0.956      0.000 4
 551  550      0.092      0.817      0.000 4
 553  551      0.093     -0.853      0.000 4
 550  554      0.095     -0.348      0.000 4
 552  557      0.098     -0.255      0.000 4
 555  552      0.099     -0.963      0.000 4
 557  553      0.099      0.941      0.000 4
 554  559      0.102      0.043      0.000 4
 558  555      0.103     -0.846      0.000 4
 560  556      0.103     -0.970      0.000 4
 556  560      0.104     -0.369      0.000 4
 561  558      0.107     -0.908      0.000 4
 563  561      0.109      0.716      0.000 4
 559  563      0.110      0.182      0.000 4
 562  562      0.112     -0.471      0.000 4
 565  565      0.115      0.473      0.000 4
 564  568      0.115      0.158      0.000 4
 567  564      0.116      0.757      0.000 4
 568  567      0.119     -0.604      0.000 4
 566  570      0.120      0.179      0.000 4
 570  566      0.121      0.864      0.000 4
 569  569      0.121     -0.512      0.000 4
 571  573      0.126     -0.446      0.000 4
 573  571      0.128      0.852      0.000 4
 576  572      0.131     -0.922      0.000 4
 572  574      0.132     -0.431      0.000 4
 574  575      0.135      0.249      0.000 4
 575  577      0.139      0.042      0.000 4
 577  580      0.141     -0.048      0.000 4
 578  581      0.143     -0.153      0.000 4
 581  576      0.144     -0.915      0.000 4
 579  582      0.148     -0.175      0.000 4
 583  578      0.149      0.819      0.000 4
 580  583      0.150      0.067      0.000 4
 584  579      0.151      0.949      0.000 4
 582  586      0.156     -0.046      0.000 4
 586  585      0.157      0.482      0.000 4
 588  584      0.158     -0.619      0.000 4
 585  588      0.161     -0.163      0.000 4
 587  591      0.163      0.012      0.000 4
 589  589      0.163      0.234      0.000 4
  -1   -2      0.164     -0.448      0.000 4
 591  590      0.167     -0.458      0.000 4
 592  592      0.169      0.301      0.000 4
 594  595      0.173      0.336      0.000 4
 593  596      0.173      0.051      0.000 4
 595  594      0.174      0.411      0.000 4
 597  593      0.175      0.630      0.000 4
 596  598      0.177     -0.406      0.000 4
 601  597      0.185      0.973      0.000 4
 598  600      0.189     -0.428      0.000 4
 603  599      0.190      0.664      0.000 4
 600  601      0.191     -0.410      0.000 4
 599  603      0.193     -0.184      0.000 4
 604  602      0.196     -0.469      0.000 4
 602  608      0.197      0.100      0.000 4
 606  604      0.199      0.512      0.000 4
 607  605      0.201     -0.987      0.000 4
 609  606      0.203     -0.581      0.000 4
 605  611      0.204      0.046      0.000 4
 611  607      0.205      0.600      0.000 4
 612  610      0.207     -0.548      0.000 4
 608  617      0.208     -0.030      0.000 4
 610  614      0.210      0.246      0.000 4
 617  609      0.211     -0.802      0.000 4
 614  619      0.215      0.337      0.000 4
 613  621      0.216     -0.015      0.000 4
 621  613      0.218      0.761      0.000 4
 622  612      0.218     -0.840      0.000 4
 620  615      0.219      0.711      0.000 4
 615  624      0.220     -0.271      0.000 4
 625  616      0.221     -0.962      0.000 4
 618  623      0.221     -0.317      0.000 4
 616  626      0.222     -0.141      0.000 4
 626  618      0.222      0.873      0.000 4
 624  620      0.223      0.640      0.000 4
 623  622      0.224      0.506      0.000 4
 619  627      0.228      0.067      0.000 4
 628  625      0.230     -0.791      0.000 4
 629  628      0.236     -0.563      0.000 4
 630  631      0.239     -0.498      0.000 4
 627  632      0.241      0.132      0.000 4
 632  630      0.242     -0.782      0.000 4
 633  629      0.243     -0.843      0.000 4
 631  633      0.248     -0.195      0.000 4
 634  635      0.256      0.159      0.000 4
 636  636      0.259      0.350      0.000 4
 635  639      0.261      0.144      0.000 4
 637  637      0.263      0.279      0.000 4
 640  634      0.264     -0.701      0.000 4
 638  640      0.266     -0.134      0.000 4
 639  643      0.269      0.070      0.000 4
 642  641      0.273     -0.506      0.000 4
 645  638      0.274      0.858      0.000 4
 641  647      0.276      0.063      0.000 4
 650  642      0.281     -0.801      0.000 4
 643  651      0.282     -0.325      0.000 4
 656  645      0.284      0.789      0.000 4
 658  644      0.286     -0.994      0.000 4
 652  646      0.286      0.601      0.000 4
 649  649      0.286      0.478      0.000 4
 644  654      0.286     -0.081      0.000 4
 654  648      0.287     -0.632      0.000 4
 655  652      0.288      0.542      0.000 4
 646  658      0.290      0.036      0.000 4
 651  655      0.291     -0.374      0.000 4
 659  650      0.291      0.690      0.000 4
 647  660      0.292     -0.187      0.000 4
 648  661      0.293      0.111      0.000 4
 653  664      0.297     -0.100      0.000 4
 657  663      0.298      0.169      0.000 4
 661  653      0.299     -0.793      0.000 4
 662  656      0.302      0.863      0.000 4
 660  662      0.303      0.420      0.000 4
  -1   -2      0.305      0.805      0.000 4
 666  657      0.306     -0.954      0.000 4
 663  667      0.311      0.435      0.000 4
 675  665      0.317     -0.982      0.000 4
 672  666      0.317      0.808      0.000 4
 669  668      0.318     -0.593      0.000 4
 667  670      0.320      0.345      0.000 4
 668  671      0.321     -0.424      0.000 4
 665  677      0.322     -0.095      0.000 4
 677  669      0.323     -0.737      0.000 4
 671  676      0.326     -0.384      0.000 4
 678  672      0.327      0.560      0.000 4
 676  675      0.328      0.466      0.000 4
 670  678      0.329      0.003      0.000 4
 679  674      0.330      0.612      0.000 4
 674  681      0.332     -0.223      0.000 4
 673  682      0.333     -0.019      0.000 4
 684  673      0.334      0.844      0.000 4
 681  679      0.339     -0.548      0.000 4
 683  680      0.340     -0.566      0.000 4
 680  684      0.343     -0.250      0.000 4
 682  687      0.345      0.253      0.000 4
 686  689      0.351      0.463      0.000 4
 685  693      0.353     -0.295      0.000 4
 690  683      0.354      0.764      0.000 4
 689  685      0.354     -0.695      0.000 4
 688  688      0.355     -0.662      0.000 4
 687  692      0.357      0.449      0.000 4
 691  690      0.358     -0.757      0.000 4
 693  686      0.359     -0.894      0.000 4
 692  691      0.360     -0.740      0.000 4
 698  694      0.368     -0.822      0.000 4
 701  695      0.370      0.991      0.000 4
 702  696      0.370     -0.977      0.000 4
 704  697      0.372      0.945      0.000 4
 700  698      0.373     -0.720      0.000 4
 696  700      0.374      0.418      0.000 4
 695  703      0.376      0.331      0.000 4
 706  699      0.377      0.827      0.000 4
 697  704      0.377     -0.434      0.000 4
 694  705      0.379     -0.077      0.000 4
 707  701      0.383     -0.769      0.000 4
 710  702      0.385      0.867      0.000 4
 699  707      0.386      0.147      0.000 4
 703  708      0.388      0.099      0.000 4
 708  706      0.390      0.498      0.000 4
 705  710      0.391      0.218      0.000 4
 711  709      0.397      0.461      0.000 4
 709  712      0.397     -0.274      0.000 4
 719  711      0.405      0.689      0.000 4
 715  714      0.406      0.377      0.000 4
 713  716      0.407      0.173      0.000 4
 712  717      0.408      0.040      0.000 4
 717  715      0.409     -0.382      0.000 4
 714  718      0.410      0.149      0.000 4
 716  721      0.412     -0.164      0.000 4
 718  722      0.416      0.027      0.000 4
 723  713      0.416      0.802      0.000 4
 721  720      0.418      0.413      0.000 4
 720  724      0.423      0.098      0.000 4
 726  719      0.424      0.627      0.000 4
 724  723      0.426     -0.449      0.000 4
 722  728      0.426      0.134      0.000 4
 727  725      0.431      0.435      0.000 4
 725  730      0.435      0.073      0.000 4
 730  729      0.437     -0.536      0.000 4
 732  726      0.438     -0.713      0.000 4
 733  727      0.439     -0.703      0.000 4
 728  733      0.440      0.082      0.000 4
 729  734      0.441      0.006      0.000 4
 731  732      0.443      0.305      0.000 4
 734   -2      0.450     -0.987      0.000 4
 735  731      0.454      0.750      0.000 4
 736  737      0.462      0.528      0.000 4
 739  735      0.463     -0.994      0.000 4
 741  736      0.468     -0.840      0.000 4
 737  743      0.474      0.136      0.000 4
 740  741      0.474     -0.589      0.000 4
 743  738      0.475      0.934      0.000 4
 746  739      0.476      0.920      0.000 4
 748  740      0.477     -0.915      0.000 4
 738  746      0.479     -0.193      0.000 4
 749  742      0.486      0.668      0.000 4
 742  753      0.489      0.046      0.000 4
 751  745      0.489      0.573      0.000 4
 752  744      0.490     -0.693      0.000 4
 747  752      0.491      0.310      0.000 4
 744  757      0.493     -0.168      0.000 4
 750  750      0.494      0.408      0.000 4
 745  759      0.494     -0.115      0.000 4
 758  747      0.495     -0.805      0.000 4
 756  749      0.496      0.601      0.000 4
 753  755      0.497      0.432      0.000 4
 761  748      0.498      0.874      0.000 4
 754  758      0.500     -0.430      0.000 4
 760  754      0.502     -0.659      0.000 4
 765  751      0.505     -0.994      0.000 4
 762  761      0.506     -0.590      0.000 4
 755  763      0.506      0.187      0.000 4
 763  762      0.507     -0.546      0.000 4
 757  765      0.508     -0.163      0.000 4
 764  760      0.509      0.627      0.000 4
 769  756      0.510      0.858      0.000 4
 759  766      0.513     -0.271      0.000 4
 773  764      0.521     -0.795      0.000 4
 768  767      0.523     -0.334      0.000 4
 767  768      0.524      0.138      0.000 4
 766  769      0.525     -0.076      0.000 4
 770  772      0.527      0.050      0.000 4
 771  773      0.527      0.039      0.000 4
 772  770      0.530      0.315      0.000 4
 776  771      0.537     -0.575      0.000 4
 775  774      0.540     -0.413      0.000 4
 774  779      0.546     -0.081      0.000 4
 778  777      0.551     -0.509      0.000 4
 779  776      0.552     -0.573      0.000 4
 777  782      0.552     -0.130      0.000 4
 780  778      0.553     -0.565      0.000 4
 784  775      0.555     -0.911      0.000 4
 782  783      0.560      0.457      0.000 4
 787  781      0.564      0.663      0.000 4
 786  786      0.565     -0.609      0.000 4
 789  780      0.566     -0.917      0.000 4
 788  784      0.567      0.688      0.000 4
 781  791      0.568      0.028      0.000 4
 792  785      0.571      0.899      0.000 4
 783  792      0.571     -0.142      0.000 4
 791  788      0.573     -0.635      0.000 4
 785  795      0.574      0.073      0.000 4
 795  787      0.574     -0.904      0.000 4
 793  790      0.577     -0.659      0.000 4
 796  789      0.579      0.756      0.000 4
 790  798      0.582      0.267      0.000 4
 797  797      0.586      0.488      0.000 4
 803  794      0.589      0.762      0.000 4
 807  793      0.590      0.948      0.000 4
 800  799      0.591      0.500      0.000 4
 808  796      0.591      0.824      0.000 4
 794  804      0.592      0.004      0.000 4
 799  801      0.593      0.376      0.000 4
 798  806      0.596     -0.200      0.000 4
 809  800      0.597     -0.617      0.000 4
 801  808      0.600     -0.145      0.000 4
 811  802      0.601      0.639      0.000 4
 805  807      0.601      0.326      0.000 4
 802  810      0.602     -0.131      0.000 4
 806  809      0.604      0.236      0.000 4
 804  814      0.606      0.020      0.000 4
 810  811      0.607      0.245      0.000 4
 814  803      0.608      0.963      0.000 4
 813  805      0.608     -0.755      0.000 4
 812  815      0.618      0.130      0.000 4
 815  812      0.619      0.721      0.000 4
 819  813      0.623     -0.919      0.000 4
 816  817      0.627     -0.413      0.000 4
 817  820      0.634     -0.108      0.000 4
 820  816      0.637      0.771      0.000 4
 818  826      0.639      0.099      0.000 4
 821  819      0.642     -0.641      0.000 4
 823  818      0.646      0.809      0.000 4
 822  827      0.647      0.480      0.000 4
 824  822      0.649     -0.714      0.000 4
 827  823      0.652      0.858      0.000 4
 825  824      0.652      0.703      0.000 4
 829  821      0.652     -0.937      0.000 4
 828  825      0.653     -0.779      0.000 4
 830  828      0.657     -0.884      0.000 4
 826  834      0.665      0.221      0.000 4
 831  829      0.666     -0.896      0.000 4
 838  830      0.672      0.886      0.000 4
 835  832      0.673      0.676      0.000 4
 839  831      0.675      0.813      0.000 4
 842  833      0.676     -0.861      0.000 4
 841  835      0.677      0.776      0.000 4
 836  837      0.678     -0.506      0.000 4
 833  840      0.681     -0.274      0.000 4
 832  841      0.681     -0.237      0.000 4
 843  836      0.681     -0.743      0.000 4
 834  843      0.683      0.053      0.000 4
 840  844      0.686     -0.349      0.000 4
 837  845      0.686     -0.116      0.000 4
 847  839      0.688     -0.755      0.000 4
 848  838      0.689      0.909      0.000 4
  -1   -2      0.693     -0.353      0.000 4
 844  850      0.695     -0.214      0.000 4
 849  847      0.696      0.551      0.000 4
 853  842      0.697     -0.894      0.000 4
 846  855      0.697      0.064      0.000 4
  -1  853      0.701      0.512      0.000 4
 851  849      0.700     -0.987      0.000 4
 850  856      0.702      0.322      0.000 4
 857  846      0.702     -0.950      0.000 4
 854  851      0.704      0.575      0.000 4
 855  854      0.705      0.548      0.000 4
 852   -2      0.706      0.514      0.000 4
 859  852      0.709     -0.897      0.000 4
 856  858      0.712     -0.393      0.000 4
 860  857      0.712     -0.844      0.000 4
 858  862      0.722     -0.083      0.000 4
 861  859      0.723      0.776      0.000 4
 862  863      0.732      0.398      0.000 4
 865  860      0.734     -0.834      0.000 4
 868  861      0.735      0.857      0.000 4
 869  864      0.741     -0.595      0.000 4
 863  869      0.742      0.067      0.000 4
 864  872      0.745     -0.205      0.000 4
 870  867      0.745     -0.525      0.000 4
 867  875      0.747     -0.150      0.000 4
 866  876      0.747     -0.065      0.000 4
 871  866      0.748      0.979      0.000 4
 872  865      0.747     -0.955      0.000 4
 873  868      0.751      0.748      0.000 4
  -1   -2      0.752     -0.728      0.000 4
 878  871      0.754     -0.992      0.000 4
 876  873      0.755     -0.717      0.000 4
 880  874      0.758      0.902      0.000 4
 875  880      0.765      0.075      0.000 4
 877  881      0.765      0.058      0.000 4
 882  877      0.766      0.929      0.000 4
 879  882      0.767      0.210      0.000 4
 881  883      0.770      0.288      0.000 4
 884  878      0.774      0.835      0.000 4
 885  879      0.774     -0.834      0.000 4
 883  884      0.777     -0.539      0.000 4
 890  885      0.787      0.916      0.000 4
 887  892      0.789     -0.260      0.000 4
 886  893      0.789      0.040      0.000 4
 889  886      0.790      0.591      0.000 4
 891  889      0.792      0.545      0.000 4
 888  894      0.794      0.336      0.000 4
 895  888      0.794      0.682      0.000 4
 896  887      0.794     -0.993      0.000 4
 894  891      0.795      0.612      0.000 4
 900  890      0.798      0.962      0.000 4
 893  897      0.800     -0.293      0.000 4
 892  899      0.800      0.178      0.000 4
 897  898      0.802     -0.438      0.000 4
 904  896      0.803     -0.617      0.000 4
 905  895      0.805      0.705      0.000 4
 898  904      0.805     -0.227      0.000 4
 903  901      0.805     -0.487      0.000 4
 899  906      0.806     -0.186      0.000 4
 901  908      0.808      0.165      0.000 4
 902  909      0.809      0.137      0.000 4
 907  900      0.810      0.755      0.000 4
 906  903      0.809     -0.595      0.000 4
 908  902      0.812      0.801      0.000 4
 909  907      0.814      0.641      0.000 4
 911  905      0.815      0.882      0.000 4
 912  910      0.818      0.920      0.000 4
 910  912      0.819      0.315      0.000 4
 917  911      0.825     -0.851      0.000 4
 915  913      0.827      0.515      0.000 4
 913  916      0.828      0.107      0.000 4
 914  917      0.829     -0.242      0.000 4
 916  915      0.830      0.372      0.000 4
  -1   -2      0.832      0.386      0.000 4
  -1   -2      0.835      0.776      0.000 4
 918  920      0.834     -0.141      0.000 4
 920  919      0.836      0.481      0.000 4
 922  924      0.842      0.176      0.000 4
 925  921      0.843      0.770      0.000 4
 923  922      0.842     -0.609      0.000 4
 924  923      0.844     -0.533      0.000 4
 926  926      0.850      0.124      0.000 4
 928  925      0.855     -0.791      0.000 4
 927  929      0.856     -0.098      0.000 4
 932  927      0.860      0.708      0.000 4
 931  932      0.862     -0.353      0.000 4
 933  928      0.863      0.903      0.000 4
 930  933      0.863     -0.274      0.000 4
 929  934      0.864      0.069      0.000 4
 934  930      0.864     -0.780      0.000 4
 937  931      0.867      0.755      0.000 4
 935  935      0.868      0.496      0.000 4
 936  936      0.870      0.316      0.000 4
 941  937      0.876      0.682      0.000 4
 938  941      0.876     -0.082      0.000 4
 942  938      0.877     -0.785      0.000 4
 940  939      0.878      0.380      0.000 4
 939  942      0.878      0.048      0.000 4
 943  940      0.880     -0.636      0.000 4
 944  945      0.884     -0.371      0.000 4
 945  943      0.885     -0.734      0.000 4
 946  944      0.887      0.572      0.000 4
 951  946      0.894     -0.954      0.000 4
 947  951      0.895     -0.026      0.000 4
 949  948      0.895      0.427      0.000 4
 948  953      0.895      0.034      0.000 4
 953  947      0.895     -0.964      0.000 4
  -1   -2      0.897      0.439      0.000 4
 954  949      0.898     -0.931      0.000 4
 950  955      0.900      0.051      0.000 4
 956  952      0.899     -0.802      0.000 4
 955  954      0.901     -0.629      0.000 4
 958  956      0.908     -0.979      0.000 4
 957  957      0.910     -0.010      0.000 4
 959  958      0.914      0.413      0.000 4
 962  959      0.918      0.635      0.000 4
 961  960      0.918     -0.520      0.000 4
 960  961      0.920      0.255      0.000 4
 964  962      0.924     -0.700      0.000 4
 965  964      0.926     -0.343      0.000 4
 963  965      0.927     -0.044      0.000 4
 966  963      0.927      0.416      0.000 4
 967  966      0.932     -0.151      0.000 4
 968  967      0.937      0.062      0.000 4
 970  968      0.938     -0.482      0.000 4
 969  972      0.940      0.113      0.000 4
 972  970      0.941      0.625      0.000 4
 971  973      0.940     -0.059      0.000 4
 973  969      0.941      0.949      0.000 4
 975  971      0.942      0.913      0.000 4
 974  974      0.943     -0.435      0.000 4
 976  975      0.946     -0.900      0.000 4
 977  976      0.948      0.834      0.000 4
 979  977      0.949     -0.987      0.000 4
 978  979      0.950     -0.270      0.000 4
 980  978      0.951     -0.678      0.000 4
 981  981      0.957     -0.209      0.000 4
 982  980      0.958     -0.801      0.000 4
 984  982      0.961      0.886      0.000 4
 983  983      0.961      0.356      0.000 4
 985  984      0.963     -0.753      0.000 4
 986  985      0.967      0.595      0.000 4
 987  986      0.974     -0.913      0.000 4
 990  987      0.977      0.985      0.000 4
 988  989      0.977      0.559      0.000 4
 989  988      0.977      0.794      0.000 4
 991  990      0.977     -0.599      0.000 4
 992  991      0.978     -0.861      0.000 4
 993  992      0.980      0.819      0.000 4
 994  993      0.981      0.730      0.000 4
 995  995      0.988     -0.278      0.000 4
  -1   -2      0.990      0.500      0.000 4
 998  996      0.991      0.488      0.000 4
 997  997      0.991     -0.434      0.000 4
 999  998      0.993     -0.667      0.000 4
