995
   0    1     -0.994     -0.120      0.000 4
  -1   -2     -0.993      0.733      0.000 4
   1    2     -0.993      0.725      0.000 4
   3    3     -0.991     -0.732      0.000 4
   4    5     -0.989     -0.206      0.000 4
   5    6     -0.989     -0.049      0.000 4
   7    9     -0.989      0.452      0.000 4
   8    8     -0.988     -0.549      0.000 4
   9   10     -0.987     -0.799      0.000 4
  10   11     -0.988     -0.299      0.000 4
  11   13     -0.987      0.201      0.000 4
  12   12     -0.987      0.701      0.000 4
  13   14     -0.985     -0.260      0.000 4
  14   15     -0.980      0.233      0.000 4
  16   16     -0.976     -0.173      0.000 4
  17   19     -0.974     -0.977      0.000 4
  18   18     -0.973      0.541      0.000 4
  19   20     -0.972      0.656      0.000 4
  20   21     -0.970     -0.020      0.000 4
  21   22     -0.969      0.340      0.000 4
  22   23     -0.968     -0.179      0.000 4
  23   24     -0.968      0.315      0.000 4
  24   25     -0.963     -0.422      0.000 4
  26   27     -0.960      0.556      0.000 4
  27   26     -0.960     -0.102      0.000 4
  28   28     -0.958     -0.199      0.000 4
  25   29     -0.959      0.810      0.000 4
  29   30     -0.955     -0.391      0.000 4
  30   32     -0.951     -0.616      0.000 4
  32   31     -0.951      0.164      0.000 4
  31   33     -0.949     -0.926      0.000 4
  33   34     -0.949      0.687      0.000 4
  34   35     -0.946     -0.663      0.000 4
  35   36     -0.944      0.534      0.000 4
  38   37     -0.940      0.084      0.000 4
  37   39     -0.939     -0.699      0.000 4
  36   41     -0.939     -0.926      0.000 4
  39   38     -0.938      0.159      0.000 4
  42   42     -0.936      0.382      0.000 4
  43   40     -0.935     -0.254      0.000 4
  40   44     -0.935      0.736      0.000 4
  41   45     -0.934      0.932      0.000 4
  44   43     -0.933      0.440      0.000 4
  45   47     -0.929      0.280      0.000 4
  46   46     -0.928      0.176      0.000 4
  47   48     -0.925      0.336      0.000 4
  48   49     -0.921      0.625      0.000 4
  49   50     -0.915     -0.156      0.000 4
  50   52     -0.908     -0.910      0.000 4
  51   53     -0.904     -0.480      0.000 4
  54   51     -0.903     -0.195      0.000 4
  52   54     -0.900     -0.650      0.000 4
  53   58     -0.900      0.910      0.000 4
  55   55     -0.899      0.612      0.000 4
  56   59     -0.896      0.595      0.000 4
  57   57     -0.895      0.395      0.000 4
  59   56     -0.894     -0.220      0.000 4
  58   60     -0.892     -0.612      0.000 4
  60   61     -0.888      0.454      0.000 4
  61   62     -0.887     -0.448      0.000 4
  63   65     -0.885      0.153      0.000 4
  65   63     -0.885     -0.033      0.000 4
  64   64     -0.885      0.068      0.000 4
  69   66     -0.880     -0.301      0.000 4
  62   71     -0.880      0.788      0.000 4
  67   69     -0.879      0.525      0.000 4
  72   67     -0.878     -0.162      0.000 4
  68   72     -0.877     -0.695      0.000 4
  66   73     -0.876     -0.859      0.000 4
  70   70     -0.877      0.567      0.000 4
  73   68     -0.876     -0.242      0.000 4
  71   75     -0.871     -0.817      0.000 4
  77   74     -0.868      0.032      0.000 4
  78   76     -0.864     -0.124      0.000 4
  74   82     -0.863     -0.915      0.000 4
  79   77     -0.863     -0.008      0.000 4
  75   81     -0.864      0.832      0.000 4
  76   83     -0.862     -0.987      0.000 4
  81   78     -0.862      0.182      0.000 4
  84   79     -0.858     -0.087      0.000 4
  85   80     -0.857      0.117      0.000 4
  83   87     -0.854     -0.692      0.000 4
  80   88     -0.854     -0.856      0.000 4
  82   89     -0.854      0.871      0.000 4
  88   85     -0.850      0.254      0.000 4
  89   84     -0.850     -0.063      0.000 4
  90   86     -0.849     -0.163      0.000 4
  87   91     -0.849      0.600      0.000 4
  86   95     -0.848      0.666      0.000 4
  93   90     -0.844     -0.307      0.000 4
  91   94     -0.844     -0.517      0.000 4
  94   93     -0.841      0.130      0.000 4
  95   96     -0.839      0.215      0.000 4
  92   98     -0.836     -0.931      0.000 4
  97   99     -0.828      0.241      0.000 4
  98   97     -0.827     -0.171      0.000 4
  96  100     -0.826      0.631      0.000 4
  99  102     -0.818      0.503      0.000 4
 100  101     -0.815     -0.318      0.000 4
 101  103     -0.815      0.345      0.000 4
 106  104     -0.808     -0.004      0.000 4
 105  105     -0.808      0.103      0.000 4
 104  106     -0.805      0.468      0.000 4
 103  110     -0.803     -0.826      0.000 4
 102  111     -0.803     -0.961      0.000 4
 107  108     -0.798     -0.988      0.000 4
 109  107     -0.797     -0.384      0.000 4
 108  112     -0.795      0.533      0.000 4
 111  109     -0.794     -0.229      0.000 4
 113  113     -0.787     -0.393      0.000 4
 110  116     -0.786     -0.863      0.000 4
 112  117     -0.781      0.694      0.000 4
 117  114     -0.777     -0.048      0.000 4
 115  118     -0.777      0.519      0.000 4
 116  119     -0.775     -0.578      0.000 4
 119  115     -0.776     -0.169      0.000 4
 114  122     -0.772      0.779      0.000 4
 121  120     -0.768     -0.274      0.000 4
 120  123     -0.768      0.544      0.000 4
 118  126     -0.764     -0.805      0.000 4
 122  121     -0.762     -0.243      0.000 4
 128  125     -0.755      0.111      0.000 4
 123  128     -0.754      0.503      0.000 4
 125  130     -0.751      0.539      0.000 4
 132  127     -0.750      0.079      0.000 4
 129  131     -0.748      0.432      0.000 4
 131  132     -0.747     -0.422      0.000 4
 130  133     -0.746     -0.454      0.000 4
 124  137     -0.745     -0.887      0.000 4
 136  129     -0.744     -0.165      0.000 4
 126  139     -0.743     -0.835      0.000 4
 127  141     -0.743      0.920      0.000 4
 134  134     -0.742     -0.476      0.000 4
 133  135     -0.742      0.476      0.000 4
 135  136     -0.739     -0.508      0.000 4
 139  138     -0.733      0.322      0.000 4
 138  142     -0.732      0.425      0.000 4
 142  140     -0.730      0.189      0.000 4
 143  143     -0.726     -0.226      0.000 4
 137  147     -0.726      0.964      0.000 4
 140  146     -0.723     -0.730      0.000 4
 141  145     -0.724      0.664      0.000 4
 144  144     -0.720     -0.282      0.000 4
 145  148     -0.714     -0.527      0.000 4
 147  151     -0.712      0.483      0.000 4
 148  150     -0.709     -0.411      0.000 4
 146  153     -0.709     -0.685      0.000 4
 151  149     -0.707     -0.207      0.000 4
 152  152     -0.702      0.281      0.000 4
 149  155     -0.700      0.869      0.000 4
 150  158     -0.696     -0.980      0.000 4
 153  157     -0.690      0.509      0.000 4
 154  154     -0.689     -0.174      0.000 4
 156  156     -0.685     -0.326      0.000 4
 160  162     -0.677     -0.485      0.000 4
 155  164     -0.678      0.592      0.000 4
 164  160     -0.677      0.171      0.000 4
 165  159     -0.676      0.031      0.000 4
 163  163     -0.674     -0.396      0.000 4
 159  168     -0.674      0.612      0.000 4
 158  169     -0.674      0.659      0.000 4
 166  161     -0.672     -0.221      0.000 4
 157  172     -0.672      0.886      0.000 4
 162  170     -0.671      0.559      0.000 4
 161  174     -0.670      0.811      0.000 4
 171  166     -0.667      0.232      0.000 4
 173  165     -0.666      0.053      0.000 4
 174  167     -0.665      0.142      0.000 4
 167  175     -0.664      0.593      0.000 4
 176  171     -0.660     -0.196      0.000 4
 168  176     -0.659      0.780      0.000 4
 172  177     -0.655      0.699      0.000 4
 177  173     -0.655      0.032      0.000 4
 169  179     -0.655      0.845      0.000 4
 170  178     -0.654     -0.803      0.000 4
 175  181     -0.648     -0.727      0.000 4
 182  180     -0.639      0.204      0.000 4
  -1   -2     -0.639     -0.727      0.000 4
 179  182     -0.637      0.485      0.000 4
 181  185     -0.633      0.568      0.000 4
 183  188     -0.629     -0.571      0.000 4
 180  193     -0.628      0.930      0.000 4
 184  187     -0.626     -0.428      0.000 4
 188  184     -0.624     -0.084      0.000 4
 191  186     -0.620      0.023      0.000 4
 190  190     -0.620      0.251      0.000 4
 192  189     -0.619      0.059      0.000 4
 185  195     -0.618      0.727      0.000 4
 186  194     -0.617      0.560      0.000 4
 195  191     -0.615     -0.056      0.000 4
 193  192     -0.615      0.310      0.000 4
 187  197     -0.610      0.818      0.000 4
 189  198     -0.607     -0.757      0.000 4
 199  196     -0.601     -0.141      0.000 4
 194  201     -0.601     -0.718      0.000 4
 196  200     -0.598      0.528      0.000 4
 205  199     -0.593     -0.192      0.000 4
 201  202     -0.592      0.522      0.000 4
 197  204     -0.587      0.827      0.000 4
 200  206     -0.586      0.790      0.000 4
 198  208     -0.586      0.869      0.000 4
 202  205     -0.584      0.695      0.000 4
 203  210     -0.581     -0.788      0.000 4
 204  211     -0.580     -0.745      0.000 4
 206  207     -0.579     -0.618      0.000 4
 207  203     -0.579      0.483      0.000 4
 208  209     -0.577      0.515      0.000 4
 211  213     -0.572      0.477      0.000 4
 209  217     -0.569      0.656      0.000 4
 213  218     -0.565     -0.659      0.000 4
 216  216     -0.565      0.454      0.000 4
 210  221     -0.565      0.840      0.000 4
 221  212     -0.564     -0.028      0.000 4
 220  214     -0.563     -0.172      0.000 4
 214  219     -0.564      0.641      0.000 4
 212  225     -0.562      0.805      0.000 4
 218  220     -0.559     -0.617      0.000 4
 215  229     -0.558      0.916      0.000 4
 226  215     -0.557      0.013      0.000 4
 217  228     -0.556      0.781      0.000 4
 224  222     -0.555     -0.482      0.000 4
 222  224     -0.554     -0.525      0.000 4
 219  231     -0.551      0.906      0.000 4
 225  227     -0.549     -0.988      0.000 4
 235  223     -0.546     -0.078      0.000 4
 231  226     -0.546      0.275      0.000 4
 223  234     -0.544     -0.911      0.000 4
 227  232     -0.542      0.591      0.000 4
 236  233     -0.536     -0.494      0.000 4
  -1  236     -0.535     -0.042      0.000 4
 234  235     -0.534      0.601      0.000 4
 230  239     -0.533     -0.844      0.000 4
 229  240     -0.534      0.993      0.000 4
 228  241     -0.533     -0.981      0.000 4
 233  237     -0.533     -0.720      0.000 4
 232  238     -0.533      0.723      0.000 4
 237  250     -0.520     -0.042      0.000 4
 242  243     -0.520      0.418      0.000 4
 238  247     -0.518      0.717      0.000 4
 244  245     -0.515     -0.469      0.000 4
 241  248     -0.515      0.656      0.000 4
 246  242     -0.513     -0.171      0.000 4
 239  255     -0.512      0.990      0.000 4
 240  254     -0.511     -0.896      0.000 4
 251  244     -0.509     -0.182      0.000 4
 243  252     -0.510      0.710      0.000 4
 248  246     -0.509      0.306      0.000 4
  -1  249     -0.504     -0.219      0.000 4
 255   -2     -0.499     -0.215      0.000 4
 250  257     -0.499     -0.600      0.000 4
 249  258     -0.499      0.619      0.000 4
  -1   -2     -0.499      0.711      0.000 4
 245   -2     -0.496     -0.039      0.000 4
 257  251     -0.496      0.177      0.000 4
 259  253     -0.494     -0.170      0.000 4
 256  256     -0.494     -0.383      0.000 4
 252  263     -0.494      0.723      0.000 4
 262  262     -0.487      0.428      0.000 4
 254  266     -0.486      0.946      0.000 4
 263  261     -0.486      0.348      0.000 4
 260  264     -0.483      0.581      0.000 4
 267  260     -0.482     -0.034      0.000 4
 261  271     -0.477      0.928      0.000 4
 266  267     -0.475      0.448      0.000 4
 264  270     -0.474     -0.731      0.000 4
 271  265     -0.469      0.085      0.000 4
 269  274     -0.468      0.576      0.000 4
 265  277     -0.467     -0.846      0.000 4
 272  268     -0.466      0.160      0.000 4
 270  279     -0.463      0.805      0.000 4
 268  280     -0.462      0.956      0.000 4
 275  269     -0.461     -0.058      0.000 4
  -1   -2     -0.457      0.013      0.000 4
 278  275     -0.457      0.143      0.000 4
 279  273     -0.456     -0.148      0.000 4
 273  283     -0.452      0.740      0.000 4
 284  276     -0.450      0.018      0.000 4
 282  278     -0.449     -0.249      0.000 4
 274  284     -0.448      0.761      0.000 4
 276  285     -0.445     -0.730      0.000 4
 285  282     -0.444      0.384      0.000 4
 287  281     -0.442     -0.311      0.000 4
 277  289     -0.443      0.952      0.000 4
 281  290     -0.437      0.767      0.000 4
 283  292     -0.434      0.819      0.000 4
 286  294     -0.431     -0.994      0.000 4
 289  286     -0.430     -0.107      0.000 4
 288  291     -0.430     -0.639      0.000 4
 293  287     -0.429     -0.099      0.000 4
 294  288     -0.427     -0.237      0.000 4
 292  296     -0.418      0.577      0.000 4
 296  293     -0.418     -0.318      0.000 4
 295  297     -0.415      0.485      0.000 4
 291  301     -0.415     -0.775      0.000 4
 298  295     -0.412     -0.386      0.000 4
 290  304     -0.413      0.928      0.000 4
 299  298     -0.411     -0.426      0.000 4
 297  299     -0.411     -0.519      0.000 4
 300  302     -0.408      0.490      0.000 4
 301  300     -0.407     -0.467      0.000 4
 313  303     -0.399      0.269      0.000 4
 302  307     -0.398      0.620      0.000 4
 304  312     -0.394     -0.695      0.000 4
 308  308     -0.394     -0.600      0.000 4
 303  314     -0.393      0.799      0.000 4
 310  313     -0.392      0.607      0.000 4
 314  305     -0.392      0.320      0.000 4
 306  316     -0.392      0.765      0.000 4
 307  317     -0.391     -0.803      0.000 4
 309  315     -0.391      0.706      0.000 4
 305  318     -0.390      0.871      0.000 4
 316  306     -0.388     -0.253      0.000 4
 312  319     -0.386     -0.903      0.000 4
 311  320     -0.386      0.983      0.000 4
 318  309     -0.383     -0.102      0.000 4
 319  311     -0.383      0.133      0.000 4
 320  310     -0.382     -0.063      0.000 4
 315  322     -0.379     -0.824      0.000 4
 317  324     -0.369     -0.853      0.000 4
 321  321     -0.369      0.132      0.000 4
 322  323     -0.364      0.368      0.000 4
 325  325     -0.354      0.185      0.000 4
 327  326     -0.351      0.141      0.000 4
 326  327     -0.349      0.277      0.000 4
 324  332     -0.347     -0.580      0.000 4
 323  334     -0.348      0.884      0.000 4
 330  330     -0.345      0.157      0.000 4
 329  331     -0.345     -0.260      0.000 4
 332  328     -0.345     -0.015      0.000 4
 331  329     -0.345      0.091      0.000 4
 328  338     -0.338      0.726      0.000 4
 335  333     -0.335     -0.050      0.000 4
 336  335     -0.333      0.144      0.000 4
 337  336     -0.331     -0.128      0.000 4
 334  337     -0.331      0.323      0.000 4
 333  339     -0.327      0.842      0.000 4
 339  340     -0.320      0.516      0.000 4
 338  343     -0.317      0.671      0.000 4
 343  341     -0.314      0.448      0.000 4
 340  348     -0.310      0.941      0.000 4
 341  347     -0.309     -0.892      0.000 4
 344  345     -0.308     -0.606      0.000 4
 348  342     -0.308     -0.221      0.000 4
 342  349     -0.308     -0.917      0.000 4
 346  344     -0.307      0.501      0.000 4
 345  346     -0.305     -0.649      0.000 4
 350  350     -0.298     -0.988      0.000 4
 349  351     -0.298      0.539      0.000 4
 347  353     -0.298      0.991      0.000 4
 352  352     -0.292     -0.467      0.000 4
 351  354     -0.292     -0.597      0.000 4
 355  355     -0.289      0.543      0.000 4
 353  356     -0.288     -0.637      0.000 4
 354  359     -0.287      0.680      0.000 4
 356  358     -0.285     -0.665      0.000 4
 359  357     -0.279      0.052      0.000 4
 357  363     -0.279     -0.868      0.000 4
 358  365     -0.274      0.601      0.000 4
 360  361     -0.274      0.412      0.000 4
 362  360     -0.272     -0.053      0.000 4
 361  364     -0.270      0.342      0.000 4
 363  362     -0.270     -0.238      0.000 4
 366  367     -0.262     -0.425      0.000 4
 367  366     -0.262      0.163      0.000 4
 364  373     -0.258      0.972      0.000 4
 370  368     -0.257     -0.309      0.000 4
 369  369     -0.257     -0.328      0.000 4
 365  372     -0.256      0.730      0.000 4
 368  370     -0.254     -0.592      0.000 4
 372  371     -0.249     -0.393      0.000 4
 371  379     -0.246      0.666      0.000 4
 373  374     -0.244     -0.059      0.000 4
 374  375     -0.242     -0.138      0.000 4
 377  376     -0.241     -0.038      0.000 4
 378  377     -0.241     -0.109      0.000 4
 376  378     -0.241     -0.255      0.000 4
 379  380     -0.237     -0.411      0.000 4
 375  382     -0.235      0.605      0.000 4
 380  383     -0.233     -0.562      0.000 4
 384  381     -0.230     -0.128      0.000 4
 386  384     -0.226     -0.255      0.000 4
 383  385     -0.227      0.511      0.000 4
 382  388     -0.226      0.718      0.000 4
 381  390     -0.225      0.970      0.000 4
 385  389     -0.223     -0.564      0.000 4
 388  386     -0.222      0.358      0.000 4
 387  387     -0.222      0.380      0.000 4
 389  393     -0.215      0.589      0.000 4
 393  391     -0.213     -0.370      0.000 4
 391  396     -0.209      0.782      0.000 4
 395  392     -0.209     -0.034      0.000 4
 390  397     -0.209      0.913      0.000 4
 400  394     -0.207      0.129      0.000 4
 392  400     -0.207      0.858      0.000 4
 394  395     -0.206     -0.530      0.000 4
  -1   -2     -0.202     -0.464      0.000 4
 401  399     -0.202     -0.473      0.000 4
 398  401     -0.200      0.653      0.000 4
 397  404     -0.199      0.810      0.000 4
 399  402     -0.199     -0.747      0.000 4
 396  405     -0.199     -0.987      0.000 4
 403  403     -0.197     -0.664      0.000 4
 404  406     -0.183     -0.699      0.000 4
 405  407     -0.181      0.626      0.000 4
 407  408     -0.178      0.470      0.000 4
 406  410     -0.177      0.678      0.000 4
 408  411     -0.174     -0.649      0.000 4
 409  409     -0.174      0.137      0.000 4
  -1  414     -0.171      0.389      0.000 4
 410  413     -0.170     -0.461      0.000 4
 411   -2     -0.170      0.397      0.000 4
 413  415     -0.167     -0.579      0.000 4
 414  420     -0.157     -0.817      0.000 4
 415  421     -0.156      0.814      0.000 4
 422  416     -0.156     -0.046      0.000 4
 419  419     -0.155     -0.441      0.000 4
 421  417     -0.155      0.198      0.000 4
 416  423     -0.154      0.833      0.000 4
 423  418     -0.153      0.178      0.000 4
 417  424     -0.152      0.744      0.000 4
 418  426     -0.151      0.963      0.000 4
 420  425     -0.150     -0.894      0.000 4
 424  422     -0.148     -0.224      0.000 4
 426  427     -0.143     -0.194      0.000 4
 428  428     -0.142      0.159      0.000 4
 429  429     -0.141     -0.281      0.000 4
 425  432     -0.140     -0.823      0.000 4
 427  430     -0.141      0.404      0.000 4
 430  431     -0.138     -0.260      0.000 4
 431  433     -0.130      0.583      0.000 4
 432  435     -0.128      0.764      0.000 4
 433  434     -0.126     -0.330      0.000 4
 434  436     -0.120      0.266      0.000 4
 435  437     -0.116      0.726      0.000 4
 436  438     -0.113     -0.599      0.000 4
 437  439     -0.111     -0.254      0.000 4
 438  441     -0.108     -0.531      0.000 4
 441  440     -0.108     -0.168      0.000 4
 439  443     -0.107      0.525      0.000 4
  -1   -2     -0.106      0.514      0.000 4
 442  444     -0.105      0.197      0.000 4
 443  445     -0.100      0.407      0.000 4
 444  447     -0.099     -0.470      0.000 4
 445  446     -0.097      0.006      0.000 4
 446  448     -0.097     -0.053      0.000 4
 448  449     -0.086     -0.311      0.000 4
 447  450     -0.084      0.923      0.000 4
 449  451     -0.082     -0.586      0.000 4
 450  452     -0.080      0.831      0.000 4
 451  453     -0.076     -0.513      0.000 4
 452  454     -0.075      0.610      0.000 4
 453  456     -0.073     -0.631      0.000 4
 455  455     -0.072     -0.016      0.000 4
 454  457     -0.071      0.976      0.000 4
 456  458     -0.067     -0.413      0.000 4
 458  460     -0.065      0.244      0.000 4
 459  459     -0.065     -0.220      0.000 4
 457  461     -0.064     -0.908      0.000 4
 461  463     -0.063      0.407      0.000 4
 460  462     -0.063      0.492      0.000 4
 462  464     -0.060     -0.924      0.000 4
 463  466     -0.058     -0.982      0.000 4
 464  465     -0.056     -0.755      0.000 4
 465  468     -0.054     -0.776      0.000 4
 466  467     -0.054     -0.441      0.000 4
 468  469     -0.052     -0.054      0.000 4
 467  470     -0.051      0.755      0.000 4
 469  471     -0.050      0.474      0.000 4
 470   -2     -0.049     -0.988      0.000 4
 471  472     -0.049     -0.577      0.000 4
 474  473     -0.048      0.065      0.000 4
 472  475     -0.048     -0.476      0.000 4
 473  474     -0.048      0.047      0.000 4
 475  476     -0.047     -0.088      0.000 4
 476  477     -0.046      0.337      0.000 4
 477  478     -0.044     -0.659      0.000 4
 478  479     -0.041     -0.896      0.000 4
 479  481     -0.039      0.913      0.000 4
 480  480     -0.039      0.220      0.000 4
 481  482     -0.038      0.551      0.000 4
 482  483     -0.036      0.379      0.000 4
 483  484     -0.035      0.756      0.000 4
 484  485     -0.034      0.086      0.000 4
 485  486     -0.034     -0.473      0.000 4
 486  487     -0.033     -0.829      0.000 4
 487  488     -0.032      0.251      0.000 4
 488  489     -0.031      0.830      0.000 4
 489  490     -0.031     -0.275      0.000 4
 490  491     -0.031     -0.556      0.000 4
 491  492     -0.030      0.943      0.000 4
 492  493     -0.029      0.124      0.000 4
 493  494     -0.026      0.157      0.000 4
 494  495     -0.024      0.020      0.000 4
 495  496     -0.023     -0.665      0.000 4
 496  497     -0.023     -0.441      0.000 4
 497  498     -0.022     -0.529      0.000 4
 498  499     -0.021      0.653      0.000 4
 499  500     -0.019     -0.475      0.000 4
 500  501     -0.016     -0.717      0.000 4
  -1   -2     -0.015     -0.524      0.000 4
 502  503     -0.015      0.265      0.000 4
 503  504     -0.014     -0.627      0.000 4
 504  505     -0.013     -0.653      0.000 4
 505  506     -0.013      0.977      0.000 4
 506  507     -0.001      0.051      0.000 4
 507  508      0.002     -0.405      0.000 4
 508  509      0.003     -0.240      0.000 4
 509  510      0.007      0.248      0.000 4
 510  511      0.011      0.541      0.000 4
 511  512      0.014     -0.722      0.000 4
 513  513      0.014      0.792      0.000 4
 515  514      0.016      0.733      0.000 4
 514  515      0.016     -0.352      0.000 4
 512  516      0.016      0.065      0.000 4
 516  518      0.019     -0.116      0.000 4
 517  520      0.020     -0.094      0.000 4
 519  517      0.021     -0.704      0.000 4
 518  521      0.022     -0.203      0.000 4
 520  519      0.022      0.722      0.000 4
 521  522      0.027      0.138      0.000 4
 522  523      0.029      0.559      0.000 4
 523  525      0.034      0.097      0.000 4
 524  524      0.034     -0.205      0.000 4
 525  526      0.040      0.360      0.000 4
 527  527      0.042     -0.507      0.000 4
 526  528      0.043      0.177      0.000 4
 530  529      0.048     -0.967      0.000 4
 528  531      0.050     -0.417      0.000 4
 532  530      0.051     -0.797      0.000 4
 529  532      0.051      0.319      0.000 4
 533  533      0.054     -0.697      0.000 4
 531  534      0.054      0.004      0.000 4
 534  536      0.067      0.387      0.000 4
 535  535      0.068      0.875      0.000 4
 536  537      0.071     -0.925      0.000 4
 538  538      0.073      0.754      0.000 4
 541  539      0.076     -0.861      0.000 4
 542  540      0.077      0.695      0.000 4
 539  541      0.077     -0.617      0.000 4
 537  544      0.077      0.057      0.000 4
 540  546      0.080     -0.299      0.000 4
 544  542      0.081     -0.971      0.000 4
 545  543      0.082      0.940      0.000 4
 543  547      0.083     -0.402      0.000 4
 546  545      0.084      0.679      0.000 4
 547  548      0.089      0.220      0.000 4
 548  551      0.093      0.192      0.000 4
 549  550      0.093     -0.424      0.000 4
 551  549      0.095     -0.905      0.000 4
  -1   -2      0.098      0.216      0.000 4
 554  554      0.108     -0.530      0.000 4
 552  557      0.109      0.055      0.000 4
 553  558      0.109     -0.053      0.000 4
 558  553      0.111     -0.967      0.000 4
 555  560      0.113     -0.178      0.000 4
 562  555      0.114      0.845      0.000 4
 563  556      0.115     -0.881      0.000 4
 560  559      0.115      0.532      0.000 4
 556  561      0.116      0.295      0.000 4
 557  568      0.119      0.084      0.000 4
 559  566      0.119     -0.203      0.000 4
 564  562      0.120     -0.503      0.000 4
 565  563      0.121     -0.571      0.000 4
 561  572      0.122     -0.050      0.000 4
 567  570      0.125     -0.488      0.000 4
 571  564      0.125     -0.973      0.000 4
 570  565      0.126     -0.875      0.000 4
 572  567      0.127      0.948      0.000 4
 569  569      0.127     -0.659      0.000 4
 566  575      0.128      0.018      0.000 4
 573  571      0.129      0.757      0.000 4
 568  576      0.130     -0.189      0.000 4
 575  573      0.131     -0.979      0.000 4
 577  574      0.135     -0.926      0.000 4
 574  578      0.137      0.064      0.000 4
 578  577      0.139      0.792      0.000 4
 576  579      0.139      0.277      0.000 4
 581  580      0.150      0.882      0.000 4
 579  582      0.151      0.349      0.000 4
  -1   -2      0.157     -0.502      0.000 4
 589  581      0.158      0.873      0.000 4
 583  586      0.158      0.386      0.000 4
 580  588      0.158     -0.212      0.000 4
 586  585      0.159      0.537      0.000 4
 582  589      0.160      0.121      0.000 4
 587  587      0.161     -0.512      0.000 4
 593  584      0.163     -0.938      0.000 4
 585  593      0.163      0.058      0.000 4
 590  590      0.164     -0.457      0.000 4
 588  594      0.166     -0.032      0.000 4
 591  592      0.167      0.464      0.000 4
 594  591      0.170     -0.670      0.000 4
 592  597      0.173     -0.014      0.000 4
 600  595      0.178     -0.931      0.000 4
 596  598      0.178     -0.460      0.000 4
 597  599      0.179     -0.479      0.000 4
 595  602      0.181     -0.161      0.000 4
 602  596      0.181      0.843      0.000 4
 598  601      0.182      0.286      0.000 4
 599  603      0.185      0.081      0.000 4
 605  600      0.189      0.954      0.000 4
 601  606      0.190     -0.307      0.000 4
 603  605      0.191     -0.520      0.000 4
 608  604      0.195      0.674      0.000 4
 604  607      0.195     -0.358      0.000 4
 607  608      0.198      0.383      0.000 4
 606  611      0.200      0.155      0.000 4
 609  609      0.201     -0.987      0.000 4
 611  610      0.205      0.561      0.000 4
 610  615      0.207     -0.221      0.000 4
 615  612      0.212     -0.597      0.000 4
 617  614      0.213     -0.629      0.000 4
 612  617      0.215      0.184      0.000 4
 618  613      0.215      0.704      0.000 4
 614  619      0.219      0.167      0.000 4
 613  620      0.219     -0.151      0.000 4
 616  621      0.221      0.083      0.000 4
 620  616      0.223      0.643      0.000 4
 619  623      0.227      0.075      0.000 4
 625  618      0.228      0.978      0.000 4
 623  622      0.230      0.553      0.000 4
 622  625      0.235      0.314      0.000 4
 621  626      0.235     -0.090      0.000 4
 626  624      0.237     -0.543      0.000 4
 624  631      0.238      0.043      0.000 4
 629  628      0.240      0.390      0.000 4
 628  634      0.244      0.128      0.000 4
 631  629      0.244     -0.608      0.000 4
 627  635      0.245     -0.111      0.000 4
 630  636      0.246     -0.208      0.000 4
 634  630      0.248      0.679      0.000 4
 635  627      0.248     -0.830      0.000 4
 636  632      0.251      0.743      0.000 4
 633  638      0.253     -0.359      0.000 4
 632  639      0.254      0.191      0.000 4
 638  633      0.256      0.788      0.000 4
 641  637      0.259     -0.862      0.000 4
 637  645      0.267     -0.104      0.000 4
 640  643      0.267     -0.410      0.000 4
 644  642      0.268     -0.818      0.000 4
 645  640      0.269      0.887      0.000 4
 646  641      0.269     -0.969      0.000 4
 639  647      0.272      0.005      0.000 4
 643  644      0.272     -0.546      0.000 4
 642  649      0.275     -0.019      0.000 4
 648  646      0.281     -0.809      0.000 4
 650   -2      0.283     -0.863      0.000 4
 647  652      0.285     -0.243      0.000 4
 649  650      0.288      0.516      0.000 4
 654  648      0.290     -0.864      0.000 4
 652  653      0.294      0.455      0.000 4
 655  651      0.294     -0.733      0.000 4
 653  655      0.298      0.377      0.000 4
 651  657      0.298     -0.272      0.000 4
 659  654      0.301      0.577      0.000 4
 656  660      0.302     -0.415      0.000 4
 660  659      0.304      0.469      0.000 4
 657  661      0.304     -0.457      0.000 4
 658  662      0.308      0.277      0.000 4
 663  656      0.308     -0.665      0.000 4
 664  658      0.308      0.633      0.000 4
 661  665      0.313     -0.318      0.000 4
 662  669      0.318     -0.082      0.000 4
 668  663      0.325     -0.822      0.000 4
 670  664      0.326      0.871      0.000 4
 669  666      0.327      0.716      0.000 4
 667  668      0.327      0.496      0.000 4
 665  672      0.330      0.107      0.000 4
 673  667      0.331      0.808      0.000 4
 666  673      0.331      0.159      0.000 4
 671  670      0.333     -0.623      0.000 4
 677  674      0.343      0.588      0.000 4
 684  671      0.344     -0.813      0.000 4
 674  681      0.345      0.233      0.000 4
 679  675      0.345     -0.577      0.000 4
 672  684      0.345      0.043      0.000 4
 676  682      0.348      0.353      0.000 4
 683  679      0.349      0.489      0.000 4
 685  677      0.349     -0.594      0.000 4
 675  689      0.352      0.029      0.000 4
 686  683      0.352      0.474      0.000 4
 680  687      0.353     -0.290      0.000 4
 678  692      0.354     -0.174      0.000 4
 689  680      0.355      0.637      0.000 4
 681  690      0.355      0.184      0.000 4
 682  693      0.355      0.159      0.000 4
  -1   -2      0.355      0.821      0.000 4
 694  678      0.357      0.874      0.000 4
 688  691      0.360     -0.457      0.000 4
 696  686      0.362     -0.758      0.000 4
 691  694      0.362      0.440      0.000 4
 687  696      0.363      0.105      0.000 4
 698  685      0.364     -0.958      0.000 4
 699  688      0.369      0.822      0.000 4
 690  697      0.369      0.142      0.000 4
 693  700      0.373      0.077      0.000 4
 695  702      0.375      0.006      0.000 4
 702  695      0.378     -0.984      0.000 4
 697  704      0.378      0.086      0.000 4
 700  703      0.381     -0.400      0.000 4
 703  698      0.383     -0.683      0.000 4
 701  705      0.386      0.393      0.000 4
 705  701      0.388     -0.714      0.000 4
 707  699      0.390      0.854      0.000 4
 704  706      0.393      0.478      0.000 4
 706  707      0.394      0.516      0.000 4
 711  708      0.401     -0.756      0.000 4
 713  710      0.402     -0.772      0.000 4
 714  709      0.402      0.777      0.000 4
 708  712      0.404      0.427      0.000 4
 709  715      0.408      0.314      0.000 4
 712  714      0.410     -0.464      0.000 4
 717  711      0.411     -0.735      0.000 4
 710  719      0.415      0.139      0.000 4
 721  713      0.419     -0.899      0.000 4
 718  717      0.421      0.445      0.000 4
 715  724      0.421     -0.198      0.000 4
 722  716      0.421     -0.832      0.000 4
 716  725      0.423      0.046      0.000 4
 719  728      0.429     -0.118      0.000 4
 723  718      0.429     -0.780      0.000 4
 720  730      0.432     -0.172      0.000 4
 726  720      0.433      0.834      0.000 4
 727  721      0.434      0.995      0.000 4
 728  722      0.434     -0.976      0.000 4
 730  723      0.437      0.949      0.000 4
 725  729      0.440     -0.546      0.000 4
 732  727      0.444      0.698      0.000 4
 737  726      0.445      0.872      0.000 4
 724  733      0.447     -0.165      0.000 4
 733  732      0.450     -0.987      0.000 4
 729  734      0.452      0.186      0.000 4
 739  731      0.453      0.635      0.000 4
 734  735      0.456      0.311      0.000 4
 731  737      0.458     -0.077      0.000 4
 735  741      0.461      0.038      0.000 4
 736  743      0.461      0.048      0.000 4
 740  742      0.464     -0.272      0.000 4
 738  744      0.464      0.136      0.000 4
 745  736      0.470      0.807      0.000 4
 742  738      0.471      0.530      0.000 4
 748  739      0.475     -0.708      0.000 4
 749  740      0.476     -0.719      0.000 4
 743  745      0.476      0.406      0.000 4
 744  746      0.478     -0.430      0.000 4
 741  749      0.479     -0.082      0.000 4
 746  750      0.484     -0.332      0.000 4
 750  748      0.486      0.430      0.000 4
 751  747      0.487     -0.590      0.000 4
 747  752      0.488     -0.129      0.000 4
 752  753      0.495      0.309      0.000 4
 753  756      0.502      0.025      0.000 4
 756  751      0.502      0.750      0.000 4
 757  754      0.507      0.569      0.000 4
 754  760      0.508     -0.139      0.000 4
 755  765      0.510      0.068      0.000 4
 759  755      0.511     -0.542      0.000 4
 758  763      0.515     -0.406      0.000 4
 761  759      0.518     -0.585      0.000 4
 762  757      0.519      0.595      0.000 4
 763  758      0.520      0.664      0.000 4
 764  764      0.524     -0.690      0.000 4
 771  761      0.526     -0.838      0.000 4
 760  771      0.527      0.002      0.000 4
 772  762      0.527     -0.993      0.000 4
 769  766      0.530     -0.654      0.000 4
 773  769      0.535      0.618      0.000 4
 775  767      0.538      0.934      0.000 4
 777  768      0.539      0.920      0.000 4
 765  777      0.539     -0.140      0.000 4
 766  776      0.540     -0.193      0.000 4
 770  775      0.540      0.253      0.000 4
 767  779      0.541     -0.128      0.000 4
 768  780      0.541      0.017      0.000 4
 781  770      0.544     -0.912      0.000 4
 774  774      0.545     -0.497      0.000 4
 776  773      0.546     -0.565      0.000 4
 783  772      0.548     -0.800      0.000 4
 779  781      0.552      0.441      0.000 4
 789  778      0.557      0.871      0.000 4
 778  786      0.557      0.221      0.000 4
 785  782      0.559     -0.560      0.000 4
 784  785      0.560     -0.552      0.000 4
 780  789      0.561      0.120      0.000 4
 782  788      0.562      0.230      0.000 4
 791  783      0.567      0.853      0.000 4
 792  784      0.567     -0.992      0.000 4
 787  791      0.569      0.307      0.000 4
 788  790      0.570      0.356      0.000 4
 793  787      0.572     -0.787      0.000 4
 786  793      0.573     -0.104      0.000 4
 794  792      0.580     -0.593      0.000 4
 790  795      0.581      0.089      0.000 4
 795  794      0.584      0.466      0.000 4
 796  797      0.591      0.477      0.000 4
 797  798      0.594     -0.618      0.000 4
 798  796      0.595      0.645      0.000 4
 800  800      0.602     -0.641      0.000 4
 801  799      0.602      0.670      0.000 4
 799  801      0.603     -0.390      0.000 4
 803  803      0.613     -0.595      0.000 4
 808  802      0.619     -0.904      0.000 4
 802  809      0.620      0.199      0.000 4
 807  804      0.622      0.739      0.000 4
 804  812      0.626      0.044      0.000 4
 809  807      0.627      0.615      0.000 4
 812  805      0.628      0.892      0.000 4
 814  806      0.629     -0.910      0.000 4
 805  814      0.630     -0.109      0.000 4
 813  808      0.633      0.744      0.000 4
 806  815      0.633     -0.219      0.000 4
 817  810      0.636     -0.896      0.000 4
 810  818      0.638     -0.253      0.000 4
 818  811      0.642      0.810      0.000 4
 811  819      0.642      0.053      0.000 4
 816  817      0.643      0.446      0.000 4
 821  813      0.646      0.944      0.000 4
 815  821      0.646     -0.197      0.000 4
 820  816      0.648     -0.735      0.000 4
 819  823      0.654     -0.322      0.000 4
 823  820      0.656      0.696      0.000 4
 825  824      0.661     -0.612      0.000 4
  -1   -2      0.662     -0.324      0.000 4
 828  822      0.663      0.958      0.000 4
 824  830      0.668     -0.078      0.000 4
 827  827      0.672     -0.471      0.000 4
 826  831      0.673      0.287      0.000 4
 831  826      0.678      0.747      0.000 4
 829  829      0.679     -0.686      0.000 4
 835  828      0.682     -0.911      0.000 4
 833  832      0.684      0.673      0.000 4
 830  835      0.687     -0.359      0.000 4
 838  833      0.691      0.787      0.000 4
 832  838      0.692      0.054      0.000 4
 839  834      0.693     -0.755      0.000 4
 834  843      0.696     -0.062      0.000 4
 844  836      0.700      0.841      0.000 4
 836  845      0.699     -0.136      0.000 4
 841  837      0.700      0.640      0.000 4
 840  839      0.700     -0.987      0.000 4
  -1   -2      0.701      0.468      0.000 4
 837  846      0.701     -0.185      0.000 4
 842  841      0.704      0.508      0.000 4
 843  844      0.706      0.470      0.000 4
 850  840      0.709     -0.929      0.000 4
 851  842      0.710     -0.869      0.000 4
 845  849      0.711      0.503      0.000 4
 849  853      0.714      0.531      0.000 4
 852  847      0.714     -0.712      0.000 4
 853  848      0.715      0.747      0.000 4
 848  856      0.716      0.354      0.000 4
 854  850      0.717      0.789      0.000 4
 846  857      0.719      0.060      0.000 4
 858  851      0.719     -0.882      0.000 4
 847  858      0.719      0.045      0.000 4
 856  852      0.720      0.870      0.000 4
 857  854      0.721     -0.724      0.000 4
 859  855      0.724     -0.843      0.000 4
 855  860      0.731      0.179      0.000 4
 863  859      0.735      0.895      0.000 4
 862  862      0.741     -0.480      0.000 4
 860  863      0.742      0.248      0.000 4
 861  869      0.746      0.029      0.000 4
 866  861      0.746     -0.879      0.000 4
 864  865      0.748     -0.549      0.000 4
 870  864      0.753     -0.943      0.000 4
 868  866      0.754     -0.821      0.000 4
 865  870      0.755     -0.230      0.000 4
 869  868      0.756      0.743      0.000 4
 871  867      0.756     -0.881      0.000 4
 867  873      0.765      0.148      0.000 4
 872  875      0.769     -0.165      0.000 4
 874  877      0.770     -0.259      0.000 4
 873  880      0.771     -0.200      0.000 4
 879  871      0.772     -0.807      0.000 4
 877  879      0.773      0.289      0.000 4
 880  872      0.773      0.833      0.000 4
 875  882      0.773      0.112      0.000 4
 876  883      0.774      0.136      0.000 4
 878  881      0.775     -0.489      0.000 4
  -1   -2      0.776     -0.688      0.000 4
 882  878      0.778     -0.676      0.000 4
 883  876      0.779      0.709      0.000 4
 886  884      0.787      0.970      0.000 4
 884  888      0.788     -0.390      0.000 4
 892  885      0.790     -0.949      0.000 4
 893  886      0.792     -0.993      0.000 4
 885  892      0.793      0.086      0.000 4
 894  887      0.795      0.884      0.000 4
 891  889      0.796      0.490      0.000 4
 890  893      0.798     -0.435      0.000 4
 889  895      0.798      0.267      0.000 4
 895  891      0.799      0.536      0.000 4
 887  897      0.799     -0.212      0.000 4
 888  899      0.800     -0.125      0.000 4
 896  890      0.802      0.916      0.000 4
 899  894      0.805      0.806      0.000 4
 897  898      0.807      0.557      0.000 4
 901  896      0.807     -0.805      0.000 4
 900  901      0.811     -0.565      0.000 4
 903  900      0.812      0.632      0.000 4
 898  904      0.813      0.144      0.000 4
 905  902      0.814     -0.541      0.000 4
 902  905      0.816      0.319      0.000 4
  -1   -2      0.819      0.332      0.000 4
 908  903      0.820      0.899      0.000 4
 904  909      0.819      0.099      0.000 4
 909  906      0.824      0.655      0.000 4
 907  914      0.824     -0.088      0.000 4
 913  908      0.826     -0.994      0.000 4
 911  911      0.827      0.586      0.000 4
 910  912      0.827      0.456      0.000 4
 915  910      0.829      0.953      0.000 4
 916  913      0.832      0.711      0.000 4
 914  916      0.833      0.422      0.000 4
 912  918      0.834      0.052      0.000 4
 918  915      0.836      0.763      0.000 4
 917  921      0.840     -0.238      0.000 4
 922  917      0.842      0.859      0.000 4
 919  920      0.842     -0.477      0.000 4
 925  919      0.846      0.903      0.000 4
 920  924      0.845     -0.308      0.000 4
 924  922      0.848     -0.553      0.000 4
 921  926      0.848     -0.074      0.000 4
 923  927      0.851      0.034      0.000 4
 927  923      0.851     -0.822      0.000 4
  -1   -2      0.855      0.734      0.000 4
 926  928      0.855      0.264      0.000 4
 929  929      0.861      0.725      0.000 4
 932  930      0.867      0.433      0.000 4
 931  931      0.868      0.322      0.000 4
 930  934      0.869     -0.027      0.000 4
 933  936      0.871      0.022      0.000 4
 934  935      0.871     -0.323      0.000 4
 936  933      0.873      0.655      0.000 4
 937  932      0.873     -0.750      0.000 4
 935  940      0.877      0.036      0.000 4
 938  937      0.880     -0.736      0.000 4
 939  938      0.882      0.708      0.000 4
 941  939      0.883      0.881      0.000 4
 943  941      0.886      0.625      0.000 4
 942  942      0.886     -0.577      0.000 4
 940  946      0.888     -0.015      0.000 4
 944  943      0.889      0.365      0.000 4
 945  944      0.891      0.507      0.000 4
 947  945      0.892     -0.741      0.000 4
  -1   -2      0.893      0.376      0.000 4
 948  948      0.896     -0.683      0.000 4
 951  949      0.906     -0.568      0.000 4
 949  951      0.907      0.209      0.000 4
 952  952      0.909      0.351      0.000 4
 950  955      0.909     -0.043      0.000 4
 953  950      0.910     -0.947      0.000 4
 954  954      0.912     -0.759      0.000 4
 956  953      0.912     -0.959      0.000 4
 959  956      0.914     -0.918      0.000 4
 955  959      0.916     -0.131      0.000 4
 957  958      0.917     -0.296      0.000 4
 958  957      0.917     -0.459      0.000 4
 960  962      0.921      0.045      0.000 4
 965  960      0.922     -0.977      0.000 4
 964  961      0.923      0.572      0.000 4
 961  963      0.923      0.354      0.000 4
 962  964      0.925     -0.055      0.000 4
 963  965      0.925      0.088      0.000 4
 966  966      0.929     -0.643      0.000 4
 967  967      0.936     -0.423      0.000 4
 968  968      0.939     -0.379      0.000 4
 969  969      0.941     -0.231      0.000 4
 970  970      0.944      0.559      0.000 4
 971  973      0.948     -0.180      0.000 4
 972  971      0.949      0.936      0.000 4
 973  972      0.949      0.892      0.000 4
 974  974      0.949     -0.987      0.000 4
 975  975      0.953      0.796      0.000 4
 976  976      0.952     -0.877      0.000 4
 978  977      0.955     -0.618      0.000 4
 977  978      0.957      0.298      0.000 4
 979  979      0.963     -0.758      0.000 4
 980  980      0.966      0.858      0.000 4
 981  981      0.968     -0.702      0.000 4
 982  982      0.970      0.528      0.000 4
 984  983      0.980      0.492      0.000 4
 985  984      0.979     -0.536      0.000 4
 983  987      0.980     -0.239      0.000 4
 986  985      0.980     -0.894      0.000 4
 987  986      0.982      0.749      0.000 4
 988  988      0.984      0.974      0.000 4
 990  989      0.984     -0.830      0.000 4
 991  991      0.985      0.675      0.000 4
 989  990      0.986      0.778      0.000 4
 992  992      0.988     -0.378      0.000 4
  -1   -2      0.990      0.433      0.000 4
 994  994      0.992      0.422      0.000 4
 995   -2      0.994      0.034      0.000 4
