997
   0    1     -0.997      0.045      0.000 4
   1    0     -0.998      0.224      0.000 4
   2    2     -0.993     -0.133      0.000 4
   6    4     -0.989     -0.231      0.000 4
   3   10     -0.990      0.761      0.000 4
   4    7     -0.988     -0.767      0.000 4
  -1   -2     -0.989      0.768      0.000 4
   7    5     -0.989     -0.049      0.000 4
   8    6     -0.989      0.952      0.000 4
  10    9     -0.988     -0.549      0.000 4
   9    8     -0.989      0.452      0.000 4
  11   12     -0.989      0.701      0.000 4
  12   -2     -0.987     -0.299      0.000 4
  13   13     -0.987     -0.799      0.000 4
  14   14     -0.987      0.201      0.000 4
  15   15     -0.985     -0.292      0.000 4
  16   16     -0.981      0.270      0.000 4
  17   17     -0.977     -0.194      0.000 4
  18   18     -0.974      0.589      0.000 4
  19   19     -0.972     -0.017      0.000 4
  20   20     -0.971      0.387      0.000 4
  21   21     -0.971     -0.202      0.000 4
  23   22     -0.970      0.361      0.000 4
  22   23     -0.969      0.962      0.000 4
  24   24     -0.968      0.698      0.000 4
  25   26     -0.965     -0.978      0.000 4
  26   25     -0.966     -0.468      0.000 4
  27   27     -0.963     -0.114      0.000 4
  28   28     -0.962     -0.226      0.000 4
  29   30     -0.960      0.604      0.000 4
  30   29     -0.958     -0.438      0.000 4
  31   31     -0.956      0.196      0.000 4
  32   33     -0.951      0.835      0.000 4
  33   32     -0.949     -0.659      0.000 4
  34   34     -0.947      0.104      0.000 4
  37   35     -0.944      0.190      0.000 4
  36   37     -0.943      0.582      0.000 4
  39   36     -0.942     -0.289      0.000 4
  35   38     -0.942      0.725      0.000 4
  38   39     -0.941     -0.703      0.000 4
  41   40     -0.940      0.433      0.000 4
  40   44     -0.937     -0.934      0.000 4
  42   41     -0.936      0.210      0.000 4
  44   43     -0.935      0.491      0.000 4
  45   42     -0.934      0.325      0.000 4
  43   45     -0.932     -0.735      0.000 4
  47   46     -0.929      0.384      0.000 4
  46   49     -0.925     -0.934      0.000 4
  48   48     -0.926      0.770      0.000 4
  49   47     -0.924     -0.177      0.000 4
  50   50     -0.921      0.942      0.000 4
  51   52     -0.914      0.667      0.000 4
  52   51     -0.914     -0.221      0.000 4
  53   54     -0.905     -0.526      0.000 4
  54   53     -0.905     -0.248      0.000 4
  56   55     -0.900     -0.033      0.000 4
  57   56     -0.899      0.085      0.000 4
  55   58     -0.899      0.443      0.000 4
  58   57     -0.897      0.182      0.000 4
  63   59     -0.893     -0.183      0.000 4
  59   62     -0.892     -0.688      0.000 4
  60   64     -0.892      0.654      0.000 4
  66   60     -0.891     -0.338      0.000 4
  64   63     -0.890     -0.493      0.000 4
  62   67     -0.890      0.638      0.000 4
  68   61     -0.889     -0.273      0.000 4
  65   65     -0.889      0.501      0.000 4
  61   71     -0.888     -0.921      0.000 4
  67   68     -0.886     -0.652      0.000 4
  70   66     -0.885      0.042      0.000 4
  71   70     -0.882     -0.138      0.000 4
  72   69     -0.881     -0.004      0.000 4
  69   75     -0.881      0.923      0.000 4
  75   72     -0.877     -0.095      0.000 4
  74   73     -0.877      0.213      0.000 4
  73   76     -0.876      0.570      0.000 4
  77   74     -0.874      0.139      0.000 4
  76   79     -0.871      0.610      0.000 4
  79   77     -0.870     -0.067      0.000 4
  81   78     -0.867     -0.183      0.000 4
  78   82     -0.864     -0.728      0.000 4
  82   80     -0.863      0.292      0.000 4
  80   84     -0.862      0.813      0.000 4
  84   81     -0.860      0.154      0.000 4
  86   83     -0.857     -0.342      0.000 4
  87   85     -0.855      0.248      0.000 4
  83   87     -0.854     -0.876      0.000 4
  85   88     -0.851     -0.839      0.000 4
  91   86     -0.847     -0.190      0.000 4
  89   90     -0.843     -0.557      0.000 4
  95   89     -0.843      0.275      0.000 4
  88   92     -0.843      0.853      0.000 4
  93   93     -0.839     -0.724      0.000 4
  94   94     -0.839      0.639      0.000 4
  90   96     -0.838     -0.988      0.000 4
  92   98     -0.837     -0.924      0.000 4
  96  100     -0.834      0.701      0.000 4
 100   91     -0.834     -0.000      0.000 4
 102   95     -0.831      0.122      0.000 4
  97  101     -0.831      0.887      0.000 4
 101   97     -0.830     -0.351      0.000 4
  99  103     -0.828     -0.872      0.000 4
 103  102     -0.824      0.385      0.000 4
 107  104     -0.815     -0.253      0.000 4
 104  105     -0.815      0.543      0.000 4
 105  108     -0.812      0.666      0.000 4
 108  107     -0.808     -0.419      0.000 4
 106  111     -0.806     -0.937      0.000 4
 110  106     -0.806     -0.050      0.000 4
 109  110     -0.804      0.507      0.000 4
 112  109     -0.801     -0.185      0.000 4
 111  113     -0.798     -0.988      0.000 4
 113  112     -0.797     -0.427      0.000 4
 114  117     -0.789      0.570      0.000 4
 115  114     -0.788     -0.299      0.000 4
 116  115     -0.786     -0.265      0.000 4
 118  116     -0.783      0.127      0.000 4
 120  118     -0.780      0.092      0.000 4
 117  121     -0.774     -0.843      0.000 4
 123  119     -0.773     -0.179      0.000 4
 121  120     -0.771      0.555      0.000 4
 119  123     -0.769     -0.964      0.000 4
 122  122     -0.768     -0.610      0.000 4
 124  128     -0.760      0.721      0.000 4
 125  126     -0.760      0.578      0.000 4
 129  124     -0.756      0.211      0.000 4
 127  127     -0.755     -0.452      0.000 4
 133  125     -0.754     -0.244      0.000 4
 126  135     -0.752     -0.876      0.000 4
 128  129     -0.752     -0.485      0.000 4
 130  130     -0.752      0.465      0.000 4
 131  132     -0.750      0.536      0.000 4
 134  131     -0.748      0.351      0.000 4
 135  134     -0.745     -0.506      0.000 4
 132  140     -0.745      0.799      0.000 4
 141  133     -0.743     -0.303      0.000 4
 136  137     -0.743      0.571      0.000 4
 138  138     -0.741      0.508      0.000 4
 140  139     -0.739     -0.538      0.000 4
 137  142     -0.736     -0.995      0.000 4
 143  136     -0.737     -0.223      0.000 4
 142  141     -0.736      0.457      0.000 4
 139  144     -0.733     -0.822      0.000 4
 146  143     -0.722     -0.185      0.000 4
 145  145     -0.722      0.306      0.000 4
 144  146     -0.720     -0.436      0.000 4
 153  147     -0.714      0.036      0.000 4
 150  150     -0.712     -0.552      0.000 4
 151  153     -0.709      0.511      0.000 4
 147  156     -0.707     -0.848      0.000 4
 156  148     -0.708      0.187      0.000 4
 155  151     -0.706     -0.346      0.000 4
 149  158     -0.707      0.926      0.000 4
 148  160     -0.706     -0.896      0.000 4
 158  149     -0.704      0.061      0.000 4
 157  152     -0.704     -0.234      0.000 4
 152  161     -0.702      0.687      0.000 4
 160  154     -0.699      0.155      0.000 4
 154  162     -0.696     -0.749      0.000 4
 164  155     -0.694      0.037      0.000 4
 163  157     -0.694     -0.207      0.000 4
 162  159     -0.694      0.250      0.000 4
 165  163     -0.689     -0.416      0.000 4
 159  167     -0.688      0.967      0.000 4
 161  165     -0.686     -0.705      0.000 4
 166  164     -0.684      0.534      0.000 4
 167  166     -0.680     -0.507      0.000 4
 170  168     -0.670      0.217      0.000 4
 174  169     -0.666     -0.086      0.000 4
 176  170     -0.662      0.027      0.000 4
 169  173     -0.662      0.613      0.000 4
 168  175     -0.661      0.877      0.000 4
 177  171     -0.660      0.065      0.000 4
 172  174     -0.659      0.580      0.000 4
 179  172     -0.657     -0.057      0.000 4
 173  176     -0.657      0.631      0.000 4
 171  179     -0.654     -0.982      0.000 4
 175  180     -0.651      0.677      0.000 4
 178  181     -0.647      0.611      0.000 4
 180  177     -0.647      0.265      0.000 4
 185  178     -0.641     -0.145      0.000 4
 183  182     -0.637     -0.442      0.000 4
 187  183     -0.636      0.325      0.000 4
 184  185     -0.634      0.503      0.000 4
 181  186     -0.633      0.820      0.000 4
 182  187     -0.631      0.892      0.000 4
 191  184     -0.630     -0.198      0.000 4
 186  188     -0.627      0.713      0.000 4
 188  192     -0.624      0.791      0.000 4
 193  189     -0.620     -0.584      0.000 4
 194  191     -0.620      0.583      0.000 4
 189  193     -0.619     -0.739      0.000 4
 190  196     -0.616     -0.812      0.000 4
 192  197     -0.615      0.852      0.000 4
  -1   -2     -0.610     -0.737      0.000 4
 197  190     -0.609     -0.027      0.000 4
 196  199     -0.605      0.574      0.000 4
 198  194     -0.603     -0.175      0.000 4
 200  195     -0.601      0.015      0.000 4
 204  200     -0.590     -0.078      0.000 4
 202  202     -0.590      0.539      0.000 4
 201  204     -0.586      0.735      0.000 4
 203  203     -0.585      0.532      0.000 4
 199  207     -0.584      0.932      0.000 4
  -1  208     -0.580     -0.042      0.000 4
 208  206     -0.578      0.491      0.000 4
 205  212     -0.574     -0.763      0.000 4
 207  213     -0.572     -0.724      0.000 4
 214  205     -0.572      0.280      0.000 4
 210  209     -0.572      0.485      0.000 4
 209  210     -0.571      0.523      0.000 4
 206  214     -0.571      0.823      0.000 4
 213  211     -0.568      0.461      0.000 4
 211  220     -0.565     -0.041      0.000 4
 212  216     -0.564     -0.623      0.000 4
 216  217     -0.560     -0.485      0.000 4
 215  222     -0.556      0.701      0.000 4
 228  215     -0.554     -0.171      0.000 4
 221  219     -0.553     -0.529      0.000 4
 224  221     -0.549     -0.988      0.000 4
 230  218     -0.549     -0.182      0.000 4
 220  225     -0.548     -0.749      0.000 4
 218  228     -0.548      0.794      0.000 4
 219  232     -0.547      0.830      0.000 4
 222  233     -0.544     -0.791      0.000 4
 226  229     -0.544     -0.662      0.000 4
 227  226     -0.544     -0.620      0.000 4
 225  231     -0.544      0.660      0.000 4
 223  237     -0.543      0.871      0.000 4
 217   -2     -0.541     -0.038      0.000 4
 229  236     -0.541      0.644      0.000 4
 231  227     -0.539     -0.495      0.000 4
 233  223     -0.539     -0.216      0.000 4
 238  224     -0.535     -0.168      0.000 4
 241  230     -0.533      0.177      0.000 4
 237  234     -0.532      0.306      0.000 4
 239  238     -0.528      0.418      0.000 4
 245  235     -0.527     -0.033      0.000 4
 236  240     -0.525      0.593      0.000 4
 242  239     -0.523     -0.467      0.000 4
 234  243     -0.523      0.841      0.000 4
 235  245     -0.522      0.806      0.000 4
 240  248     -0.518      0.782      0.000 4
 244  246     -0.517      0.601      0.000 4
 248  242     -0.513     -0.379      0.000 4
 243  254     -0.512      0.916      0.000 4
 251  241     -0.512      0.084      0.000 4
 255  244     -0.506     -0.057      0.000 4
 246  256     -0.505      0.906      0.000 4
 252  250     -0.504      0.344      0.000 4
 247  255     -0.504     -0.719      0.000 4
 256  247     -0.504      0.158      0.000 4
  -1   -2     -0.501      0.013      0.000 4
 249  258     -0.501      0.722      0.000 4
 263  251     -0.498     -0.145      0.000 4
 250  260     -0.496     -0.913      0.000 4
 264  253     -0.496      0.140      0.000 4
 265  252     -0.495      0.018      0.000 4
 261  257     -0.494      0.423      0.000 4
 253  263     -0.491     -0.844      0.000 4
 257  261     -0.491      0.653      0.000 4
 262  262     -0.488     -0.594      0.000 4
 254  268     -0.488      0.991      0.000 4
 259  267     -0.486      0.715      0.000 4
 258  269     -0.485     -0.983      0.000 4
 269  259     -0.484     -0.243      0.000 4
 268  265     -0.480      0.441      0.000 4
 267  271     -0.479      0.614      0.000 4
 266  272     -0.479      0.707      0.000 4
 276  264     -0.473     -0.103      0.000 4
 277  266     -0.472     -0.096      0.000 4
 275  270     -0.470     -0.302      0.000 4
 273  274     -0.469      0.575      0.000 4
  -1   -2     -0.468      0.707      0.000 4
 270  277     -0.465     -0.895      0.000 4
 271  279     -0.466      0.989      0.000 4
 274  278     -0.463      0.718      0.000 4
 279  273     -0.462     -0.229      0.000 4
 280  276     -0.457      0.374      0.000 4
 278  280     -0.454      0.567      0.000 4
 281  282     -0.445     -0.722      0.000 4
 284  281     -0.445     -0.307      0.000 4
 282  288     -0.440      0.944      0.000 4
 283  292     -0.432      0.925      0.000 4
 287  284     -0.431     -0.371      0.000 4
 285  293     -0.427     -0.840      0.000 4
 291  289     -0.425     -0.411      0.000 4
 293  287     -0.425      0.257      0.000 4
 286  295     -0.425      0.797      0.000 4
 295  286     -0.424     -0.098      0.000 4
 296  285     -0.424     -0.060      0.000 4
 299  291     -0.420     -0.241      0.000 4
 301  290     -0.419      0.125      0.000 4
 288  299     -0.420      0.731      0.000 4
 290  300     -0.418     -0.718      0.000 4
 298  294     -0.416     -0.449      0.000 4
 297  297     -0.415      0.469      0.000 4
 289  305     -0.415      0.954      0.000 4
 294  302     -0.414     -0.624      0.000 4
 292  304     -0.414      0.752      0.000 4
 300  298     -0.412     -0.502      0.000 4
 304  296     -0.412      0.305      0.000 4
 305  303     -0.408      0.473      0.000 4
 303  306     -0.406      0.561      0.000 4
 308  301     -0.405      0.123      0.000 4
 302  307     -0.403      0.757      0.000 4
 306  313     -0.397      0.949      0.000 4
 307  312     -0.396      0.811      0.000 4
 309  322     -0.386     -0.994      0.000 4
 314  310     -0.386      0.173      0.000 4
 315  308     -0.386      0.130      0.000 4
 318  309     -0.385     -0.015      0.000 4
 311  315     -0.384     -0.580      0.000 4
 310  320     -0.383     -0.762      0.000 4
 320  311     -0.382      0.083      0.000 4
 312  321     -0.381      0.602      0.000 4
 321  314     -0.379      0.146      0.000 4
 319  316     -0.379      0.348      0.000 4
 313  324     -0.376      0.588      0.000 4
 323  318     -0.374     -0.244      0.000 4
 326  317     -0.373     -0.048      0.000 4
 324  319     -0.373      0.260      0.000 4
 317  326     -0.372     -0.677      0.000 4
 316  327     -0.370      0.924      0.000 4
 329  323     -0.367     -0.120      0.000 4
 330  325     -0.366      0.133      0.000 4
 322  328     -0.364      0.689      0.000 4
 325  329     -0.359      0.751      0.000 4
 328  331     -0.358     -0.789      0.000 4
 327  332     -0.358      0.787      0.000 4
 331  334     -0.351      0.863      0.000 4
 335  330     -0.349      0.301      0.000 4
 332  337     -0.346     -0.895      0.000 4
 333  336     -0.346     -0.811      0.000 4
 334  338     -0.344      0.980      0.000 4
 336  335     -0.341     -0.554      0.000 4
 338  333     -0.338     -0.205      0.000 4
 337  339     -0.334     -0.841      0.000 4
 341  340     -0.319      0.420      0.000 4
 342  342     -0.317      0.488      0.000 4
 340  344     -0.313      0.705      0.000 4
 344  341     -0.312      0.046      0.000 4
 339  346     -0.311      0.875      0.000 4
 343  345     -0.306      0.472      0.000 4
 349  343     -0.305     -0.050      0.000 4
 345  349     -0.300     -0.576      0.000 4
 350  347     -0.299     -0.437      0.000 4
 348  350     -0.298     -0.988      0.000 4
 346  352     -0.298      0.646      0.000 4
 353  348     -0.296     -0.219      0.000 4
 347  356     -0.293      0.829      0.000 4
 352  353     -0.293      0.508      0.000 4
 351  354     -0.293     -0.620      0.000 4
 356  351     -0.289      0.146      0.000 4
 354  357     -0.285     -0.565      0.000 4
 358  355     -0.285      0.313      0.000 4
 355  359     -0.283      0.511      0.000 4
 361  358     -0.282      0.381      0.000 4
 362  365     -0.277     -0.606      0.000 4
 364  360     -0.277     -0.283      0.000 4
 357  368     -0.276     -0.880      0.000 4
 365  362     -0.275     -0.301      0.000 4
 369  361     -0.274     -0.055      0.000 4
 359  370     -0.274     -0.906      0.000 4
 360  372     -0.274      0.936      0.000 4
 367  367     -0.273     -0.393      0.000 4
 363  369     -0.272     -0.634      0.000 4
 372  363     -0.270     -0.037      0.000 4
 371  364     -0.270     -0.126      0.000 4
 373  366     -0.269     -0.100      0.000 4
 366  374     -0.268      0.653      0.000 4
 370  376     -0.264      0.569      0.000 4
 375  371     -0.263     -0.232      0.000 4
 368  377     -0.263      0.988      0.000 4
 374  373     -0.262     -0.361      0.000 4
 377  375     -0.257     -0.117      0.000 4
 376  381     -0.250     -0.852      0.000 4
 378  380     -0.248     -0.557      0.000 4
 380  378     -0.248     -0.231      0.000 4
 379  379     -0.247     -0.377      0.000 4
 381  386     -0.236      0.703      0.000 4
 386  382     -0.235     -0.033      0.000 4
 385  383     -0.232      0.324      0.000 4
 384  387     -0.231     -0.525      0.000 4
 382  388     -0.231      0.634      0.000 4
 387  385     -0.230      0.345      0.000 4
 390  384     -0.229      0.113      0.000 4
 383  392     -0.227      0.968      0.000 4
 388  391     -0.225      0.570      0.000 4
 391  389     -0.225     -0.337      0.000 4
 389  390     -0.225      0.473      0.000 4
 392  393     -0.221     -0.526      0.000 4
 393  398     -0.209      0.688      0.000 4
 394  397     -0.208      0.552      0.000 4
  -1   -2     -0.207     -0.426      0.000 4
 397  395     -0.206     -0.434      0.000 4
 396  396     -0.206     -0.491      0.000 4
 398  400     -0.198      0.967      0.000 4
 403  399     -0.192      0.119      0.000 4
 399  403     -0.190      0.757      0.000 4
 400  401     -0.189      0.618      0.000 4
 401  402     -0.188     -0.626      0.000 4
 405  404     -0.184     -0.714      0.000 4
 402  406     -0.184      0.904      0.000 4
 404  405     -0.184      0.842      0.000 4
 406  412     -0.179      0.787      0.000 4
 408  407     -0.179      0.429      0.000 4
  -1  410     -0.177      0.350      0.000 4
 409   -2     -0.175      0.358      0.000 4
 407  414     -0.175     -0.983      0.000 4
 412  411     -0.174     -0.421      0.000 4
 414  409     -0.174     -0.043      0.000 4
 411  417     -0.172     -0.662      0.000 4
 413  416     -0.172      0.588      0.000 4
 417  413     -0.169      0.172      0.000 4
 418  415     -0.168      0.154      0.000 4
 415  418     -0.167     -0.609      0.000 4
 416  421     -0.166      0.643      0.000 4
 419  420     -0.164     -0.537      0.000 4
 420  419     -0.163     -0.200      0.000 4
 421  422     -0.160     -0.400      0.000 4
 422  423     -0.157     -0.173      0.000 4
 423  424     -0.156      0.137      0.000 4
 424  425     -0.152     -0.252      0.000 4
 425  426     -0.149     -0.232      0.000 4
 428  427     -0.144      0.363      0.000 4
 426  428     -0.142     -0.789      0.000 4
 427  429     -0.141      0.791      0.000 4
 430  430     -0.139      0.713      0.000 4
 429  432     -0.139      0.812      0.000 4
 433  431     -0.134     -0.296      0.000 4
 431  433     -0.134     -0.875      0.000 4
 432  435     -0.133      0.959      0.000 4
 435  434     -0.128      0.233      0.000 4
 434  436     -0.128     -0.796      0.000 4
 436  437     -0.126      0.541      0.000 4
 438  438     -0.120     -0.226      0.000 4
 439  439     -0.118     -0.149      0.000 4
 437  440     -0.117      0.735      0.000 4
 441  441     -0.113      0.170      0.000 4
 440  442     -0.111     -0.555      0.000 4
 443  445     -0.108     -0.486      0.000 4
 442  446     -0.108      0.692      0.000 4
 446  443     -0.107      0.002      0.000 4
 447  444     -0.107     -0.048      0.000 4
  -1  448     -0.105      0.469      0.000 4
 444   -2     -0.105      0.480      0.000 4
 448  449     -0.102      0.363      0.000 4
 449  450     -0.100     -0.426      0.000 4
 450  451     -0.091     -0.276      0.000 4
 451  452     -0.080     -0.541      0.000 4
 452  453     -0.078     -0.017      0.000 4
 454  454     -0.076     -0.467      0.000 4
 453  455     -0.076      0.915      0.000 4
 455  456     -0.073      0.809      0.000 4
 456  457     -0.071      0.566      0.000 4
 457  458     -0.070     -0.586      0.000 4
 458  460     -0.068     -0.370      0.000 4
 459  459     -0.068     -0.195      0.000 4
 460  461     -0.068      0.212      0.000 4
 461  463     -0.064      0.971      0.000 4
 462  462     -0.063      0.363      0.000 4
 463  464     -0.062      0.446      0.000 4
 464  465     -0.058     -0.890      0.000 4
 465  468     -0.055     -0.909      0.000 4
 467  466     -0.055     -0.050      0.000 4
 466  467     -0.054     -0.397      0.000 4
 468  469     -0.053     -0.719      0.000 4
  -1  470     -0.053     -0.976      0.000 4
 469  473     -0.051     -0.741      0.000 4
 470  472     -0.050      0.053      0.000 4
 471  471     -0.050      0.038      0.000 4
 472  475     -0.049      0.428      0.000 4
  -1  474     -0.049     -0.988      0.000 4
 475  476     -0.049     -0.079      0.000 4
 474  477     -0.048     -0.431      0.000 4
 473  479     -0.048      0.722      0.000 4
 476  478     -0.048     -0.531      0.000 4
 477  480     -0.046      0.296      0.000 4
 478  481     -0.043     -0.615      0.000 4
 479  482     -0.039      0.190      0.000 4
 480  483     -0.038     -0.877      0.000 4
 481  485     -0.037      0.902      0.000 4
 482  484     -0.037      0.505      0.000 4
 483  486     -0.036      0.336      0.000 4
 484  487     -0.034      0.072      0.000 4
 485  488     -0.034     -0.428      0.000 4
 486  489     -0.034      0.724      0.000 4
 487  490     -0.032     -0.800      0.000 4
 488  491     -0.032      0.217      0.000 4
 489  492     -0.031     -0.243      0.000 4
 490  493     -0.030      0.808      0.000 4
 491  494     -0.030     -0.509      0.000 4
 492  495     -0.029      0.938      0.000 4
 493  496     -0.028      0.104      0.000 4
 494  497     -0.025      0.134      0.000 4
 495  499     -0.023      0.014      0.000 4
 496  498     -0.023     -0.621      0.000 4
 497  500     -0.022     -0.397      0.000 4
 498  501     -0.021     -0.483      0.000 4
 499  502     -0.021      0.611      0.000 4
 500  503     -0.018     -0.430      0.000 4
 501  504     -0.016     -0.677      0.000 4
  -1   -2     -0.015     -0.478      0.000 4
 504  506     -0.014      0.973      0.000 4
 503  507     -0.013     -0.582      0.000 4
 506  508     -0.013     -0.609      0.000 4
 505  509     -0.013      0.231      0.000 4
 507  510      0.004      0.041      0.000 4
 508  511      0.005     -0.363      0.000 4
 509  512      0.008     -0.212      0.000 4
 512  513      0.010      0.764      0.000 4
 511  514      0.011      0.495      0.000 4
 510  516      0.011      0.215      0.000 4
 513  515      0.012     -0.683      0.000 4
 514  517      0.013      0.698      0.000 4
 515  518      0.018     -0.663      0.000 4
 516  519      0.019      0.686      0.000 4
 517  520      0.021     -0.314      0.000 4
 518  521      0.024      0.053      0.000 4
 519  523      0.027     -0.103      0.000 4
 522  522      0.029      0.513      0.000 4
 520  524      0.029     -0.084      0.000 4
 521  525      0.030     -0.180      0.000 4
 523  527      0.035      0.117      0.000 4
 524  526      0.039     -0.958      0.000 4
 525  530      0.043     -0.182      0.000 4
 529  528      0.044     -0.765      0.000 4
 526  531      0.044      0.082      0.000 4
 527  529      0.045     -0.462      0.000 4
 528  532      0.045      0.319      0.000 4
 530  533      0.049     -0.657      0.000 4
 531  535      0.054      0.152      0.000 4
 532  537      0.055     -0.376      0.000 4
 534  534      0.057      0.859      0.000 4
 533  538      0.058      0.281      0.000 4
 535  536      0.059     -0.911      0.000 4
 537  539      0.064      0.723      0.000 4
 538  540      0.065     -0.837      0.000 4
 539  541      0.067     -0.964      0.000 4
 536  544      0.068      0.000      0.000 4
 541  542      0.068      0.934      0.000 4
 540  543      0.070      0.659      0.000 4
 542  545      0.072      0.346      0.000 4
 543  546      0.075     -0.573      0.000 4
 544  547      0.077      0.642      0.000 4
 545  548      0.080     -0.887      0.000 4
 546  550      0.091     -0.363      0.000 4
 547  552      0.092     -0.267      0.000 4
 549  549      0.093     -0.959      0.000 4
 548  554      0.094      0.046      0.000 4
 552  551      0.098      0.826      0.000 4
 553  553      0.099     -0.861      0.000 4
 550  556      0.101     -0.384      0.000 4
 551  559      0.103      0.192      0.000 4
 556  555      0.106     -0.966      0.000 4
 558  557      0.107      0.943      0.000 4
 554  564      0.108      0.167      0.000 4
 559  558      0.109     -0.855      0.000 4
 555  562      0.110     -0.487      0.000 4
 561  560      0.111     -0.973      0.000 4
 557  566      0.113      0.189      0.000 4
 560  565      0.114      0.490      0.000 4
 562  563      0.114      0.729      0.000 4
 563  561      0.115     -0.913      0.000 4
 564  569      0.120     -0.529      0.000 4
 565  568      0.121     -0.620      0.000 4
 567  567      0.122      0.767      0.000 4
 566  571      0.124     -0.462      0.000 4
 573  570      0.128      0.869      0.000 4
 569  574      0.129      0.262      0.000 4
 571  572      0.130     -0.447      0.000 4
 568  575      0.130      0.046      0.000 4
 570  577      0.131     -0.049      0.000 4
 572  578      0.133     -0.160      0.000 4
 576  573      0.135      0.859      0.000 4
 574  579      0.139     -0.182      0.000 4
 578  576      0.140     -0.927      0.000 4
 575  580      0.140      0.072      0.000 4
 577  582      0.146     -0.047      0.000 4
 580  585      0.152     -0.170      0.000 4
 579  587      0.152      0.014      0.000 4
 584  581      0.153     -0.920      0.000 4
 581  589      0.155      0.246      0.000 4
 583  586      0.157      0.498      0.000 4
 587  583      0.158      0.826      0.000 4
 588  588      0.160     -0.634      0.000 4
  -1   -2      0.161     -0.463      0.000 4
 591  584      0.161      0.950      0.000 4
 582  593      0.162      0.054      0.000 4
 586  592      0.163      0.314      0.000 4
 589  591      0.164     -0.473      0.000 4
 590  594      0.168      0.349      0.000 4
 592  595      0.171      0.425      0.000 4
 593  596      0.172     -0.420      0.000 4
 596  597      0.180      0.643      0.000 4
 594  599      0.182     -0.192      0.000 4
 597  598      0.186     -0.442      0.000 4
 595  602      0.186      0.105      0.000 4
 598  600      0.186     -0.424      0.000 4
 599  605      0.192      0.049      0.000 4
 601  604      0.194     -0.483      0.000 4
 600  608      0.195     -0.031      0.000 4
 607  601      0.196      0.975      0.000 4
 604  603      0.197      0.676      0.000 4
 605  606      0.200      0.526      0.000 4
 603  610      0.201      0.257      0.000 4
 606  607      0.201     -0.987      0.000 4
 602  613      0.203     -0.015      0.000 4
 611  609      0.205     -0.595      0.000 4
 612  612      0.208     -0.563      0.000 4
 615  611      0.209      0.613      0.000 4
 610  614      0.210      0.350      0.000 4
 608  616      0.210     -0.146      0.000 4
 609  615      0.211     -0.280      0.000 4
 614  618      0.213     -0.328      0.000 4
 613  619      0.215      0.071      0.000 4
 618  617      0.221     -0.810      0.000 4
 617  623      0.225      0.520      0.000 4
 620  620      0.227      0.721      0.000 4
 621  621      0.228      0.769      0.000 4
 616  627      0.229      0.138      0.000 4
 623  622      0.229     -0.847      0.000 4
 622  624      0.230      0.652      0.000 4
 627  625      0.234     -0.964      0.000 4
 628  626      0.235      0.878      0.000 4
 619  631      0.235     -0.202      0.000 4
 624  630      0.237     -0.510      0.000 4
 626  629      0.238     -0.576      0.000 4
 631  628      0.240     -0.800      0.000 4
 625  634      0.243      0.165      0.000 4
 629  635      0.248      0.150      0.000 4
 630  638      0.252     -0.138      0.000 4
 636  632      0.252     -0.790      0.000 4
 634  636      0.253      0.361      0.000 4
 632  639      0.254      0.073      0.000 4
 637  633      0.254     -0.849      0.000 4
 633  637      0.254      0.288      0.000 4
 635  641      0.262      0.066      0.000 4
 638  644      0.271     -0.083      0.000 4
 641  642      0.272     -0.517      0.000 4
 645  640      0.272     -0.711      0.000 4
 640  643      0.273     -0.334      0.000 4
 639  646      0.274      0.037      0.000 4
 643  647      0.278     -0.193      0.000 4
 642  648      0.278      0.115      0.000 4
 644  653      0.281     -0.103      0.000 4
 647  651      0.283     -0.384      0.000 4
 646  657      0.285      0.175      0.000 4
 648  649      0.286      0.489      0.000 4
 652  645      0.288      0.862      0.000 4
 649  655      0.291      0.553      0.000 4
 650  652      0.292      0.611      0.000 4
 651  654      0.292     -0.642      0.000 4
 655  650      0.292     -0.807      0.000 4
 657  656      0.297      0.795      0.000 4
 654  660      0.300      0.429      0.000 4
 658  659      0.301      0.698      0.000 4
 662  658      0.301     -0.994      0.000 4
 653  665      0.306     -0.097      0.000 4
 659  663      0.308      0.444      0.000 4
 666  661      0.311     -0.800      0.000 4
 656  670      0.312      0.004      0.000 4
 661  667      0.313      0.354      0.000 4
 664  668      0.315     -0.433      0.000 4
 660  673      0.316     -0.019      0.000 4
 669  662      0.317      0.866      0.000 4
 663  674      0.318     -0.228      0.000 4
 665  671      0.318     -0.393      0.000 4
  -1   -2      0.319      0.811      0.000 4
 673  666      0.322     -0.955      0.000 4
 668  669      0.322     -0.602      0.000 4
 671  676      0.327      0.475      0.000 4
 667  680      0.329     -0.256      0.000 4
 674  678      0.331      0.569      0.000 4
 676  672      0.331      0.812      0.000 4
 677  677      0.333     -0.744      0.000 4
 680  675      0.334     -0.983      0.000 4
 672  682      0.334      0.259      0.000 4
 678  679      0.336      0.620      0.000 4
 679  681      0.340     -0.557      0.000 4
 675  685      0.341     -0.301      0.000 4
 681  683      0.342     -0.574      0.000 4
 685  684      0.349      0.847      0.000 4
 682  686      0.350      0.470      0.000 4
 684  687      0.355      0.456      0.000 4
 683  694      0.362     -0.079      0.000 4
 689  688      0.363     -0.668      0.000 4
 691  689      0.363     -0.701      0.000 4
 694  690      0.367      0.768      0.000 4
 688  695      0.368      0.337      0.000 4
 686  699      0.370      0.150      0.000 4
 690  696      0.370      0.424      0.000 4
 695  691      0.370     -0.762      0.000 4
 687  703      0.371      0.101      0.000 4
 696  692      0.371     -0.745      0.000 4
 692  697      0.371     -0.440      0.000 4
 699  693      0.375     -0.896      0.000 4
 693  705      0.377      0.221      0.000 4
 705  698      0.383     -0.826      0.000 4
 704  700      0.383     -0.725      0.000 4
 697  709      0.384     -0.278      0.000 4
 710  701      0.388      0.992      0.000 4
 712  702      0.388     -0.977      0.000 4
 698  712      0.390      0.041      0.000 4
 713  704      0.391      0.947      0.000 4
 706  708      0.391      0.503      0.000 4
 700  713      0.392      0.176      0.000 4
 714  706      0.393      0.829      0.000 4
 701  714      0.394      0.152      0.000 4
 707  711      0.395      0.466      0.000 4
 702  716      0.396     -0.167      0.000 4
 716  707      0.396     -0.773      0.000 4
 703  718      0.397      0.027      0.000 4
 711  715      0.401      0.381      0.000 4
 708  717      0.401     -0.387      0.000 4
 718  710      0.402      0.869      0.000 4
 709  720      0.406      0.100      0.000 4
 715  722      0.410      0.136      0.000 4
 719  721      0.414      0.416      0.000 4
 723  719      0.416      0.691      0.000 4
 717  725      0.417      0.074      0.000 4
 722  724      0.421     -0.453      0.000 4
 720  729      0.422      0.006      0.000 4
 721  728      0.423      0.083      0.000 4
 724  727      0.427      0.437      0.000 4
 728  723      0.431      0.804      0.000 4
 726  726      0.432      0.630      0.000 4
 725  731      0.433      0.307      0.000 4
 727  730      0.438     -0.539      0.000 4
 731  732      0.449     -0.715      0.000 4
 733  733      0.449     -0.705      0.000 4
 730  734      0.450     -0.987      0.000 4
 729  737      0.457      0.136      0.000 4
 732  738      0.463     -0.194      0.000 4
 735  736      0.465      0.529      0.000 4
 738  735      0.468      0.751      0.000 4
 734  742      0.470      0.045      0.000 4
 736  745      0.475     -0.116      0.000 4
 737  744      0.475     -0.168      0.000 4
 740  740      0.478     -0.589      0.000 4
 739  747      0.481      0.310      0.000 4
 745  739      0.481     -0.994      0.000 4
 748  741      0.484     -0.840      0.000 4
 743  750      0.489      0.407      0.000 4
 741  757      0.491     -0.163      0.000 4
 742  755      0.491      0.186      0.000 4
 755  743      0.493      0.934      0.000 4
 744  754      0.494     -0.429      0.000 4
 756  746      0.494      0.920      0.000 4
 747  753      0.494      0.431      0.000 4
 750  751      0.494      0.572      0.000 4
 754  749      0.495      0.667      0.000 4
 759  748      0.496     -0.914      0.000 4
 746  759      0.498     -0.271      0.000 4
 757  752      0.499     -0.693      0.000 4
 758  756      0.502      0.599      0.000 4
 749  766      0.506     -0.076      0.000 4
 751  767      0.507      0.136      0.000 4
 761  763      0.508     -0.545      0.000 4
 753  770      0.509      0.049      0.000 4
 752  771      0.509      0.038      0.000 4
 762  762      0.509     -0.589      0.000 4
 766  758      0.510     -0.804      0.000 4
 763  760      0.510     -0.658      0.000 4
 760  768      0.512     -0.333      0.000 4
 768  761      0.515      0.874      0.000 4
 767  764      0.516      0.625      0.000 4
 764  772      0.520      0.312      0.000 4
 771  765      0.523     -0.993      0.000 4
 772  769      0.526      0.857      0.000 4
 765  774      0.527     -0.081      0.000 4
 770  775      0.533     -0.410      0.000 4
 769  777      0.534     -0.129      0.000 4
 775  773      0.536     -0.793      0.000 4
 774  776      0.539     -0.572      0.000 4
 773  781      0.549      0.026      0.000 4
 778  778      0.549     -0.505      0.000 4
 776  783      0.553     -0.141      0.000 4
 779  779      0.554     -0.570      0.000 4
 780  780      0.555     -0.561      0.000 4
 777  785      0.556      0.071      0.000 4
 781  782      0.559      0.452      0.000 4
 784  786      0.569     -0.605      0.000 4
 783  790      0.571      0.262      0.000 4
 788  787      0.573      0.659      0.000 4
 782  794      0.574      0.003      0.000 4
 791  784      0.574     -0.909      0.000 4
 790  788      0.578      0.683      0.000 4
 792  791      0.580     -0.631      0.000 4
 785  798      0.580     -0.198      0.000 4
 786  801      0.584     -0.143      0.000 4
 800  789      0.584     -0.916      0.000 4
 798  793      0.584     -0.654      0.000 4
 787  802      0.585     -0.130      0.000 4
 795  797      0.586      0.481      0.000 4
 793  799      0.587      0.370      0.000 4
 802  792      0.588      0.897      0.000 4
 789  804      0.588      0.019      0.000 4
 794  806      0.591      0.231      0.000 4
 799  800      0.591      0.494      0.000 4
 803  796      0.591      0.752      0.000 4
 796  805      0.592      0.320      0.000 4
 804  795      0.592     -0.902      0.000 4
 797  810      0.594      0.241      0.000 4
 806  803      0.602      0.757      0.000 4
 805  809      0.602     -0.612      0.000 4
 801  812      0.602      0.126      0.000 4
 809  808      0.606      0.821      0.000 4
 810  807      0.606      0.947      0.000 4
 808  811      0.609      0.633      0.000 4
 807  817      0.617     -0.107      0.000 4
 813  813      0.620     -0.750      0.000 4
 812  816      0.621     -0.406      0.000 4
 811  818      0.623      0.095      0.000 4
 814  814      0.624      0.962      0.000 4
 815  815      0.630      0.714      0.000 4
 818  819      0.641     -0.917      0.000 4
 816  822      0.647      0.470      0.000 4
 819  821      0.649     -0.633      0.000 4
 820  820      0.650      0.765      0.000 4
 817  826      0.653      0.214      0.000 4
 823  824      0.657     -0.707      0.000 4
 826  823      0.660      0.803      0.000 4
 827  825      0.662      0.695      0.000 4
 828  828      0.665     -0.773      0.000 4
 829  827      0.666      0.854      0.000 4
 821  834      0.668      0.050      0.000 4
 822  832      0.668     -0.231      0.000 4
 834  829      0.669     -0.935      0.000 4
 825  833      0.669     -0.268      0.000 4
 824  837      0.671     -0.114      0.000 4
 836  830      0.673     -0.880      0.000 4
 833  836      0.677     -0.496      0.000 4
 830  840      0.677     -0.341      0.000 4
 837  835      0.681      0.666      0.000 4
 832  844      0.682     -0.209      0.000 4
 838  831      0.682     -0.892      0.000 4
 831  846      0.682      0.061      0.000 4
  -1   -2      0.685     -0.344      0.000 4
 840  838      0.686      0.882      0.000 4
 841  839      0.687      0.806      0.000 4
 842  841      0.689      0.768      0.000 4
 844  842      0.691     -0.857      0.000 4
 843  843      0.692     -0.735      0.000 4
 839  850      0.695      0.311      0.000 4
 849  847      0.698     -0.746      0.000 4
 845  849      0.699      0.539      0.000 4
 847  851      0.700     -0.987      0.000 4
 853  848      0.703      0.905      0.000 4
 850  852      0.705      0.500      0.000 4
 848  856      0.706     -0.383      0.000 4
 851  855      0.707      0.535      0.000 4
 852  854      0.707      0.563      0.000 4
 846  858      0.707     -0.081      0.000 4
 854  853      0.711     -0.890      0.000 4
 856  857      0.717     -0.948      0.000 4
 861  859      0.723     -0.893      0.000 4
 862  860      0.725     -0.838      0.000 4
 857  862      0.729      0.385      0.000 4
 855  863      0.729      0.063      0.000 4
 863  861      0.733      0.767      0.000 4
 859  864      0.733     -0.199      0.000 4
 858  866      0.733     -0.064      0.000 4
 860  867      0.733     -0.146      0.000 4
 865  869      0.744     -0.582      0.000 4
 864  870      0.745     -0.512      0.000 4
 868  865      0.745     -0.827      0.000 4
 869  868      0.747      0.851      0.000 4
 866  875      0.752      0.070      0.000 4
 867  877      0.753      0.054      0.000 4
 870  879      0.758      0.201      0.000 4
 874  871      0.759      0.976      0.000 4
 872  873      0.760      0.737      0.000 4
 876  872      0.760     -0.954      0.000 4
  -1   -2      0.760     -0.718      0.000 4
 875  876      0.762     -0.707      0.000 4
 871  881      0.763      0.276      0.000 4
 877  878      0.766     -0.993      0.000 4
 879  880      0.769      0.897      0.000 4
 882  882      0.777      0.926      0.000 4
 881  883      0.777     -0.525      0.000 4
 878  886      0.778      0.036      0.000 4
 880  887      0.780     -0.251      0.000 4
 885  884      0.783      0.827      0.000 4
 887  885      0.785     -0.826      0.000 4
 883  888      0.788      0.322      0.000 4
 884  892      0.791      0.169      0.000 4
 886  893      0.792     -0.283      0.000 4
 890  889      0.793      0.576      0.000 4
 893  891      0.794      0.530      0.000 4
 889  898      0.796     -0.219      0.000 4
 888  899      0.796     -0.180      0.000 4
 896  890      0.797      0.912      0.000 4
 894  897      0.799     -0.424      0.000 4
 895  894      0.799      0.596      0.000 4
 891  901      0.799      0.156      0.000 4
 892  902      0.800      0.129      0.000 4
 897  895      0.800      0.668      0.000 4
 900  896      0.803     -0.993      0.000 4
 898  903      0.804     -0.472      0.000 4
 899  904      0.806     -0.602      0.000 4
 902  900      0.807      0.960      0.000 4
 904  905      0.811      0.691      0.000 4
 903  906      0.812     -0.580      0.000 4
 901  910      0.814      0.300      0.000 4
 907  907      0.817      0.743      0.000 4
 908  909      0.818      0.626      0.000 4
 905  913      0.818      0.101      0.000 4
 910  908      0.820      0.791      0.000 4
 906  914      0.821     -0.233      0.000 4
 913  911      0.823      0.876      0.000 4
 909  918      0.825     -0.137      0.000 4
 915  912      0.827      0.916      0.000 4
 911  916      0.827      0.357      0.000 4
 914  915      0.827      0.499      0.000 4
  -1   -2      0.828      0.370      0.000 4
 919  917      0.833     -0.843      0.000 4
 916  922      0.834      0.166      0.000 4
 917  920      0.836      0.464      0.000 4
  -1   -2      0.841      0.765      0.000 4
 918  926      0.841      0.116      0.000 4
 922  924      0.844     -0.517      0.000 4
 923  923      0.844     -0.594      0.000 4
 920  927      0.847     -0.094      0.000 4
 924  925      0.849      0.758      0.000 4
 925  929      0.856      0.064      0.000 4
 926  930      0.857     -0.263      0.000 4
 927  931      0.858     -0.340      0.000 4
 928  928      0.860     -0.781      0.000 4
 931  932      0.864      0.694      0.000 4
 929  936      0.867      0.300      0.000 4
 933  935      0.868      0.478      0.000 4
 934  933      0.869      0.897      0.000 4
 930  938      0.869     -0.080      0.000 4
 935  934      0.869     -0.768      0.000 4
 932  939      0.871      0.044      0.000 4
 936  937      0.872      0.743      0.000 4
 937  940      0.876      0.363      0.000 4
 939  941      0.879      0.667      0.000 4
 938  944      0.881     -0.357      0.000 4
 942  942      0.882     -0.773      0.000 4
 940  943      0.882     -0.619      0.000 4
 941  947      0.888     -0.027      0.000 4
 944  946      0.888      0.553      0.000 4
 945  945      0.888     -0.720      0.000 4
 943  948      0.889      0.030      0.000 4
 947  949      0.894      0.409      0.000 4
 946  950      0.894      0.047      0.000 4
  -1   -2      0.896      0.421      0.000 4
 950  951      0.898     -0.952      0.000 4
 951  953      0.901     -0.962      0.000 4
 952  955      0.903     -0.612      0.000 4
 954  954      0.903     -0.928      0.000 4
 949  957      0.904     -0.012      0.000 4
 953  956      0.904     -0.790      0.000 4
 955  959      0.913      0.395      0.000 4
 957  958      0.912     -0.978      0.000 4
 956  960      0.916      0.241      0.000 4
 958  961      0.918     -0.502      0.000 4
 960  962      0.920      0.618      0.000 4
 959  963      0.922     -0.044      0.000 4
 961  965      0.924     -0.329      0.000 4
 964  964      0.925     -0.684      0.000 4
 963  966      0.927      0.398      0.000 4
 962  967      0.928     -0.145      0.000 4
 965  968      0.932      0.058      0.000 4
 966  969      0.936      0.106      0.000 4
 967  971      0.936     -0.058      0.000 4
 968  970      0.938     -0.465      0.000 4
 970  972      0.942      0.607      0.000 4
 969  974      0.942     -0.419      0.000 4
 971  973      0.943      0.946      0.000 4
 972  975      0.945      0.907      0.000 4
 973  978      0.948     -0.258      0.000 4
 974  976      0.948     -0.894      0.000 4
 976  977      0.949      0.824      0.000 4
 975  979      0.949     -0.987      0.000 4
 978  980      0.952     -0.662      0.000 4
 977  981      0.954     -0.200      0.000 4
 979  983      0.960      0.339      0.000 4
 980  982      0.960     -0.790      0.000 4
 981  984      0.962      0.878      0.000 4
 982  985      0.965     -0.739      0.000 4
 983  986      0.968      0.577      0.000 4
 984  987      0.976     -0.908      0.000 4
 986  988      0.978      0.540      0.000 4
 985  991      0.977     -0.581      0.000 4
 987  989      0.979      0.782      0.000 4
 988  990      0.979      0.982      0.000 4
 989  992      0.980     -0.853      0.000 4
 990  993      0.982      0.808      0.000 4
 991  994      0.982      0.715      0.000 4
 992  995      0.985     -0.267      0.000 4
  -1   -2      0.990      0.480      0.000 4
 994  997      0.990     -0.418      0.000 4
 995  998      0.992      0.470      0.000 4
