999
   0    0     -0.998      0.674      0.000 4
   1    1     -0.997      0.265      0.000 4
   2    2     -0.996      0.060      0.000 4
   3    3     -0.993     -0.150      0.000 4
  -1   10     -0.990     -0.799      0.000 4
   4    4     -0.989     -0.264      0.000 4
   5    5     -0.989      0.452      0.000 4
   6    7     -0.989     -0.049      0.000 4
   7    6     -0.988     -0.549      0.000 4
   8    8     -0.989      0.952      0.000 4
   9    9     -0.988      0.201      0.000 4
  10   11     -0.987     -0.299      0.000 4
  11   12     -0.988      0.701      0.000 4
  12   13     -0.986     -0.334      0.000 4
  14   14     -0.985      0.798      0.000 4
  -1   -2     -0.985      0.805      0.000 4
  13   15     -0.983     -0.803      0.000 4
  16   17     -0.983      0.320      0.000 4
  17   18     -0.979     -0.222      0.000 4
  18   19     -0.975     -0.013      0.000 4
  19   20     -0.974     -0.232      0.000 4
  20   21     -0.973      0.446      0.000 4
  22   22     -0.972      0.419      0.000 4
  21   23     -0.971      0.643      0.000 4
  23   24     -0.968     -0.525      0.000 4
  24   25     -0.967     -0.130      0.000 4
  25   26     -0.966     -0.261      0.000 4
  27   27     -0.961     -0.494      0.000 4
  26   29     -0.962      0.742      0.000 4
  29   28     -0.960      0.239      0.000 4
  28   30     -0.959      0.972      0.000 4
  30   32     -0.955     -0.981      0.000 4
  31   31     -0.956      0.657      0.000 4
  32   33     -0.953      0.132      0.000 4
  33   34     -0.950      0.233      0.000 4
  34   35     -0.947     -0.334      0.000 4
  35   37     -0.943     -0.706      0.000 4
  37   36     -0.943      0.256      0.000 4
  36   38     -0.942      0.494      0.000 4
  40   39     -0.939      0.383      0.000 4
  39   40     -0.939      0.636      0.000 4
  38   42     -0.938      0.861      0.000 4
  41   43     -0.936      0.551      0.000 4
  44   41     -0.934     -0.205      0.000 4
  45   44     -0.933      0.445      0.000 4
  42   45     -0.932     -0.745      0.000 4
  43   46     -0.932      0.765      0.000 4
  48   47     -0.924     -0.256      0.000 4
  46   48     -0.920     -0.774      0.000 4
  47   51     -0.919     -0.943      0.000 4
  49   49     -0.916     -0.288      0.000 4
  51   50     -0.915     -0.032      0.000 4
  52   52     -0.913      0.109      0.000 4
  50   55     -0.911      0.804      0.000 4
  54   53     -0.910      0.222      0.000 4
  56   54     -0.907     -0.211      0.000 4
  53   60     -0.905     -0.944      0.000 4
  55   56     -0.905     -0.580      0.000 4
  57   63     -0.903      0.712      0.000 4
  60   57     -0.902      0.057      0.000 4
  61   58     -0.901     -0.314      0.000 4
  58   66     -0.902      0.952      0.000 4
  59   64     -0.901      0.500      0.000 4
  62   61     -0.900     -0.386      0.000 4
  63   59     -0.900      0.003      0.000 4
  64   62     -0.898     -0.158      0.000 4
  65   65     -0.895     -0.107      0.000 4
  66   70     -0.891     -0.546      0.000 4
  68   68     -0.890      0.172      0.000 4
  67   69     -0.890      0.256      0.000 4
  70   67     -0.890     -0.074      0.000 4
  69   72     -0.887      0.556      0.000 4
  72   71     -0.884     -0.210      0.000 4
  71   74     -0.879     -0.729      0.000 4
  73   75     -0.879      0.698      0.000 4
  74   77     -0.878      0.684      0.000 4
  76   73     -0.878      0.188      0.000 4
  75   78     -0.875     -0.696      0.000 4
  77   76     -0.874      0.342      0.000 4
  79   81     -0.868     -0.387      0.000 4
  81   80     -0.868      0.294      0.000 4
  78   82     -0.868      0.620      0.000 4
  82   79     -0.867     -0.217      0.000 4
  80   87     -0.861     -0.931      0.000 4
  85   83     -0.860      0.006      0.000 4
  83   86     -0.860      0.657      0.000 4
  86   84     -0.857      0.322      0.000 4
  84   88     -0.856      0.935      0.000 4
  87   85     -0.854      0.149      0.000 4
  88   91     -0.844     -0.764      0.000 4
  89   89     -0.843     -0.395      0.000 4
  91   93     -0.838     -0.604      0.000 4
  93   90     -0.837     -0.052      0.000 4
  90   95     -0.837      0.839      0.000 4
  92   92     -0.836     -0.286      0.000 4
  94   96     -0.830      0.435      0.000 4
  98   94     -0.828     -0.208      0.000 4
  97   97     -0.823      0.681      0.000 4
  95   99     -0.822     -0.892      0.000 4
  96  101     -0.821     -0.860      0.000 4
  99  103     -0.817     -0.758      0.000 4
 102   98     -0.816     -0.462      0.000 4
 100  107     -0.813      0.873      0.000 4
 106  100     -0.812      0.152      0.000 4
 101  106     -0.813      0.737      0.000 4
 108  102     -0.811      0.111      0.000 4
 109  105     -0.809     -0.334      0.000 4
 110  104     -0.809     -0.296      0.000 4
 104  111     -0.805     -0.988      0.000 4
 111  109     -0.805     -0.469      0.000 4
 107  110     -0.806      0.589      0.000 4
 116  108     -0.803     -0.200      0.000 4
 105  113     -0.801     -0.933      0.000 4
 115   -2     -0.798     -0.988      0.000 4
 112  114     -0.799      0.902      0.000 4
 114  112     -0.798      0.553      0.000 4
 113  116     -0.793     -0.888      0.000 4
 117  115     -0.792      0.703      0.000 4
 119  117     -0.782      0.243      0.000 4
 120  118     -0.781     -0.270      0.000 4
 118  119     -0.776      0.611      0.000 4
 123  120     -0.768     -0.245      0.000 4
 122  121     -0.767     -0.334      0.000 4
 121  126     -0.765     -0.944      0.000 4
 125  123     -0.762     -0.490      0.000 4
 126  124     -0.761      0.390      0.000 4
 124  127     -0.760      0.594      0.000 4
 129  122     -0.758     -0.203      0.000 4
 131  125     -0.754      0.045      0.000 4
 128  128     -0.754     -0.522      0.000 4
 127  130     -0.753     -0.645      0.000 4
 130  131     -0.751      0.506      0.000 4
 136  129     -0.745      0.072      0.000 4
 133  133     -0.744     -0.542      0.000 4
 132  137     -0.745      0.615      0.000 4
 137  134     -0.742      0.339      0.000 4
 142  132     -0.740      0.210      0.000 4
 134  139     -0.740      0.574      0.000 4
 146  135     -0.737      0.046      0.000 4
 144  136     -0.737     -0.254      0.000 4
 138  141     -0.736      0.495      0.000 4
 139  142     -0.734     -0.572      0.000 4
 148  138     -0.734      0.176      0.000 4
 135  146     -0.734     -0.860      0.000 4
 141  143     -0.734      0.546      0.000 4
 150  140     -0.730     -0.224      0.000 4
 140  149     -0.730      0.748      0.000 4
 147  145     -0.729     -0.468      0.000 4
 149  144     -0.727     -0.374      0.000 4
 145  148     -0.728      0.606      0.000 4
 143  151     -0.724     -0.967      0.000 4
 151  147     -0.721      0.277      0.000 4
 155  150     -0.711     -0.090      0.000 4
 157  152     -0.708      0.033      0.000 4
 152  160     -0.707     -0.888      0.000 4
 153  159     -0.707      0.818      0.000 4
 154  157     -0.704     -0.582      0.000 4
 163  153     -0.705     -0.058      0.000 4
 161  154     -0.705      0.074      0.000 4
 162  155     -0.702      0.239      0.000 4
 159  156     -0.702     -0.443      0.000 4
 156  158     -0.702      0.543      0.000 4
 158  162     -0.692     -0.995      0.000 4
 160  163     -0.691     -0.837      0.000 4
 165  161     -0.686     -0.153      0.000 4
 164  164     -0.680     -0.533      0.000 4
 168  165     -0.675      0.286      0.000 4
 167  167     -0.674      0.561      0.000 4
 172  166     -0.672     -0.208      0.000 4
 166  169     -0.672      0.710      0.000 4
 171  172     -0.661     -0.766      0.000 4
 169  174     -0.661     -0.860      0.000 4
 170  175     -0.660      0.932      0.000 4
 176  168     -0.659     -0.026      0.000 4
 175  171     -0.657      0.346      0.000 4
 174  176     -0.656     -0.724      0.000 4
 173  179     -0.655     -0.905      0.000 4
 181  170     -0.652      0.019      0.000 4
 178  177     -0.648     -0.461      0.000 4
 182  173     -0.648     -0.182      0.000 4
 179  181     -0.641      0.603      0.000 4
 184  178     -0.641     -0.080      0.000 4
 180  182     -0.640      0.634      0.000 4
 177  183     -0.639      0.971      0.000 4
  -1  185     -0.632     -0.041      0.000 4
 183  184     -0.632      0.651      0.000 4
 185  186     -0.628      0.523      0.000 4
 186  187     -0.625      0.630      0.000 4
 187  188     -0.620      0.693      0.000 4
 188  193     -0.618     -0.040      0.000 4
 189  192     -0.613      0.884      0.000 4
 191  191     -0.608     -0.598      0.000 4
 194  190     -0.602      0.291      0.000 4
 190  196     -0.601     -0.982      0.000 4
 197  189     -0.601     -0.174      0.000 4
 193  195     -0.601      0.599      0.000 4
 200  194     -0.596     -0.185      0.000 4
 192   -2     -0.595     -0.038      0.000 4
 195  200     -0.591      0.725      0.000 4
 198  201     -0.587      0.587      0.000 4
 196  203     -0.587      0.828      0.000 4
 209  197     -0.583     -0.170      0.000 4
 211  199     -0.583     -0.218      0.000 4
 201  205     -0.581     -0.748      0.000 4
 213  198     -0.581     -0.032      0.000 4
 199  209     -0.580      0.896      0.000 4
 202  208     -0.579      0.799      0.000 4
 204  204     -0.579      0.551      0.000 4
 216  202     -0.576      0.181      0.000 4
 208  207     -0.574      0.543      0.000 4
 210  206     -0.574      0.502      0.000 4
  -1   -2     -0.573     -0.745      0.000 4
 206  218     -0.570     -0.818      0.000 4
 215  211     -0.570      0.470      0.000 4
 214  212     -0.569      0.494      0.000 4
 212  220     -0.566      0.858      0.000 4
 217  215     -0.565     -0.491      0.000 4
 220  210     -0.562      0.085      0.000 4
 218  219     -0.562      0.532      0.000 4
 223  213     -0.559     -0.056      0.000 4
 219  217     -0.559      0.310      0.000 4
  -1   -2     -0.555      0.014      0.000 4
 222  224     -0.550     -0.532      0.000 4
 224  226     -0.549     -0.988      0.000 4
 229  223     -0.549      0.158      0.000 4
 231  221     -0.548     -0.143      0.000 4
 233  222     -0.548      0.018      0.000 4
 221  230     -0.547      0.741      0.000 4
 225  228     -0.545     -0.627      0.000 4
 228  227     -0.543     -0.497      0.000 4
 235  225     -0.542      0.140      0.000 4
 234  231     -0.538      0.421      0.000 4
 236  229     -0.537     -0.378      0.000 4
 227  236     -0.537     -0.727      0.000 4
 230  238     -0.533     -0.766      0.000 4
 237  232     -0.532     -0.466      0.000 4
 232  240     -0.531      0.932      0.000 4
 242  237     -0.526      0.343      0.000 4
 239  239     -0.525     -0.620      0.000 4
 244  235     -0.525     -0.239      0.000 4
 246  233     -0.524     -0.101      0.000 4
 247  234     -0.524     -0.093      0.000 4
 238  242     -0.523      0.825      0.000 4
 240  243     -0.520      0.702      0.000 4
 241  241     -0.518     -0.662      0.000 4
 243  246     -0.514      0.662      0.000 4
 245  247     -0.513      0.645      0.000 4
 248  249     -0.509     -0.748      0.000 4
 254  245     -0.505     -0.296      0.000 4
 250  250     -0.506      0.591      0.000 4
 257  244     -0.504     -0.223      0.000 4
 253  248     -0.503      0.419      0.000 4
 249  251     -0.502      0.794      0.000 4
 251  252     -0.500     -0.790      0.000 4
 252  254     -0.498      0.830      0.000 4
 255  253     -0.496      0.599      0.000 4
 256  259     -0.491      0.870      0.000 4
 258  255     -0.486      0.434      0.000 4
 264  257     -0.478     -0.297      0.000 4
 268  256     -0.476     -0.058      0.000 4
 259  264     -0.475      0.804      0.000 4
 270  258     -0.475     -0.094      0.000 4
 262  262     -0.474     -0.585      0.000 4
 265  260     -0.475      0.365      0.000 4
 261  265     -0.474      0.779      0.000 4
 260  267     -0.474      0.839      0.000 4
 263  266     -0.471     -0.712      0.000 4
 273  261     -0.466      0.119      0.000 4
 266  272     -0.463      0.717      0.000 4
 267  271     -0.463      0.646      0.000 4
 276  263     -0.460     -0.230      0.000 4
 277  268     -0.458      0.246      0.000 4
 269  275     -0.458      0.913      0.000 4
 271  273     -0.457      0.606      0.000 4
 278  269     -0.456     -0.357      0.000 4
 275  274     -0.453      0.564      0.000 4
 272  280     -0.451      0.903      0.000 4
 282  270     -0.450      0.116      0.000 4
 274  278     -0.450      0.707      0.000 4
 285  276     -0.444     -0.394      0.000 4
 281  281     -0.444      0.698      0.000 4
 280  285     -0.443     -0.838      0.000 4
 279  286     -0.442     -0.911      0.000 4
 283  282     -0.440      0.554      0.000 4
 288  277     -0.439      0.291      0.000 4
 291  279     -0.435     -0.015      0.000 4
  -1   -2     -0.433      0.697      0.000 4
 284  292     -0.433      0.989      0.000 4
 286  294     -0.430     -0.985      0.000 4
 293  283     -0.430      0.122      0.000 4
 294  284     -0.429      0.077      0.000 4
 290  288     -0.428     -0.431      0.000 4
 289  295     -0.427      0.707      0.000 4
 295  287     -0.426      0.162      0.000 4
 301  289     -0.422     -0.046      0.000 4
 300  290     -0.421      0.136      0.000 4
 298  298     -0.418      0.450      0.000 4
 299  297     -0.417     -0.481      0.000 4
 292  303     -0.414     -0.890      0.000 4
 303  293     -0.414     -0.113      0.000 4
 297  302     -0.414     -0.708      0.000 4
 304  296     -0.413     -0.229      0.000 4
 296  305     -0.411      0.985      0.000 4
 302  301     -0.409      0.453      0.000 4
 306  299     -0.409      0.122      0.000 4
 308  300     -0.404      0.242      0.000 4
 310  304     -0.399      0.327      0.000 4
 307  306     -0.398     -0.603      0.000 4
 305  308     -0.395      0.996      0.000 4
 309  307     -0.394      0.540      0.000 4
 312  310     -0.388     -0.700      0.000 4
 311  313     -0.387      0.941      0.000 4
 314  312     -0.384      0.716      0.000 4
 313  315     -0.382     -0.829      0.000 4
 315  316     -0.382      0.786      0.000 4
 316  317     -0.380      0.920      0.000 4
 321  309     -0.377     -0.190      0.000 4
 318  314     -0.377     -0.554      0.000 4
 317  318     -0.376      0.736      0.000 4
 322  311     -0.375      0.279      0.000 4
 320  321     -0.366      0.741      0.000 4
 323  320     -0.364      0.578      0.000 4
 319  323     -0.363      0.951      0.000 4
 324  322     -0.361      0.563      0.000 4
 329  319     -0.355      0.040      0.000 4
 325  326     -0.354      0.797      0.000 4
 328  325     -0.350     -0.651      0.000 4
 326  327     -0.350     -0.741      0.000 4
 332  324     -0.348     -0.047      0.000 4
 327  328     -0.346      0.946      0.000 4
 333  329     -0.338     -0.522      0.000 4
 330  334     -0.336     -0.992      0.000 4
 331  331     -0.337      0.665      0.000 4
 339  330     -0.330     -0.200      0.000 4
 338  333     -0.328      0.388      0.000 4
 334  336     -0.325      0.730      0.000 4
 340  332     -0.324      0.130      0.000 4
 336  337     -0.323     -0.768      0.000 4
 335  341     -0.322      0.918      0.000 4
 337  340     -0.321      0.769      0.000 4
 341  338     -0.317      0.454      0.000 4
 347  335     -0.313     -0.051      0.000 4
 345  342     -0.312     -0.402      0.000 4
 342  349     -0.310     -0.790      0.000 4
 350  339     -0.309     -0.035      0.000 4
 343  350     -0.309      0.850      0.000 4
 346  347     -0.308      0.436      0.000 4
 352  343     -0.307     -0.115      0.000 4
 353  344     -0.307     -0.091      0.000 4
 351  346     -0.305      0.282      0.000 4
 354  345     -0.305     -0.257      0.000 4
 344  354     -0.304     -0.881      0.000 4
 356  348     -0.302     -0.273      0.000 4
 355  353     -0.298     -0.988      0.000 4
 348  359     -0.298      0.976      0.000 4
 349  358     -0.297     -0.822      0.000 4
 358  355     -0.295      0.346      0.000 4
 357  356     -0.294     -0.538      0.000 4
 361  351     -0.293     -0.209      0.000 4
 362  352     -0.292     -0.106      0.000 4
 359  360     -0.291      0.470      0.000 4
 363  357     -0.289     -0.358      0.000 4
 360  362     -0.287      0.676      0.000 4
 364  364     -0.282     -0.582      0.000 4
 368  361     -0.282     -0.328      0.000 4
 366  365     -0.281     -0.526      0.000 4
 367  366     -0.281      0.472      0.000 4
 365  367     -0.279      0.612      0.000 4
 370  363     -0.276     -0.207      0.000 4
 369  371     -0.271      0.862      0.000 4
 371  369     -0.269     -0.566      0.000 4
 373  368     -0.269     -0.031      0.000 4
 375  370     -0.264     -0.341      0.000 4
 374  373     -0.260     -0.595      0.000 4
 377  372     -0.260      0.096      0.000 4
 372  375     -0.259      0.810      0.000 4
 376  374     -0.255      0.529      0.000 4
 378  377     -0.250      0.616      0.000 4
 381  376     -0.249      0.287      0.000 4
 380  380     -0.246     -0.514      0.000 4
 384  379     -0.244      0.307      0.000 4
 385  378     -0.244     -0.302      0.000 4
 379  381     -0.242     -0.861      0.000 4
 382  382     -0.239     -0.891      0.000 4
 383  384     -0.237      0.930      0.000 4
 387  383     -0.232     -0.480      0.000 4
 388  385     -0.227      0.429      0.000 4
 386  388     -0.227      0.984      0.000 4
 390  386     -0.221     -0.480      0.000 4
 389  391     -0.221     -0.828      0.000 4
 396  387     -0.218      0.100      0.000 4
 393  392     -0.218      0.526      0.000 4
 391  393     -0.217      0.594      0.000 4
  -1   -2     -0.217     -0.382      0.000 4
 392  394     -0.216      0.668      0.000 4
 395  390     -0.216     -0.391      0.000 4
 397  395     -0.210     -0.445      0.000 4
 398  397     -0.202      0.506      0.000 4
 400  396     -0.199     -0.040      0.000 4
 399  400     -0.196      0.964      0.000 4
 401  401     -0.192      0.649      0.000 4
 403  398     -0.189      0.146      0.000 4
 404  399     -0.188      0.130      0.000 4
  -1  403     -0.187      0.307      0.000 4
 402   -2     -0.185      0.314      0.000 4
 406  406     -0.184      0.382      0.000 4
 407  405     -0.183     -0.376      0.000 4
 410  404     -0.182     -0.176      0.000 4
 408  408     -0.180     -0.579      0.000 4
 409  410     -0.178      0.572      0.000 4
 412  407     -0.178     -0.152      0.000 4
 415  409     -0.175      0.115      0.000 4
 414  413     -0.171     -0.672      0.000 4
 411  416     -0.171      0.962      0.000 4
 413  415     -0.171      0.724      0.000 4
 416  412     -0.169     -0.355      0.000 4
 418  411     -0.168     -0.221      0.000 4
 423  414     -0.166     -0.203      0.000 4
 417  418     -0.165      0.540      0.000 4
 421  417     -0.164     -0.487      0.000 4
 420  419     -0.163     -0.616      0.000 4
 419  421     -0.162      0.820      0.000 4
 425  420     -0.161     -0.560      0.000 4
 424  422     -0.160      0.757      0.000 4
 422  423     -0.160      0.891      0.000 4
 426  424     -0.155      0.597      0.000 4
 428  425     -0.152      0.317      0.000 4
 427  427     -0.151     -0.976      0.000 4
 429  426     -0.147     -0.259      0.000 4
 430  428     -0.140      0.198      0.000 4
 432  430     -0.132     -0.197      0.000 4
 434  429     -0.132     -0.130      0.000 4
 431  431     -0.129     -0.752      0.000 4
 433  433     -0.128      0.672      0.000 4
 435  434     -0.126      0.759      0.000 4
 438  432     -0.125      0.142      0.000 4
 436  438     -0.123      0.784      0.000 4
 437  437     -0.122      0.489      0.000 4
 440  435     -0.121     -0.002      0.000 4
 441  436     -0.120     -0.045      0.000 4
 439  439     -0.119     -0.850      0.000 4
 443  440     -0.115     -0.759      0.000 4
 442  441     -0.115      0.955      0.000 4
 445  442     -0.109     -0.433      0.000 4
 444  443     -0.109     -0.502      0.000 4
 446  446     -0.107      0.695      0.000 4
 447  444     -0.107      0.315      0.000 4
  -1   -2     -0.106      0.416      0.000 4
 449  447     -0.105      0.428      0.000 4
 450  448     -0.104     -0.376      0.000 4
 451  450     -0.100      0.648      0.000 4
 452  449     -0.098     -0.240      0.000 4
 453  451     -0.086     -0.018      0.000 4
 454  452     -0.080     -0.487      0.000 4
 455  453     -0.077     -0.415      0.000 4
 456  454     -0.073     -0.168      0.000 4
 457  455     -0.072      0.177      0.000 4
 458  456     -0.071     -0.324      0.000 4
 459  457     -0.069      0.513      0.000 4
 460  458     -0.068     -0.532      0.000 4
 461  459     -0.067      0.902      0.000 4
 462  461     -0.066      0.779      0.000 4
 463  460     -0.065      0.313      0.000 4
 464  462     -0.062      0.392      0.000 4
 466  463     -0.058     -0.045      0.000 4
 465  464     -0.057      0.966      0.000 4
 467  465     -0.055     -0.348      0.000 4
 468  468     -0.053     -0.866      0.000 4
 470  467     -0.053      0.028      0.000 4
 469  466     -0.053      0.041      0.000 4
 472  469     -0.051     -0.070      0.000 4
 473  470     -0.050     -0.671      0.000 4
 471  471     -0.050     -0.887      0.000 4
 474  472     -0.049     -0.988      0.000 4
 475  473     -0.049      0.374      0.000 4
 477  474     -0.048     -0.379      0.000 4
 476  476     -0.048     -0.967      0.000 4
 478  478     -0.048     -0.696      0.000 4
 479  475     -0.047      0.252      0.000 4
 480  477     -0.047     -0.476      0.000 4
 481  479     -0.045      0.680      0.000 4
 482  480     -0.041     -0.561      0.000 4
 483  481     -0.040      0.158      0.000 4
 484  483     -0.036     -0.850      0.000 4
 485  482     -0.036      0.450      0.000 4
 486  484     -0.035      0.288      0.000 4
 487  485     -0.034      0.887      0.000 4
 488  486     -0.034      0.057      0.000 4
 489  487     -0.033     -0.376      0.000 4
 490  488     -0.032      0.681      0.000 4
 492  489     -0.031      0.182      0.000 4
 491  490     -0.031     -0.762      0.000 4
 493  491     -0.030     -0.210      0.000 4
 495  493     -0.029      0.777      0.000 4
 494  492     -0.029     -0.455      0.000 4
 496  494     -0.028      0.930      0.000 4
 497  495     -0.027      0.084      0.000 4
 498  496     -0.023      0.109      0.000 4
 499  497     -0.022     -0.567      0.000 4
 500  498     -0.021      0.008      0.000 4
 501  501     -0.020     -0.347      0.000 4
 503  499     -0.020      0.559      0.000 4
 502  500     -0.020     -0.429      0.000 4
 504  502     -0.016     -0.379      0.000 4
 505  503     -0.016     -0.626      0.000 4
 506  504     -0.016      0.968      0.000 4
  -1   -2     -0.013     -0.424      0.000 4
 508  506     -0.013     -0.527      0.000 4
 509  507     -0.013     -0.555      0.000 4
 510  508     -0.010      0.194      0.000 4
 511  509      0.007      0.727      0.000 4
 512  512      0.010     -0.317      0.000 4
 514  511      0.010     -0.632      0.000 4
 515  510      0.010      0.653      0.000 4
 513  513      0.011      0.031      0.000 4
 516  514      0.012      0.440      0.000 4
 518  515      0.016      0.640      0.000 4
 517  517      0.016     -0.184      0.000 4
 520  516      0.017     -0.612      0.000 4
 519  518      0.018      0.181      0.000 4
 521  520      0.028     -0.273      0.000 4
 523  519      0.029     -0.947      0.000 4
 522  521      0.030      0.459      0.000 4
 524  523      0.035      0.041      0.000 4
 526  522      0.037     -0.724      0.000 4
 525  524      0.039     -0.091      0.000 4
 527  525      0.040     -0.156      0.000 4
 528  526      0.041     -0.074      0.000 4
 531  527      0.045      0.837      0.000 4
 530  529      0.046     -0.606      0.000 4
 533  528      0.047     -0.891      0.000 4
 529  530      0.048      0.095      0.000 4
 532  531      0.049     -0.410      0.000 4
 536  532      0.053     -0.954      0.000 4
 537  534      0.054     -0.806      0.000 4
 539  533      0.054      0.926      0.000 4
 534  536      0.054      0.274      0.000 4
 540  535      0.055      0.682      0.000 4
 535  537      0.057     -0.158      0.000 4
 538  538      0.058      0.066      0.000 4
 542  539      0.063      0.612      0.000 4
 541  541      0.064     -0.330      0.000 4
 545  540      0.066     -0.864      0.000 4
 543  543      0.068      0.126      0.000 4
 544  544      0.070      0.241      0.000 4
 546  542      0.070      0.594      0.000 4
 547  546      0.074     -0.521      0.000 4
 548  545      0.075     -0.948      0.000 4
 550  547      0.082      0.800      0.000 4
 549  551      0.082      0.299      0.000 4
 552  548      0.082     -0.834      0.000 4
 553  549      0.085     -0.956      0.000 4
 554  550      0.086      0.937      0.000 4
 551  555      0.088     -0.003      0.000 4
 555  552      0.090     -0.964      0.000 4
 556  553      0.092     -0.828      0.000 4
 557  554      0.094     -0.895      0.000 4
 559  556      0.100      0.691      0.000 4
 558  559      0.104     -0.320      0.000 4
 561  557      0.105      0.734      0.000 4
 562  558      0.107      0.851      0.000 4
 560  562      0.110     -0.234      0.000 4
 567  560      0.113      0.839      0.000 4
 563  563      0.113     -0.340      0.000 4
 569  561      0.115     -0.912      0.000 4
 565  565      0.116     -0.438      0.000 4
 568  564      0.116     -0.572      0.000 4
 566  566      0.116      0.440      0.000 4
 564  567      0.117      0.036      0.000 4
 571  569      0.123     -0.479      0.000 4
 570  570      0.124      0.163      0.000 4
 575  568      0.127     -0.904      0.000 4
 572  574      0.130      0.141      0.000 4
 573  573      0.132     -0.414      0.000 4
 576  571      0.132      0.946      0.000 4
 578  572      0.133      0.802      0.000 4
 574  575      0.135      0.161      0.000 4
 577  576      0.139     -0.401      0.000 4
 579  578      0.149      0.226      0.000 4
 581  577      0.153     -0.589      0.000 4
 584  580      0.158      0.451      0.000 4
 580  581      0.159      0.036      0.000 4
 582  583      0.161     -0.141      0.000 4
 583  584      0.162     -0.045      0.000 4
 587  579      0.163      0.971      0.000 4
 585  585      0.167     -0.161      0.000 4
 589  582      0.167      0.602      0.000 4
  -1   -2      0.170     -0.419      0.000 4
 586  588      0.171      0.059      0.000 4
 590  587      0.173     -0.429      0.000 4
 591  592      0.178     -0.044      0.000 4
 592  591      0.179      0.213      0.000 4
 598  589      0.180      0.639      0.000 4
 594  590      0.180      0.382      0.000 4
 593  595      0.182     -0.151      0.000 4
 595  593      0.182      0.277      0.000 4
 597  594      0.184      0.310      0.000 4
 596  599      0.185      0.009      0.000 4
 599  597      0.187     -0.379      0.000 4
 602  596      0.193     -0.783      0.000 4
 609  598      0.196     -0.957      0.000 4
 600  609      0.196      0.044      0.000 4
 605  603      0.198      0.573      0.000 4
 610  600      0.198     -0.824      0.000 4
 601  607      0.198     -0.401      0.000 4
 604  604      0.199      0.484      0.000 4
 612  601      0.199      0.864      0.000 4
 611  602      0.200      0.743      0.000 4
 607  606      0.201     -0.553      0.000 4
 603  610      0.201     -0.383      0.000 4
 608  608      0.201     -0.987      0.000 4
 606  611      0.202     -0.441      0.000 4
 614  605      0.203      0.690      0.000 4
 613  612      0.207     -0.520      0.000 4
 618  613      0.212     -0.773      0.000 4
 617  614      0.213      0.616      0.000 4
 615  617      0.215     -0.171      0.000 4
 623  615      0.220     -0.829      0.000 4
 616  619      0.221      0.090      0.000 4
 621  618      0.223      0.480      0.000 4
 624  616      0.223     -0.764      0.000 4
 619  621      0.228      0.227      0.000 4
 622  620      0.228      0.314      0.000 4
 620  623      0.230      0.041      0.000 4
 627  622      0.234     -0.538      0.000 4
 625  625      0.235     -0.030      0.000 4
 626  626      0.239     -0.297      0.000 4
 628  628      0.241     -0.253      0.000 4
 631  627      0.243     -0.472      0.000 4
 629  631      0.244     -0.015      0.000 4
 634  624      0.248      0.849      0.000 4
 630  634      0.248     -0.132      0.000 4
 633  629      0.250     -0.680      0.000 4
 636  630      0.256     -0.993      0.000 4
 632  635      0.256      0.061      0.000 4
 637  632      0.258     -0.786      0.000 4
 638  633      0.261      0.777      0.000 4
 635  642      0.268      0.121      0.000 4
 640  643      0.272      0.329      0.000 4
 639  647      0.273     -0.183      0.000 4
 647  636      0.273      0.855      0.000 4
 644  638      0.274      0.672      0.000 4
 650  637      0.275     -0.950      0.000 4
 645  641      0.276      0.581      0.000 4
 642  646      0.276     -0.483      0.000 4
 649  639      0.277     -0.779      0.000 4
 646  644      0.278     -0.611      0.000 4
  -1   -2      0.280      0.795      0.000 4
 641  651      0.281      0.147      0.000 4
 643  650      0.282      0.261      0.000 4
 651  648      0.284      0.522      0.000 4
 656  645      0.285     -0.980      0.000 4
 653  652      0.288      0.457      0.000 4
 648  653      0.288      0.134      0.000 4
 658  649      0.291      0.797      0.000 4
 654  656      0.296     -0.127      0.000 4
 655  657      0.299      0.064      0.000 4
 657  658      0.302     -0.308      0.000 4
 661  655      0.303     -0.722      0.000 4
 664  654      0.305      0.836      0.000 4
 660  659      0.307     -0.356      0.000 4
 659  663      0.308      0.058      0.000 4
 662  661      0.311      0.401      0.000 4
 666  660      0.313     -0.574      0.000 4
 669  665      0.317      0.417      0.000 4
 671  662      0.318      0.596      0.000 4
 663  669      0.318     -0.078      0.000 4
 673  664      0.320      0.544      0.000 4
 665  671      0.321     -0.178      0.000 4
 667  675      0.323      0.033      0.000 4
 668  674      0.323      0.104      0.000 4
 670  677      0.326      0.159      0.000 4
 678  666      0.327     -0.888      0.000 4
 677  667      0.329      0.754      0.000 4
 672  683      0.330     -0.096      0.000 4
 675  676      0.331      0.449      0.000 4
 674  681      0.333     -0.407      0.000 4
 676  686      0.335      0.330      0.000 4
 684  668      0.335      0.989      0.000 4
 682  673      0.336     -0.745      0.000 4
 686  670      0.336     -0.976      0.000 4
 679  682      0.337     -0.549      0.000 4
 688  672      0.338      0.944      0.000 4
 683  680      0.338     -0.681      0.000 4
 681  684      0.338     -0.531      0.000 4
 685  678      0.338     -0.728      0.000 4
 689  679      0.340     -0.814      0.000 4
 680  689      0.342     -0.369      0.000 4
 687  685      0.342     -0.648      0.000 4
 693  687      0.347      0.820      0.000 4
 697  688      0.353      0.862      0.000 4
 695  690      0.353     -0.708      0.000 4
 691  692      0.355      0.449      0.000 4
 690  694      0.356     -0.091      0.000 4
 701  691      0.358     -0.760      0.000 4
 692  695      0.361     -0.214      0.000 4
 698  693      0.362      0.435      0.000 4
 694  696      0.364      0.002      0.000 4
 696  698      0.369     -0.019      0.000 4
 700  697      0.370      0.243      0.000 4
 699  699      0.370     -0.240      0.000 4
 702  702      0.377     -0.285      0.000 4
 703  703      0.382      0.407      0.000 4
 705  701      0.384      0.681      0.000 4
 708  700      0.386      0.797      0.000 4
 704  705      0.389     -0.422      0.000 4
 707  704      0.389      0.488      0.000 4
 706  706      0.393      0.322      0.000 4
 709  707      0.400      0.451      0.000 4
 713  708      0.409      0.621      0.000 4
 710  713      0.416     -0.075      0.000 4
 718  709      0.417     -0.707      0.000 4
 711  715      0.418      0.143      0.000 4
 712  714      0.418      0.212      0.000 4
 719  710      0.419     -0.697      0.000 4
 715  712      0.420      0.369      0.000 4
 714  719      0.422      0.096      0.000 4
 716  723      0.425     -0.267      0.000 4
 717  720      0.427     -0.375      0.000 4
 723  711      0.428      0.747      0.000 4
 720  717      0.428      0.407      0.000 4
 729  716      0.435     -0.838      0.000 4
 722  725      0.436     -0.443      0.000 4
 727  724      0.437     -0.529      0.000 4
 725  726      0.437      0.429      0.000 4
 721  727      0.438      0.170      0.000 4
 731  718      0.439      0.933      0.000 4
 732  721      0.441      0.919      0.000 4
 734  722      0.441     -0.915      0.000 4
 724  729      0.443      0.147      0.000 4
 726  730      0.445      0.039      0.000 4
 728  732      0.447     -0.161      0.000 4
 735   -2      0.450     -0.986      0.000 4
 730  736      0.453      0.027      0.000 4
 738  733      0.458      0.526      0.000 4
 733  739      0.458      0.097      0.000 4
 736  740      0.459      0.133      0.000 4
 737  742      0.463      0.303      0.000 4
 744  731      0.464      0.874      0.000 4
 745  734      0.465     -0.804      0.000 4
 743  735      0.466      0.668      0.000 4
 741  737      0.467     -0.586      0.000 4
 747  728      0.469     -0.994      0.000 4
 746  738      0.470     -0.692      0.000 4
 739  745      0.472      0.073      0.000 4
 749  741      0.476      0.859      0.000 4
 740  748      0.476      0.081      0.000 4
 742  750      0.479      0.006      0.000 4
 748  743      0.479      0.574      0.000 4
 750  744      0.482      0.602      0.000 4
 751  746      0.486     -0.660      0.000 4
 752  749      0.492      0.629      0.000 4
 754  747      0.492     -0.796      0.000 4
 755  751      0.498     -0.591      0.000 4
 756  753      0.503      0.410      0.000 4
 757  754      0.504      0.435      0.000 4
 759  752      0.505     -0.548      0.000 4
 753  758      0.508      0.137      0.000 4
 760  757      0.511      0.313      0.000 4
 761  756      0.512     -0.431      0.000 4
 758  760      0.512     -0.193      0.000 4
 765  755      0.518     -0.913      0.000 4
 762  764      0.526      0.047      0.000 4
 763  765      0.527     -0.169      0.000 4
 770  759      0.528     -0.920      0.000 4
 764  767      0.531     -0.115      0.000 4
 767  763      0.531     -0.580      0.000 4
 773  761      0.537      0.902      0.000 4
 766  769      0.536      0.190      0.000 4
 774  762      0.538     -0.907      0.000 4
 768  772      0.540     -0.274      0.000 4
 769  776      0.543     -0.165      0.000 4
 777  766      0.544      0.671      0.000 4
 771  775      0.545     -0.338      0.000 4
 780  768      0.546      0.695      0.000 4
 775  770      0.545     -0.580      0.000 4
 772  778      0.549      0.321      0.000 4
 778  774      0.549     -0.572      0.000 4
 786  771      0.552      0.763      0.000 4
 781  780      0.553     -0.516      0.000 4
 779  782      0.553     -0.419      0.000 4
 785  777      0.555     -0.616      0.000 4
 789  773      0.556      0.949      0.000 4
 776  786      0.557      0.142      0.000 4
 788  783      0.560     -0.644      0.000 4
 791  779      0.561      0.830      0.000 4
 790  784      0.562     -0.667      0.000 4
 792  781      0.562      0.769      0.000 4
 782  788      0.562     -0.076      0.000 4
 787  785      0.563      0.467      0.000 4
 783  789      0.564      0.052      0.000 4
 784  790      0.564      0.041      0.000 4
 795  787      0.575      0.965      0.000 4
 793  798      0.582     -0.082      0.000 4
 800  791      0.583     -0.764      0.000 4
 796  795      0.585      0.500      0.000 4
 797  793      0.585      0.651      0.000 4
 799  794      0.586     -0.628      0.000 4
 794  799      0.587     -0.133      0.000 4
 803  792      0.587     -0.923      0.000 4
 798  796      0.588      0.513      0.000 4
 806  797      0.596      0.732      0.000 4
 801  805      0.604      0.030      0.000 4
 804  803      0.605      0.277      0.000 4
 807  801      0.605      0.389      0.000 4
 802  806      0.604     -0.145      0.000 4
 805  809      0.608      0.077      0.000 4
 809  800      0.611      0.782      0.000 4
 815  802      0.616     -0.940      0.000 4
 808  811      0.618      0.340      0.000 4
 816  804      0.619      0.818      0.000 4
 818  807      0.623      0.865      0.000 4
 820  808      0.624     -0.890      0.000 4
 810  817      0.626     -0.207      0.000 4
 812  816      0.628      0.248      0.000 4
 823  810      0.627     -0.790      0.000 4
 811  820      0.628      0.007      0.000 4
 822  812      0.628     -0.727      0.000 4
 821  815      0.630     -0.656      0.000 4
 813  818      0.630      0.258      0.000 4
 824  814      0.631      0.718      0.000 4
 826  813      0.633     -0.902      0.000 4
 814  823      0.633     -0.149      0.000 4
 817  825      0.635     -0.135      0.000 4
 825  824      0.639     -0.428      0.000 4
 819  828      0.640      0.023      0.000 4
 829  819      0.643      0.893      0.000 4
 830  821      0.646     -0.869      0.000 4
 828  827      0.647      0.499      0.000 4
 831  822      0.649      0.824      0.000 4
 827  832      0.649      0.139      0.000 4
 833  826      0.653      0.789      0.000 4
 834  829      0.655      0.693      0.000 4
 837  830      0.660      0.915      0.000 4
 836  831      0.660     -0.757      0.000 4
 839  833      0.666     -0.901      0.000 4
 838  834      0.666     -0.769      0.000 4
 832  837      0.667     -0.112      0.000 4
 835  838      0.670      0.107      0.000 4
 840  835      0.670     -0.953      0.000 4
 843  836      0.679     -0.904      0.000 4
 841  840      0.680     -0.526      0.000 4
 845  839      0.685     -0.854      0.000 4
 842  843      0.687      0.236      0.000 4
 844  841      0.690      0.574      0.000 4
 846  842      0.695      0.598      0.000 4
 850  845      0.698      0.571      0.000 4
 852  848      0.700      0.537      0.000 4
 851  847      0.700     -0.987      0.000 4
 855  844      0.701      0.791      0.000 4
 848  851      0.702     -0.368      0.000 4
 847  852      0.703     -0.289      0.000 4
 849  853      0.705     -0.249      0.000 4
  -1   -2      0.708     -0.371      0.000 4
 859  849      0.709     -0.845      0.000 4
 860  850      0.711      0.868      0.000 4
 854  858      0.713      0.059      0.000 4
 856  859      0.715     -0.122      0.000 4
 857  857      0.716      0.344      0.000 4
 863  855      0.719     -0.958      0.000 4
 858  861      0.719     -0.227      0.000 4
 864  856      0.723      0.983      0.000 4
 862  862      0.723     -0.414      0.000 4
 861  866      0.725      0.072      0.000 4
 867  860      0.730     -0.991      0.000 4
 866  863      0.732      0.767      0.000 4
 870  864      0.735      0.910      0.000 4
 865  867      0.735     -0.619      0.000 4
  -1  868      0.736     -0.748      0.000 4
 868  870      0.739      0.424      0.000 4
 872   -2      0.739     -0.738      0.000 4
 874  869      0.743      0.936      0.000 4
 873  871      0.744     -0.551      0.000 4
 871  874      0.749     -0.087      0.000 4
 876  872      0.753     -0.848      0.000 4
 875  873      0.754      0.849      0.000 4
 881  875      0.766      0.924      0.000 4
 878  878      0.767     -0.219      0.000 4
 877  879      0.767      0.076      0.000 4
 879  881      0.770     -0.160      0.000 4
 880  883      0.773     -0.068      0.000 4
 883  876      0.773     -0.993      0.000 4
 882  880      0.775     -0.567      0.000 4
 886  877      0.777      0.968      0.000 4
 890  882      0.782      0.708      0.000 4
 889  884      0.782      0.620      0.000 4
 884  887      0.783      0.314      0.000 4
 885  889      0.785      0.231      0.000 4
 892  885      0.787      0.640      0.000 4
 891  886      0.787      0.576      0.000 4
 887  893      0.787      0.085      0.000 4
 888  894      0.789      0.066      0.000 4
 893  888      0.792      0.729      0.000 4
 894  890      0.795      0.777      0.000 4
 896  891      0.796      0.819      0.000 4
 898  892      0.797      0.894      0.000 4
 895  895      0.797     -0.645      0.000 4
 900  896      0.800      0.928      0.000 4
 897  900      0.802      0.365      0.000 4
 904  897      0.805      0.670      0.000 4
 902  899      0.804     -0.624      0.000 4
 899  903      0.805     -0.279      0.000 4
 903  902      0.807     -0.467      0.000 4
 907  898      0.807     -0.865      0.000 4
 905  901      0.807     -0.517      0.000 4
 901  904      0.811      0.047      0.000 4
 906  905      0.814     -0.316      0.000 4
 908  907      0.817      0.198      0.000 4
  -1   -2      0.821      0.797      0.000 4
 909  909      0.821     -0.245      0.000 4
 914  908      0.824      0.549      0.000 4
 910  911      0.824     -0.201      0.000 4
 911  912      0.825      0.184      0.000 4
 912  914      0.827      0.154      0.000 4
 915  913      0.828      0.344      0.000 4
 916  910      0.830      0.791      0.000 4
 919  915      0.835      0.515      0.000 4
 917  917      0.835      0.404      0.000 4
  -1   -2      0.836      0.419      0.000 4
 920  916      0.837     -0.640      0.000 4
 924  919      0.842     -0.812      0.000 4
 923  920      0.842     -0.565      0.000 4
 921  922      0.843     -0.262      0.000 4
 922  924      0.845      0.122      0.000 4
 928  921      0.850      0.914      0.000 4
 927  923      0.851      0.735      0.000 4
 925  927      0.851     -0.152      0.000 4
 929  925      0.852     -0.801      0.000 4
 926  928      0.855      0.198      0.000 4
 930  926      0.857      0.779      0.000 4
 931  932      0.864      0.141      0.000 4
 932  931      0.867      0.532      0.000 4
 936  929      0.867     -0.806      0.000 4
 935  930      0.868      0.712      0.000 4
 934  933      0.870     -0.382      0.000 4
 933  936      0.871     -0.104      0.000 4
 937  937      0.873     -0.298      0.000 4
 940  934      0.875     -0.667      0.000 4
 939  938      0.877      0.347      0.000 4
 941  935      0.876     -0.759      0.000 4
 938  940      0.878      0.080      0.000 4
 942  942      0.882      0.415      0.000 4
 943  941      0.883      0.607      0.000 4
 944  939      0.883     -0.958      0.000 4
 947  943      0.885     -0.966      0.000 4
 949  944      0.888     -0.937      0.000 4
 948  946      0.890     -0.401      0.000 4
 945  947      0.890     -0.087      0.000 4
 950  945      0.891     -0.822      0.000 4
 946  948      0.892      0.058      0.000 4
 951  949      0.896      0.464      0.000 4
 953  950      0.897     -0.661      0.000 4
  -1   -2      0.898      0.476      0.000 4
 954  952      0.900     -0.980      0.000 4
 955  953      0.906     -0.024      0.000 4
 956  954      0.907      0.042      0.000 4
 957  956      0.911      0.061      0.000 4
 959  955      0.914      0.669      0.000 4
 958  957      0.915      0.450      0.000 4
 960  958      0.917     -0.555      0.000 4
 962  959      0.919     -0.729      0.000 4
 961  960      0.920     -0.007      0.000 4
 963  961      0.925      0.284      0.000 4
 964  962      0.928      0.453      0.000 4
 965  963      0.930     -0.372      0.000 4
 967  964      0.936      0.956      0.000 4
 966  967      0.936     -0.046      0.000 4
 971  965      0.938      0.923      0.000 4
 969  966      0.938      0.660      0.000 4
 970  968      0.938     -0.516      0.000 4
 968  969      0.939     -0.164      0.000 4
 973  970      0.942     -0.910      0.000 4
 972  973      0.944      0.074      0.000 4
 976  971      0.944      0.853      0.000 4
 974  972      0.944     -0.468      0.000 4
 975  974      0.946      0.130      0.000 4
 977  977      0.948     -0.063      0.000 4
 978  976      0.949     -0.987      0.000 4
 979  975      0.949     -0.710      0.000 4
 980  979      0.955     -0.294      0.000 4
 981  978      0.955     -0.823      0.000 4
 982  980      0.958      0.899      0.000 4
 984  981      0.960     -0.779      0.000 4
 985  982      0.963      0.391      0.000 4
 983  983      0.962     -0.228      0.000 4
 986  984      0.965      0.632      0.000 4
 987  985      0.971     -0.922      0.000 4
 988  986      0.974      0.992      0.000 4
 989  987      0.974      0.817      0.000 4
 990  988      0.975      0.597      0.000 4
 991  990      0.975     -0.634      0.000 4
 992  989      0.975     -0.876      0.000 4
 993  991      0.978      0.839      0.000 4
 994  992      0.979      0.758      0.000 4
  -1   -2      0.988      0.537      0.000 4
 996  994      0.991      0.526      0.000 4
 998  996      0.992     -0.467      0.000 4
 997  997      0.992     -0.304      0.000 4
 999  995      0.992     -0.699      0.000 4
