994
   0    0     -0.998      0.545      0.000 4
   1    1     -0.994     -0.113      0.000 4
  -1   -2     -0.994      0.710      0.000 4
   3    4     -0.993     -0.709      0.000 4
   2    3     -0.993      0.701      0.000 4
   5    5     -0.989     -0.193      0.000 4
   7    6     -0.989     -0.049      0.000 4
   6    7     -0.989      0.452      0.000 4
  -1   11     -0.988      0.201      0.000 4
  10    8     -0.987     -0.799      0.000 4
   9   10     -0.988     -0.299      0.000 4
  11    9     -0.987     -0.549      0.000 4
  12   13     -0.984     -0.243      0.000 4
  -1   14     -0.980      0.212      0.000 4
   8   15     -0.980      0.948      0.000 4
  14   16     -0.978     -0.976      0.000 4
  15   17     -0.975     -0.161      0.000 4
  16   18     -0.973      0.630      0.000 4
  17   19     -0.972      0.510      0.000 4
  19   -2     -0.968     -0.021      0.000 4
  18   21     -0.968      0.312      0.000 4
  20   22     -0.967     -0.167      0.000 4
  21   23     -0.966      0.288      0.000 4
  22   25     -0.963      0.792      0.000 4
  23   24     -0.962     -0.394      0.000 4
  24   26     -0.960      0.527      0.000 4
  25   30     -0.956     -0.919      0.000 4
  26   27     -0.956     -0.096      0.000 4
  27   28     -0.955     -0.185      0.000 4
  28   29     -0.953     -0.364      0.000 4
  30   31     -0.951     -0.589      0.000 4
  29   32     -0.952      0.662      0.000 4
  32   34     -0.948     -0.638      0.000 4
  -1   33     -0.948      0.146      0.000 4
  31   35     -0.947     -0.920      0.000 4
  34   37     -0.943     -0.675      0.000 4
  36   36     -0.943      0.504      0.000 4
  35   38     -0.941      0.925      0.000 4
  37   39     -0.940      0.715      0.000 4
  33   20     -0.936      0.073      0.000 4
  39   42     -0.934      0.352      0.000 4
  40   41     -0.933      0.142      0.000 4
  41   43     -0.931     -0.235      0.000 4
  42   44     -0.931      0.410      0.000 4
  44   45     -0.924      0.255      0.000 4
  43   47     -0.924      0.599      0.000 4
  46   46     -0.924      0.158      0.000 4
  47   48     -0.921      0.309      0.000 4
  45   49     -0.918     -0.903      0.000 4
  48   51     -0.909      0.902      0.000 4
  49   50     -0.907     -0.146      0.000 4
  50   52     -0.904     -0.624      0.000 4
  51   54     -0.902      0.585      0.000 4
  52   53     -0.901     -0.453      0.000 4
  53   55     -0.899      0.568      0.000 4
  55   56     -0.895     -0.181      0.000 4
  54   57     -0.894     -0.586      0.000 4
  58   58     -0.892      0.367      0.000 4
  56   63     -0.888     -0.847      0.000 4
  57   61     -0.889      0.771      0.000 4
  62   59     -0.886     -0.204      0.000 4
  60   60     -0.886      0.425      0.000 4
  64   62     -0.883     -0.422      0.000 4
  61   64     -0.882     -0.673      0.000 4
  59   66     -0.882     -0.802      0.000 4
  66   65     -0.880      0.497      0.000 4
  67   68     -0.879      0.540      0.000 4
  63   72     -0.877     -0.908      0.000 4
  65   74     -0.875     -0.987      0.000 4
  69   67     -0.876      0.138      0.000 4
  68   75     -0.875      0.819      0.000 4
  71   69     -0.875      0.060      0.000 4
  74   70     -0.874     -0.033      0.000 4
  72   71     -0.873     -0.281      0.000 4
  75   73     -0.868     -0.151      0.000 4
  70   77     -0.867     -0.844      0.000 4
  76   76     -0.867     -0.226      0.000 4
  73   78     -0.867      0.861      0.000 4
  77   80     -0.860     -0.670      0.000 4
  79   84     -0.857      0.646      0.000 4
  82   79     -0.856      0.026      0.000 4
  78   89     -0.853     -0.925      0.000 4
  80   86     -0.854      0.641      0.000 4
  81   85     -0.853      0.575      0.000 4
  84   81     -0.852     -0.116      0.000 4
  83   82     -0.852      0.165      0.000 4
  85   83     -0.851     -0.009      0.000 4
  88   87     -0.845     -0.082      0.000 4
  87   88     -0.845      0.105      0.000 4
  86   91     -0.842     -0.492      0.000 4
  89   90     -0.841      0.234      0.000 4
  93   92     -0.836     -0.060      0.000 4
  92   93     -0.836     -0.153      0.000 4
  91   94     -0.835     -0.288      0.000 4
  90   97     -0.832      0.609      0.000 4
  97   95     -0.829      0.118      0.000 4
  96   96     -0.828      0.197      0.000 4
  94  101     -0.822     -0.958      0.000 4
  95  102     -0.819     -0.814      0.000 4
  98   99     -0.818      0.478      0.000 4
  99   98     -0.817      0.222      0.000 4
 101  100     -0.813     -0.161      0.000 4
 102  103     -0.807      0.323      0.000 4
 104  104     -0.805     -0.300      0.000 4
 100  107     -0.804     -0.854      0.000 4
 103  105     -0.803      0.444      0.000 4
 105  106     -0.798     -0.988      0.000 4
 106  110     -0.797      0.510      0.000 4
 110  108     -0.792      0.094      0.000 4
 107  112     -0.793      0.676      0.000 4
 112  109     -0.791     -0.007      0.000 4
 111  111     -0.789     -0.365      0.000 4
 108  115     -0.788      0.765      0.000 4
 109  118     -0.781     -0.792      0.000 4
 115  114     -0.779     -0.374      0.000 4
 117  113     -0.779     -0.217      0.000 4
 113  116     -0.778     -0.558      0.000 4
 114  117     -0.778      0.498      0.000 4
 118  119     -0.771      0.524      0.000 4
 116  122     -0.767     -0.880      0.000 4
 120  124     -0.762     -0.825      0.000 4
 119  125     -0.763      0.915      0.000 4
 124  121     -0.758     -0.160      0.000 4
 125  120     -0.758     -0.047      0.000 4
 121  126     -0.755      0.483      0.000 4
 122  127     -0.754      0.520      0.000 4
 126  123     -0.753     -0.260      0.000 4
 129  128     -0.747     -0.231      0.000 4
 123  135     -0.747      0.961      0.000 4
 127  129     -0.745      0.412      0.000 4
 131  130     -0.742     -0.436      0.000 4
 130  133     -0.741      0.457      0.000 4
 134  132     -0.740     -0.405      0.000 4
 133  134     -0.738     -0.459      0.000 4
 135  136     -0.738     -0.490      0.000 4
 128  138     -0.737     -0.716      0.000 4
 136  131     -0.736      0.102      0.000 4
 132  139     -0.736      0.648      0.000 4
 141  137     -0.730      0.072      0.000 4
 139  141     -0.728      0.407      0.000 4
 143  140     -0.724     -0.158      0.000 4
 142  142     -0.722      0.305      0.000 4
 137  148     -0.720     -0.980      0.000 4
 140  144     -0.720     -0.671      0.000 4
 138  147     -0.721      0.863      0.000 4
 144  145     -0.714     -0.510      0.000 4
 146  143     -0.713      0.178      0.000 4
 145  149     -0.711      0.466      0.000 4
 148  146     -0.708     -0.216      0.000 4
 149  150     -0.704     -0.271      0.000 4
 150  151     -0.700     -0.396      0.000 4
 147  155     -0.695      0.881      0.000 4
 152  154     -0.692      0.494      0.000 4
 151  156     -0.691      0.803      0.000 4
 158  153     -0.688      0.269      0.000 4
 160  152     -0.687     -0.200      0.000 4
 153  158     -0.687      0.647      0.000 4
 154  157     -0.686      0.578      0.000 4
 155  159     -0.684      0.598      0.000 4
 156  164     -0.679      0.773      0.000 4
 157  165     -0.678      0.840      0.000 4
 161  163     -0.677      0.546      0.000 4
 159  167     -0.675     -0.796      0.000 4
 164  160     -0.674     -0.473      0.000 4
 163  166     -0.672      0.580      0.000 4
 166  161     -0.670     -0.316      0.000 4
 162  169     -0.671      0.689      0.000 4
 170  162     -0.668     -0.168      0.000 4
 168  168     -0.664     -0.384      0.000 4
 165  173     -0.664     -0.719      0.000 4
 171  170     -0.656      0.163      0.000 4
  -1   -2     -0.655     -0.719      0.000 4
 167  179     -0.654      0.928      0.000 4
 172  172     -0.652     -0.214      0.000 4
 174  171     -0.651      0.028      0.000 4
 173  174     -0.649      0.223      0.000 4
 179  176     -0.643      0.136      0.000 4
 181  177     -0.641      0.050      0.000 4
 176  181     -0.639      0.558      0.000 4
 183  178     -0.638     -0.191      0.000 4
 178  182     -0.637      0.474      0.000 4
 175  184     -0.636      0.720      0.000 4
 180  183     -0.633     -0.562      0.000 4
 177  186     -0.633      0.814      0.000 4
 186  180     -0.630      0.030      0.000 4
 182  189     -0.626     -0.752      0.000 4
 184  187     -0.623      0.552      0.000 4
 191  185     -0.620      0.197      0.000 4
 189  188     -0.618     -0.420      0.000 4
 185  190     -0.617     -0.712      0.000 4
 188  195     -0.611      0.824      0.000 4
 187  197     -0.611      0.867      0.000 4
 190  199     -0.608      0.786      0.000 4
 192  201     -0.603     -0.785      0.000 4
 195  198     -0.602      0.521      0.000 4
 199  191     -0.602      0.245      0.000 4
 197  193     -0.602      0.304      0.000 4
 193  202     -0.602      0.690      0.000 4
 194  204     -0.599     -0.741      0.000 4
 203  192     -0.598     -0.083      0.000 4
 198  203     -0.596      0.516      0.000 4
 207  194     -0.594      0.022      0.000 4
 208  196     -0.594      0.057      0.000 4
 196  207     -0.590      0.838      0.000 4
 213  200     -0.588     -0.056      0.000 4
 202  205     -0.588     -0.613      0.000 4
 201  211     -0.586      0.803      0.000 4
 200  213     -0.585      0.916      0.000 4
 204  210     -0.583      0.652      0.000 4
 211  208     -0.580      0.510      0.000 4
 214  209     -0.579      0.477      0.000 4
 206  217     -0.578      0.779      0.000 4
 205  218     -0.578      0.906      0.000 4
 210  214     -0.577     -0.656      0.000 4
 220  206     -0.576     -0.140      0.000 4
 212  215     -0.577      0.637      0.000 4
 209  220     -0.573     -0.910      0.000 4
 216  216     -0.572      0.472      0.000 4
 222  212     -0.569     -0.190      0.000 4
 218  219     -0.567     -0.614      0.000 4
 221  221     -0.563      0.450      0.000 4
 215   -2     -0.562     -0.980      0.000 4
 217  224     -0.562      0.993      0.000 4
 219  225     -0.559     -0.843      0.000 4
 225  222     -0.555     -0.523      0.000 4
 223  229     -0.552      0.722      0.000 4
 227  223     -0.551     -0.480      0.000 4
 226  226     -0.551      0.589      0.000 4
 224  230     -0.550     -0.720      0.000 4
 228   -2     -0.549     -0.988      0.000 4
 231  231     -0.545      0.599      0.000 4
 229  235     -0.540      0.991      0.000 4
 230  237     -0.539     -0.896      0.000 4
 236  227     -0.539     -0.171      0.000 4
 237  228     -0.537     -0.029      0.000 4
 232  236     -0.537      0.717      0.000 4
 235  234     -0.533     -0.494      0.000 4
 233  239     -0.530      0.656      0.000 4
 241  232     -0.530      0.013      0.000 4
 238  233     -0.530      0.274      0.000 4
 234  240     -0.528      0.711      0.000 4
 246  238     -0.519     -0.078      0.000 4
  -1   -2     -0.517      0.713      0.000 4
 245  242     -0.515      0.418      0.000 4
 239  247     -0.514      0.948      0.000 4
 242  246     -0.513      0.725      0.000 4
 247  243     -0.511     -0.471      0.000 4
 243  245     -0.511      0.621      0.000 4
  -1  249     -0.507     -0.043      0.000 4
 248  248     -0.506     -0.602      0.000 4
 244  252     -0.505      0.929      0.000 4
 255  250     -0.495      0.308      0.000 4
 252  265     -0.493     -0.042      0.000 4
 249  258     -0.492     -0.848      0.000 4
 251  255     -0.492     -0.734      0.000 4
 253  254     -0.492      0.584      0.000 4
 250  261     -0.490      0.958      0.000 4
 257  251     -0.489     -0.173      0.000 4
 254  263     -0.487      0.807      0.000 4
 263  253     -0.485     -0.184      0.000 4
 262  257     -0.482     -0.387      0.000 4
 258  259     -0.482      0.432      0.000 4
 265  256     -0.479     -0.219      0.000 4
 260  267     -0.476      0.580      0.000 4
 267  262     -0.475      0.351      0.000 4
 271  260     -0.474      0.179      0.000 4
 266  266     -0.473      0.452      0.000 4
 261  268     -0.472      0.744      0.000 4
 259  271     -0.471      0.953      0.000 4
 274  264     -0.470     -0.172      0.000 4
 264  270     -0.469      0.765      0.000 4
 256   -2     -0.469     -0.040      0.000 4
 269  272     -0.463     -0.735      0.000 4
 270  276     -0.459     -0.993      0.000 4
 272  274     -0.459      0.771      0.000 4
 273  277     -0.458      0.823      0.000 4
 277  269     -0.455     -0.035      0.000 4
 280  275     -0.444      0.163      0.000 4
 281  273     -0.444      0.086      0.000 4
 278  283     -0.440     -0.647      0.000 4
 276  287     -0.440      0.930      0.000 4
 282  282     -0.436      0.391      0.000 4
 279  288     -0.435     -0.781      0.000 4
 285  278     -0.434     -0.059      0.000 4
 284  279     -0.434      0.146      0.000 4
 286  280     -0.432     -0.151      0.000 4
  -1   -2     -0.430      0.014      0.000 4
 288  284     -0.429     -0.254      0.000 4
 283  289     -0.427      0.586      0.000 4
 292  286     -0.426     -0.318      0.000 4
 297  285     -0.424      0.019      0.000 4
 296  290     -0.417      0.495      0.000 4
 290  297     -0.415      0.805      0.000 4
 287  299     -0.415      0.875      0.000 4
 289  305     -0.414      0.984      0.000 4
 301  294     -0.412     -0.530      0.000 4
 294  303     -0.412     -0.810      0.000 4
 295  304     -0.412      0.772      0.000 4
 293  307     -0.411     -0.906      0.000 4
 298  301     -0.410      0.630      0.000 4
 302  295     -0.410      0.501      0.000 4
 300  306     -0.408     -0.704      0.000 4
 299  308     -0.408      0.714      0.000 4
 308  291     -0.407     -0.243      0.000 4
 312  292     -0.405     -0.109      0.000 4
 307  298     -0.404     -0.437      0.000 4
 313  293     -0.404     -0.101      0.000 4
 306  302     -0.403     -0.477      0.000 4
 311  296     -0.403     -0.326      0.000 4
 304  310     -0.403      0.617      0.000 4
 310  300     -0.402     -0.395      0.000 4
 305  309     -0.401     -0.611      0.000 4
 303  311     -0.401     -0.831      0.000 4
 309  313     -0.392     -0.860      0.000 4
 315  312     -0.384      0.278      0.000 4
 316  314     -0.380      0.331      0.000 4
 314  319     -0.371      0.889      0.000 4
 317  315     -0.370     -0.261      0.000 4
 321  316     -0.361      0.139      0.000 4
 323  317     -0.360     -0.106      0.000 4
 324  318     -0.358     -0.065      0.000 4
 322  320     -0.357      0.381      0.000 4
 318  323     -0.356      0.736      0.000 4
 320  322     -0.352     -0.595      0.000 4
 319  325     -0.348      0.849      0.000 4
 325  321     -0.348      0.138      0.000 4
 331  324     -0.336      0.195      0.000 4
 330  326     -0.336      0.290      0.000 4
 326  333     -0.333      0.943      0.000 4
 333  327     -0.331      0.148      0.000 4
 327  335     -0.330     -0.899      0.000 4
 328  336     -0.330     -0.922      0.000 4
 329  332     -0.330      0.685      0.000 4
 335  328     -0.329     -0.271      0.000 4
 336  329     -0.327      0.166      0.000 4
 340  330     -0.324      0.096      0.000 4
 334  337     -0.323      0.533      0.000 4
 341  331     -0.322     -0.014      0.000 4
 338  334     -0.321      0.338      0.000 4
 332  341     -0.321      0.993      0.000 4
 337  344     -0.315     -0.665      0.000 4
 339  343     -0.314     -0.623      0.000 4
 344  338     -0.314      0.153      0.000 4
 345  339     -0.312     -0.052      0.000 4
 342  342     -0.313      0.466      0.000 4
 349  340     -0.311     -0.134      0.000 4
 343  345     -0.310      0.519      0.000 4
 347  346     -0.303      0.557      0.000 4
 348  350     -0.300      0.695      0.000 4
 353  347     -0.298     -0.988      0.000 4
 346  354     -0.298     -0.877      0.000 4
 351  349     -0.297     -0.615      0.000 4
 350  351     -0.297     -0.655      0.000 4
 352  353     -0.295     -0.682      0.000 4
 354  352     -0.294      0.561      0.000 4
 356  348     -0.291     -0.233      0.000 4
 355  355     -0.290     -0.486      0.000 4
 357  356     -0.283      0.619      0.000 4
 358  358     -0.278      0.974      0.000 4
 360  357     -0.271      0.432      0.000 4
 359  361     -0.270      0.744      0.000 4
 361  360     -0.263      0.360      0.000 4
 365  359     -0.261      0.057      0.000 4
 363  365     -0.259     -0.613      0.000 4
 364  364     -0.257     -0.446      0.000 4
 362  366     -0.257      0.684      0.000 4
 366  362     -0.256     -0.252      0.000 4
 368  363     -0.253     -0.055      0.000 4
 370  368     -0.247     -0.346      0.000 4
 372  367     -0.248      0.175      0.000 4
 371  369     -0.247     -0.326      0.000 4
 374  370     -0.243     -0.413      0.000 4
 367  372     -0.243      0.973      0.000 4
 369  371     -0.242      0.626      0.000 4
 373  374     -0.238      0.734      0.000 4
 375  373     -0.236     -0.584      0.000 4
 376  375     -0.232     -0.432      0.000 4
 378  381     -0.229      0.534      0.000 4
 382  377     -0.229     -0.270      0.000 4
 384  376     -0.228     -0.061      0.000 4
 385  378     -0.227     -0.146      0.000 4
 380  382     -0.226     -0.587      0.000 4
 387  379     -0.225     -0.115      0.000 4
 388  380     -0.225     -0.040      0.000 4
 377  385     -0.225      0.918      0.000 4
 379  389     -0.223      0.795      0.000 4
 383  384     -0.222      0.611      0.000 4
 381  390     -0.222      0.867      0.000 4
 390  387     -0.217      0.402      0.000 4
 391  388     -0.217      0.379      0.000 4
 393  386     -0.215     -0.271      0.000 4
 395  383     -0.215     -0.136      0.000 4
 386  391     -0.214     -0.990      0.000 4
 389  393     -0.213      0.821      0.000 4
 392  395     -0.209     -0.764      0.000 4
 394  396     -0.208      0.674      0.000 4
 396  394     -0.207     -0.554      0.000 4
 398  392     -0.207     -0.391      0.000 4
 397  397     -0.204     -0.685      0.000 4
 399  399     -0.200     -0.497      0.000 4
  -1   -2     -0.200     -0.488      0.000 4
 402  400     -0.195     -0.035      0.000 4
 403  401     -0.194      0.141      0.000 4
 401  402     -0.191     -0.720      0.000 4
 404  403     -0.187      0.647      0.000 4
 405  404     -0.185      0.698      0.000 4
 406  406     -0.180     -0.672      0.000 4
 407  405     -0.178      0.495      0.000 4
 408  409     -0.170     -0.604      0.000 4
 412  407     -0.169     -0.487      0.000 4
  -1  410     -0.168      0.414      0.000 4
 413   -2     -0.168      0.422      0.000 4
 409  412     -0.167      0.827      0.000 4
 410  413     -0.166     -0.832      0.000 4
 411  414     -0.165      0.844      0.000 4
 418  411     -0.164      0.150      0.000 4
 415  415     -0.163      0.966      0.000 4
 416  417     -0.161     -0.904      0.000 4
 417  416     -0.161      0.761      0.000 4
 420  418     -0.152     -0.466      0.000 4
 419  422     -0.149     -0.838      0.000 4
 421  419     -0.147      0.214      0.000 4
 423  420     -0.146     -0.048      0.000 4
 422  421     -0.145      0.193      0.000 4
 425  423     -0.141     -0.240      0.000 4
 424  424     -0.139      0.430      0.000 4
 426  429     -0.136      0.781      0.000 4
 429  425     -0.135     -0.208      0.000 4
 428  426     -0.135     -0.301      0.000 4
 430  427     -0.134      0.173      0.000 4
 427  430     -0.133      0.608      0.000 4
 431  428     -0.131     -0.279      0.000 4
 432  432     -0.122      0.745      0.000 4
 433  431     -0.122     -0.353      0.000 4
 435  433     -0.116      0.287      0.000 4
 434  434     -0.116     -0.625      0.000 4
 436  435     -0.109     -0.558      0.000 4
 437  436     -0.108      0.552      0.000 4
  -1   -2     -0.108      0.541      0.000 4
 439  437     -0.106     -0.273      0.000 4
 440  439     -0.102     -0.180      0.000 4
 442  440     -0.100      0.215      0.000 4
 441  441     -0.099      0.433      0.000 4
 443  442     -0.098     -0.497      0.000 4
 445  443     -0.092      0.009      0.000 4
 446  444     -0.091     -0.055      0.000 4
 444  445     -0.090      0.928      0.000 4
 447  447     -0.085      0.844      0.000 4
 448  448     -0.084     -0.613      0.000 4
 449  446     -0.083     -0.333      0.000 4
 450  450     -0.077      0.635      0.000 4
 452  449     -0.076     -0.541      0.000 4
 451  452     -0.075      0.978      0.000 4
 453  451     -0.075     -0.657      0.000 4
 455  453     -0.069     -0.016      0.000 4
 454  454     -0.068     -0.918      0.000 4
 456  455     -0.066     -0.439      0.000 4
 457  460     -0.063     -0.932      0.000 4
 458  457     -0.063      0.520      0.000 4
 460  456     -0.063      0.265      0.000 4
 462  458     -0.063     -0.237      0.000 4
 459  459     -0.063      0.435      0.000 4
 461  461     -0.061     -0.985      0.000 4
 463  462     -0.059     -0.776      0.000 4
 464  463     -0.056     -0.795      0.000 4
 466  464     -0.054     -0.468      0.000 4
 465  465     -0.053      0.773      0.000 4
 467  467     -0.050      0.502      0.000 4
 469  466     -0.050     -0.057      0.000 4
 468  468     -0.050     -0.605      0.000 4
 470  469     -0.049     -0.988      0.000 4
 471  470     -0.048     -0.504      0.000 4
 473  471     -0.047      0.073      0.000 4
 472  472     -0.047      0.053      0.000 4
 475  474     -0.046      0.363      0.000 4
 476  473     -0.046     -0.094      0.000 4
 474  475     -0.045     -0.684      0.000 4
 477  476     -0.042     -0.907      0.000 4
 478  477     -0.041      0.919      0.000 4
 480  478     -0.039      0.240      0.000 4
 479  479     -0.038      0.578      0.000 4
 482  480     -0.036      0.406      0.000 4
 481  481     -0.036      0.774      0.000 4
 483  482     -0.035     -0.501      0.000 4
 485  483     -0.034      0.096      0.000 4
 484  484     -0.034     -0.845      0.000 4
 486  485     -0.032      0.272      0.000 4
 487  486     -0.032      0.843      0.000 4
 489  487     -0.031     -0.296      0.000 4
 488  488     -0.031     -0.584      0.000 4
 490  489     -0.031      0.947      0.000 4
 491  490     -0.030      0.136      0.000 4
 492  491     -0.027      0.173      0.000 4
 493  492     -0.025      0.024      0.000 4
 494  493     -0.024     -0.690      0.000 4
 495  494     -0.023     -0.468      0.000 4
 496  495     -0.023     -0.557      0.000 4
 497  496     -0.021      0.676      0.000 4
 498  497     -0.020     -0.503      0.000 4
 500  498     -0.016     -0.740      0.000 4
 499  499     -0.016      0.288      0.000 4
  -1   -2     -0.016     -0.553      0.000 4
 502  501     -0.014     -0.653      0.000 4
 503  502     -0.013     -0.679      0.000 4
 504  503     -0.012      0.980      0.000 4
 505  504     -0.004      0.058      0.000 4
 507  505      0.001     -0.431      0.000 4
 506  506      0.001     -0.258      0.000 4
 508  507      0.004      0.270      0.000 4
 510  508      0.011      0.568      0.000 4
 509  509      0.012      0.072      0.000 4
 511  510      0.014     -0.377      0.000 4
 512  513      0.015     -0.125      0.000 4
 514  511      0.016     -0.744      0.000 4
 513  514      0.016     -0.100      0.000 4
 516  512      0.017      0.807      0.000 4
 515  516      0.018     -0.219      0.000 4
 517  515      0.019      0.752      0.000 4
 518  518      0.022      0.151      0.000 4
 519  517      0.023     -0.727      0.000 4
 520  519      0.025      0.742      0.000 4
 521  521      0.029      0.108      0.000 4
 522  522      0.030     -0.221      0.000 4
 523  520      0.030      0.585      0.000 4
 525  523      0.038      0.386      0.000 4
 524  524      0.038      0.194      0.000 4
 526  525      0.042     -0.535      0.000 4
 527  528      0.047      0.006      0.000 4
 528  526      0.047     -0.444      0.000 4
 529  527      0.048      0.344      0.000 4
 530  529      0.055     -0.971      0.000 4
 531  530      0.056     -0.814      0.000 4
 532  531      0.057     -0.720      0.000 4
 533  532      0.064      0.413      0.000 4
 534  533      0.068      0.063      0.000 4
 535  535      0.074     -0.320      0.000 4
 537  534      0.077      0.884      0.000 4
 541  536      0.079     -0.933      0.000 4
 540  537      0.079      0.771      0.000 4
 536  540      0.080     -0.428      0.000 4
 539  538      0.080     -0.642      0.000 4
 538  542      0.082      0.239      0.000 4
 543  539      0.082      0.716      0.000 4
 544  541      0.084     -0.873      0.000 4
 542  543      0.085      0.209      0.000 4
 547  545      0.089      0.700      0.000 4
 546  547      0.090     -0.450      0.000 4
  -1   -2      0.090      0.235      0.000 4
 549  544      0.091     -0.976      0.000 4
 551  546      0.092      0.944      0.000 4
 548  549      0.097      0.061      0.000 4
 550  550      0.098     -0.055      0.000 4
 552  552      0.103     -0.190      0.000 4
 558  551      0.105     -0.914      0.000 4
 553  554      0.107      0.093      0.000 4
 554  556      0.108     -0.218      0.000 4
 557  553      0.109     -0.556      0.000 4
 555  557      0.109     -0.053      0.000 4
 556  555      0.110      0.317      0.000 4
 559  560      0.115      0.022      0.000 4
 561  558      0.117      0.557      0.000 4
 560  563      0.119     -0.203      0.000 4
 564   -2      0.119     -0.529      0.000 4
 566  559      0.123     -0.971      0.000 4
 565  564      0.123     -0.596      0.000 4
  -1  566      0.123     -0.513      0.000 4
 563  567      0.124      0.071      0.000 4
 568  562      0.126      0.855      0.000 4
 569  565      0.126     -0.891      0.000 4
 567  569      0.131      0.297      0.000 4
 570  568      0.133     -0.682      0.000 4
 573  570      0.138     -0.886      0.000 4
  -1  571      0.139     -0.976      0.000 4
 574  573      0.139      0.773      0.000 4
 579  572      0.140      0.950      0.000 4
 575  577      0.145      0.371      0.000 4
 580  574      0.145     -0.981      0.000 4
 572  578      0.145     -0.226      0.000 4
 571  579      0.146      0.131      0.000 4
 583  575      0.148     -0.933      0.000 4
 576  580      0.148      0.064      0.000 4
 578  582      0.150     -0.033      0.000 4
 584  576      0.151      0.805      0.000 4
 582  581      0.153      0.409      0.000 4
  -1   -2      0.156     -0.526      0.000 4
 581  587      0.156     -0.013      0.000 4
 587  585      0.160     -0.536      0.000 4
 586  588      0.161     -0.480      0.000 4
 589  586      0.162      0.560      0.000 4
 593  584      0.165      0.890      0.000 4
 588  591      0.166     -0.171      0.000 4
 591  589      0.167      0.487      0.000 4
 590  593      0.169      0.089      0.000 4
 592  595      0.173      0.305      0.000 4
 597  590      0.173      0.881      0.000 4
 594  596      0.175     -0.483      0.000 4
 596  597      0.177     -0.502      0.000 4
 599  594      0.177     -0.690      0.000 4
 595  598      0.178     -0.325      0.000 4
 601  592      0.179     -0.944      0.000 4
 598  601      0.185      0.167      0.000 4
 600  599      0.186     -0.378      0.000 4
 604  602      0.191     -0.542      0.000 4
 602  605      0.192     -0.233      0.000 4
 603  604      0.192      0.404      0.000 4
 609  600      0.195     -0.937      0.000 4
 612  603      0.197      0.852      0.000 4
 605  609      0.200      0.197      0.000 4
 606  610      0.201     -0.159      0.000 4
 610  607      0.201     -0.987      0.000 4
 607  612      0.202      0.090      0.000 4
 608  611      0.203      0.179      0.000 4
 614  608      0.205      0.692      0.000 4
 617  606      0.207      0.956      0.000 4
 611  614      0.208      0.081      0.000 4
 616  613      0.210      0.581      0.000 4
 613  617      0.215     -0.094      0.000 4
 619  615      0.217     -0.617      0.000 4
 615  619      0.218      0.047      0.000 4
 622  616      0.220     -0.648      0.000 4
 621  620      0.225      0.332      0.000 4
 618  622      0.225     -0.116      0.000 4
 620  623      0.226      0.137      0.000 4
 623  625      0.228     -0.220      0.000 4
 625  618      0.228      0.719      0.000 4
 627  621      0.233      0.661      0.000 4
 628  624      0.234      0.572      0.000 4
 626  626      0.235      0.409      0.000 4
 624  629      0.238      0.203      0.000 4
 631  627      0.238     -0.563      0.000 4
 630  630      0.241     -0.376      0.000 4
 629  632      0.245     -0.109      0.000 4
 632  634      0.249      0.007      0.000 4
 635  628      0.250      0.980      0.000 4
 634  631      0.250     -0.626      0.000 4
 633  636      0.253     -0.019      0.000 4
 636  638      0.259     -0.427      0.000 4
 638  633      0.261      0.693      0.000 4
 640  635      0.266     -0.840      0.000 4
 639  637      0.267      0.755      0.000 4
 637  642      0.267     -0.255      0.000 4
 641  641      0.273     -0.563      0.000 4
 643  639      0.274      0.799      0.000 4
 645  640      0.279     -0.870      0.000 4
 642  646      0.281     -0.283      0.000 4
 651  643      0.287     -0.828      0.000 4
 646  648      0.290      0.392      0.000 4
 649  647      0.290      0.532      0.000 4
 655  644      0.292      0.892      0.000 4
 650  649      0.292      0.470      0.000 4
 647  652      0.293      0.289      0.000 4
 656  645      0.293     -0.971      0.000 4
 648  651      0.294     -0.430      0.000 4
 644  655      0.294     -0.086      0.000 4
 652  657      0.299     -0.330      0.000 4
 653  654      0.299     -0.472      0.000 4
 659  650      0.299     -0.818      0.000 4
 657  656      0.303      0.483      0.000 4
 662  653      0.305     -0.870      0.000 4
 654  661      0.306      0.113      0.000 4
 660  660      0.308      0.592      0.000 4
 663  658      0.310     -0.745      0.000 4
 658  664      0.310      0.167      0.000 4
 665  659      0.312     -0.871      0.000 4
 667  662      0.318     -0.678      0.000 4
 669  663      0.319      0.646      0.000 4
 661  666      0.320      0.046      0.000 4
 664  668      0.326      0.031      0.000 4
 666  667      0.327      0.242      0.000 4
 672  665      0.328      0.509      0.000 4
 668  671      0.331     -0.179      0.000 4
 670  673      0.333      0.165      0.000 4
 671  674      0.334      0.191      0.000 4
 673  675      0.335     -0.299      0.000 4
 675  676      0.338      0.364      0.000 4
 674  679      0.338      0.108      0.000 4
 679  670      0.341     -0.635      0.000 4
 681  669      0.344      0.725      0.000 4
 676  684      0.345      0.147      0.000 4
 686  672      0.346     -0.829      0.000 4
 678  686      0.347      0.080      0.000 4
 677  688      0.348      0.007      0.000 4
 682  682      0.350      0.501      0.000 4
 683  680      0.350     -0.589      0.000 4
 690  677      0.351      0.876      0.000 4
 687  681      0.351      0.599      0.000 4
 684  683      0.352      0.486      0.000 4
 680  691      0.353      0.089      0.000 4
 691  678      0.353      0.814      0.000 4
 685  687      0.354     -0.468      0.000 4
 688  685      0.355     -0.606      0.000 4
 689  690      0.359      0.450      0.000 4
 694  689      0.365     -0.819      0.000 4
 693  692      0.367      0.646      0.000 4
 692  696      0.371     -0.409      0.000 4
 695  697      0.378      0.401      0.000 4
  -1   -2      0.379      0.826      0.000 4
 699  695      0.380     -0.765      0.000 4
 702  694      0.382      0.877      0.000 4
 696  704      0.390      0.142      0.000 4
 709  698      0.391     -0.959      0.000 4
 708  699      0.392      0.826      0.000 4
 703  700      0.392      0.486      0.000 4
 701  705      0.394      0.321      0.000 4
 697  708      0.395      0.047      0.000 4
 700  709      0.396     -0.201      0.000 4
 710  701      0.397     -0.690      0.000 4
 707  702      0.397      0.523      0.000 4
 705  707      0.399      0.433      0.000 4
 704  712      0.402     -0.120      0.000 4
 712  706      0.404     -0.720      0.000 4
 711  710      0.405     -0.471      0.000 4
 714  703      0.405     -0.983      0.000 4
 706  714      0.406     -0.174      0.000 4
 719  711      0.415      0.857      0.000 4
 715  717      0.417      0.451      0.000 4
 721  713      0.420     -0.761      0.000 4
 713  719      0.421     -0.168      0.000 4
 722  715      0.422     -0.776      0.000 4
 724  716      0.424      0.781      0.000 4
 725  718      0.429     -0.740      0.000 4
 717  720      0.429      0.188      0.000 4
 716  723      0.430     -0.078      0.000 4
 718  725      0.433      0.038      0.000 4
 720  726      0.433      0.049      0.000 4
 723  729      0.439      0.137      0.000 4
 727  728      0.441      0.313      0.000 4
 729  724      0.442     -0.551      0.000 4
 726  731      0.443     -0.275      0.000 4
 732  722      0.446     -0.834      0.000 4
 733  721      0.446     -0.900      0.000 4
 734  727      0.450     -0.783      0.000 4
 730  732      0.450     -0.988      0.000 4
 728  737      0.450     -0.082      0.000 4
 737  730      0.458      0.836      0.000 4
 731  740      0.461     -0.130      0.000 4
 740  735      0.462      0.699      0.000 4
 742  733      0.462      0.996      0.000 4
 745  734      0.463     -0.975      0.000 4
 746  736      0.465      0.950      0.000 4
 741  738      0.465      0.637      0.000 4
 735  743      0.467     -0.333      0.000 4
 739  741      0.469      0.407      0.000 4
 738  742      0.470     -0.431      0.000 4
 750  739      0.471      0.873      0.000 4
 736  746      0.473      0.024      0.000 4
 748  744      0.475      0.531      0.000 4
 747  747      0.479      0.308      0.000 4
 749  745      0.480      0.429      0.000 4
 743  751      0.481     -0.139      0.000 4
 744  753      0.482      0.067      0.000 4
 753  748      0.491     -0.709      0.000 4
 754  750      0.493     -0.719      0.000 4
 752  752      0.493     -0.590      0.000 4
 756  749      0.494      0.806      0.000 4
 751  754      0.498      0.001      0.000 4
 755  755      0.504     -0.404      0.000 4
 761  757      0.512     -0.540      0.000 4
 757  762      0.512      0.016      0.000 4
 758  760      0.513     -0.140      0.000 4
 759  761      0.513     -0.127      0.000 4
 763  756      0.514      0.566      0.000 4
 760  763      0.514     -0.192      0.000 4
 762  765      0.521      0.250      0.000 4
 767  758      0.523      0.748      0.000 4
 764  759      0.523     -0.582      0.000 4
 768  764      0.528      0.591      0.000 4
 771  766      0.535      0.660      0.000 4
 765  773      0.535      0.116      0.000 4
 766  772      0.536      0.217      0.000 4
 773  767      0.538     -0.687      0.000 4
 775  768      0.541     -0.651      0.000 4
 769  776      0.542      0.225      0.000 4
 772  771      0.542     -0.492      0.000 4
 770  778      0.545     -0.103      0.000 4
 778  769      0.546      0.613      0.000 4
 776  777      0.548      0.435      0.000 4
 779  775      0.549     -0.560      0.000 4
 781  770      0.551     -0.835      0.000 4
 777  781      0.554      0.301      0.000 4
 774  786      0.554      0.086      0.000 4
 784  774      0.554     -0.992      0.000 4
 780  784      0.558      0.349      0.000 4
 782  782      0.562     -0.546      0.000 4
 783  783      0.562     -0.554      0.000 4
 785  779      0.564      0.934      0.000 4
 786  780      0.566      0.919      0.000 4
 787  785      0.570     -0.796      0.000 4
 789  787      0.573     -0.909      0.000 4
 788  789      0.581      0.457      0.000 4
 794  788      0.583      0.868      0.000 4
 791  791      0.585     -0.585      0.000 4
 792  794      0.590      0.467      0.000 4
 790  795      0.591     -0.382      0.000 4
 797  790      0.592      0.850      0.000 4
 798  793      0.593     -0.782      0.000 4
 799  792      0.594     -0.992      0.000 4
 795  798      0.599      0.191      0.000 4
 793  800      0.600      0.041      0.000 4
 800  796      0.601     -0.609      0.000 4
 796  802      0.604     -0.107      0.000 4
 803  797      0.607      0.636      0.000 4
 805  799      0.611     -0.631      0.000 4
 801  804      0.612     -0.213      0.000 4
 808  801      0.616      0.660      0.000 4
 802  805      0.616      0.050      0.000 4
 804  806      0.617     -0.246      0.000 4
 807  803      0.618     -0.585      0.000 4
 806  807      0.624     -0.192      0.000 4
 812  808      0.637      0.602      0.000 4
 809  812      0.638     -0.312      0.000 4
 811  811      0.639      0.432      0.000 4
 814  809      0.640      0.730      0.000 4
 810  817      0.643     -0.076      0.000 4
 816  810      0.645     -0.900      0.000 4
  -1   -2      0.646     -0.313      0.000 4
 817  814      0.650      0.734      0.000 4
 818  813      0.652      0.887      0.000 4
 821  815      0.656     -0.906      0.000 4
 815  822      0.659      0.274      0.000 4
 823  819      0.662      0.802      0.000 4
 827  818      0.662     -0.891      0.000 4
 824  820      0.664     -0.724      0.000 4
 822  825      0.666     -0.457      0.000 4
 826  824      0.667     -0.598      0.000 4
 819  826      0.669      0.050      0.000 4
 831  821      0.670      0.941      0.000 4
 830  823      0.670      0.683      0.000 4
 820  829      0.672     -0.061      0.000 4
 828  828      0.675     -0.346      0.000 4
 825  830      0.677     -0.131      0.000 4
 829  832      0.680     -0.178      0.000 4
 834  827      0.685      0.956      0.000 4
 835  831      0.690     -0.672      0.000 4
 837  833      0.695      0.735      0.000 4
 836  834      0.696      0.658      0.000 4
 832  839      0.696      0.055      0.000 4
 833  842      0.697      0.041      0.000 4
 838  836      0.700     -0.987      0.000 4
 839  838      0.703      0.450      0.000 4
 841  841      0.704      0.489      0.000 4
 840  844      0.706      0.337      0.000 4
 847  835      0.706     -0.905      0.000 4
 845  837      0.708      0.776      0.000 4
 846  840      0.708     -0.742      0.000 4
 844  843      0.710      0.623      0.000 4
 843  845      0.711      0.484      0.000 4
 842  848      0.713      0.167      0.000 4
 848  847      0.716      0.512      0.000 4
 851  846      0.718      0.832      0.000 4
 849  856      0.725      0.025      0.000 4
 852  849      0.726     -0.696      0.000 4
 850  857      0.727      0.233      0.000 4
 854  852      0.730      0.733      0.000 4
 856  850      0.730     -0.861      0.000 4
 859  851      0.732     -0.925      0.000 4
 857  853      0.733      0.776      0.000 4
 858  854      0.734     -0.708      0.000 4
 861  855      0.738      0.862      0.000 4
 855  860      0.737     -0.461      0.000 4
 853  861      0.739     -0.219      0.000 4
 863  858      0.739     -0.875      0.000 4
 867  859      0.743     -0.833      0.000 4
 860  864      0.748      0.137      0.000 4
 866  863      0.749     -0.529      0.000 4
 862  865      0.751     -0.157      0.000 4
 871  862      0.753      0.888      0.000 4
 864  867      0.754     -0.190      0.000 4
 865  869      0.755      0.103      0.000 4
 869  868      0.756     -0.246      0.000 4
 868  870      0.756      0.126      0.000 4
 870  873      0.761      0.271      0.000 4
 873  866      0.764     -0.871      0.000 4
 875  871      0.769      0.726      0.000 4
 876  872      0.770     -0.808      0.000 4
 874  876      0.773     -0.468      0.000 4
 880  874      0.774     -0.940      0.000 4
 881  875      0.774     -0.873      0.000 4
 872  878      0.776      0.077      0.000 4
 877  881      0.780     -0.370      0.000 4
 878  884      0.783     -0.119      0.000 4
 879  885      0.785     -0.200      0.000 4
  -1   -2      0.785     -0.669      0.000 4
 884  882      0.785     -0.657      0.000 4
 886  877      0.786     -0.793      0.000 4
 887  880      0.787      0.821      0.000 4
 882  886      0.787      0.249      0.000 4
 888  883      0.789      0.690      0.000 4
 885  887      0.792     -0.414      0.000 4
 890  888      0.796      0.465      0.000 4
 889  894      0.799      0.131      0.000 4
 892  890      0.801      0.512      0.000 4
 895  889      0.802      0.966      0.000 4
 891  896      0.804      0.089      0.000 4
 898  891      0.807     -0.994      0.000 4
 894  897      0.808      0.298      0.000 4
 899  893      0.808      0.875      0.000 4
 901  892      0.808     -0.946      0.000 4
 893  902      0.809     -0.084      0.000 4
 897  895      0.809      0.532      0.000 4
  -1   -2      0.811      0.310      0.000 4
 900  899      0.812     -0.541      0.000 4
 903  903      0.815     -0.517      0.000 4
 905  898      0.816      0.909      0.000 4
 906  900      0.817      0.791      0.000 4
 904  904      0.818      0.609      0.000 4
 902  906      0.819      0.046      0.000 4
 907  905      0.819     -0.790      0.000 4
 908  907      0.825      0.431      0.000 4
 909  912      0.829     -0.224      0.000 4
 910  911      0.830      0.396      0.000 4
 913  909      0.830      0.633      0.000 4
 912  910      0.831      0.561      0.000 4
 916  908      0.832      0.891      0.000 4
 911  915      0.835     -0.072      0.000 4
 915  916      0.837     -0.289      0.000 4
 914  918      0.837      0.029      0.000 4
 918  913      0.840      0.691      0.000 4
 917  917      0.839     -0.453      0.000 4
 920  914      0.841      0.948      0.000 4
 921  919      0.845      0.745      0.000 4
 919  922      0.847      0.244      0.000 4
 922  920      0.849     -0.528      0.000 4
 925  921      0.853      0.847      0.000 4
 926  923      0.856      0.894      0.000 4
 923  926      0.857     -0.028      0.000 4
 924  927      0.859      0.018      0.000 4
 932  924      0.861     -0.807      0.000 4
  -1   -2      0.862      0.713      0.000 4
 927  928      0.863      0.299      0.000 4
 929  931      0.864     -0.303      0.000 4
 931  930      0.865      0.407      0.000 4
 928  932      0.865      0.031      0.000 4
 933  929      0.868      0.704      0.000 4
 935  933      0.878      0.630      0.000 4
 934  935      0.878     -0.016      0.000 4
 936  934      0.879     -0.730      0.000 4
 937  938      0.886      0.340      0.000 4
 938  936      0.886     -0.715      0.000 4
 941  937      0.887      0.685      0.000 4
 940  940      0.887     -0.551      0.000 4
  -1   -2      0.890      0.350      0.000 4
 942  941      0.890      0.599      0.000 4
 944  939      0.891      0.871      0.000 4
 943  943      0.892      0.479      0.000 4
 947  944      0.897     -0.720      0.000 4
 948  945      0.899     -0.659      0.000 4
 946  946      0.900      0.191      0.000 4
 945  947      0.900     -0.042      0.000 4
 949  948      0.905      0.326      0.000 4
 951  949      0.907     -0.541      0.000 4
 950  950      0.909     -0.124      0.000 4
 952  951      0.912     -0.277      0.000 4
 953  954      0.913      0.039      0.000 4
 954  955      0.915     -0.434      0.000 4
 957  952      0.916     -0.739      0.000 4
 958  953      0.917     -0.943      0.000 4
 955  958      0.918     -0.053      0.000 4
 960  956      0.918     -0.956      0.000 4
 956  959      0.919      0.078      0.000 4
 961  957      0.920     -0.911      0.000 4
 959  960      0.921      0.328      0.000 4
 962  961      0.925      0.543      0.000 4
 963  962      0.927     -0.976      0.000 4
 964  963      0.932     -0.617      0.000 4
 965  964      0.935     -0.398      0.000 4
 966  966      0.937     -0.216      0.000 4
 967  965      0.937     -0.356      0.000 4
 968  967      0.943     -0.168      0.000 4
 969  968      0.946      0.530      0.000 4
 970  970      0.949     -0.987      0.000 4
 971  969      0.951      0.929      0.000 4
 972  971      0.951      0.881      0.000 4
 974  974      0.954      0.275      0.000 4
 975  972      0.955      0.778      0.000 4
 976  973      0.955     -0.866      0.000 4
 977  975      0.957     -0.590      0.000 4
 978  976      0.965     -0.737      0.000 4
 979  977      0.968      0.845      0.000 4
 980  978      0.970     -0.677      0.000 4
 981  979      0.971      0.499      0.000 4
 982  980      0.976     -0.223      0.000 4
 983  981      0.980      0.463      0.000 4
 984  982      0.980     -0.509      0.000 4
 985  983      0.984      0.727      0.000 4
 986  984      0.983     -0.883      0.000 4
 988  985      0.986      0.968      0.000 4
 987  989      0.986     -0.355      0.000 4
 989  986      0.987      0.648      0.000 4
 990  987      0.988      0.758      0.000 4
 991  988      0.987     -0.814      0.000 4
  -1   -2      0.990      0.405      0.000 4
 992  992      0.991      0.028      0.000 4
 994  991      0.991      0.395      0.000 4
