993
   0   -2     -0.998      0.555      0.000 4
   1    0     -0.994     -0.115      0.000 4
  -1   -2     -0.994      0.718      0.000 4
   4    1     -0.994      0.709      0.000 4
   3    3     -0.992     -0.717      0.000 4
   5    4     -0.989     -0.197      0.000 4
   6    5     -0.989     -0.049      0.000 4
   7    7     -0.989      0.452      0.000 4
   9    9     -0.987     -0.799      0.000 4
  11    8     -0.987     -0.549      0.000 4
  10   10     -0.988     -0.299      0.000 4
   8   11     -0.987      0.201      0.000 4
  -1   12     -0.987      0.701      0.000 4
  12   13     -0.984     -0.248      0.000 4
  13   14     -0.980      0.219      0.000 4
  14   15     -0.979      0.950      0.000 4
  15   17     -0.977     -0.976      0.000 4
  16   16     -0.975     -0.165      0.000 4
  17   19     -0.973      0.639      0.000 4
  18   18     -0.972      0.521      0.000 4
  39   -2     -0.968     -0.020      0.000 4
  20   21     -0.968      0.321      0.000 4
  21   22     -0.968     -0.171      0.000 4
  22   23     -0.966      0.297      0.000 4
  24   24     -0.962     -0.403      0.000 4
  23   25     -0.962      0.798      0.000 4
  25   26     -0.960      0.537      0.000 4
  27   27     -0.957     -0.098      0.000 4
  28   28     -0.957     -0.189      0.000 4
  29   29     -0.954     -0.373      0.000 4
  26   31     -0.954     -0.922      0.000 4
  30   30     -0.952     -0.598      0.000 4
  31   33     -0.951      0.670      0.000 4
  33   32     -0.949      0.152      0.000 4
  32   34     -0.947     -0.647      0.000 4
  34   36     -0.944     -0.922      0.000 4
  36   35     -0.944      0.514      0.000 4
  35   37     -0.942     -0.683      0.000 4
  37   41     -0.939      0.927      0.000 4
  38   40     -0.938      0.722      0.000 4
  -1   38     -0.938      0.077      0.000 4
  41   39     -0.935      0.147      0.000 4
  40   42     -0.935      0.362      0.000 4
  42   43     -0.933     -0.241      0.000 4
  43   44     -0.931      0.420      0.000 4
  44   45     -0.926      0.263      0.000 4
  46   46     -0.926      0.164      0.000 4
  45   48     -0.923      0.608      0.000 4
  47   47     -0.922      0.317      0.000 4
  48   50     -0.915     -0.905      0.000 4
  50   49     -0.910     -0.149      0.000 4
  49   53     -0.906      0.905      0.000 4
  51   52     -0.902     -0.633      0.000 4
  53   51     -0.902     -0.462      0.000 4
  52   55     -0.901      0.594      0.000 4
  54   56     -0.898      0.577      0.000 4
  55   54     -0.898     -0.185      0.000 4
  56   58     -0.894     -0.595      0.000 4
  57   57     -0.893      0.376      0.000 4
  60   59     -0.889     -0.209      0.000 4
  61   60     -0.887      0.435      0.000 4
  59   62     -0.886      0.777      0.000 4
  62   61     -0.885     -0.430      0.000 4
  58   66     -0.884     -0.851      0.000 4
  63   68     -0.881     -0.680      0.000 4
  65   67     -0.880      0.507      0.000 4
  64   71     -0.879     -0.808      0.000 4
  69   63     -0.879      0.143      0.000 4
  66   70     -0.878      0.549      0.000 4
  71   64     -0.878      0.063      0.000 4
  72   65     -0.878     -0.033      0.000 4
  73   69     -0.875     -0.287      0.000 4
  67   74     -0.873     -0.911      0.000 4
  74   72     -0.872     -0.155      0.000 4
  68   76     -0.871     -0.988      0.000 4
  70   75     -0.871      0.823      0.000 4
  76   73     -0.870     -0.231      0.000 4
  75   80     -0.862     -0.848      0.000 4
  77   82     -0.863      0.865      0.000 4
  80   77     -0.860      0.028      0.000 4
  78   83     -0.858     -0.678      0.000 4
  84   78     -0.857     -0.119      0.000 4
  85   81     -0.856      0.170      0.000 4
  86   79     -0.855     -0.009      0.000 4
  79   -2     -0.855      0.654      0.000 4
  83   87     -0.852      0.583      0.000 4
  82   86     -0.852      0.649      0.000 4
  87   84     -0.850     -0.084      0.000 4
  88   85     -0.849      0.109      0.000 4
  81   92     -0.848     -0.927      0.000 4
  90   88     -0.844      0.241      0.000 4
  89   91     -0.843     -0.501      0.000 4
  91   89     -0.841     -0.061      0.000 4
  92   90     -0.840     -0.156      0.000 4
  93   93     -0.838     -0.294      0.000 4
  95   94     -0.833      0.122      0.000 4
  96   95     -0.832      0.203      0.000 4
  94   96     -0.830      0.616      0.000 4
 100   97     -0.821      0.228      0.000 4
  99   99     -0.818      0.486      0.000 4
 101   98     -0.817     -0.164      0.000 4
  97  102     -0.816     -0.959      0.000 4
  98  103     -0.814     -0.818      0.000 4
 102  101     -0.810      0.330      0.000 4
 103  100     -0.809     -0.306      0.000 4
 105  104     -0.803      0.452      0.000 4
 106  107     -0.798     -0.988      0.000 4
 104  110     -0.798     -0.857      0.000 4
 108  105     -0.798      0.097      0.000 4
 110  106     -0.797     -0.006      0.000 4
 107  108     -0.797      0.518      0.000 4
 111  109     -0.792     -0.371      0.000 4
 109  112     -0.789      0.682      0.000 4
 115  111     -0.784     -0.221      0.000 4
 114  113     -0.782     -0.380      0.000 4
 112  114     -0.782      0.770      0.000 4
 116  116     -0.777     -0.565      0.000 4
 117  115     -0.778      0.505      0.000 4
 113  118     -0.776     -0.797      0.000 4
 118  120     -0.770      0.531      0.000 4
 123  117     -0.765     -0.047      0.000 4
 122  119     -0.764     -0.163      0.000 4
 119  124     -0.759     -0.883      0.000 4
 126  121     -0.759     -0.265      0.000 4
 120  126     -0.756     -0.828      0.000 4
 121  127     -0.757      0.916      0.000 4
 124  123     -0.755      0.489      0.000 4
 125  125     -0.753      0.526      0.000 4
 127  122     -0.752     -0.234      0.000 4
 129  129     -0.746      0.418      0.000 4
 130  130     -0.743     -0.442      0.000 4
 136  128     -0.743      0.105      0.000 4
 132  131     -0.742     -0.411      0.000 4
 131  133     -0.742      0.463      0.000 4
 133  134     -0.740     -0.465      0.000 4
 128  137     -0.740      0.962      0.000 4
 134  135     -0.738     -0.496      0.000 4
 138  132     -0.737      0.074      0.000 4
 135  140     -0.733     -0.721      0.000 4
 137  141     -0.732      0.653      0.000 4
 140  136     -0.731     -0.160      0.000 4
 139  138     -0.729      0.413      0.000 4
 141  139     -0.726      0.311      0.000 4
 146  142     -0.719      0.182      0.000 4
 143  146     -0.716     -0.676      0.000 4
 145  145     -0.714     -0.516      0.000 4
 148  143     -0.714     -0.219      0.000 4
 144  149     -0.714      0.865      0.000 4
 142  150     -0.712     -0.980      0.000 4
 147  147     -0.711      0.471      0.000 4
 149  144     -0.709     -0.274      0.000 4
 150  148     -0.703     -0.401      0.000 4
 155  151     -0.694     -0.202      0.000 4
 154  152     -0.693      0.273      0.000 4
 152  153     -0.691      0.499      0.000 4
 151  157     -0.688      0.883      0.000 4
 153  161     -0.684      0.806      0.000 4
 157  155     -0.683      0.583      0.000 4
 156  158     -0.683      0.651      0.000 4
 158  159     -0.681      0.603      0.000 4
 163  160     -0.675     -0.477      0.000 4
 165  156     -0.675     -0.319      0.000 4
 167  154     -0.675     -0.170      0.000 4
 161  162     -0.675      0.550      0.000 4
 159  168     -0.672      0.775      0.000 4
 160  169     -0.670      0.842      0.000 4
 164  167     -0.669      0.584      0.000 4
 162  170     -0.668     -0.799      0.000 4
 168  163     -0.668     -0.388      0.000 4
 166  172     -0.666      0.693      0.000 4
 170  164     -0.663      0.165      0.000 4
 174  165     -0.659      0.029      0.000 4
 173  166     -0.659     -0.216      0.000 4
 169  175     -0.658     -0.722      0.000 4
 175  171     -0.655      0.226      0.000 4
  -1   -2     -0.650     -0.721      0.000 4
 176  174     -0.650      0.138      0.000 4
 177  173     -0.650      0.051      0.000 4
 179  176     -0.645     -0.193      0.000 4
 172  180     -0.645      0.929      0.000 4
 184  177     -0.638      0.030      0.000 4
 178  181     -0.637      0.561      0.000 4
 180  179     -0.637      0.478      0.000 4
 182  183     -0.631     -0.565      0.000 4
 181  185     -0.630      0.722      0.000 4
 187  182     -0.626      0.199      0.000 4
 183  187     -0.626      0.815      0.000 4
 186  186     -0.621      0.554      0.000 4
 188  184     -0.621     -0.422      0.000 4
 185  189     -0.620     -0.753      0.000 4
 189  194     -0.611     -0.714      0.000 4
 195  190     -0.608      0.247      0.000 4
 199  188     -0.607     -0.083      0.000 4
 196  193     -0.606      0.305      0.000 4
 201  191     -0.603      0.022      0.000 4
 190  197     -0.603      0.825      0.000 4
 202  192     -0.602      0.058      0.000 4
 191  198     -0.603      0.868      0.000 4
 194  196     -0.601      0.523      0.000 4
 192  200     -0.601      0.788      0.000 4
 204  195     -0.597     -0.056      0.000 4
 193  203     -0.595     -0.786      0.000 4
 197  202     -0.596      0.692      0.000 4
 200  201     -0.594      0.518      0.000 4
 198  204     -0.593     -0.743      0.000 4
 205  206     -0.585     -0.615      0.000 4
 214  199     -0.585     -0.140      0.000 4
 203  210     -0.581      0.839      0.000 4
 209  208     -0.579      0.511      0.000 4
 210  207     -0.579      0.479      0.000 4
 208  209     -0.578      0.653      0.000 4
 206  212     -0.578      0.804      0.000 4
 218  205     -0.577     -0.191      0.000 4
 207  215     -0.576      0.916      0.000 4
 213  213     -0.573     -0.657      0.000 4
 215  214     -0.572      0.638      0.000 4
 217  211     -0.572      0.474      0.000 4
 211  217     -0.571      0.780      0.000 4
 212  219     -0.569      0.906      0.000 4
 219  218     -0.564     -0.615      0.000 4
 216  223     -0.563     -0.911      0.000 4
 220  216     -0.564      0.451      0.000 4
 224  222     -0.555     -0.524      0.000 4
 226  224     -0.552     -0.480      0.000 4
 222  229     -0.552      0.993      0.000 4
 223  230     -0.551     -0.844      0.000 4
 227  227     -0.548      0.589      0.000 4
 233  220     -0.547     -0.171      0.000 4
 234  221     -0.546     -0.029      0.000 4
 225  232     -0.545      0.722      0.000 4
 228  233     -0.544     -0.720      0.000 4
 230  234     -0.541      0.600      0.000 4
 238  226     -0.539      0.013      0.000 4
 239  231     -0.535      0.274      0.000 4
 236  236     -0.534     -0.494      0.000 4
 231  239     -0.531      0.991      0.000 4
 235  238     -0.530      0.717      0.000 4
 232  240     -0.529     -0.896      0.000 4
 241  235     -0.528     -0.078      0.000 4
 237  241     -0.525      0.656      0.000 4
 240  243     -0.522      0.711      0.000 4
  -1  245     -0.517     -0.043      0.000 4
 243  242     -0.516      0.418      0.000 4
 246  244     -0.513     -0.470      0.000 4
  -1   -2     -0.511      0.712      0.000 4
 247  249     -0.507      0.621      0.000 4
 245  252     -0.507      0.724      0.000 4
 244  254     -0.505      0.947      0.000 4
 249  250     -0.504     -0.602      0.000 4
 248  258     -0.502     -0.042      0.000 4
 251  248     -0.499      0.307      0.000 4
 257  246     -0.497     -0.172      0.000 4
 250  261     -0.496      0.928      0.000 4
 259  251     -0.493     -0.183      0.000 4
 255  260     -0.489      0.584      0.000 4
 254  264     -0.486     -0.733      0.000 4
 262  255     -0.486     -0.218      0.000 4
 260  256     -0.486     -0.386      0.000 4
 253  265     -0.484     -0.848      0.000 4
 261  262     -0.484      0.430      0.000 4
 265  257     -0.481      0.178      0.000 4
 256  268     -0.481      0.958      0.000 4
 264  263     -0.479      0.350      0.000 4
 258  270     -0.479      0.806      0.000 4
 269  259     -0.478     -0.171      0.000 4
 252   -2     -0.478     -0.040      0.000 4
 266  266     -0.473      0.451      0.000 4
 263  269     -0.473      0.579      0.000 4
 267  273     -0.465      0.743      0.000 4
 276  267     -0.464     -0.035      0.000 4
 270  274     -0.462      0.763      0.000 4
 268  277     -0.461      0.953      0.000 4
 272  276     -0.457     -0.734      0.000 4
 278  271     -0.453      0.086      0.000 4
 274  281     -0.452      0.770      0.000 4
 277  272     -0.451      0.162      0.000 4
 273  286     -0.450     -0.993      0.000 4
 275  283     -0.450      0.822      0.000 4
 283  275     -0.443     -0.059      0.000 4
 284  278     -0.441      0.145      0.000 4
 285  279     -0.440     -0.150      0.000 4
  -1   -2     -0.439      0.014      0.000 4
 281  285     -0.439      0.389      0.000 4
 279  288     -0.437     -0.644      0.000 4
 287  282     -0.436     -0.253      0.000 4
 290  284     -0.433      0.019      0.000 4
 289  287     -0.432     -0.316      0.000 4
 280  290     -0.431      0.930      0.000 4
 282  291     -0.428     -0.779      0.000 4
 288  292     -0.424      0.583      0.000 4
 291  295     -0.416      0.492      0.000 4
 303  294     -0.414     -0.241      0.000 4
 304  289     -0.413     -0.108      0.000 4
 306  293     -0.412     -0.100      0.000 4
 295  297     -0.412     -0.526      0.000 4
 300  300     -0.409      0.497      0.000 4
 308  296     -0.408     -0.324      0.000 4
 292  303     -0.408      0.803      0.000 4
 305  299     -0.406     -0.433      0.000 4
 293  305     -0.407      0.874      0.000 4
 310  298     -0.405     -0.392      0.000 4
 299  302     -0.406      0.627      0.000 4
 307  301     -0.405     -0.474      0.000 4
 296  307     -0.405     -0.808      0.000 4
 297  306     -0.405      0.770      0.000 4
 294  311     -0.405      0.984      0.000 4
 301  304     -0.403     -0.702      0.000 4
 298  312     -0.402     -0.905      0.000 4
 302  309     -0.402      0.711      0.000 4
 311  308     -0.399     -0.607      0.000 4
 309  310     -0.399      0.614      0.000 4
 312  315     -0.394     -0.829      0.000 4
 314  313     -0.389      0.275      0.000 4
 313  317     -0.384     -0.857      0.000 4
 315  314     -0.384      0.327      0.000 4
 317  316     -0.375     -0.258      0.000 4
 318  319     -0.368      0.137      0.000 4
 319  318     -0.367     -0.105      0.000 4
 320  320     -0.367     -0.064      0.000 4
 316  323     -0.363      0.887      0.000 4
 321  322     -0.359      0.376      0.000 4
 325  321     -0.355      0.136      0.000 4
 323  324     -0.350     -0.590      0.000 4
 322  328     -0.350      0.733      0.000 4
 326  325     -0.342      0.191      0.000 4
 324  333     -0.341      0.847      0.000 4
 327  326     -0.340      0.286      0.000 4
 329  327     -0.338      0.145      0.000 4
 333  329     -0.334     -0.267      0.000 4
 334  330     -0.333      0.163      0.000 4
 335  331     -0.331      0.094      0.000 4
 337  332     -0.330     -0.014      0.000 4
 332  338     -0.326      0.681      0.000 4
 328  340     -0.325      0.943      0.000 4
 338  334     -0.324      0.333      0.000 4
 330  341     -0.323     -0.897      0.000 4
 331  342     -0.322     -0.921      0.000 4
 336  339     -0.322      0.527      0.000 4
 342  336     -0.320      0.150      0.000 4
 343  335     -0.320     -0.051      0.000 4
 345  337     -0.317     -0.132      0.000 4
 339  347     -0.314      0.993      0.000 4
 344  343     -0.313      0.460      0.000 4
 341  344     -0.312     -0.617      0.000 4
 340  345     -0.312     -0.660      0.000 4
 346  346     -0.309      0.513      0.000 4
 347  349     -0.301      0.551      0.000 4
 349  350     -0.298     -0.988      0.000 4
 355  348     -0.297     -0.229      0.000 4
 351  351     -0.295     -0.609      0.000 4
 348  354     -0.295      0.690      0.000 4
 352  353     -0.294     -0.649      0.000 4
 354  355     -0.292      0.555      0.000 4
 353  356     -0.292     -0.677      0.000 4
 350  357     -0.291     -0.874      0.000 4
 356  352     -0.290     -0.480      0.000 4
 357  358     -0.280      0.613      0.000 4
 359  360     -0.272      0.425      0.000 4
 358  364     -0.272      0.973      0.000 4
 362  359     -0.267      0.056      0.000 4
 361  361     -0.266      0.354      0.000 4
 360  365     -0.265      0.740      0.000 4
 366  363     -0.260     -0.248      0.000 4
 367  362     -0.260     -0.054      0.000 4
 364  366     -0.259     -0.439      0.000 4
 363  368     -0.257     -0.606      0.000 4
 365  371     -0.253      0.678      0.000 4
 369  367     -0.252      0.171      0.000 4
 368  369     -0.251     -0.340      0.000 4
 370  370     -0.250     -0.320      0.000 4
 371  372     -0.245     -0.406      0.000 4
 373  375     -0.240      0.619      0.000 4
 372  381     -0.237      0.972      0.000 4
 375  380     -0.235     -0.577      0.000 4
 374  382     -0.234      0.729      0.000 4
 376  379     -0.233     -0.425      0.000 4
 379  373     -0.233     -0.060      0.000 4
 378  376     -0.233     -0.265      0.000 4
 380  374     -0.232     -0.143      0.000 4
 382  378     -0.230     -0.113      0.000 4
 383  377     -0.230     -0.040      0.000 4
 377  383     -0.228      0.526      0.000 4
 381  385     -0.225     -0.579      0.000 4
 391  384     -0.220     -0.133      0.000 4
 386  389     -0.219      0.604      0.000 4
 384  390     -0.219      0.916      0.000 4
 390  386     -0.219     -0.265      0.000 4
 388  387     -0.219      0.395      0.000 4
 389  388     -0.218      0.372      0.000 4
 385  391     -0.218      0.791      0.000 4
 387  392     -0.217      0.864      0.000 4
 392  396     -0.209     -0.989      0.000 4
 397  393     -0.209     -0.384      0.000 4
 393  397     -0.208      0.817      0.000 4
 396  394     -0.207     -0.547      0.000 4
 394  399     -0.206     -0.758      0.000 4
 395  398     -0.205      0.667      0.000 4
 398  403     -0.201     -0.678      0.000 4
  -1   -2     -0.201     -0.480      0.000 4
 399  401     -0.201     -0.489      0.000 4
 401  395     -0.199     -0.035      0.000 4
 402  400     -0.198      0.137      0.000 4
 403  404     -0.188     -0.713      0.000 4
 404  405     -0.185      0.641      0.000 4
 405  406     -0.182      0.691      0.000 4
 407  407     -0.178      0.487      0.000 4
 406  408     -0.178     -0.664      0.000 4
 409  410     -0.169     -0.478      0.000 4
  -1   -2     -0.169      0.405      0.000 4
 408  413     -0.169     -0.596      0.000 4
 410  412     -0.168      0.413      0.000 4
 415  409     -0.168      0.146      0.000 4
 412  415     -0.164      0.822      0.000 4
 413  414     -0.163     -0.826      0.000 4
 414  416     -0.162      0.841      0.000 4
 416  418     -0.158      0.965      0.000 4
 418  417     -0.158      0.755      0.000 4
 417  420     -0.157     -0.900      0.000 4
 419  419     -0.153     -0.457      0.000 4
 421  421     -0.150      0.209      0.000 4
 422  422     -0.149     -0.047      0.000 4
 423  423     -0.148      0.188      0.000 4
 420  425     -0.146     -0.833      0.000 4
 424  424     -0.143     -0.235      0.000 4
 425  427     -0.139      0.421      0.000 4
 427  426     -0.138     -0.203      0.000 4
 428  429     -0.137     -0.294      0.000 4
 429  428     -0.137      0.168      0.000 4
 431  430     -0.133     -0.273      0.000 4
 426  432     -0.133      0.775      0.000 4
 430  431     -0.132      0.600      0.000 4
 433  433     -0.123     -0.345      0.000 4
 432  435     -0.121      0.739      0.000 4
 434  434     -0.117      0.280      0.000 4
 435  436     -0.115     -0.617      0.000 4
 436  438     -0.108     -0.549      0.000 4
 437  439     -0.108      0.543      0.000 4
 439  437     -0.107     -0.266      0.000 4
  -1   -2     -0.107      0.532      0.000 4
 440  441     -0.104     -0.176      0.000 4
 441  442     -0.102      0.209      0.000 4
 442  443     -0.100      0.424      0.000 4
 443  444     -0.098     -0.488      0.000 4
 444  445     -0.094      0.008      0.000 4
 445  446     -0.093     -0.055      0.000 4
 446  447     -0.088      0.927      0.000 4
 449  448     -0.084     -0.326      0.000 4
 447  450     -0.083      0.840      0.000 4
 448  449     -0.083     -0.604      0.000 4
 451  451     -0.076     -0.532      0.000 4
 450  452     -0.076      0.627      0.000 4
 453  453     -0.074     -0.648      0.000 4
 452  454     -0.074      0.977      0.000 4
 454  455     -0.070     -0.016      0.000 4
 455  457     -0.066     -0.915      0.000 4
 456  456     -0.066     -0.430      0.000 4
 459  458     -0.063      0.258      0.000 4
 458  460     -0.063      0.510      0.000 4
 460  459     -0.063     -0.231      0.000 4
 461  461     -0.062      0.425      0.000 4
 457  462     -0.062     -0.930      0.000 4
 462  463     -0.060     -0.984      0.000 4
 463  464     -0.058     -0.769      0.000 4
 464  465     -0.055     -0.789      0.000 4
 465  466     -0.054     -0.459      0.000 4
 466  467     -0.053      0.767      0.000 4
 468  468     -0.051     -0.056      0.000 4
 467  469     -0.050      0.493      0.000 4
 469  471     -0.049     -0.596      0.000 4
 470  470     -0.049     -0.988      0.000 4
 471  472     -0.048     -0.494      0.000 4
 472  474     -0.048      0.069      0.000 4
 473  473     -0.047      0.051      0.000 4
 475  475     -0.046     -0.092      0.000 4
 474  476     -0.046      0.354      0.000 4
 476  477     -0.045     -0.676      0.000 4
 477  478     -0.041     -0.903      0.000 4
 478  479     -0.040      0.916      0.000 4
 479  480     -0.039      0.234      0.000 4
 480  481     -0.038      0.569      0.000 4
 481  482     -0.036      0.397      0.000 4
 482  483     -0.036      0.768      0.000 4
 483  485     -0.035     -0.492      0.000 4
 484  484     -0.034      0.093      0.000 4
 485  486     -0.034     -0.840      0.000 4
 486  487     -0.032      0.265      0.000 4
 487  488     -0.032      0.839      0.000 4
 488  489     -0.031     -0.288      0.000 4
 489  490     -0.031     -0.574      0.000 4
 490  491     -0.031      0.945      0.000 4
 491  492     -0.029      0.132      0.000 4
 492  493     -0.027      0.167      0.000 4
 493  494     -0.025      0.022      0.000 4
 494  495     -0.023     -0.681      0.000 4
 495  496     -0.023     -0.459      0.000 4
 496  497     -0.023     -0.548      0.000 4
 497  498     -0.021      0.669      0.000 4
 498  499     -0.020     -0.494      0.000 4
 499  500     -0.016     -0.732      0.000 4
 500  502     -0.016      0.280      0.000 4
  -1   -2     -0.016     -0.543      0.000 4
 502  503     -0.014     -0.645      0.000 4
 503  504     -0.013     -0.670      0.000 4
 504  505     -0.012      0.979      0.000 4
 505  506     -0.003      0.056      0.000 4
 506  507      0.001     -0.423      0.000 4
 507  508      0.002     -0.252      0.000 4
 508  509      0.005      0.262      0.000 4
 509  510      0.011      0.559      0.000 4
 510  512      0.014      0.069      0.000 4
 511  514      0.015     -0.369      0.000 4
 513  511      0.015     -0.737      0.000 4
 515  513      0.016      0.802      0.000 4
 512  516      0.016     -0.121      0.000 4
 514  517      0.017     -0.098      0.000 4
 517  515      0.018      0.745      0.000 4
 516  518      0.019     -0.214      0.000 4
 519  519      0.022     -0.719      0.000 4
 518  521      0.024      0.147      0.000 4
 520  520      0.024      0.735      0.000 4
 523  522      0.030      0.576      0.000 4
 521  523      0.030      0.104      0.000 4
 522  524      0.031     -0.215      0.000 4
 524  525      0.039      0.377      0.000 4
 525  526      0.040      0.188      0.000 4
 526  527      0.042     -0.526      0.000 4
 528  528      0.048     -0.435      0.000 4
 529  529      0.049      0.336      0.000 4
 527  531      0.050      0.006      0.000 4
 530  530      0.053     -0.970      0.000 4
 531  532      0.054     -0.809      0.000 4
 532  533      0.056     -0.712      0.000 4
 533  534      0.065      0.405      0.000 4
 534  537      0.071      0.061      0.000 4
 536  535      0.073      0.881      0.000 4
 535  540      0.076     -0.313      0.000 4
 537  536      0.076     -0.931      0.000 4
 538  538      0.077      0.766      0.000 4
 540  539      0.079     -0.634      0.000 4
 542  542      0.080      0.709      0.000 4
 539  543      0.081     -0.419      0.000 4
 543  541      0.081     -0.869      0.000 4
 541  547      0.084      0.233      0.000 4
 544  548      0.087      0.204      0.000 4
 548  544      0.087     -0.974      0.000 4
 545  546      0.088      0.693      0.000 4
 549  545      0.089      0.942      0.000 4
 546  549      0.091     -0.441      0.000 4
  -1   -2      0.092      0.228      0.000 4
 550  552      0.101      0.059      0.000 4
 551  553      0.102     -0.055      0.000 4
 553  551      0.102     -0.910      0.000 4
 552  555      0.106     -0.186      0.000 4
 556  554      0.108     -0.547      0.000 4
 554  557      0.111      0.090      0.000 4
 558  556      0.112      0.309      0.000 4
 555  559      0.112     -0.213      0.000 4
 557  561      0.113     -0.052      0.000 4
 560  560      0.116      0.549      0.000 4
 563  558      0.119     -0.970      0.000 4
 559  566      0.119      0.021      0.000 4
  -1  564      0.119     -0.520      0.000 4
 567  562      0.122      0.852      0.000 4
 561  568      0.122     -0.198      0.000 4
 564  565      0.123     -0.587      0.000 4
 568  563      0.123     -0.888      0.000 4
 565  567      0.124     -0.505      0.000 4
 566  574      0.128      0.069      0.000 4
 570  569      0.131     -0.675      0.000 4
 569  576      0.134      0.290      0.000 4
 571  570      0.134     -0.882      0.000 4
 572  571      0.134     -0.975      0.000 4
 574  572      0.136      0.950      0.000 4
 573  573      0.136      0.768      0.000 4
 576  575      0.140     -0.981      0.000 4
 579  577      0.143     -0.931      0.000 4
 582  578      0.147      0.801      0.000 4
 575  579      0.147      0.364      0.000 4
 577  580      0.150     -0.221      0.000 4
 578  582      0.150      0.128      0.000 4
 580  585      0.153      0.062      0.000 4
 583  583      0.155      0.401      0.000 4
 581  588      0.155     -0.032      0.000 4
  -1   -2      0.156     -0.518      0.000 4
 589  581      0.160      0.887      0.000 4
 586  587      0.160     -0.528      0.000 4
 588  586      0.161      0.552      0.000 4
 585  592      0.162     -0.013      0.000 4
 587  590      0.162     -0.473      0.000 4
 591  591      0.167      0.479      0.000 4
 594  589      0.168      0.878      0.000 4
 590  595      0.171     -0.167      0.000 4
 599  593      0.173     -0.942      0.000 4
 592  599      0.174      0.086      0.000 4
 597  594      0.175     -0.683      0.000 4
 593  598      0.176      0.298      0.000 4
 595  596      0.176     -0.475      0.000 4
 596  597      0.178     -0.494      0.000 4
 598  601      0.182     -0.319      0.000 4
 601  604      0.189     -0.371      0.000 4
 605  600      0.189     -0.935      0.000 4
 600  606      0.190      0.163      0.000 4
 602  603      0.191     -0.535      0.000 4
 606  602      0.192      0.850      0.000 4
 604  607      0.194      0.397      0.000 4
 603  610      0.197     -0.229      0.000 4
 613  605      0.201      0.955      0.000 4
 609  609      0.201     -0.987      0.000 4
 612  608      0.202      0.686      0.000 4
 607  612      0.205      0.192      0.000 4
 608  613      0.207     -0.156      0.000 4
 611  614      0.208      0.175      0.000 4
 610  616      0.208      0.087      0.000 4
 615  611      0.209      0.574      0.000 4
 614  619      0.214      0.079      0.000 4
 617  615      0.215     -0.611      0.000 4
 619  617      0.217     -0.642      0.000 4
 616  621      0.221     -0.093      0.000 4
 624  618      0.223      0.714      0.000 4
 618  624      0.225      0.046      0.000 4
 620  622      0.228      0.326      0.000 4
 625  620      0.229      0.655      0.000 4
 621  627      0.231     -0.115      0.000 4
 622  628      0.232      0.133      0.000 4
 626  623      0.233      0.565      0.000 4
 623  630      0.234     -0.216      0.000 4
 627  629      0.236      0.403      0.000 4
 629  626      0.238     -0.556      0.000 4
 633  625      0.243      0.980      0.000 4
 628  632      0.243      0.199      0.000 4
 630  633      0.245     -0.370      0.000 4
 634  631      0.248     -0.620      0.000 4
 631  637      0.252     -0.107      0.000 4
 637  634      0.256      0.689      0.000 4
 632  639      0.257      0.007      0.000 4
 638  635      0.260     -0.836      0.000 4
 635  642      0.260     -0.019      0.000 4
 639  636      0.261      0.751      0.000 4
 636  640      0.262     -0.422      0.000 4
 642  638      0.268      0.795      0.000 4
 643  641      0.273     -0.868      0.000 4
 641  643      0.273     -0.558      0.000 4
 640  647      0.273     -0.251      0.000 4
 645  644      0.281     -0.825      0.000 4
 648  645      0.284      0.891      0.000 4
 651  646      0.285     -0.971      0.000 4
 644  651      0.287     -0.280      0.000 4
 647  649      0.290      0.526      0.000 4
 646  653      0.292      0.386      0.000 4
 649  652      0.292      0.465      0.000 4
 656  648      0.293     -0.815      0.000 4
 652  656      0.297     -0.425      0.000 4
 650  658      0.298      0.285      0.000 4
 658  650      0.298     -0.868      0.000 4
 655  657      0.301     -0.467      0.000 4
 653  662      0.302     -0.085      0.000 4
 657  660      0.303      0.478      0.000 4
 654  661      0.303     -0.326      0.000 4
 661  655      0.304     -0.741      0.000 4
 663  654      0.304     -0.869      0.000 4
 660  659      0.306      0.587      0.000 4
 659  665      0.314      0.111      0.000 4
 664  663      0.314     -0.674      0.000 4
 665  664      0.315      0.642      0.000 4
 662  666      0.317      0.164      0.000 4
 669  667      0.328      0.505      0.000 4
 666  672      0.328      0.045      0.000 4
 668  674      0.333      0.239      0.000 4
 667  675      0.335      0.030      0.000 4
 677  669      0.338      0.722      0.000 4
 676  671      0.338     -0.632      0.000 4
 670  678      0.338     -0.178      0.000 4
 679  668      0.338     -0.827      0.000 4
 671  682      0.340      0.163      0.000 4
 672  681      0.340      0.189      0.000 4
 673  680      0.341     -0.296      0.000 4
 674  676      0.341      0.360      0.000 4
 684  670      0.342      0.874      0.000 4
 688  673      0.346      0.812      0.000 4
 675  687      0.346      0.107      0.000 4
 683  679      0.348     -0.585      0.000 4
 685  677      0.348      0.596      0.000 4
 682  683      0.349      0.497      0.000 4
 686  686      0.352      0.482      0.000 4
 678  690      0.353      0.146      0.000 4
 690  685      0.353     -0.602      0.000 4
 680  693      0.356      0.079      0.000 4
 689  688      0.356     -0.464      0.000 4
 681  695      0.357      0.007      0.000 4
 692  684      0.358     -0.818      0.000 4
 691  691      0.360      0.447      0.000 4
 687  697      0.361      0.087      0.000 4
 693  689      0.363      0.643      0.000 4
  -1   -2      0.371      0.824      0.000 4
 698  694      0.374      0.876      0.000 4
 697  696      0.374     -0.763      0.000 4
 694  700      0.374     -0.406      0.000 4
 695  701      0.381      0.398      0.000 4
 700  698      0.382     -0.959      0.000 4
 701  699      0.384      0.825      0.000 4
 702  704      0.392      0.483      0.000 4
 706  703      0.392     -0.688      0.000 4
 707  706      0.396      0.520      0.000 4
 712  702      0.396     -0.983      0.000 4
 699  710      0.399      0.141      0.000 4
 703  709      0.399      0.318      0.000 4
 710  705      0.399     -0.719      0.000 4
 708  708      0.401      0.431      0.000 4
 704  716      0.404      0.047      0.000 4
 705  715      0.405     -0.200      0.000 4
 711  712      0.406     -0.468      0.000 4
 714  707      0.406      0.856      0.000 4
 709  719      0.411     -0.119      0.000 4
 716  711      0.414     -0.759      0.000 4
 713  720      0.415     -0.173      0.000 4
 718  713      0.415     -0.775      0.000 4
 719  714      0.417      0.779      0.000 4
 715  718      0.418      0.449      0.000 4
 720  717      0.423     -0.738      0.000 4
 717  724      0.429     -0.167      0.000 4
 721  729      0.437      0.187      0.000 4
 730  721      0.437     -0.900      0.000 4
 729  722      0.437     -0.834      0.000 4
 722  731      0.439     -0.077      0.000 4
 727  725      0.441     -0.549      0.000 4
 723  735      0.442      0.038      0.000 4
 724  736      0.443      0.049      0.000 4
 731  723      0.443     -0.782      0.000 4
 726  734      0.446      0.312      0.000 4
 725  738      0.447      0.136      0.000 4
 734  726      0.450      0.836      0.000 4
 728  740      0.449     -0.274      0.000 4
 732  733      0.450     -0.987      0.000 4
 737  727      0.453      0.995      0.000 4
 738  728      0.454     -0.975      0.000 4
 736  732      0.455      0.699      0.000 4
 739  730      0.456      0.950      0.000 4
 733  741      0.460     -0.082      0.000 4
 740  739      0.461      0.636      0.000 4
 744  737      0.462      0.873      0.000 4
 735  747      0.470     -0.130      0.000 4
 742  743      0.472      0.407      0.000 4
 743  744      0.472     -0.431      0.000 4
 741  746      0.473     -0.333      0.000 4
 746  742      0.474      0.531      0.000 4
 748  750      0.482      0.429      0.000 4
 745  753      0.483      0.024      0.000 4
 747  752      0.485      0.308      0.000 4
 751  748      0.486     -0.709      0.000 4
 754  745      0.486      0.806      0.000 4
 752  749      0.487     -0.719      0.000 4
 749  754      0.490     -0.139      0.000 4
 753  751      0.491     -0.590      0.000 4
 750  755      0.492      0.067      0.000 4
 755  760      0.507      0.001      0.000 4
 756  758      0.507     -0.405      0.000 4
 761  757      0.512      0.567      0.000 4
 757  759      0.511     -0.541      0.000 4
 764  756      0.516      0.749      0.000 4
 765  761      0.521     -0.583      0.000 4
 759  765      0.521     -0.140      0.000 4
 760  767      0.522     -0.127      0.000 4
 758  768      0.522      0.016      0.000 4
 762  766      0.523     -0.192      0.000 4
 766  762      0.525      0.592      0.000 4
 763  770      0.527      0.251      0.000 4
 767  763      0.530      0.661      0.000 4
 770  764      0.533     -0.688      0.000 4
 771  769      0.537     -0.652      0.000 4
 775  773      0.543      0.615      0.000 4
 778  771      0.543     -0.836      0.000 4
 773  774      0.543     -0.494      0.000 4
 769  778      0.544      0.218      0.000 4
 768  780      0.544      0.117      0.000 4
 781  772      0.545     -0.992      0.000 4
 777  776      0.548     -0.561      0.000 4
 772  782      0.548      0.226      0.000 4
 776  779      0.550      0.437      0.000 4
 774  786      0.554     -0.103      0.000 4
 785  775      0.556      0.934      0.000 4
 786  777      0.557      0.919      0.000 4
 779  787      0.559      0.303      0.000 4
 783  784      0.561     -0.548      0.000 4
 784  785      0.561     -0.556      0.000 4
 782  788      0.562      0.351      0.000 4
 787  783      0.563     -0.798      0.000 4
 780  790      0.563      0.086      0.000 4
 788  781      0.563     -0.910      0.000 4
 790  789      0.575      0.869      0.000 4
 789  795      0.582      0.460      0.000 4
 794  791      0.583      0.851      0.000 4
 791  794      0.584     -0.587      0.000 4
 796  792      0.585     -0.992      0.000 4
 795  793      0.586     -0.783      0.000 4
 792  796      0.590      0.470      0.000 4
 793  799      0.595     -0.385      0.000 4
 799  797      0.599     -0.612      0.000 4
 801  798      0.603      0.639      0.000 4
 797  802      0.606      0.194      0.000 4
 802  800      0.608     -0.634      0.000 4
 798  804      0.609      0.042      0.000 4
 804  801      0.612      0.663      0.000 4
 800  805      0.613     -0.108      0.000 4
 807  803      0.616     -0.588      0.000 4
 803  806      0.619     -0.215      0.000 4
 805  811      0.625      0.051      0.000 4
 806  810      0.624     -0.248      0.000 4
 808  815      0.631     -0.193      0.000 4
 809  809      0.633      0.606      0.000 4
 812  807      0.634      0.733      0.000 4
 814  808      0.637     -0.901      0.000 4
 811  816      0.641      0.437      0.000 4
 810  819      0.643     -0.315      0.000 4
 817  812      0.644      0.889      0.000 4
 816  813      0.644      0.737      0.000 4
 818  814      0.647     -0.908      0.000 4
  -1   -2      0.651     -0.317      0.000 4
 813  824      0.652     -0.077      0.000 4
 821  817      0.653     -0.892      0.000 4
 820  818      0.655      0.805      0.000 4
 822  820      0.659     -0.728      0.000 4
 826  821      0.662      0.942      0.000 4
 819  826      0.663      0.278      0.000 4
 827  823      0.665      0.688      0.000 4
 824  825      0.665     -0.602      0.000 4
 823  827      0.668     -0.462      0.000 4
 825  832      0.677      0.051      0.000 4
 832  828      0.678      0.957      0.000 4
 829  830      0.679     -0.350      0.000 4
 828  834      0.680     -0.061      0.000 4
 830  836      0.684     -0.133      0.000 4
 833  829      0.686     -0.676      0.000 4
 831  837      0.687     -0.180      0.000 4
 834  831      0.689      0.739      0.000 4
 835  833      0.692      0.663      0.000 4
 842  835      0.698     -0.907      0.000 4
 838  840      0.700     -0.987      0.000 4
 843  838      0.702      0.779      0.000 4
 839  843      0.703      0.457      0.000 4
 836  846      0.704      0.056      0.000 4
 844  839      0.704     -0.746      0.000 4
 840  842      0.704      0.495      0.000 4
 837  847      0.704      0.042      0.000 4
 845  841      0.706      0.629      0.000 4
 841  848      0.710      0.343      0.000 4
 846  845      0.711      0.490      0.000 4
 849  844      0.712      0.835      0.000 4
 848  849      0.716      0.518      0.000 4
 847  855      0.719      0.171      0.000 4
 851  852      0.722     -0.702      0.000 4
 854  851      0.724     -0.864      0.000 4
 855  850      0.724     -0.927      0.000 4
 853  853      0.725      0.738      0.000 4
 856  854      0.728      0.780      0.000 4
 857  857      0.730     -0.714      0.000 4
 858  856      0.732      0.865      0.000 4
 850  861      0.732      0.026      0.000 4
 852  860      0.732      0.238      0.000 4
 861  858      0.732     -0.877      0.000 4
 862  859      0.737     -0.836      0.000 4
 859  862      0.739     -0.467      0.000 4
 860  865      0.745     -0.223      0.000 4
 866  863      0.747      0.891      0.000 4
 864  864      0.749     -0.536      0.000 4
 863  867      0.754      0.141      0.000 4
 865  872      0.757     -0.159      0.000 4
 872  866      0.758     -0.874      0.000 4
 867  873      0.760     -0.193      0.000 4
 869  874      0.761     -0.250      0.000 4
 868  875      0.761      0.106      0.000 4
 870  876      0.762      0.129      0.000 4
 873  869      0.765      0.732      0.000 4
 874  868      0.765     -0.813      0.000 4
 871  877      0.765      0.277      0.000 4
 876  870      0.767     -0.941      0.000 4
 877  871      0.768     -0.876      0.000 4
 875  878      0.774     -0.475      0.000 4
 884  879      0.781     -0.798      0.000 4
 878  885      0.782      0.080      0.000 4
  -1   -2      0.782     -0.675      0.000 4
 885  880      0.783      0.826      0.000 4
 879  884      0.783     -0.377      0.000 4
 883  882      0.783     -0.663      0.000 4
 887  883      0.786      0.696      0.000 4
 880  888      0.789     -0.121      0.000 4
 881  887      0.789     -0.204      0.000 4
 886  889      0.791      0.255      0.000 4
 888  890      0.795     -0.421      0.000 4
 889  891      0.796      0.473      0.000 4
 892  886      0.797      0.967      0.000 4
 891  895      0.800      0.520      0.000 4
 894  893      0.802     -0.994      0.000 4
 897  892      0.802     -0.947      0.000 4
 896  894      0.804      0.878      0.000 4
 890  898      0.803      0.136      0.000 4
 899  897      0.808      0.541      0.000 4
 893  904      0.809      0.093      0.000 4
 895  902      0.811      0.305      0.000 4
 903  896      0.811      0.911      0.000 4
 901  900      0.812     -0.549      0.000 4
 904  899      0.813      0.796      0.000 4
  -1   -2      0.814      0.317      0.000 4
 898  907      0.814     -0.085      0.000 4
 902  905      0.815     -0.526      0.000 4
 905  903      0.816      0.617      0.000 4
 907  901      0.816     -0.795      0.000 4
 906  912      0.824      0.048      0.000 4
 908  910      0.826      0.439      0.000 4
 913  908      0.828      0.894      0.000 4
 911  909      0.828      0.640      0.000 4
 912  911      0.830      0.570      0.000 4
 910  914      0.831      0.405      0.000 4
 909  917      0.833     -0.228      0.000 4
 917  916      0.837      0.698      0.000 4
 919  915      0.837      0.949      0.000 4
 914  921      0.839     -0.072      0.000 4
 915  920      0.840     -0.295      0.000 4
 918  919      0.840     -0.461      0.000 4
 916  923      0.842      0.031      0.000 4
 920  918      0.843      0.751      0.000 4
 922  924      0.848     -0.536      0.000 4
 923  922      0.849      0.851      0.000 4
 921  926      0.850      0.251      0.000 4
 924  925      0.853      0.897      0.000 4
 927  927      0.858     -0.812      0.000 4
  -1   -2      0.860      0.720      0.000 4
 925  930      0.862     -0.028      0.000 4
 926  933      0.863      0.019      0.000 4
 929  931      0.865      0.307      0.000 4
 933  929      0.866      0.711      0.000 4
 931  932      0.866      0.415      0.000 4
 930  934      0.867     -0.309      0.000 4
 932  935      0.869      0.033      0.000 4
 934  936      0.876      0.638      0.000 4
 936  937      0.877     -0.737      0.000 4
 935  940      0.881     -0.016      0.000 4
 938  938      0.884     -0.722      0.000 4
 939  939      0.886      0.693      0.000 4
 937  944      0.887      0.348      0.000 4
 943  941      0.888      0.874      0.000 4
 940  942      0.887     -0.560      0.000 4
 942  943      0.888      0.608      0.000 4
  -1   -2      0.891      0.358      0.000 4
 944  945      0.891      0.488      0.000 4
 945  947      0.895     -0.727      0.000 4
 946  948      0.898     -0.667      0.000 4
 947  949      0.903      0.197      0.000 4
 948  950      0.903     -0.042      0.000 4
 949  952      0.906      0.334      0.000 4
 950  951      0.907     -0.550      0.000 4
 951  955      0.912     -0.126      0.000 4
 952  957      0.913     -0.283      0.000 4
 955  954      0.915     -0.746      0.000 4
 956  953      0.915     -0.945      0.000 4
 953  960      0.916      0.041      0.000 4
 954  958      0.916     -0.442      0.000 4
 958  956      0.916     -0.957      0.000 4
 960  959      0.918     -0.913      0.000 4
 957  962      0.920     -0.054      0.000 4
 959  963      0.921      0.081      0.000 4
 961  961      0.922      0.337      0.000 4
 962  964      0.924      0.553      0.000 4
 963  965      0.925     -0.977      0.000 4
 964  966      0.931     -0.625      0.000 4
 965  967      0.935     -0.406      0.000 4
 967  968      0.938     -0.363      0.000 4
 966  969      0.938     -0.221      0.000 4
 968  971      0.945     -0.172      0.000 4
 969  970      0.946      0.540      0.000 4
 971  972      0.950      0.932      0.000 4
 970  974      0.949     -0.987      0.000 4
 972  973      0.950      0.884      0.000 4
 974  975      0.955      0.784      0.000 4
 975  976      0.954     -0.870      0.000 4
 973  977      0.955      0.283      0.000 4
 976  978      0.956     -0.600      0.000 4
 977  979      0.965     -0.744      0.000 4
 978  980      0.968      0.849      0.000 4
 979  981      0.969     -0.685      0.000 4
 980  982      0.971      0.509      0.000 4
 981  983      0.977     -0.229      0.000 4
 982  984      0.980      0.472      0.000 4
 983  985      0.980     -0.518      0.000 4
 984  987      0.983      0.735      0.000 4
 985  986      0.982     -0.887      0.000 4
 986  988      0.985      0.970      0.000 4
 988  991      0.986      0.657      0.000 4
 989  989      0.987      0.765      0.000 4
 990  990      0.986     -0.819      0.000 4
 987  992      0.986     -0.363      0.000 4
  -1   -2      0.990      0.414      0.000 4
 993  994      0.991      0.404      0.000 4
 992  995      0.992      0.030      0.000 4
