999
   0    0     -0.997     -0.551      0.000
   1    1     -0.997      0.515      0.000
  -1   -2     -0.996      0.686      0.000
   4    2     -0.995     -0.106      0.000
   3    4     -0.995      0.676      0.000
   5    5     -0.994     -0.684      0.000
   6    6     -0.989     -0.179      0.000
   7    7     -0.989      0.452      0.000
   8    9     -0.989      0.952      0.000
   9    8     -0.988     -0.049      0.000
  10   10     -0.988      0.201      0.000
  11   11     -0.987     -0.799      0.000
  12   12     -0.988     -0.299      0.000
  13   13     -0.987     -0.549      0.000
  14   14     -0.987      0.701      0.000
  16   15     -0.984     -0.226      0.000
  15   16     -0.984      0.943      0.000
  17   17     -0.982     -0.974      0.000
  18   18     -0.979      0.192      0.000
  19   20     -0.975      0.602      0.000
  20   19     -0.973     -0.149      0.000
  21   21     -0.971      0.480      0.000
  22   24     -0.968      0.774      0.000
  23   22     -0.966      0.286      0.000
  26   23     -0.965     -0.021      0.000
  25   25     -0.964     -0.155      0.000
  27   26     -0.964      0.263      0.000
  24   28     -0.962     -0.912      0.000
  28   27     -0.960     -0.367      0.000
  29   29     -0.959      0.496      0.000
  30   33     -0.954     -0.912      0.000
  31   32     -0.955      0.636      0.000
  32   30     -0.953     -0.171      0.000
  34   31     -0.952     -0.090      0.000
  33   35     -0.951     -0.560      0.000
  35   34     -0.951     -0.338      0.000
  36   36     -0.949     -0.611      0.000
  37   38     -0.948      0.918      0.000
  38   39     -0.945     -0.650      0.000
  40   37     -0.944      0.131      0.000
  39   40     -0.944      0.692      0.000
  41   41     -0.942      0.473      0.000
  43   43     -0.930      0.323      0.000
  44   42     -0.930      0.064      0.000
  45   45     -0.928      0.379      0.000
  42   47     -0.927     -0.894      0.000
  46   44     -0.928      0.126      0.000
  48   46     -0.926     -0.218      0.000
  47   48     -0.926      0.571      0.000
  50   49     -0.920      0.232      0.000
  49   52     -0.919      0.893      0.000
  51   50     -0.918      0.142      0.000
  52   51     -0.917      0.282      0.000
  53   53     -0.905     -0.598      0.000
  54   54     -0.904      0.558      0.000
  56   56     -0.901      0.540      0.000
  59   55     -0.899     -0.135      0.000
  55   59     -0.898     -0.834      0.000
  58   57     -0.898     -0.426      0.000
  57   60     -0.898      0.753      0.000
  60   58     -0.895     -0.559      0.000
  61   61     -0.892     -0.786      0.000
  62   64     -0.890     -0.900      0.000
  63   66     -0.888     -0.988      0.000
  64   65     -0.887     -0.649      0.000
  66   63     -0.887      0.340      0.000
  68   62     -0.886     -0.168      0.000
  65   68     -0.886      0.804      0.000
  70   67     -0.883      0.397      0.000
  71   71     -0.880      0.512      0.000
  67   73     -0.879     -0.831      0.000
  73   69     -0.879     -0.396      0.000
  72   72     -0.879      0.469      0.000
  69   74     -0.879      0.849      0.000
  75   70     -0.877     -0.190      0.000
  74   80     -0.868     -0.920      0.000
  76   79     -0.866     -0.648      0.000
  78   75     -0.865      0.124      0.000
  79   76     -0.864     -0.262      0.000
  81   77     -0.863      0.052      0.000
  77   83     -0.863      0.623      0.000
  82   78     -0.862     -0.033      0.000
  80   84     -0.860      0.618      0.000
  84   81     -0.857     -0.211      0.000
  85   82     -0.857     -0.142      0.000
  83   85     -0.856      0.549      0.000
  90   86     -0.842      0.022      0.000
  91   87     -0.841      0.150      0.000
  87   90     -0.840     -0.467      0.000
  86   94     -0.840     -0.956      0.000
  92   88     -0.839     -0.109      0.000
  88   93     -0.838      0.585      0.000
  93   89     -0.837     -0.011      0.000
  89   96     -0.833     -0.800      0.000
  94   91     -0.832      0.095      0.000
  97   92     -0.831     -0.078      0.000
  95   95     -0.831      0.215      0.000
  98   97     -0.824     -0.270      0.000
  99   98     -0.822     -0.144      0.000
  96  103     -0.821     -0.843      0.000
 101   99     -0.821     -0.058      0.000
 100  102     -0.817      0.453      0.000
 102  100     -0.816      0.181      0.000
 103  101     -0.814      0.107      0.000
 107  104     -0.805      0.205      0.000
 105  108     -0.803      0.657      0.000
 104  112     -0.802      0.750      0.000
 109  107     -0.800      0.420      0.000
 108  109     -0.798     -0.988      0.000
 110  110     -0.798      0.487      0.000
 111  106     -0.798      0.302      0.000
 113  105     -0.797     -0.152      0.000
 106  113     -0.796     -0.779      0.000
 114  111     -0.794     -0.283      0.000
 112  116     -0.787     -0.872      0.000
 115  120     -0.783      0.909      0.000
 116  121     -0.780     -0.813      0.000
 117  117     -0.780     -0.537      0.000
 119  114     -0.779     -0.346      0.000
 118  119     -0.778      0.476      0.000
 122  115     -0.775      0.085      0.000
 121  123     -0.773      0.502      0.000
 124  118     -0.773     -0.008      0.000
 123  122     -0.770     -0.356      0.000
 120  125     -0.768      0.958      0.000
 125  124     -0.763     -0.205      0.000
 126  126     -0.756      0.499      0.000
 128  127     -0.754      0.462      0.000
 127  128     -0.750     -0.702      0.000
 130  132     -0.746      0.631      0.000
 129  137     -0.744     -0.979      0.000
 131  140     -0.742      0.855      0.000
 133  133     -0.739      0.393      0.000
 138  129     -0.739     -0.153      0.000
 132  134     -0.739      0.438      0.000
 137  131     -0.737     -0.248      0.000
 140  130     -0.737     -0.046      0.000
 136  135     -0.735     -0.419      0.000
 134  136     -0.735     -0.473      0.000
 139  138     -0.733     -0.441      0.000
 141  141     -0.731     -0.389      0.000
 135  142     -0.731     -0.656      0.000
 143  139     -0.729     -0.220      0.000
 144  143     -0.722      0.390      0.000
 142  150     -0.718      0.875      0.000
 147  144     -0.716      0.095      0.000
 146  147     -0.713     -0.495      0.000
 145  151     -0.711      0.794      0.000
 149  146     -0.710      0.291      0.000
 148  149     -0.709      0.449      0.000
 154  145     -0.709      0.067      0.000
 155  148     -0.703     -0.152      0.000
 150  158     -0.700      0.833      0.000
 153  154     -0.698      0.633      0.000
 151  159     -0.698      0.763      0.000
 152  162     -0.695     -0.787      0.000
 161  152     -0.694      0.169      0.000
 157  160     -0.693      0.564      0.000
 156  161     -0.692      0.584      0.000
 158  157     -0.692      0.478      0.000
 160  155     -0.691     -0.383      0.000
 165  153     -0.689     -0.208      0.000
 166  156     -0.687     -0.261      0.000
 159  163     -0.686      0.678      0.000
 164  164     -0.681      0.532      0.000
 163  167     -0.679     -0.708      0.000
 167  166     -0.679      0.567      0.000
 162  170     -0.678      0.926      0.000
 170  165     -0.673      0.257      0.000
  -1   -2     -0.671     -0.709      0.000
 169  169     -0.670     -0.460      0.000
 173  168     -0.666     -0.193      0.000
 171  175     -0.656      0.808      0.000
 176  172     -0.655     -0.306      0.000
 175  173     -0.654     -0.374      0.000
 172  176     -0.654      0.712      0.000
 174  179     -0.645     -0.745      0.000
 177  177     -0.645      0.547      0.000
 183  174     -0.645     -0.164      0.000
 181  183     -0.636     -0.553      0.000
 178  186     -0.636      0.864      0.000
 184  182     -0.636      0.463      0.000
 187  178     -0.635      0.156      0.000
 179  189     -0.635      0.819      0.000
 180  185     -0.633     -0.705      0.000
 190  180     -0.631     -0.209      0.000
 188  181     -0.631      0.216      0.000
 182  192     -0.630      0.781      0.000
 186  188     -0.629      0.542      0.000
 194  184     -0.626      0.026      0.000
 185  193     -0.624     -0.780      0.000
 197  187     -0.620      0.131      0.000
 189  197     -0.617     -0.736      0.000
 191  195     -0.618      0.684      0.000
 201  190     -0.616      0.048      0.000
 200  191     -0.615     -0.187      0.000
 192  199     -0.614      0.835      0.000
 193  201     -0.612      0.915      0.000
 202  194     -0.609     -0.413      0.000
 195  202     -0.609      0.799      0.000
 203  200     -0.605      0.514      0.000
 196  204     -0.605      0.905      0.000
 209  196     -0.603      0.028      0.000
 198  207     -0.602     -0.908      0.000
 199  206     -0.601      0.776      0.000
 213  198     -0.599      0.192      0.000
 206  203     -0.598      0.509      0.000
 204  208     -0.597      0.647      0.000
 207  205     -0.596     -0.608      0.000
 205  213     -0.591     -0.979      0.000
 211  212     -0.590      0.632      0.000
 208  216     -0.590      0.993      0.000
 212  211     -0.589     -0.652      0.000
 215  209     -0.587      0.298      0.000
 210  218     -0.585     -0.841      0.000
 218  210     -0.584      0.240      0.000
 214  214     -0.583      0.504      0.000
 217  217     -0.579      0.472      0.000
 216  221     -0.576     -0.610      0.000
 225  215     -0.571     -0.082      0.000
 223  222     -0.571      0.467      0.000
 219  224     -0.571      0.719      0.000
 220  228     -0.568      0.991      0.000
 222  225     -0.567     -0.717      0.000
 221  229     -0.567     -0.894      0.000
 231  220     -0.567      0.055      0.000
 230  219     -0.567      0.021      0.000
 234  223     -0.561     -0.056      0.000
 224  230     -0.561      0.586      0.000
 228  226     -0.560      0.446      0.000
 226  236     -0.556      0.716      0.000
 232  231     -0.555     -0.521      0.000
 229  233     -0.555      0.597      0.000
 241  227     -0.550     -0.139      0.000
 227  234     -0.549     -0.988      0.000
 238  235     -0.547     -0.478      0.000
 233  237     -0.547      0.710      0.000
 243  232     -0.545     -0.189      0.000
 236  238     -0.545      0.655      0.000
 235  239     -0.543      0.948      0.000
  -1   -2     -0.536      0.713      0.000
 239  243     -0.533      0.930      0.000
 242  242     -0.533      0.725      0.000
 244  240     -0.531     -0.494      0.000
 246  245     -0.523      0.621      0.000
 247  251     -0.518     -0.849      0.000
 245  252     -0.519      0.959      0.000
 250  248     -0.514     -0.604      0.000
 254  244     -0.514     -0.171      0.000
 253  246     -0.513      0.274      0.000
 249  254     -0.510     -0.736      0.000
 248  255     -0.511      0.808      0.000
 252  250     -0.509      0.419      0.000
 258  247     -0.509     -0.029      0.000
 255  253     -0.506     -0.473      0.000
 261  249     -0.502      0.012      0.000
 256  257     -0.502      0.587      0.000
 251  258     -0.499      0.955      0.000
 257  260     -0.493      0.747      0.000
 266  256     -0.492     -0.079      0.000
 259  262     -0.491      0.767      0.000
 260  265     -0.488     -0.992      0.000
 264  263     -0.485      0.584      0.000
 262  268     -0.483      0.825      0.000
 265  266     -0.481     -0.739      0.000
 263  270     -0.481      0.774      0.000
 269  261     -0.480      0.310      0.000
  -1  269     -0.480     -0.043      0.000
 268  264     -0.478      0.435      0.000
 272  267     -0.471     -0.391      0.000
 271  272     -0.471      0.457      0.000
 267  277     -0.468      0.932      0.000
 270  279     -0.465     -0.043      0.000
 274  274     -0.465      0.355      0.000
 275  271     -0.464     -0.175      0.000
 278  273     -0.461     -0.187      0.000
  -1  275     -0.459     -0.224      0.000
 273  280     -0.455     -0.786      0.000
 281   -2     -0.455     -0.221      0.000
 284  276     -0.452      0.182      0.000
 277  281     -0.452     -0.654      0.000
 288  278     -0.446     -0.175      0.000
 279  284     -0.442      0.986      0.000
 276   -2     -0.442     -0.040      0.000
 280  285     -0.441      0.878      0.000
 283  287     -0.439      0.810      0.000
 282  289     -0.437     -0.909      0.000
 287  283     -0.436      0.594      0.000
 285  291     -0.434     -0.815      0.000
 286  292     -0.433      0.778      0.000
 293  286     -0.429      0.399      0.000
 296  282     -0.428     -0.035      0.000
 291  293     -0.426      0.721      0.000
 290  300     -0.424     -0.836      0.000
 292  295     -0.423     -0.713      0.000
 294  296     -0.422      0.639      0.000
 299  288     -0.422      0.168      0.000
 303  290     -0.419      0.089      0.000
 297  297     -0.418      0.504      0.000
 295  307     -0.415     -0.864      0.000
 298  306     -0.414      0.627      0.000
 300  304     -0.413     -0.540      0.000
 301  305     -0.412      0.511      0.000
 307  294     -0.411      0.151      0.000
 304  302     -0.411     -0.326      0.000
 306  299     -0.410     -0.261      0.000
 302  309     -0.409     -0.621      0.000
 309  298     -0.408     -0.061      0.000
 308  301     -0.408     -0.155      0.000
  -1   -2     -0.404      0.014      0.000
 310  310     -0.400     -0.489      0.000
 313  308     -0.398      0.020      0.000
 311  311     -0.397     -0.448      0.000
 305  316     -0.397      0.893      0.000
 314  312     -0.392     -0.406      0.000
 315  314     -0.388     -0.336      0.000
 316  313     -0.387     -0.251      0.000
 319  315     -0.381     -0.113      0.000
 320  317     -0.379     -0.104      0.000
 317  320     -0.374      0.746      0.000
 318  321     -0.371      0.855      0.000
 322  319     -0.370      0.342      0.000
 323  318     -0.370      0.289      0.000
 326  323     -0.359     -0.609      0.000
 321  325     -0.358      0.945      0.000
 324  327     -0.353     -0.926      0.000
 325  328     -0.353     -0.904      0.000
 330  322     -0.352     -0.271      0.000
 329  324     -0.350      0.395      0.000
 327  332     -0.346      0.995      0.000
 328  331     -0.345      0.698      0.000
  -1   -2     -0.341      0.146      0.000
 334  329     -0.337     -0.110      0.000
 335  330     -0.335     -0.067      0.000
 332  335     -0.328      0.550      0.000
 338  333     -0.328      0.146      0.000
 333  337     -0.326     -0.680      0.000
 339  334     -0.324      0.304      0.000
 337  338     -0.322     -0.639      0.000
 342  336     -0.319      0.205      0.000
 336  345     -0.319     -0.884      0.000
 340  347     -0.314      0.709      0.000
 348  340     -0.313     -0.283      0.000
 341  344     -0.313      0.537      0.000
 351  339     -0.312      0.157      0.000
 343  343     -0.312      0.483      0.000
 347  341     -0.312      0.354      0.000
 352  342     -0.309      0.175      0.000
 344  349     -0.309      0.575      0.000
 346  350     -0.306     -0.672      0.000
 345  351     -0.306     -0.698      0.000
 350  352     -0.304     -0.633      0.000
 355  346     -0.304      0.102      0.000
 357  348     -0.301     -0.014      0.000
 349  358     -0.301      0.976      0.000
 353  356     -0.300      0.579      0.000
 354  354     -0.298     -0.988      0.000
 359  353     -0.296      0.162      0.000
 356  359     -0.292      0.636      0.000
 362  355     -0.292     -0.054      0.000
 361  357     -0.291     -0.141      0.000
 360  360     -0.288     -0.506      0.000
 358  362     -0.286      0.758      0.000
 364  361     -0.276     -0.245      0.000
 366  363     -0.269      0.453      0.000
 363  364     -0.269      0.700      0.000
 367  365     -0.264     -0.633      0.000
 365  367     -0.263      0.974      0.000
 369  366     -0.257      0.380      0.000
 371  368     -0.254     -0.467      0.000
 368  372     -0.252      0.749      0.000
 370  370     -0.251      0.645      0.000
 377  369     -0.244      0.063      0.000
 376  371     -0.243     -0.266      0.000
 372  379     -0.242      0.922      0.000
 375  377     -0.240     -0.606      0.000
 380  373     -0.239     -0.365      0.000
 373  380     -0.238      0.875      0.000
 379  376     -0.238     -0.434      0.000
 381  375     -0.237     -0.345      0.000
 374  381     -0.237      0.808      0.000
 386  374     -0.236     -0.057      0.000
 387  378     -0.234      0.188      0.000
 382  382     -0.233      0.556      0.000
 378  385     -0.232     -0.992      0.000
 384  384     -0.230     -0.609      0.000
 385  386     -0.229      0.632      0.000
 388  383     -0.228     -0.454      0.000
 383  387     -0.228      0.832      0.000
 389  391     -0.221     -0.781      0.000
 392  388     -0.218     -0.287      0.000
 390  395     -0.218      0.693      0.000
 393  392     -0.215      0.426      0.000
 396  389     -0.213     -0.155      0.000
 394  396     -0.213      0.402      0.000
 397  390     -0.212     -0.064      0.000
 391  397     -0.212     -0.706      0.000
 398  393     -0.210     -0.122      0.000
 395  398     -0.209     -0.578      0.000
 399  394     -0.209     -0.041      0.000
 401  399     -0.205     -0.288      0.000
 407  400     -0.201     -0.145      0.000
 403  401     -0.201     -0.414      0.000
 402  402     -0.200     -0.521      0.000
 400  404     -0.199     -0.739      0.000
  -1   -2     -0.199     -0.512      0.000
 406  405     -0.195      0.669      0.000
 405  406     -0.194      0.717      0.000
 408  409     -0.186     -0.694      0.000
 414  407     -0.183      0.153      0.000
 416  408     -0.181     -0.036      0.000
 412  410     -0.180      0.520      0.000
 409  411     -0.179      0.838      0.000
 410  412     -0.177     -0.846      0.000
 411  413     -0.177      0.854      0.000
 413  415     -0.176      0.968      0.000
 417  414     -0.174     -0.629      0.000
 415  416     -0.173     -0.913      0.000
 418  419     -0.170      0.777      0.000
 419  417     -0.168     -0.512      0.000
  -1  420     -0.166      0.439      0.000
 420   -2     -0.166      0.447      0.000
 422  422     -0.159     -0.852      0.000
 423  421     -0.155      0.164      0.000
 424  423     -0.151     -0.492      0.000
 425  425     -0.144      0.796      0.000
 427  424     -0.141      0.233      0.000
 428  428     -0.138      0.456      0.000
 429  426     -0.138      0.210      0.000
 426  429     -0.138      0.633      0.000
 430  427     -0.136     -0.050      0.000
 431  430     -0.134     -0.257      0.000
 433  431     -0.129     -0.322      0.000
 432  435     -0.129      0.763      0.000
 434  432     -0.128     -0.223      0.000
 435  433     -0.128      0.189      0.000
 436  434     -0.126     -0.299      0.000
 437  437     -0.119     -0.651      0.000
 438  436     -0.119     -0.376      0.000
 440  438     -0.112      0.310      0.000
 439  439     -0.111      0.579      0.000
 441  440     -0.110     -0.585      0.000
  -1   -2     -0.110      0.568      0.000
 443  442     -0.101     -0.293      0.000
 445  443     -0.099      0.461      0.000
 444  444     -0.098     -0.525      0.000
 447  445     -0.096     -0.194      0.000
 446  447     -0.096      0.933      0.000
 448  446     -0.096      0.234      0.000
 449  448     -0.090      0.855      0.000
 452  449     -0.086      0.012      0.000
 451  450     -0.086     -0.059      0.000
 450  451     -0.086     -0.640      0.000
 454  452     -0.081     -0.356      0.000
 453  453     -0.080      0.981      0.000
 455  454     -0.079      0.659      0.000
 457  455     -0.077     -0.569      0.000
 456  456     -0.077     -0.682      0.000
 458  457     -0.072     -0.927      0.000
 459  459     -0.067     -0.940      0.000
 461  460     -0.066     -0.466      0.000
 462  458     -0.066     -0.015      0.000
 460  462     -0.065     -0.988      0.000
 463  461     -0.065      0.548      0.000
 464  463     -0.062      0.462      0.000
 466  464     -0.061      0.288      0.000
 465  466     -0.061     -0.795      0.000
 467  465     -0.060     -0.255      0.000
 468  467     -0.059     -0.813      0.000
 469  468     -0.056      0.789      0.000
 470  469     -0.054     -0.496      0.000
 472  470     -0.051      0.531      0.000
 471  471     -0.051     -0.632      0.000
 473  472     -0.049     -0.987      0.000
 474  474     -0.049     -0.532      0.000
 475  473     -0.048     -0.060      0.000
 476  475     -0.046     -0.709      0.000
 477  478     -0.046      0.390      0.000
 478  476     -0.046      0.081      0.000
 479  477     -0.046      0.061      0.000
 481  479     -0.044     -0.100      0.000
 480  480     -0.044     -0.917      0.000
 482  481     -0.043      0.923      0.000
 483  482     -0.039      0.605      0.000
 484  483     -0.038      0.262      0.000
 485  484     -0.038      0.790      0.000
 486  485     -0.037      0.434      0.000
 487  486     -0.036     -0.860      0.000
 488  487     -0.035     -0.529      0.000
 489  488     -0.034      0.107      0.000
 490  489     -0.033      0.855      0.000
 491  490     -0.033      0.296      0.000
 492  491     -0.032     -0.611      0.000
 494  492     -0.031     -0.318      0.000
 493  493     -0.031      0.949      0.000
 495  494     -0.030      0.151      0.000
 496  495     -0.027      0.189      0.000
 497  496     -0.026      0.028      0.000
 498  497     -0.024     -0.713      0.000
 499  498     -0.024     -0.496      0.000
 500  499     -0.023     -0.585      0.000
 501  500     -0.021      0.699      0.000
 502  501     -0.020     -0.532      0.000
 503  502     -0.017      0.312      0.000
  -1   -2     -0.016     -0.581      0.000
 505  504     -0.016     -0.762      0.000
 506  505     -0.014     -0.679      0.000
 507  506     -0.013     -0.703      0.000
 508  507     -0.011      0.982      0.000
 509  508     -0.006      0.066      0.000
 510  509     -0.001     -0.278      0.000
 511  510     -0.000     -0.459      0.000
 512  511      0.002      0.293      0.000
 513  512      0.009      0.081      0.000
 514  514      0.011     -0.134      0.000
 517  513      0.012      0.595      0.000
 515  516      0.012     -0.107      0.000
 516  515      0.012     -0.402      0.000
 518  517      0.014     -0.236      0.000
 520  518      0.018     -0.765      0.000
 519  520      0.019      0.166      0.000
 521  519      0.020      0.822      0.000
 522  521      0.021      0.770      0.000
 523  523      0.024      0.119      0.000
 524  524      0.025     -0.238      0.000
 525  522      0.025     -0.749      0.000
 526  525      0.028      0.760      0.000
 528  526      0.032      0.611      0.000
 527  527      0.034      0.211      0.000
 529  528      0.036      0.413      0.000
 530  530      0.040      0.009      0.000
 531  529      0.042     -0.563      0.000
 532  531      0.045      0.370      0.000
 533  532      0.046     -0.471      0.000
 534  536      0.060      0.071      0.000
 537  533      0.062     -0.831      0.000
 536  535      0.062     -0.742      0.000
 538  534      0.062     -0.976      0.000
 535  537      0.063      0.440      0.000
 539  538      0.069     -0.342      0.000
 540  540      0.075      0.260      0.000
 542  539      0.077     -0.454      0.000
 541  541      0.078      0.228      0.000
 546  542      0.083     -0.667      0.000
  -1   -2      0.083      0.254      0.000
 548  543      0.085      0.891      0.000
 549  544      0.087      0.787      0.000
 544  550      0.087      0.069      0.000
 545  551      0.087     -0.058      0.000
 547  548      0.088     -0.476      0.000
 552  545      0.088     -0.940      0.000
 551  547      0.089      0.735      0.000
 555  549      0.092     -0.885      0.000
 550  553      0.093     -0.204      0.000
 557  552      0.096      0.720      0.000
 553  556      0.096      0.103      0.000
 554  557      0.098     -0.056      0.000
 556  558      0.099     -0.233      0.000
 561  554      0.101     -0.979      0.000
 558  560      0.103      0.025      0.000
 562  555      0.103      0.946      0.000
 559  559      0.104      0.340      0.000
 560  562      0.108     -0.217      0.000
 564  561      0.110     -0.582      0.000
 563  564      0.112      0.079      0.000
 566  563      0.116     -0.922      0.000
 569   -2      0.120     -0.554      0.000
 567  565      0.120      0.582      0.000
  -1  566      0.123     -0.539      0.000
 568  569      0.124      0.318      0.000
 570  568      0.126     -0.620      0.000
 571  574      0.133      0.143      0.000
 573  575      0.134     -0.241      0.000
 572  576      0.134      0.071      0.000
 574  577      0.135     -0.034      0.000
 577  570      0.136     -0.975      0.000
 579  571      0.138      0.865      0.000
 580  572      0.139     -0.901      0.000
 578  573      0.139     -0.703      0.000
 576  578      0.140      0.395      0.000
 575  579      0.141     -0.012      0.000
 583  584      0.150      0.433      0.000
 584  580      0.151      0.787      0.000
 581  587      0.151     -0.182      0.000
 585  581      0.151     -0.896      0.000
  -1   -2      0.154     -0.979      0.000
 582  589      0.154      0.097      0.000
 589  583      0.155      0.953      0.000
  -1   -2      0.156     -0.550      0.000
 588  590      0.159     -0.504      0.000
 593  585      0.160     -0.985      0.000
 590  592      0.161     -0.560      0.000
 597  588      0.163     -0.940      0.000
 598  591      0.164      0.817      0.000
 591  594      0.164      0.325      0.000
 595  593      0.166      0.583      0.000
 596  595      0.167      0.510      0.000
 592  596      0.169     -0.345      0.000
 594  598      0.170      0.180      0.000
 599  597      0.173     -0.506      0.000
 601  600      0.176     -0.525      0.000
 600  602      0.178     -0.248      0.000
 602  601      0.179     -0.399      0.000
 608  599      0.181      0.896      0.000
 604  606      0.184     -0.169      0.000
 603  609      0.185      0.098      0.000
 605  607      0.185      0.211      0.000
 610  603      0.186     -0.710      0.000
 606  611      0.188      0.192      0.000
 609  605      0.188      0.426      0.000
 614  604      0.189      0.888      0.000
 607  612      0.190      0.088      0.000
 613  610      0.192     -0.564      0.000
 611  614      0.196     -0.099      0.000
 617  608      0.196     -0.949      0.000
 612  615      0.198      0.052      0.000
 616  613      0.201     -0.988      0.000
 615  618      0.205     -0.123      0.000
 618  620      0.208      0.147      0.000
 619  622      0.212     -0.232      0.000
 624  616      0.213     -0.943      0.000
 626  617      0.215      0.861      0.000
 620  623      0.216      0.351      0.000
 623  621      0.216      0.601      0.000
 627  619      0.217      0.708      0.000
 621  627      0.221      0.216      0.000
 629  625      0.223     -0.637      0.000
 622  628      0.225     -0.114      0.000
 632  626      0.227     -0.667      0.000
 633  624      0.228      0.958      0.000
 625  630      0.228      0.009      0.000
 630  629      0.230      0.428      0.000
 628  633      0.231     -0.019      0.000
 631  631      0.232     -0.394      0.000
 635  634      0.240      0.591      0.000
 634  635      0.240     -0.582      0.000
 637  632      0.242      0.734      0.000
 638  636      0.244      0.677      0.000
 636  639      0.251     -0.267      0.000
 639  638      0.253     -0.445      0.000
 640  637      0.257     -0.644      0.000
 641  642      0.265     -0.296      0.000
 642  645      0.271     -0.089      0.000
 648  640      0.273      0.982      0.000
 646  641      0.274      0.707      0.000
 645  643      0.276     -0.580      0.000
 643  647      0.280      0.302      0.000
 649  648      0.283      0.407      0.000
 644  652      0.284      0.119      0.000
 653  644      0.284      0.767      0.000
 647  650      0.285     -0.344      0.000
 655  646      0.286     -0.849      0.000
 651  651      0.287     -0.446      0.000
 650  656      0.290      0.175      0.000
 654  653      0.291      0.486      0.000
 659  649      0.293      0.807      0.000
 658  654      0.294      0.547      0.000
 657  657      0.295     -0.488      0.000
 652  659      0.295      0.049      0.000
 666  655      0.301     -0.878      0.000
 656  663      0.301      0.033      0.000
 661  660      0.303      0.498      0.000
 669  658      0.307     -0.837      0.000
 660  667      0.308     -0.186      0.000
 662  666      0.310      0.252      0.000
 663  668      0.311      0.173      0.000
 665  669      0.313      0.200      0.000
 664  671      0.315      0.114      0.000
 674  661      0.315      0.897      0.000
 673  665      0.316      0.605      0.000
 677  662      0.318     -0.973      0.000
 667  673      0.318     -0.310      0.000
 676  664      0.319     -0.827      0.000
 668  678      0.322      0.008      0.000
 671  677      0.323      0.154      0.000
 670  679      0.323      0.084      0.000
 679  670      0.326     -0.755      0.000
  -1   -2      0.328     -0.876      0.000
 672  681      0.328      0.093      0.000
 675  680      0.328      0.375      0.000
 678  676      0.331      0.522      0.000
 680  674      0.330     -0.690      0.000
 682  675      0.332      0.658      0.000
 683  672      0.335     -0.877      0.000
 684  684      0.349     -0.479      0.000
 687  682      0.350     -0.647      0.000
 685  683      0.351      0.512      0.000
 686  685      0.352      0.497      0.000
 689  686      0.355     -0.600      0.000
 688  688      0.356      0.461      0.000
 693  689      0.361      0.609      0.000
 690  692      0.361     -0.419      0.000
 697  687      0.362      0.733      0.000
 694  690      0.362     -0.616      0.000
 691  696      0.366      0.146      0.000
 692  698      0.368      0.049      0.000
 700  691      0.368     -0.835      0.000
 698  695      0.372      0.410      0.000
 695  700      0.373     -0.206      0.000
 696  701      0.375     -0.123      0.000
 703  693      0.376      0.879      0.000
 702  694      0.376      0.819      0.000
 701  702      0.380      0.328      0.000
 704  697      0.381      0.655      0.000
 699  703      0.381     -0.178      0.000
 710  699      0.388     -0.825      0.000
 707  704      0.393      0.494      0.000
 708  707      0.395      0.440      0.000
 705  711      0.395     -0.171      0.000
 712  710      0.400     -0.478      0.000
 716  705      0.400     -0.771      0.000
 714  708      0.400      0.530      0.000
 706  715      0.401     -0.079      0.000
  -1   -2      0.403      0.830      0.000
 709  717      0.405      0.039      0.000
 711  718      0.405      0.050      0.000
 713  716      0.406      0.191      0.000
 723  709      0.408      0.880      0.000
 722  712      0.411     -0.697      0.000
 715  721      0.414      0.139      0.000
 720  719      0.414      0.457      0.000
 726  713      0.416      0.830      0.000
 728  714      0.419     -0.959      0.000
 727  720      0.421     -0.726      0.000
 719  725      0.422     -0.083      0.000
 721  723      0.422     -0.278      0.000
 724  724      0.426      0.317      0.000
 725  731      0.433     -0.131      0.000
 732  722      0.434     -0.982      0.000
 735  727      0.440     -0.764      0.000
 736  726      0.441      0.859      0.000
 737  728      0.443     -0.779      0.000
 733  732      0.444     -0.554      0.000
 729  734      0.444      0.024      0.000
 739  729      0.447      0.783      0.000
 738  730      0.447     -0.743      0.000
 731  735      0.450     -0.335      0.000
  -1  733      0.450     -0.988      0.000
 730  737      0.454     -0.140      0.000
 734  739      0.454      0.067      0.000
 740  738      0.461     -0.433      0.000
 743  741      0.462      0.408      0.000
 742  743      0.464      0.309      0.000
 741  749      0.468      0.001      0.000
 748  736      0.470     -0.835      0.000
 749  740      0.472     -0.784      0.000
 753  742      0.474     -0.900      0.000
 744  747      0.475      0.429      0.000
 752  745      0.478      0.638      0.000
 750  748      0.479      0.531      0.000
 754  744      0.479      0.700      0.000
 756  746      0.483      0.837      0.000
 745  754      0.484      0.015      0.000
 746  755      0.485     -0.140      0.000
 747  756      0.485     -0.127      0.000
 751  759      0.489     -0.192      0.000
 759  750      0.491      0.996      0.000
 755  757      0.492     -0.404      0.000
 762  751      0.492     -0.973      0.000
 761  752      0.493      0.951      0.000
 763  753      0.498      0.873      0.000
 760  758      0.499     -0.589      0.000
 757  762      0.501      0.248      0.000
 766  760      0.507     -0.708      0.000
 758  765      0.509      0.115      0.000
 769  761      0.510     -0.718      0.000
 767  764      0.513     -0.538      0.000
 765  767      0.515      0.214      0.000
 764  768      0.517     -0.103      0.000
 772  763      0.518      0.805      0.000
 768  770      0.521      0.222      0.000
 771  766      0.521      0.563      0.000
 770  772      0.527      0.084      0.000
 773  769      0.528     -0.579      0.000
 776  771      0.537      0.586      0.000
 774  775      0.538      0.296      0.000
 775  774      0.538     -0.488      0.000
 777  777      0.543      0.429      0.000
 779  773      0.543      0.745      0.000
 778  780      0.546      0.343      0.000
 781  776      0.549      0.656      0.000
 783  778      0.552     -0.682      0.000
 780  781      0.552     -0.554      0.000
 782  779      0.552     -0.646      0.000
 784  782      0.557      0.607      0.000
 786  783      0.563     -0.539      0.000
 787  784      0.564     -0.547      0.000
 785  788      0.572      0.039      0.000
 794  785      0.576     -0.831      0.000
 789  792      0.577      0.186      0.000
 788  794      0.577     -0.105      0.000
 791  787      0.578      0.448      0.000
 790  790      0.579     -0.375      0.000
 797  786      0.582     -0.991      0.000
 795  795      0.588      0.457      0.000
 793  798      0.588     -0.208      0.000
 792  799      0.589      0.047      0.000
 798  796      0.590     -0.576      0.000
 801  789      0.591      0.932      0.000
 802  791      0.592      0.917      0.000
 800  793      0.591     -0.791      0.000
 796  801      0.596     -0.240      0.000
 799  805      0.600     -0.187      0.000
 804  797      0.600     -0.906      0.000
 807  800      0.607      0.864      0.000
 805  802      0.608     -0.599      0.000
 808  803      0.613     -0.774      0.000
 811  804      0.615      0.845      0.000
 803  811      0.617     -0.075      0.000
 809  807      0.618      0.625      0.000
 810  808      0.619     -0.621      0.000
 814  806      0.620     -0.991      0.000
 806  812      0.621     -0.303      0.000
 813  809      0.622     -0.574      0.000
 816  810      0.629      0.649      0.000
  -1   -2      0.629     -0.304      0.000
 815  814      0.634      0.419      0.000
 818  816      0.642      0.262      0.000
 817  818      0.644      0.046      0.000
 821  815      0.645      0.589      0.000
 819  819      0.647     -0.059      0.000
 820  820      0.653     -0.127      0.000
 825  817      0.657      0.719      0.000
 822  824      0.658     -0.172      0.000
 824  823      0.661     -0.443      0.000
 823  825      0.661     -0.333      0.000
 828  821      0.667      0.722      0.000
 830  822      0.670     -0.895      0.000
 829  827      0.672     -0.582      0.000
 826  833      0.673      0.051      0.000
 827  834      0.673      0.037      0.000
 831  826      0.674      0.882      0.000
 832  829      0.677     -0.712      0.000
 836  828      0.680     -0.901      0.000
 835  830      0.681      0.792      0.000
 833  832      0.683      0.669      0.000
 838  831      0.685     -0.885      0.000
 841  835      0.692      0.938      0.000
 834  839      0.694      0.157      0.000
 837  837      0.696      0.320      0.000
 840  840      0.699      0.432      0.000
 844  836      0.700     -0.656      0.000
 842  841      0.700     -0.987      0.000
 839  845      0.703      0.022      0.000
 845  843      0.704      0.470      0.000
 849  838      0.707      0.953      0.000
 847  842      0.707      0.641      0.000
 850  844      0.710      0.721      0.000
 848  846      0.711      0.465      0.000
 846  848      0.712      0.219      0.000
 853  847      0.718      0.605      0.000
 852  849      0.718      0.492      0.000
 851  853      0.721     -0.209      0.000
 856  850      0.722     -0.727      0.000
 857  851      0.724      0.763      0.000
 863  852      0.728     -0.899      0.000
 854  857      0.730      0.128      0.000
 855  859      0.732     -0.149      0.000
 860  856      0.732     -0.442      0.000
 865  854      0.736      0.821      0.000
 858  862      0.736      0.094      0.000
 859  861      0.736     -0.181      0.000
 864  855      0.736     -0.680      0.000
 861  865      0.738      0.116      0.000
 862  866      0.740     -0.234      0.000
 867  858      0.743      0.717      0.000
 868  860      0.745     -0.692      0.000
 871  863      0.748      0.762      0.000
 869  868      0.748     -0.509      0.000
 866  871      0.749      0.254      0.000
 872  864      0.749     -0.852      0.000
 874  867      0.753     -0.920      0.000
 875  869      0.755      0.853      0.000
 870  874      0.758      0.070      0.000
 877  870      0.758     -0.866      0.000
 878  872      0.760     -0.822      0.000
 873  876      0.765     -0.114      0.000
 876  877      0.769     -0.190      0.000
 879  875      0.768     -0.447      0.000
 882  873      0.770      0.881      0.000
 880  878      0.771     -0.352      0.000
 881  881      0.775      0.232      0.000
 885  880      0.780      0.708      0.000
 888  879      0.781     -0.861      0.000
 883  885      0.783      0.121      0.000
 889  882      0.784     -0.795      0.000
 886  886      0.786     -0.393      0.000
 884  889      0.788      0.081      0.000
 894  883      0.791     -0.863      0.000
 895  884      0.792     -0.935      0.000
 891  888      0.792     -0.635      0.000
  -1   -2      0.792     -0.648      0.000
 887  894      0.792     -0.080      0.000
 890  890      0.795      0.441      0.000
 898  892      0.798      0.670      0.000
 893  896      0.799      0.278      0.000
 900  891      0.799     -0.778      0.000
 901  893      0.801      0.808      0.000
 899  895      0.802      0.487      0.000
  -1   -2      0.803      0.289      0.000
 896  898      0.804      0.040      0.000
 902  899      0.811      0.507      0.000
 904  901      0.813     -0.518      0.000
 905  902      0.814     -0.494      0.000
 908  900      0.816      0.962      0.000
 903  905      0.817     -0.210      0.000
 906  910      0.820     -0.069      0.000
 913  903      0.822      0.865      0.000
 909  907      0.823      0.406      0.000
 912  906      0.823      0.584      0.000
 907  913      0.823      0.025      0.000
 914  904      0.823     -0.942      0.000
 911  912      0.826      0.372      0.000
 910  914      0.827     -0.272      0.000
 915  908      0.828      0.774      0.000
 916  909      0.829      0.902      0.000
 919  911      0.830     -0.773      0.000
 917  915      0.833      0.535      0.000
 921  916      0.835      0.608      0.000
 920  917      0.836     -0.429      0.000
 918  919      0.838      0.225      0.000
 924  918      0.844      0.882      0.000
 922  923      0.845     -0.028      0.000
 926  920      0.846      0.668      0.000
 923  925      0.847      0.014      0.000
 925  922      0.849     -0.503      0.000
 931  921      0.853      0.944      0.000
 930  924      0.853      0.725      0.000
 927  926      0.853      0.026      0.000
 928  927      0.856      0.277      0.000
 929  929      0.856     -0.284      0.000
 934  928      0.862      0.834      0.000
 932  931      0.862      0.381      0.000
 935  930      0.866      0.885      0.000
 933  934      0.866     -0.017      0.000
  -1   -2      0.869      0.691      0.000
 937  933      0.869     -0.791      0.000
 938  935      0.874      0.681      0.000
 939  937      0.881      0.315      0.000
 940  936      0.882      0.603      0.000
 942  938      0.885     -0.709      0.000
  -1   -2      0.886      0.325      0.000
 944  940      0.888     -0.524      0.000
 947  941      0.890     -0.692      0.000
 946  943      0.891      0.451      0.000
 943  945      0.891     -0.041      0.000
 948  942      0.891      0.660      0.000
 949  944      0.893      0.572      0.000
 945  947      0.893      0.174      0.000
 951  946      0.897      0.859      0.000
 950  951      0.901     -0.116      0.000
 952  950      0.901      0.301      0.000
 954  948      0.901     -0.697      0.000
 955  949      0.903     -0.633      0.000
 953  954      0.906      0.033      0.000
 956  953      0.906     -0.258      0.000
 958  952      0.907     -0.514      0.000
 957  955      0.910     -0.052      0.000
 959  956      0.912      0.069      0.000
 960  957      0.913     -0.408      0.000
 961  958      0.918      0.304      0.000
 962  959      0.920     -0.717      0.000
 963  960      0.922     -0.938      0.000
 964  961      0.923     -0.952      0.000
 966  962      0.925     -0.902      0.000
 965  963      0.926      0.514      0.000
 970  964      0.931     -0.975      0.000
 967  966      0.932     -0.202      0.000
 968  967      0.933     -0.374      0.000
 971  965      0.933     -0.589      0.000
 969  968      0.934     -0.333      0.000
 972  969      0.938     -0.157      0.000
 973  970      0.947      0.501      0.000
 974  971      0.949     -0.987      0.000
 975  975      0.952      0.253      0.000
 976  972      0.953      0.922      0.000
 977  973      0.953      0.869      0.000
 978  974      0.954      0.993      0.000
 979  976      0.957      0.758      0.000
 981  977      0.957     -0.852      0.000
 980  978      0.958     -0.563      0.000
 982  979      0.967     -0.713      0.000
 984  980      0.971      0.830      0.000
 985  981      0.972      0.470      0.000
 986  982      0.971     -0.651      0.000
 983  983      0.972     -0.208      0.000
 987  984      0.980      0.434      0.000
 988  985      0.980     -0.482      0.000
 989  987      0.984     -0.333      0.000
 991  986      0.986      0.704      0.000
 990  990      0.986      0.023      0.000
 992  988      0.986     -0.872      0.000
 993  989      0.989      0.963      0.000
 995  991      0.989      0.621      0.000
 996  992      0.990      0.737      0.000
  -1   -2      0.990      0.378      0.000
 998  993      0.989     -0.796      0.000
 997  995      0.990      0.367      0.000
 999  996      0.994      0.159      0.000
