995
   1    0     -0.998      0.535      0.000
   2    1     -0.995     -0.110      0.000
   4    4     -0.994      0.693      0.000
   5    3     -0.993     -0.700      0.000
  14   -2     -0.994      0.702      0.000
   6    5     -0.989     -0.188      0.000
   7    7     -0.989      0.452      0.000
   8    6     -0.989     -0.049      0.000
   9   14     -0.989      0.952      0.000
  12   10     -0.988     -0.299      0.000
  11    9     -0.987     -0.799      0.000
   0   11     -0.987     -0.549      0.000
  15   12     -0.984     -0.237      0.000
  16   -2     -0.982      0.946      0.000
  17   15     -0.979     -0.975      0.000
  19   16     -0.974     -0.157      0.000
  20   17     -0.974      0.621      0.000
  21   18     -0.972      0.500      0.000
  22   20     -0.967      0.303      0.000
  23   19     -0.966     -0.021      0.000
  25   21     -0.966     -0.163      0.000
  26   22     -0.965      0.280      0.000
  24   23     -0.965      0.786      0.000
  27   24     -0.961     -0.385      0.000
  29   25     -0.960      0.517      0.000
  28   26     -0.958     -0.917      0.000
  31   27     -0.955     -0.094      0.000
  30   28     -0.955     -0.180      0.000
  34   29     -0.953     -0.355      0.000
  32   31     -0.953      0.653      0.000
  35   30     -0.952     -0.580      0.000
  33   34     -0.949     -0.917      0.000
  36   32     -0.948     -0.629      0.000
  10   39     -0.947      0.141      0.000
  39   35     -0.944     -0.667      0.000
  38   37     -0.944      0.923      0.000
  41   36     -0.943      0.493      0.000
  40   38     -0.941      0.707      0.000
  42   -2     -0.934      0.070      0.000
  43   40     -0.933      0.342      0.000
  44   41     -0.931      0.137      0.000
  46   42     -0.930     -0.229      0.000
  45   43     -0.930      0.399      0.000
  48   45     -0.925      0.590      0.000
  49   44     -0.923      0.247      0.000
  47   48     -0.921     -0.900      0.000
  50   46     -0.922      0.153      0.000
  51   47     -0.920      0.300      0.000
  52   49     -0.912      0.899      0.000
  55   50     -0.905     -0.142      0.000
  53   51     -0.904     -0.616      0.000
  54   52     -0.903      0.576      0.000
  57   53     -0.901     -0.444      0.000
  56   54     -0.900      0.559      0.000
  58   56     -0.895     -0.577      0.000
  62   55     -0.892     -0.177      0.000
  59   58     -0.891     -0.843      0.000
  60   59     -0.892      0.765      0.000
  63   57     -0.891      0.358      0.000
  61   64     -0.886     -0.797      0.000
  67   61     -0.885      0.416      0.000
  65   63     -0.884     -0.665      0.000
  70   60     -0.883     -0.199      0.000
  64   67     -0.882     -0.906      0.000
  69   62     -0.882     -0.413      0.000
  66   68     -0.879     -0.988      0.000
  72   65     -0.880      0.488      0.000
  71   66     -0.880      0.531      0.000
  68   70     -0.879      0.814      0.000
  75   69     -0.872      0.133      0.000
  73   75     -0.871     -0.840      0.000
  77   71     -0.871      0.057      0.000
  76   73     -0.870     -0.274      0.000
  74   77     -0.871      0.857      0.000
  78   72     -0.870     -0.033      0.000
  82   74     -0.865     -0.148      0.000
  81   76     -0.864     -0.221      0.000
  79   78     -0.863     -0.663      0.000
  80   81     -0.858     -0.924      0.000
  83   79     -0.859      0.639      0.000
  84   82     -0.856      0.633      0.000
  85   83     -0.854      0.567      0.000
  86   80     -0.851      0.025      0.000
  87   85     -0.848      0.160      0.000
  88   84     -0.848     -0.114      0.000
  89   86     -0.846     -0.010      0.000
  90   89     -0.842     -0.484      0.000
  91   88     -0.841      0.101      0.000
  92   87     -0.841     -0.081      0.000
  95   90     -0.838      0.227      0.000
  93   94     -0.834      0.601      0.000
  97   93     -0.832     -0.282      0.000
  98   92     -0.832     -0.150      0.000
  99   91     -0.832     -0.060      0.000
  94   97     -0.828     -0.957      0.000
  96   98     -0.824     -0.809      0.000
 100   96     -0.824      0.192      0.000
 101   95     -0.824      0.114      0.000
 102   99     -0.818      0.470      0.000
 104  100     -0.813      0.216      0.000
 103  104     -0.810     -0.851      0.000
 105  101     -0.807     -0.158      0.000
 106  102     -0.804      0.316      0.000
 107  105     -0.802      0.436      0.000
 111  103     -0.801     -0.295      0.000
 109  106     -0.798     -0.988      0.000
 110  107     -0.798      0.502      0.000
 108  109     -0.796      0.670      0.000
 112  112     -0.793      0.760      0.000
 113  113     -0.786     -0.788      0.000
 115  108     -0.787      0.091      0.000
 114  111     -0.786     -0.358      0.000
 118  110     -0.785     -0.007      0.000
 117  116     -0.779     -0.552      0.000
 119  117     -0.779      0.490      0.000
 122  114     -0.776     -0.368      0.000
 116  119     -0.773     -0.878      0.000
 124  115     -0.774     -0.213      0.000
 123  118     -0.772      0.516      0.000
 120  121     -0.770      0.913      0.000
 121  120     -0.768     -0.821      0.000
 127  124     -0.755      0.476      0.000
 126  125     -0.755      0.513      0.000
 125  128     -0.754      0.960      0.000
 129  122     -0.752     -0.158      0.000
 130  123     -0.751     -0.047      0.000
 131  126     -0.749     -0.256      0.000
 133  129     -0.743      0.406      0.000
 128  135     -0.742     -0.712      0.000
 139  127     -0.741     -0.227      0.000
 134  131     -0.741      0.450      0.000
 135  130     -0.739     -0.431      0.000
 132  137     -0.739      0.643      0.000
 138  133     -0.737     -0.453      0.000
 141  132     -0.737     -0.399      0.000
 136  134     -0.737     -0.484      0.000
 144  136     -0.729      0.100      0.000
 137  142     -0.728     -0.980      0.000
 140  144     -0.728      0.860      0.000
 143  139     -0.726      0.402      0.000
 142  143     -0.724     -0.667      0.000
 145  138     -0.723      0.071      0.000
 146  141     -0.719      0.300      0.000
 148  140     -0.717     -0.156      0.000
 147  145     -0.714     -0.505      0.000
 149  147     -0.711      0.460      0.000
 152  146     -0.707      0.175      0.000
 150  151     -0.703      0.879      0.000
 153  148     -0.701     -0.214      0.000
 156  149     -0.699     -0.267      0.000
 155  150     -0.697     -0.392      0.000
 151  153     -0.698      0.800      0.000
 157  152     -0.692      0.488      0.000
 154  156     -0.691      0.642      0.000
 160  157     -0.688      0.574      0.000
 161  158     -0.687      0.594      0.000
 159  159     -0.685      0.770      0.000
 158  160     -0.685      0.838      0.000
 165  154     -0.683      0.265      0.000
 162  162     -0.682     -0.793      0.000
 168  155     -0.680     -0.198      0.000
 164  161     -0.678      0.541      0.000
 163  166     -0.676      0.685      0.000
 166  164     -0.674      0.576      0.000
 169  163     -0.673     -0.469      0.000
 167  169     -0.669     -0.715      0.000
 172  165     -0.665     -0.313      0.000
 170  172     -0.662      0.928      0.000
 173  168     -0.661     -0.381      0.000
  -1   -2     -0.660     -0.716      0.000
 174  167     -0.660     -0.167      0.000
 178  170     -0.649      0.161      0.000
 180  173     -0.645     -0.212      0.000
 181  175     -0.643      0.220      0.000
 184  174     -0.643      0.027      0.000
 176  181     -0.642      0.718      0.000
 177  178     -0.642      0.554      0.000
 175  183     -0.640      0.812      0.000
 182  180     -0.637      0.471      0.000
 187  176     -0.635      0.134      0.000
 183  182     -0.634     -0.559      0.000
 190  177     -0.633      0.049      0.000
 179  185     -0.633     -0.749      0.000
 191  179     -0.630     -0.190      0.000
 188  186     -0.625      0.549      0.000
 185  189     -0.622     -0.710      0.000
 196  184     -0.621      0.029      0.000
 186  191     -0.619      0.866      0.000
 189  190     -0.619      0.823      0.000
 194  188     -0.615     -0.418      0.000
 192  192     -0.616      0.785      0.000
 198  187     -0.613      0.195      0.000
 193  193     -0.610     -0.783      0.000
 195  197     -0.607      0.688      0.000
 197  198     -0.605     -0.739      0.000
 200  194     -0.603      0.519      0.000
 199  203     -0.598      0.837      0.000
 209  196     -0.597      0.302      0.000
 203  200     -0.596      0.513      0.000
 210  195     -0.596      0.243      0.000
 201  207     -0.594      0.916      0.000
 202  206     -0.593      0.802      0.000
 205  205     -0.591     -0.612      0.000
 215  199     -0.589     -0.082      0.000
 208  208     -0.588      0.650      0.000
 204  212     -0.587      0.906      0.000
 206  211     -0.586      0.778      0.000
 219  201     -0.585      0.021      0.000
 220  202     -0.585      0.056      0.000
 207  216     -0.582     -0.910      0.000
 211  213     -0.581     -0.655      0.000
 214  209     -0.581      0.508      0.000
 212  215     -0.581      0.635      0.000
 223  204     -0.579     -0.056      0.000
 217  210     -0.579      0.475      0.000
 213  221     -0.572     -0.979      0.000
 222  217     -0.572      0.471      0.000
 216  222     -0.571      0.993      0.000
 221  219     -0.570     -0.613      0.000
 218  223     -0.568     -0.843      0.000
 227  214     -0.568     -0.139      0.000
 226  220     -0.562      0.448      0.000
 232  218     -0.561     -0.190      0.000
 224  225     -0.558      0.721      0.000
 225  228     -0.555     -0.719      0.000
 231  224     -0.555     -0.522      0.000
 230  227     -0.554      0.588      0.000
 235  226     -0.550     -0.479      0.000
 234  229     -0.549     -0.988      0.000
 228  231     -0.549      0.991      0.000
 229  232     -0.548     -0.895      0.000
 233  230     -0.548      0.599      0.000
 236  235     -0.543      0.717      0.000
 238  237     -0.535      0.656      0.000
 237  240     -0.534      0.711      0.000
 240  236     -0.532     -0.494      0.000
 244  233     -0.531     -0.171      0.000
 247  234     -0.528     -0.029      0.000
 246  239     -0.524      0.274      0.000
 239  244     -0.524      0.948      0.000
  -1   -2     -0.524      0.713      0.000
 249  238     -0.520      0.012      0.000
 242  245     -0.520      0.725      0.000
 245  247     -0.515      0.621      0.000
 243  250     -0.514      0.929      0.000
 250  243     -0.513      0.418      0.000
 256  241     -0.510     -0.079      0.000
 253  246     -0.509     -0.471      0.000
 248  249     -0.509     -0.603      0.000
 251  253     -0.501     -0.849      0.000
 252  256     -0.500      0.958      0.000
 254  254     -0.498     -0.735      0.000
  -1  252     -0.498     -0.043      0.000
 257  255     -0.496      0.585      0.000
 255  258     -0.495      0.807      0.000
 261  251     -0.490      0.308      0.000
 259  271     -0.483     -0.042      0.000
 271  257     -0.481     -0.173      0.000
 264  261     -0.481      0.433      0.000
 258  268     -0.480      0.954      0.000
 263  263     -0.479      0.581      0.000
 260  267     -0.479      0.745      0.000
 267  260     -0.478     -0.388      0.000
 273  259     -0.477     -0.185      0.000
 262  270     -0.477      0.766      0.000
  -1  262     -0.474     -0.222      0.000
 272  266     -0.472      0.454      0.000
 274  264     -0.472      0.352      0.000
 275   -2     -0.470     -0.218      0.000
 266  272     -0.469     -0.737      0.000
 265  273     -0.469     -0.993      0.000
 276  265     -0.467      0.180      0.000
 270  274     -0.466      0.772      0.000
 268  275     -0.466      0.824      0.000
 278  269     -0.462     -0.173      0.000
 269   -2     -0.460     -0.040      0.000
 277  280     -0.449      0.931      0.000
 282  276     -0.446     -0.035      0.000
 281  279     -0.444     -0.649      0.000
 280  282     -0.442     -0.783      0.000
 288  277     -0.436      0.164      0.000
 290  278     -0.436      0.087      0.000
 286  281     -0.434      0.394      0.000
 283  288     -0.430      0.589      0.000
 294  284     -0.426      0.147      0.000
 298  283     -0.426     -0.060      0.000
 301  285     -0.424     -0.152      0.000
 285  293     -0.424      0.876      0.000
 299  287     -0.423     -0.256      0.000
 284  294     -0.423      0.985      0.000
 287  292     -0.423      0.807      0.000
  -1   -2     -0.421      0.014      0.000
 302  289     -0.421     -0.320      0.000
 289  298     -0.419     -0.907      0.000
 291  296     -0.419     -0.812      0.000
 292  297     -0.419      0.774      0.000
 297  291     -0.417      0.498      0.000
 308  290     -0.416      0.019      0.000
 296  299     -0.414      0.633      0.000
 293  302     -0.414      0.717      0.000
 295  301     -0.413     -0.707      0.000
 304  295     -0.412     -0.533      0.000
 305  300     -0.410      0.504      0.000
 300  312     -0.408     -0.833      0.000
 306  309     -0.406      0.621      0.000
 309  311     -0.403     -0.614      0.000
 310  307     -0.402     -0.481      0.000
 311  305     -0.402     -0.440      0.000
 313  303     -0.401     -0.246      0.000
 307  313     -0.400     -0.861      0.000
 312  310     -0.399     -0.399      0.000
 314  308     -0.398     -0.330      0.000
 315  304     -0.397     -0.110      0.000
 317  306     -0.395     -0.102      0.000
 316  316     -0.380      0.890      0.000
 318  314     -0.379      0.281      0.000
 319  315     -0.377      0.335      0.000
 322  317     -0.364     -0.264      0.000
 320  322     -0.361      0.740      0.000
 321  324     -0.356      0.851      0.000
 323  323     -0.354     -0.599      0.000
 326  318     -0.355      0.141      0.000
 324  321     -0.354      0.385      0.000
 329  319     -0.352     -0.107      0.000
 330  320     -0.351     -0.065      0.000
 333  325     -0.341      0.141      0.000
 325  328     -0.341      0.944      0.000
 328  330     -0.338     -0.901      0.000
 327  331     -0.337     -0.924      0.000
 331  332     -0.335      0.689      0.000
 334  327     -0.332      0.295      0.000
 336  326     -0.330      0.198      0.000
 332  339     -0.329      0.994      0.000
 339  329     -0.325      0.151      0.000
 335  336     -0.325      0.539      0.000
 340  333     -0.323     -0.275      0.000
 342  334     -0.320      0.169      0.000
 337  340     -0.318     -0.670      0.000
 341  338     -0.318      0.343      0.000
 338  341     -0.317     -0.628      0.000
 346  335     -0.317      0.098      0.000
 348  337     -0.315     -0.014      0.000
 343  344     -0.312      0.471      0.000
 344  346     -0.311      0.525      0.000
 353  342     -0.308      0.156      0.000
 355  343     -0.305     -0.052      0.000
 345  350     -0.304     -0.879      0.000
 349  347     -0.305      0.563      0.000
 347  348     -0.304      0.700      0.000
 357  345     -0.304     -0.136      0.000
 350  352     -0.300     -0.660      0.000
 352  351     -0.299     -0.621      0.000
 351  353     -0.298     -0.687      0.000
 354  349     -0.298     -0.988      0.000
 356  354     -0.296      0.567      0.000
 360  356     -0.289     -0.493      0.000
 361  355     -0.286     -0.237      0.000
 359  357     -0.286      0.625      0.000
 358  358     -0.286      0.975      0.000
 362  360     -0.275      0.749      0.000
 363  359     -0.270      0.439      0.000
 366  361     -0.261      0.367      0.000
 364  365     -0.261      0.690      0.000
 365  363     -0.260     -0.620      0.000
 368  364     -0.256     -0.453      0.000
 369  362     -0.255      0.059      0.000
 371  366     -0.252     -0.256      0.000
 367  372     -0.249      0.973      0.000
 374  367     -0.248     -0.056      0.000
 370  373     -0.245      0.632      0.000
 373  368     -0.244     -0.353      0.000
 375  370     -0.243     -0.332      0.000
 378  369     -0.243      0.179      0.000
 372  374     -0.243      0.739      0.000
 376  371     -0.241     -0.420      0.000
 377  375     -0.237     -0.592      0.000
 383  376     -0.230     -0.440      0.000
 379  384     -0.231      0.920      0.000
 382  377     -0.230      0.541      0.000
 381  385     -0.228      0.800      0.000
 384  381     -0.227     -0.594      0.000
 380  387     -0.227      0.870      0.000
 388  378     -0.225     -0.276      0.000
 386  386     -0.224      0.618      0.000
 390  379     -0.222     -0.062      0.000
 389  380     -0.222     -0.149      0.000
 385  392     -0.220     -0.990      0.000
 393  382     -0.220     -0.117      0.000
 394  383     -0.219     -0.040      0.000
 387  393     -0.217      0.825      0.000
 392  388     -0.217      0.410      0.000
 396  389     -0.215      0.387      0.000
 391  394     -0.213     -0.770      0.000
 399  390     -0.212     -0.276      0.000
 395  395     -0.211      0.680      0.000
 400  391     -0.211     -0.139      0.000
 398  396     -0.208     -0.562      0.000
 397  398     -0.206     -0.693      0.000
 401  397     -0.205     -0.399      0.000
 402  399     -0.200     -0.505      0.000
  -1   -2     -0.199     -0.496      0.000
 404  403     -0.193     -0.726      0.000
 408  401     -0.190     -0.035      0.000
 407  402     -0.190      0.144      0.000
 405  404     -0.190      0.655      0.000
 406  405     -0.188      0.704      0.000
 409  406     -0.182     -0.679      0.000
 410  407     -0.179      0.503      0.000
 414  408     -0.171     -0.612      0.000
 411  412     -0.171      0.830      0.000
 412  413     -0.170     -0.836      0.000
 413  414     -0.169      0.848      0.000
 417  409     -0.169     -0.495      0.000
  -1  411     -0.168      0.422      0.000
 418   -2     -0.167      0.430      0.000
 415  416     -0.167      0.967      0.000
 416  417     -0.165     -0.907      0.000
 419  418     -0.164      0.767      0.000
 421  415     -0.161      0.154      0.000
 422  420     -0.153     -0.843      0.000
 423  419     -0.152     -0.474      0.000
 424  421     -0.145      0.220      0.000
 426  423     -0.143      0.199      0.000
 427  422     -0.142     -0.048      0.000
 428  425     -0.139      0.439      0.000
 430  424     -0.138     -0.246      0.000
 425  426     -0.138      0.786      0.000
 429  430     -0.135      0.616      0.000
 431  428     -0.133     -0.308      0.000
 432  427     -0.133     -0.213      0.000
 433  429     -0.132      0.179      0.000
 434  431     -0.129     -0.285      0.000
 435  432     -0.125      0.751      0.000
 436  433     -0.121     -0.361      0.000
 437  435     -0.117     -0.634      0.000
 438  434     -0.115      0.295      0.000
 440  436     -0.109     -0.567      0.000
 439  437     -0.109      0.561      0.000
  -1   -2     -0.109      0.550      0.000
 442  439     -0.104     -0.279      0.000
 445  440     -0.100     -0.185      0.000
 443  442     -0.099      0.443      0.000
 446  441     -0.099      0.221      0.000
 444  443     -0.098     -0.507      0.000
 447  446     -0.092      0.930      0.000
 449  444     -0.090      0.010      0.000
 450  445     -0.090     -0.056      0.000
 448  447     -0.087      0.847      0.000
 451  448     -0.084     -0.622      0.000
 452  449     -0.083     -0.340      0.000
 454  450     -0.078      0.643      0.000
 453  452     -0.077      0.979      0.000
 455  451     -0.076     -0.551      0.000
 456  453     -0.075     -0.665      0.000
 457  455     -0.069     -0.921      0.000
 458  454     -0.068     -0.015      0.000
 460  456     -0.066     -0.448      0.000
 459  457     -0.064     -0.935      0.000
 461  458     -0.064      0.529      0.000
 463  461     -0.063      0.444      0.000
 464  459     -0.063      0.273      0.000
 462  462     -0.062     -0.986      0.000
 465  460     -0.062     -0.243      0.000
 466  463     -0.060     -0.782      0.000
 467  464     -0.057     -0.801      0.000
 468  466     -0.054      0.778      0.000
 469  465     -0.054     -0.477      0.000
 470  467     -0.051      0.512      0.000
 471  469     -0.050     -0.614      0.000
 473  468     -0.050     -0.058      0.000
 472  470     -0.049     -0.988      0.000
 474  471     -0.049     -0.513      0.000
 477  473     -0.047      0.056      0.000
 476  472     -0.046      0.075      0.000
 475  476     -0.046     -0.692      0.000
 478  474     -0.046      0.371      0.000
 479  475     -0.045     -0.096      0.000
 480  477     -0.043     -0.910      0.000
 481  478     -0.041      0.920      0.000
 482  480     -0.039      0.587      0.000
 483  479     -0.038      0.247      0.000
 484  482     -0.037      0.779      0.000
 485  481     -0.036      0.415      0.000
 487  483     -0.035     -0.510      0.000
 486  485     -0.035     -0.850      0.000
 488  484     -0.034      0.100      0.000
 490  486     -0.032      0.280      0.000
 489  487     -0.033      0.847      0.000
 491  489     -0.031     -0.593      0.000
 492  488     -0.031     -0.303      0.000
 493  490     -0.031      0.948      0.000
 494  491     -0.030      0.141      0.000
 495  492     -0.027      0.178      0.000
 496  493     -0.025      0.025      0.000
 497  494     -0.024     -0.698      0.000
 498  495     -0.024     -0.477      0.000
 499  496     -0.023     -0.567      0.000
 500  497     -0.021      0.684      0.000
 501  498     -0.020     -0.513      0.000
 502  500     -0.017      0.296      0.000
 504  499     -0.016     -0.747      0.000
  -1   -2     -0.016     -0.562      0.000
 505  502     -0.014     -0.662      0.000
 506  503     -0.013     -0.687      0.000
 507  504     -0.011      0.981      0.000
 508  505     -0.005      0.061      0.000
 509  507      0.000     -0.265      0.000
 510  506      0.001     -0.441      0.000
 511  508      0.003      0.277      0.000
 512  510      0.011      0.075      0.000
 513  509      0.011      0.577      0.000
 515  511      0.013     -0.385      0.000
 514  512      0.014     -0.128      0.000
 516  514      0.015     -0.102      0.000
 518  513      0.017     -0.751      0.000
 517  516      0.017     -0.224      0.000
 519  515      0.018      0.812      0.000
 521  517      0.019      0.758      0.000
 520  518      0.021      0.156      0.000
 522  519      0.023     -0.734      0.000
 525  520      0.026      0.748      0.000
 523  521      0.027      0.112      0.000
 524  522      0.028     -0.226      0.000
 526  523      0.031      0.594      0.000
 527  525      0.037      0.199      0.000
 528  524      0.037      0.395      0.000
 529  526      0.042     -0.544      0.000
 530  527      0.045      0.007      0.000
 532  528      0.047     -0.453      0.000
 531  529      0.047      0.352      0.000
 534  530      0.057     -0.973      0.000
 533  531      0.058     -0.820      0.000
 535  532      0.059     -0.727      0.000
 537  533      0.064      0.422      0.000
 536  534      0.066      0.066      0.000
 538  535      0.072     -0.327      0.000
 539  539      0.078     -0.436      0.000
 543  536      0.079      0.886      0.000
 540  541      0.080      0.246      0.000
 542  540      0.080     -0.650      0.000
 544  538      0.081      0.777      0.000
 545  537      0.082     -0.936      0.000
 541  544      0.082      0.216      0.000
 547  542      0.084      0.722      0.000
 549  543      0.087     -0.877      0.000
  -1   -2      0.087      0.241      0.000
 548  546      0.089     -0.458      0.000
 552  545      0.092      0.707      0.000
 550  550      0.094      0.064      0.000
 554  548      0.094     -0.977      0.000
 551  551      0.094     -0.057      0.000
 555  549      0.096      0.945      0.000
 553  552      0.099     -0.195      0.000
 556  554      0.103      0.096      0.000
 558  555      0.105     -0.223      0.000
 557  557      0.105     -0.054      0.000
 559  558      0.107      0.324      0.000
 561  556      0.109     -0.565      0.000
 563  553      0.109     -0.916      0.000
 560  559      0.111      0.023      0.000
 562  561      0.115     -0.207      0.000
 565  560      0.118      0.566      0.000
 567   -2      0.119     -0.537      0.000
 564  566      0.120      0.073      0.000
  -1  562      0.123     -0.522      0.000
 568  564      0.124     -0.604      0.000
 570  563      0.127     -0.973      0.000
 569  569      0.129      0.304      0.000
 571  567      0.129      0.858      0.000
 572  568      0.130     -0.895      0.000
 573  570      0.135     -0.689      0.000
 574  578      0.142      0.135      0.000
 575  577      0.142     -0.230      0.000
 581  571      0.143     -0.889      0.000
 580  573      0.143      0.778      0.000
 578  575      0.143      0.379      0.000
 576  580      0.143      0.066      0.000
  -1   -2      0.144     -0.977      0.000
 577  581      0.145     -0.033      0.000
 583  574      0.145      0.951      0.000
 585  576      0.150     -0.983      0.000
 579  585      0.151     -0.013      0.000
 584  583      0.152      0.417      0.000
 588  579      0.153     -0.936      0.000
 591  582      0.155      0.809      0.000
  -1   -2      0.156     -0.534      0.000
 590  587      0.160     -0.488      0.000
 592  586      0.160     -0.544      0.000
 587  590      0.161     -0.174      0.000
 593  588      0.163      0.568      0.000
 589  592      0.164      0.091      0.000
 595  591      0.167      0.495      0.000
 594  593      0.170      0.311      0.000
 599  589      0.170      0.892      0.000
 597  595      0.174     -0.490      0.000
 596  598      0.175     -0.332      0.000
 600  596      0.176     -0.509      0.000
 604  594      0.178      0.883      0.000
 598  600      0.180      0.171      0.000
 603  597      0.180     -0.697      0.000
 601  601      0.183     -0.385      0.000
 608  599      0.185     -0.946      0.000
 602  603      0.187     -0.238      0.000
 605  604      0.191      0.411      0.000
 610  602      0.191     -0.549      0.000
 607  607      0.195      0.202      0.000
 606  608      0.195     -0.162      0.000
 609  610      0.196      0.092      0.000
 611  611      0.198      0.184      0.000
 616  605      0.201     -0.939      0.000
 613  609      0.201     -0.987      0.000
 612  614      0.202      0.083      0.000
 617  606      0.203      0.855      0.000
 614  616      0.208     -0.096      0.000
 619  612      0.209      0.698      0.000
 615  618      0.211      0.049      0.000
 621  615      0.212      0.588      0.000
 624  613      0.214      0.957      0.000
 618  621      0.218     -0.118      0.000
 625  617      0.219     -0.624      0.000
 620  622      0.220      0.140      0.000
 623  620      0.221      0.338      0.000
 626  619      0.222     -0.655      0.000
 622  623      0.222     -0.223      0.000
 627  628      0.232      0.207      0.000
 632  624      0.232      0.724      0.000
 629  627      0.233      0.416      0.000
 636  625      0.236      0.666      0.000
 634  626      0.236      0.578      0.000
 628  631      0.238     -0.110      0.000
 631  630      0.238     -0.382      0.000
 635  629      0.239     -0.569      0.000
 630  632      0.242      0.007      0.000
 633  635      0.245     -0.019      0.000
 637  634      0.252     -0.632      0.000
 640  633      0.257      0.980      0.000
 638  636      0.257     -0.433      0.000
 639  640      0.262     -0.259      0.000
 641  637      0.265      0.698      0.000
 644  639      0.272      0.759      0.000
 646  638      0.273     -0.843      0.000
 643  641      0.274     -0.569      0.000
 642  644      0.276     -0.288      0.000
 649  642      0.280      0.802      0.000
 645  653      0.286     -0.087      0.000
 655  643      0.286     -0.873      0.000
 648  646      0.288      0.397      0.000
 647  650      0.288      0.293      0.000
 651  652      0.291     -0.435      0.000
 654  647      0.291      0.537      0.000
 653  649      0.292      0.475      0.000
 658  645      0.294     -0.831      0.000
 650  654      0.294     -0.335      0.000
 657  655      0.298     -0.478      0.000
 652  659      0.299      0.115      0.000
 661  648      0.299      0.894      0.000
 662  651      0.301     -0.972      0.000
 660  657      0.303      0.488      0.000
 656  662      0.303      0.169      0.000
 664  656      0.306     -0.822      0.000
 665  660      0.311      0.596      0.000
 659  666      0.311      0.047      0.000
 672  658      0.312     -0.872      0.000
 670  661      0.315     -0.748      0.000
 663  667      0.318      0.032      0.000
  -1  663      0.319     -0.873      0.000
 666  668      0.321      0.245      0.000
 674  664      0.322     -0.682      0.000
 667  670      0.323     -0.182      0.000
 675  665      0.323      0.650      0.000
 668  671      0.326      0.168      0.000
 669  672      0.327      0.194      0.000
 676  669      0.329      0.514      0.000
 673  673      0.329     -0.303      0.000
 671  675      0.330      0.110      0.000
 680  674      0.335      0.367      0.000
 677  678      0.338      0.149      0.000
 678  681      0.339      0.007      0.000
 679  680      0.339      0.081      0.000
 682  676      0.344     -0.639      0.000
 681  687      0.344      0.090      0.000
 687  677      0.349      0.727      0.000
 683  682      0.350      0.505      0.000
 686  683      0.351     -0.592      0.000
 685  686      0.352      0.490      0.000
 684  689      0.353     -0.472      0.000
 691  679      0.353     -0.831      0.000
 689  685      0.354      0.603      0.000
 690  690      0.358     -0.609      0.000
 688  691      0.358      0.454      0.000
 693  684      0.359      0.877      0.000
 694  688      0.361      0.816      0.000
 692  694      0.367     -0.412      0.000
 697  693      0.372      0.649      0.000
 699  692      0.373     -0.821      0.000
 695  695      0.376      0.404      0.000
 696  699      0.382      0.143      0.000
 698  704      0.386      0.047      0.000
  -1   -2      0.387      0.827      0.000
 705  697      0.387     -0.767      0.000
 700  705      0.389     -0.203      0.000
 702  703      0.389      0.323      0.000
 709  698      0.391      0.878      0.000
 704  702      0.392      0.488      0.000
 701  709      0.393     -0.121      0.000
 707  708      0.398      0.436      0.000
 703  713      0.398     -0.175      0.000
 708  707      0.398      0.525      0.000
 713  701      0.400      0.827      0.000
 714  700      0.400     -0.959      0.000
 712  706      0.401     -0.693      0.000
 710  711      0.403     -0.473      0.000
 720  710      0.409     -0.722      0.000
 711  717      0.412     -0.168      0.000
 722  712      0.415     -0.983      0.000
 719  715      0.416      0.453      0.000
 715  722      0.420     -0.078      0.000
 716  721      0.422      0.189      0.000
 717  723      0.424      0.038      0.000
 726  714      0.424      0.857      0.000
 718  724      0.424      0.049      0.000
 727  716      0.426     -0.762      0.000
 728  718      0.429     -0.777      0.000
 721  725      0.430      0.137      0.000
 729  719      0.432      0.781      0.000
 730  720      0.435     -0.740      0.000
 723  728      0.436     -0.276      0.000
 724  726      0.436      0.314      0.000
 725  733      0.441     -0.082      0.000
 732  727      0.442     -0.552      0.000
 733  732      0.450     -0.988      0.000
 731  735      0.451     -0.130      0.000
 736  729      0.454     -0.835      0.000
 742  730      0.455     -0.900      0.000
 740  731      0.457     -0.784      0.000
 735  741      0.461     -0.334      0.000
 734  745      0.463      0.024      0.000
 746  734      0.466      0.836      0.000
 738  743      0.467     -0.432      0.000
 741  742      0.467      0.407      0.000
 744  736      0.467      0.700      0.000
 745  740      0.470      0.637      0.000
 750  737      0.472      0.996      0.000
 737  749      0.472     -0.139      0.000
 739  750      0.473      0.067      0.000
 751  738      0.473     -0.974      0.000
 752  739      0.474      0.951      0.000
 743  747      0.474      0.308      0.000
 748  746      0.477      0.531      0.000
 747  748      0.479      0.429      0.000
 753  744      0.480      0.873      0.000
 749  755      0.488      0.001      0.000
 758  753      0.495     -0.590      0.000
 760  751      0.496     -0.709      0.000
 761  752      0.498     -0.718      0.000
 757  756      0.500     -0.404      0.000
 763  754      0.502      0.806      0.000
 754  758      0.503      0.015      0.000
 755  759      0.503     -0.140      0.000
 756  760      0.504     -0.127      0.000
 759  762      0.506     -0.192      0.000
 764  757      0.512     -0.539      0.000
 762  763      0.514      0.249      0.000
 766  761      0.517      0.565      0.000
 769  765      0.525     -0.581      0.000
 765  768      0.527      0.116      0.000
 767  769      0.529      0.216      0.000
 773  764      0.530      0.747      0.000
 771  766      0.531      0.590      0.000
 770  772      0.534      0.224      0.000
 768  774      0.536     -0.103      0.000
 776  767      0.540      0.659      0.000
 774  773      0.541     -0.491      0.000
 778  770      0.543     -0.685      0.000
 772  780      0.545      0.085      0.000
 779  771      0.545     -0.649      0.000
 777  776      0.547      0.433      0.000
 775  779      0.549      0.299      0.000
 782  775      0.550      0.611      0.000
 781  777      0.550     -0.558      0.000
 780  782      0.554      0.347      0.000
 785  778      0.559     -0.834      0.000
 783  783      0.562     -0.544      0.000
 784  784      0.563     -0.552      0.000
 786  781      0.564     -0.991      0.000
 789  785      0.573      0.933      0.000
 791  786      0.575      0.918      0.000
 793  787      0.577     -0.794      0.000
 787  789      0.580      0.454      0.000
 797  788      0.582     -0.908      0.000
 790  793      0.587     -0.380      0.000
 796  791      0.587     -0.582      0.000
 795  792      0.589      0.463      0.000
 788  798      0.591      0.040      0.000
 800  790      0.591      0.867      0.000
 792  797      0.591      0.189      0.000
 794  800      0.595     -0.106      0.000
 804  794      0.600      0.848      0.000
 803  795      0.600     -0.779      0.000
 806  796      0.602     -0.992      0.000
 802  799      0.604     -0.606      0.000
 798  803      0.604     -0.211      0.000
 799  805      0.607      0.049      0.000
 807  801      0.611      0.632      0.000
 801  806      0.611     -0.244      0.000
 808  802      0.614     -0.628      0.000
 805  808      0.616     -0.190      0.000
 809  807      0.620     -0.581      0.000
 810  804      0.620      0.656      0.000
 812  810      0.632     -0.308      0.000
 811  813      0.635     -0.076      0.000
 814  811      0.638      0.428      0.000
 815  809      0.640      0.598      0.000
  -1   -2      0.640     -0.310      0.000
 817  812      0.646      0.726      0.000
 816  819      0.653      0.270      0.000
 822  814      0.654     -0.898      0.000
 821  816      0.656      0.730      0.000
 826  817      0.659      0.886      0.000
 818  825      0.661      0.049      0.000
 819  828      0.664     -0.060      0.000
 828  818      0.664     -0.905      0.000
 823  823      0.664     -0.452      0.000
 830  820      0.668      0.799      0.000
 829  822      0.668     -0.720      0.000
 820  830      0.669     -0.130      0.000
 827  824      0.669     -0.592      0.000
 831  821      0.669     -0.889      0.000
 825  829      0.670     -0.341      0.000
 824  831      0.673     -0.176      0.000
 832  827      0.674      0.679      0.000
 835  826      0.677      0.940      0.000
 833  836      0.689      0.053      0.000
 834  837      0.689      0.039      0.000
 838  832      0.693      0.955      0.000
 836  833      0.694     -0.667      0.000
 842  835      0.700      0.652      0.000
 844  834      0.700      0.730      0.000
 841  838      0.700     -0.987      0.000
 840  839      0.701      0.444      0.000
 837  841      0.703      0.331      0.000
 843  840      0.704      0.483      0.000
 839  847      0.707      0.164      0.000
 846  846      0.711      0.478      0.000
 847  845      0.712      0.617      0.000
 851  843      0.713      0.771      0.000
 850  844      0.713     -0.737      0.000
 852  842      0.714     -0.904      0.000
 849  848      0.717      0.505      0.000
 845  850      0.718      0.024      0.000
 848  852      0.722      0.229      0.000
 854  849      0.724      0.828      0.000
 855  851      0.729     -0.691      0.000
 853  860      0.733     -0.215      0.000
 858  853      0.735      0.728      0.000
 856  859      0.736     -0.455      0.000
 864  854      0.737     -0.858      0.000
 863  856      0.738      0.772      0.000
 860  857      0.738     -0.703      0.000
 867  855      0.739     -0.923      0.000
 857  863      0.742      0.133      0.000
 869  858      0.744      0.859      0.000
 859  865      0.745     -0.154      0.000
 870  861      0.746     -0.872      0.000
 861  867      0.748     -0.187      0.000
 862  868      0.749      0.100      0.000
 868  864      0.749     -0.523      0.000
 872  862      0.749     -0.829      0.000
 865  870      0.751      0.122      0.000
 866  869      0.751     -0.242      0.000
 871  871      0.757      0.265      0.000
 873  866      0.759      0.886      0.000
 874  878      0.770      0.075      0.000
 879  872      0.770     -0.868      0.000
 875  875      0.771     -0.461      0.000
 880  873      0.773      0.720      0.000
 882  874      0.775     -0.804      0.000
 878  879      0.777     -0.364      0.000
 876  880      0.777     -0.117      0.000
 877  881      0.779     -0.197      0.000
 884  876      0.780     -0.938      0.000
 883  877      0.780     -0.870      0.000
 881  886      0.783      0.243      0.000
  -1   -2      0.787     -0.662      0.000
 888  883      0.788     -0.650      0.000
 886  888      0.790     -0.407      0.000
 891  884      0.790     -0.789      0.000
 893  885      0.792      0.817      0.000
 892  887      0.792      0.683      0.000
 885  890      0.793      0.128      0.000
 890  889      0.795      0.457      0.000
 889  893      0.799      0.086      0.000
 895  891      0.801      0.504      0.000
 894  898      0.803     -0.082      0.000
 896  895      0.805      0.291      0.000
 900  892      0.806      0.965      0.000
  -1   -2      0.809      0.303      0.000
 899  899      0.810      0.524      0.000
  -1  894      0.812     -0.994      0.000
 903  896      0.813      0.871      0.000
 901  901      0.813     -0.533      0.000
 904  897      0.813     -0.945      0.000
 898  906      0.815      0.043      0.000
 902  902      0.815     -0.510      0.000
 906  905      0.820      0.601      0.000
 909  903      0.820      0.907      0.000
 908  904      0.821      0.786      0.000
 911  907      0.823     -0.785      0.000
 907  908      0.825      0.422      0.000
 905  909      0.825     -0.219      0.000
 912  910      0.828      0.388      0.000
 910  914      0.830     -0.071      0.000
 915  912      0.832      0.553      0.000
 916  911      0.832      0.625      0.000
 913  916      0.833      0.028      0.000
 914  915      0.834     -0.284      0.000
 918  913      0.836      0.888      0.000
 917  918      0.838     -0.445      0.000
 920  917      0.842      0.683      0.000
 919  921      0.844      0.238      0.000
 921  919      0.845      0.946      0.000
 924  920      0.848      0.739      0.000
 922  922      0.849     -0.519      0.000
 923  925      0.853     -0.028      0.000
 925  926      0.855      0.016      0.000
 928  923      0.856      0.843      0.000
 930  924      0.860      0.891      0.000
 927  929      0.860      0.292      0.000
 926  932      0.861      0.029      0.000
 929  930      0.862     -0.297      0.000
  -1   -2      0.864      0.706      0.000
 931  931      0.864      0.398      0.000
 933  927      0.864     -0.802      0.000
 935  933      0.870      0.697      0.000
 934  935      0.874     -0.017      0.000
 936  934      0.879      0.621      0.000
 938  936      0.881     -0.723      0.000
 937  937      0.885      0.332      0.000
 941  938      0.887     -0.707      0.000
  -1   -2      0.888      0.341      0.000
 940  940      0.888     -0.542      0.000
 942  939      0.889      0.677      0.000
 944  942      0.891      0.590      0.000
 943  944      0.891      0.470      0.000
 946  943      0.893      0.867      0.000
 945  948      0.897     -0.042      0.000
 947  947      0.898      0.185      0.000
 948  945      0.899     -0.712      0.000
 949  946      0.901     -0.650      0.000
 950  949      0.904      0.317      0.000
 951  951      0.906     -0.121      0.000
 952  950      0.907     -0.532      0.000
 953  952      0.910     -0.271      0.000
 954  953      0.911      0.037      0.000
 957  954      0.915     -0.425      0.000
 955  957      0.915     -0.053      0.000
 956  959      0.917      0.075      0.000
 959  955      0.917     -0.732      0.000
 960  956      0.919     -0.941      0.000
 958  961      0.920      0.320      0.000
 961  958      0.920     -0.955      0.000
 962  960      0.922     -0.908      0.000
 963  962      0.926      0.533      0.000
 964  963      0.929     -0.976      0.000
 965  964      0.932     -0.608      0.000
 967  965      0.934     -0.390      0.000
 966  966      0.935     -0.211      0.000
 968  967      0.936     -0.348      0.000
 969  968      0.941     -0.164      0.000
 970  969      0.946      0.520      0.000
 971  970      0.949     -0.987      0.000
 972  971      0.952      0.927      0.000
 973  972      0.952      0.877      0.000
 974   -2      0.952      0.996      0.000
 975  973      0.954      0.268      0.000
 976  974      0.956      0.772      0.000
 977  975      0.956     -0.861      0.000
 978  976      0.957     -0.581      0.000
 979  977      0.966     -0.729      0.000
 980  978      0.969      0.840      0.000
 982  979      0.970     -0.668      0.000
 981  980      0.971      0.489      0.000
 983  981      0.975     -0.218      0.000
 984  982      0.980      0.453      0.000
 985  983      0.980     -0.500      0.000
 986  984      0.985      0.720      0.000
 988  985      0.984     -0.880      0.000
 987  987      0.985     -0.347      0.000
 989  986      0.987      0.966      0.000
 991  988      0.988      0.640      0.000
 992  989      0.988      0.751      0.000
 993  990      0.987     -0.808      0.000
 990  992      0.989      0.026      0.000
  -1   -2      0.990      0.396      0.000
 995  993      0.991      0.385      0.000
