997
   0   11     -0.997     -0.560      0.000
   1    0     -0.997      0.525      0.000
   3    1     -0.995     -0.108      0.000
  -1   -2     -0.995      0.694      0.000
   4    2     -0.995      0.685      0.000
   5    3     -0.993     -0.692      0.000
   6    5     -0.989     -0.183      0.000
   7    6     -0.989      0.452      0.000
   9    7     -0.989     -0.049      0.000
   8    8     -0.989      0.952      0.000
  10   33     -0.988      0.201      0.000
  11   10     -0.987     -0.799      0.000
  12    9     -0.988     -0.299      0.000
  13   -2     -0.987     -0.549      0.000
  14    4     -0.987      0.701      0.000
  15   12     -0.984     -0.231      0.000
  16   13     -0.983      0.945      0.000
  17   14     -0.980     -0.975      0.000
  18   -2     -0.979      0.199      0.000
  20   15     -0.974     -0.153      0.000
  19   16     -0.974      0.611      0.000
  21   17     -0.971      0.490      0.000
  23   18     -0.966      0.294      0.000
  24   19     -0.966     -0.021      0.000
  22   22     -0.966      0.780      0.000
  25   20     -0.965     -0.159      0.000
  26   21     -0.965      0.271      0.000
  28   23     -0.961     -0.376      0.000
  27   25     -0.960     -0.914      0.000
  29   24     -0.959      0.506      0.000
  32   27     -0.954     -0.175      0.000
  33   26     -0.954     -0.092      0.000
  31   29     -0.954      0.645      0.000
  30   31     -0.952     -0.915      0.000
  35   28     -0.952     -0.346      0.000
  34   30     -0.951     -0.570      0.000
  36   32     -0.949     -0.620      0.000
  39   -2     -0.946      0.136      0.000
  37   35     -0.946      0.920      0.000
  38   34     -0.945     -0.658      0.000
  40   37     -0.943      0.699      0.000
  41   36     -0.942      0.483      0.000
  43   38     -0.932      0.067      0.000
  42   39     -0.932      0.332      0.000
  46   40     -0.930      0.131      0.000
  44   42     -0.929      0.389      0.000
  47   41     -0.928     -0.223      0.000
  45   45     -0.924     -0.897      0.000
  48   43     -0.925      0.580      0.000
  49   44     -0.921      0.239      0.000
  51   46     -0.920      0.147      0.000
  52   47     -0.918      0.291      0.000
  50   48     -0.916      0.896      0.000
  53   50     -0.905     -0.607      0.000
  54   51     -0.904      0.567      0.000
  56   49     -0.902     -0.139      0.000
  55   53     -0.900      0.550      0.000
  58   52     -0.899     -0.435      0.000
  60   54     -0.895     -0.568      0.000
  57   56     -0.895     -0.838      0.000
  59   57     -0.895      0.759      0.000
  61   59     -0.889     -0.792      0.000
  66   55     -0.889     -0.172      0.000
  65   58     -0.889      0.349      0.000
  62   63     -0.886     -0.903      0.000
  64   61     -0.886     -0.657      0.000
  63   65     -0.884     -0.988      0.000
  68   60     -0.884      0.406      0.000
  67   68     -0.883      0.809      0.000
  71   64     -0.880     -0.404      0.000
  74   62     -0.880     -0.195      0.000
  69   67     -0.880      0.522      0.000
  72   66     -0.880      0.479      0.000
  70   70     -0.875     -0.835      0.000
  73   73     -0.875      0.853      0.000
  77   69     -0.869      0.129      0.000
  78   72     -0.867     -0.268      0.000
  79   71     -0.867      0.055      0.000
  81   74     -0.866     -0.033      0.000
  76   77     -0.865     -0.656      0.000
  75   78     -0.864     -0.921      0.000
  83   76     -0.861     -0.215      0.000
  84   75     -0.861     -0.145      0.000
  80   79     -0.861      0.631      0.000
  82   80     -0.858      0.625      0.000
  85   81     -0.855      0.558      0.000
  86   82     -0.847      0.023      0.000
  87   83     -0.844      0.155      0.000
  90   84     -0.844     -0.112      0.000
  92   85     -0.842     -0.011      0.000
  88   86     -0.841     -0.475      0.000
  94   87     -0.837      0.098      0.000
  95   88     -0.836     -0.080      0.000
  91   90     -0.836      0.593      0.000
  89   94     -0.834     -0.956      0.000
  96   89     -0.834      0.221      0.000
  93   95     -0.829     -0.805      0.000
  97   91     -0.828     -0.276      0.000
  98   92     -0.827     -0.147      0.000
 100   93     -0.827     -0.059      0.000
 102   96     -0.820      0.186      0.000
 103   97     -0.819      0.111      0.000
 101   98     -0.818      0.462      0.000
  99  100     -0.815     -0.847      0.000
 104   99     -0.809      0.211      0.000
 111  101     -0.802     -0.155      0.000
 110  102     -0.801      0.309      0.000
 107  103     -0.801      0.428      0.000
 105  107     -0.799      0.663      0.000
 108  105     -0.798     -0.989      0.000
 109  106     -0.798      0.495      0.000
 113  104     -0.797     -0.289      0.000
 106  108     -0.797      0.755      0.000
 112  109     -0.791     -0.783      0.000
 118  111     -0.783     -0.352      0.000
 120  110     -0.781      0.088      0.000
 114  116     -0.780     -0.875      0.000
 117  113     -0.779     -0.545      0.000
 122  112     -0.779     -0.007      0.000
 119  114     -0.779      0.483      0.000
 115  119     -0.777      0.911      0.000
 116  120     -0.774     -0.817      0.000
 123  115     -0.773     -0.362      0.000
 121  118     -0.772      0.509      0.000
 125  117     -0.768     -0.209      0.000
 124  123     -0.761      0.959      0.000
 126  122     -0.756      0.506      0.000
 127  121     -0.755      0.469      0.000
 128  128     -0.746     -0.707      0.000
 133  124     -0.745     -0.156      0.000
 136  125     -0.744     -0.046      0.000
 135  126     -0.743     -0.252      0.000
 129  132     -0.743      0.637      0.000
 132  127     -0.741      0.399      0.000
 134  130     -0.740      0.444      0.000
 137  131     -0.737     -0.425      0.000
 138  135     -0.736     -0.479      0.000
 130  137     -0.736     -0.979      0.000
 139  133     -0.735     -0.447      0.000
 142  129     -0.735     -0.224      0.000
 131  138     -0.735      0.858      0.000
 140  134     -0.734     -0.394      0.000
 141  140     -0.727     -0.662      0.000
 143  139     -0.724      0.395      0.000
 145  136     -0.722      0.097      0.000
 150  141     -0.716      0.069      0.000
 148  142     -0.715      0.296      0.000
 146  144     -0.713     -0.500      0.000
 151  143     -0.711     -0.154      0.000
 149  145     -0.710      0.454      0.000
 144  147     -0.710      0.877      0.000
 147  151     -0.705      0.797      0.000
 156  146     -0.700      0.172      0.000
 161  148     -0.695     -0.211      0.000
 153  153     -0.695      0.638      0.000
 160  150     -0.694     -0.387      0.000
 162  149     -0.693     -0.264      0.000
 159  152     -0.692      0.483      0.000
 152  157     -0.692      0.835      0.000
 154  156     -0.692      0.767      0.000
 157  154     -0.690      0.569      0.000
 158  155     -0.690      0.589      0.000
 155  159     -0.689     -0.790      0.000
 163  162     -0.681      0.682      0.000
 164  161     -0.680      0.536      0.000
 168  158     -0.678      0.261      0.000
 166  163     -0.677      0.571      0.000
 165  165     -0.674     -0.712      0.000
 171  160     -0.674     -0.195      0.000
 170  164     -0.671     -0.464      0.000
 167  167     -0.670      0.926      0.000
  -1   -2     -0.666     -0.713      0.000
 173  166     -0.660     -0.310      0.000
 174  168     -0.657     -0.378      0.000
 178  170     -0.652     -0.165      0.000
 172  177     -0.648      0.810      0.000
 175  175     -0.648      0.715      0.000
 177  176     -0.644      0.551      0.000
 182  171     -0.642      0.158      0.000
 176  182     -0.639     -0.747      0.000
 185  172     -0.638     -0.211      0.000
 186  173     -0.637      0.218      0.000
 181  178     -0.636      0.467      0.000
 179  180     -0.635     -0.556      0.000
 189  174     -0.634      0.026      0.000
 184  185     -0.628     -0.708      0.000
 180  187     -0.628      0.865      0.000
 191  179     -0.628      0.132      0.000
 188  184     -0.627      0.546      0.000
 183  188     -0.627      0.821      0.000
 194  181     -0.625      0.048      0.000
 195  183     -0.623     -0.188      0.000
 187  190     -0.623      0.783      0.000
 190  192     -0.617     -0.782      0.000
 198  189     -0.612     -0.415      0.000
 193  193     -0.613      0.686      0.000
 202  186     -0.612      0.028      0.000
 192  194     -0.611     -0.738      0.000
 205  191     -0.606      0.193      0.000
 196  196     -0.606      0.836      0.000
 200  195     -0.604      0.516      0.000
 197  200     -0.603      0.915      0.000
 199  201     -0.601      0.801      0.000
 206  198     -0.597      0.511      0.000
 201  205     -0.596      0.905      0.000
 208  202     -0.593     -0.610      0.000
 204  206     -0.593      0.777      0.000
 203  209     -0.592     -0.909      0.000
 207  204     -0.593      0.648      0.000
 213  197     -0.592      0.300      0.000
 215  199     -0.590      0.241      0.000
 212  210     -0.585     -0.653      0.000
 210  212     -0.586      0.634      0.000
 209  215     -0.581     -0.979      0.000
 216  211     -0.582      0.506      0.000
 219  203     -0.581     -0.082      0.000
 211  217     -0.580      0.993      0.000
 217  214     -0.579      0.473      0.000
 214  219     -0.577     -0.842      0.000
 226  207     -0.576      0.021      0.000
 225  208     -0.576      0.056      0.000
 218  218     -0.573     -0.612      0.000
 220  216     -0.572      0.469      0.000
 227  213     -0.570     -0.056      0.000
 221  223     -0.565      0.720      0.000
 223  224     -0.561     -0.718      0.000
 229  221     -0.561      0.447      0.000
 233  220     -0.559     -0.139      0.000
 222  229     -0.559      0.991      0.000
 224  230     -0.557     -0.895      0.000
 228  226     -0.557      0.587      0.000
 231  225     -0.555     -0.522      0.000
 237  222     -0.553     -0.189      0.000
 232  231     -0.552      0.598      0.000
 234  228     -0.549     -0.988      0.000
 235  227     -0.549     -0.479      0.000
 230  232     -0.549      0.717      0.000
 236  234     -0.541      0.710      0.000
 238  233     -0.540      0.655      0.000
 239  239     -0.534      0.948      0.000
 243  235     -0.532     -0.494      0.000
  -1   -2     -0.530      0.713      0.000
 242  242     -0.526      0.725      0.000
 241  244     -0.524      0.930      0.000
 248  236     -0.522     -0.171      0.000
 244  243     -0.519      0.621      0.000
 249  238     -0.519      0.274      0.000
 253  237     -0.518     -0.029      0.000
 247  248     -0.511     -0.603      0.000
 255  241     -0.511      0.013      0.000
 252  245     -0.511      0.419      0.000
 245  249     -0.510     -0.849      0.000
 246  250     -0.509      0.958      0.000
 254  247     -0.508     -0.472      0.000
 250  251     -0.504     -0.735      0.000
 251  254     -0.503      0.808      0.000
 259  246     -0.501     -0.079      0.000
 256  253     -0.498      0.586      0.000
 257  259     -0.490      0.954      0.000
  -1  256     -0.489     -0.043      0.000
 258  261     -0.486      0.746      0.000
 266  255     -0.485      0.310      0.000
 260  264     -0.484      0.767      0.000
 262  260     -0.482      0.583      0.000
 268  258     -0.480      0.434      0.000
 261  270     -0.478     -0.992      0.000
 264  269     -0.475     -0.738      0.000
 269  262     -0.474     -0.390      0.000
 263  273     -0.475      0.825      0.000
 267  275     -0.474     -0.042      0.000
 265  272     -0.474      0.773      0.000
 274  257     -0.473     -0.174      0.000
 270  266     -0.471      0.455      0.000
 275  263     -0.469     -0.186      0.000
 273  267     -0.468      0.354      0.000
 276  268     -0.464     -0.221      0.000
 279  271     -0.460      0.181      0.000
 271  276     -0.459      0.931      0.000
 281  274     -0.454     -0.174      0.000
 272   -2     -0.451     -0.040      0.000
 277  279     -0.448     -0.785      0.000
 280  278     -0.448     -0.651      0.000
 291  277     -0.437     -0.035      0.000
 287  283     -0.433      0.591      0.000
 282  289     -0.433      0.985      0.000
 284  287     -0.433      0.877      0.000
 290  282     -0.432      0.396      0.000
 285  290     -0.431      0.809      0.000
 296  280     -0.429      0.166      0.000
 286  293     -0.428     -0.908      0.000
 297  281     -0.428      0.088      0.000
 288  294     -0.426     -0.814      0.000
 289  295     -0.426      0.776      0.000
 292  299     -0.420      0.719      0.000
 303  284     -0.418      0.149      0.000
 294  300     -0.418     -0.710      0.000
 295  298     -0.418      0.636      0.000
 298  296     -0.418      0.501      0.000
 307  285     -0.417     -0.060      0.000
 305  288     -0.417     -0.259      0.000
 293  303     -0.416     -0.835      0.000
 308  286     -0.416     -0.154      0.000
 304  292     -0.416     -0.323      0.000
  -1   -2     -0.413      0.014      0.000
 301  301     -0.412     -0.537      0.000
 302  302     -0.411      0.507      0.000
 300  304     -0.410      0.624      0.000
 299  309     -0.407     -0.863      0.000
 311  297     -0.407      0.020      0.000
 306  305     -0.406     -0.618      0.000
 310  306     -0.401     -0.485      0.000
 312  307     -0.400     -0.444      0.000
 314  310     -0.395     -0.403      0.000
 316  308     -0.394     -0.248      0.000
 315  311     -0.393     -0.333      0.000
 317  312     -0.389     -0.112      0.000
 313  314     -0.388      0.891      0.000
 318  313     -0.387     -0.103      0.000
 322  315     -0.374      0.285      0.000
 321  316     -0.373      0.339      0.000
 319  318     -0.367      0.743      0.000
 320  319     -0.363      0.853      0.000
 327  317     -0.358     -0.268      0.000
 323  320     -0.357     -0.604      0.000
 328  322     -0.352      0.390      0.000
 324  326     -0.350      0.945      0.000
  -1  321     -0.348      0.143      0.000
 325  328     -0.346     -0.925      0.000
 326  327     -0.345     -0.903      0.000
 332  323     -0.345     -0.108      0.000
 333  324     -0.343     -0.066      0.000
 330  329     -0.340      0.693      0.000
 329  332     -0.337      0.995      0.000
 335  325     -0.334      0.143      0.000
 337  330     -0.328      0.299      0.000
 334  334     -0.326      0.544      0.000
 339  331     -0.324      0.202      0.000
 336  337     -0.322     -0.676      0.000
 338  339     -0.319     -0.634      0.000
 344  333     -0.319      0.154      0.000
 342  335     -0.318     -0.279      0.000
 346  338     -0.315      0.349      0.000
 347  336     -0.314      0.172      0.000
 345  342     -0.313      0.478      0.000
 343  343     -0.312      0.531      0.000
 340  346     -0.311     -0.882      0.000
 352  340     -0.310      0.100      0.000
 341  348     -0.309      0.705      0.000
 353  341     -0.308     -0.014      0.000
 348  347     -0.307      0.568      0.000
 349  350     -0.303     -0.666      0.000
 350  352     -0.302     -0.693      0.000
 351  351     -0.302     -0.627      0.000
 357  344     -0.302      0.159      0.000
 356  353     -0.298     -0.988      0.000
 359  345     -0.298     -0.053      0.000
 355  354     -0.298      0.573      0.000
 360  349     -0.297     -0.138      0.000
 354  358     -0.293      0.975      0.000
 358  357     -0.289      0.631      0.000
 361  355     -0.288     -0.499      0.000
 363  356     -0.281     -0.241      0.000
 362  359     -0.280      0.754      0.000
 364  360     -0.269      0.446      0.000
 365  362     -0.265      0.695      0.000
 366  363     -0.262     -0.627      0.000
 368  361     -0.259      0.374      0.000
 367  367     -0.256      0.974      0.000
 369  364     -0.255     -0.459      0.000
 372  365     -0.249      0.061      0.000
 371  369     -0.248      0.638      0.000
 373  366     -0.247     -0.261      0.000
 370  373     -0.247      0.744      0.000
 376  370     -0.242     -0.359      0.000
 381  368     -0.242     -0.056      0.000
 379  371     -0.241     -0.338      0.000
 378  374     -0.239     -0.427      0.000
 375  375     -0.239     -0.599      0.000
 382  372     -0.238      0.184      0.000
 374  377     -0.236      0.921      0.000
 377  381     -0.233      0.872      0.000
 380  379     -0.232      0.804      0.000
 383  378     -0.232      0.549      0.000
 387  376     -0.229     -0.447      0.000
 385  380     -0.228     -0.601      0.000
 384  386     -0.226     -0.991      0.000
 386  383     -0.226      0.625      0.000
 388  389     -0.222      0.829      0.000
 390  382     -0.221     -0.281      0.000
 393  385     -0.218     -0.152      0.000
 395  384     -0.217     -0.063      0.000
 389  392     -0.217     -0.775      0.000
 392  390     -0.216      0.418      0.000
 397  387     -0.215     -0.119      0.000
 399  388     -0.214     -0.041      0.000
 391  394     -0.214      0.686      0.000
 394  391     -0.214      0.394      0.000
 396  397     -0.209     -0.699      0.000
 398  396     -0.209     -0.570      0.000
 400  393     -0.209     -0.282      0.000
 401  395     -0.206     -0.142      0.000
 402  398     -0.203     -0.406      0.000
 403  399     -0.200     -0.513      0.000
  -1   -2     -0.199     -0.504      0.000
 404  401     -0.196     -0.733      0.000
 406  404     -0.192      0.662      0.000
 407  405     -0.191      0.711      0.000
 409  403     -0.186      0.149      0.000
 410  402     -0.186     -0.036      0.000
 408  406     -0.184     -0.686      0.000
 411  407     -0.179      0.511      0.000
 412  409     -0.174      0.834      0.000
 413  410     -0.174     -0.841      0.000
 414  411     -0.173      0.851      0.000
 416  408     -0.172     -0.620      0.000
 415  415     -0.171      0.968      0.000
 417  416     -0.169     -0.910      0.000
 419  412     -0.168     -0.504      0.000
  -1  414     -0.167      0.431      0.000
 418  417     -0.167      0.772      0.000
 420   -2     -0.167      0.439      0.000
 423  418     -0.158      0.159      0.000
 422  419     -0.156     -0.848      0.000
 424  420     -0.152     -0.483      0.000
 426  421     -0.143      0.227      0.000
 425  426     -0.141      0.791      0.000
 428  422     -0.140      0.204      0.000
 430  423     -0.139     -0.050      0.000
 427  424     -0.138      0.448      0.000
 429  427     -0.136      0.624      0.000
 431  425     -0.136     -0.251      0.000
 432  428     -0.131     -0.315      0.000
 434  429     -0.131     -0.218      0.000
 435  430     -0.129      0.184      0.000
 436  431     -0.128     -0.292      0.000
 433  432     -0.127      0.757      0.000
 438  433     -0.120     -0.369      0.000
 437  434     -0.118     -0.642      0.000
 439  435     -0.113      0.303      0.000
 440  437     -0.110      0.570      0.000
 441  436     -0.110     -0.576      0.000
  -1   -2     -0.109      0.559      0.000
 443  439     -0.103     -0.286      0.000
 444  441     -0.099      0.452      0.000
 445  443     -0.098     -0.516      0.000
 446  440     -0.098     -0.189      0.000
 448  442     -0.097      0.227      0.000
 447  444     -0.094      0.931      0.000
 449  447     -0.089      0.851      0.000
 450  445     -0.088      0.011      0.000
 451  446     -0.088     -0.057      0.000
 452  448     -0.085     -0.631      0.000
 453  449     -0.082     -0.349      0.000
 454  451     -0.078      0.980      0.000
 455  450     -0.078      0.651      0.000
 456  452     -0.077     -0.560      0.000
 457  453     -0.076     -0.673      0.000
 458  454     -0.070     -0.924      0.000
 461  455     -0.067     -0.015      0.000
 459  457     -0.066     -0.938      0.000
 460  456     -0.066     -0.457      0.000
 463  458     -0.064      0.538      0.000
 462  461     -0.063     -0.987      0.000
 464  459     -0.063      0.453      0.000
 465  460     -0.062      0.280      0.000
 467  462     -0.061     -0.248      0.000
 466  463     -0.060     -0.789      0.000
 468  464     -0.058     -0.807      0.000
 469  465     -0.055      0.784      0.000
 470  466     -0.054     -0.487      0.000
 471  467     -0.051      0.521      0.000
 472  468     -0.050     -0.623      0.000
 473  470     -0.049     -0.988      0.000
 475  469     -0.049     -0.059      0.000
 474  471     -0.049     -0.522      0.000
 476  474     -0.046     -0.700      0.000
 478  473     -0.046      0.078      0.000
 479  472     -0.046      0.058      0.000
 477  475     -0.046      0.380      0.000
 480  476     -0.044     -0.098      0.000
 481  477     -0.043     -0.914      0.000
 482  478     -0.042      0.922      0.000
 483  479     -0.039      0.596      0.000
 484  480     -0.038      0.254      0.000
 485  481     -0.037      0.785      0.000
 486  482     -0.036      0.425      0.000
 487  484     -0.035     -0.855      0.000
 488  483     -0.035     -0.520      0.000
 489  485     -0.034      0.103      0.000
 490  487     -0.033      0.851      0.000
 491  486     -0.032      0.287      0.000
 492  488     -0.032     -0.602      0.000
 493  489     -0.031     -0.310      0.000
 494  490     -0.031      0.948      0.000
 495  491     -0.030      0.146      0.000
 496  492     -0.027      0.184      0.000
 497  493     -0.026      0.026      0.000
 498  494     -0.024     -0.706      0.000
 499  495     -0.024     -0.487      0.000
 500  496     -0.023     -0.576      0.000
 501  497     -0.021      0.692      0.000
 502  498     -0.020     -0.522      0.000
 503  499     -0.017      0.304      0.000
  -1   -2     -0.016     -0.571      0.000
 505  500     -0.016     -0.754      0.000
 506  502     -0.014     -0.670      0.000
 507  503     -0.013     -0.695      0.000
 508  504     -0.011      0.981      0.000
 509  505     -0.005      0.063      0.000
 510  506     -0.000     -0.271      0.000
 511  507      0.000     -0.450      0.000
 512  508      0.003      0.285      0.000
 513  509      0.010      0.078      0.000
 515  510      0.011      0.586      0.000
 514  512      0.012     -0.130      0.000
 517  511      0.013     -0.394      0.000
 516  513      0.013     -0.105      0.000
 518  515      0.016     -0.230      0.000
 519  514      0.017     -0.758      0.000
 521  516      0.019      0.817      0.000
 520  518      0.020      0.161      0.000
 522  517      0.020      0.764      0.000
 525  519      0.024     -0.742      0.000
 523  521      0.025      0.116      0.000
 524  522      0.027     -0.232      0.000
 526  520      0.027      0.754      0.000
 527  523      0.031      0.603      0.000
 528  524      0.035      0.206      0.000
 529  525      0.037      0.404      0.000
 531  526      0.042     -0.553      0.000
 530  527      0.042      0.008      0.000
 532  529      0.046      0.361      0.000
 533  528      0.046     -0.461      0.000
 535  531      0.060     -0.825      0.000
 537  530      0.060     -0.974      0.000
 536  532      0.060     -0.735      0.000
 534  534      0.063      0.068      0.000
 538  533      0.063      0.431      0.000
 539  535      0.071     -0.334      0.000
 541  536      0.078     -0.445      0.000
 540  538      0.078      0.252      0.000
 542  542      0.080      0.221      0.000
 543  539      0.082     -0.659      0.000
 545  537      0.082      0.889      0.000
 546  540      0.084      0.782      0.000
 550  541      0.085     -0.938      0.000
  -1   -2      0.085      0.248      0.000
 551  543      0.087      0.729      0.000
 549  546      0.089     -0.467      0.000
 552  544      0.090     -0.881      0.000
 547  548      0.090      0.066      0.000
 548  550      0.091     -0.057      0.000
 554  547      0.094      0.714      0.000
 553  552      0.096     -0.200      0.000
 558  549      0.098     -0.978      0.000
 560  551      0.099      0.945      0.000
 555  553      0.100      0.099      0.000
 556  555      0.102     -0.055      0.000
 557  554      0.102     -0.228      0.000
 561  556      0.106      0.332      0.000
 559  559      0.107      0.024      0.000
 563  557      0.109     -0.573      0.000
 562  560      0.112     -0.212      0.000
 565  558      0.112     -0.919      0.000
 564  563      0.116      0.076      0.000
 567  561      0.119      0.574      0.000
 568   -2      0.120     -0.546      0.000
  -1  562      0.123     -0.530      0.000
 570  565      0.125     -0.612      0.000
 569  567      0.126      0.311      0.000
 575  566      0.131     -0.974      0.000
 576  568      0.134      0.862      0.000
 577  569      0.135     -0.898      0.000
 578  570      0.137     -0.696      0.000
 571  571      0.137      0.139      0.000
 572  572      0.138     -0.236      0.000
 573  576      0.138      0.068      0.000
 574  578      0.140     -0.034      0.000
 579  575      0.142      0.387      0.000
 580  581      0.146     -0.013      0.000
 582  574      0.147      0.783      0.000
 584  573      0.147     -0.893      0.000
  -1   -2      0.149     -0.978      0.000
 587  579      0.150      0.952      0.000
 581  582      0.151      0.425      0.000
 590  580      0.155     -0.984      0.000
  -1   -2      0.156     -0.542      0.000
 583  588      0.156     -0.178      0.000
 592  583      0.158     -0.938      0.000
 586  590      0.159      0.094      0.000
 589  586      0.160     -0.496      0.000
 593  584      0.160      0.813      0.000
 591  587      0.160     -0.552      0.000
 595  589      0.164      0.576      0.000
 594  592      0.167      0.318      0.000
 596  591      0.167      0.503      0.000
 597  595      0.172     -0.338      0.000
 599  594      0.173     -0.498      0.000
 598  598      0.175      0.175      0.000
 603  593      0.175      0.894      0.000
 600  596      0.176     -0.517      0.000
 602  600      0.181     -0.392      0.000
 601  602      0.182     -0.243      0.000
 607  599      0.183     -0.703      0.000
 610  597      0.183      0.885      0.000
 609  603      0.190      0.419      0.000
 604  606      0.190     -0.165      0.000
 606  605      0.190      0.207      0.000
 614  601      0.190     -0.948      0.000
 605  607      0.190      0.095      0.000
 612  604      0.192     -0.557      0.000
 608  608      0.193      0.188      0.000
 611  611      0.196      0.085      0.000
 616  610      0.201     -0.988      0.000
 613  613      0.202     -0.098      0.000
 615  615      0.205      0.050      0.000
 620  609      0.207     -0.941      0.000
 621  612      0.209      0.858      0.000
 617  618      0.212     -0.121      0.000
 624  614      0.213      0.703      0.000
 618  620      0.214      0.143      0.000
 623  616      0.214      0.595      0.000
 619  623      0.217     -0.228      0.000
 622  621      0.218      0.344      0.000
 629  617      0.221      0.958      0.000
 626  619      0.221     -0.631      0.000
 628  622      0.225     -0.661      0.000
 625  624      0.227      0.212      0.000
 627  629      0.231     -0.113      0.000
 631  626      0.232      0.422      0.000
 630  632      0.235      0.008      0.000
 633  630      0.235     -0.388      0.000
 636  625      0.237      0.729      0.000
 632  633      0.238     -0.019      0.000
 634  628      0.238      0.584      0.000
 635  631      0.240     -0.575      0.000
 637  627      0.240      0.672      0.000
 640  634      0.255     -0.638      0.000
 639  636      0.255     -0.439      0.000
 638  637      0.256     -0.263      0.000
 643  635      0.265      0.981      0.000
 644  638      0.270      0.702      0.000
 641  642      0.271     -0.292      0.000
 645  641      0.275     -0.575      0.000
 649  639      0.278      0.763      0.000
 642  644      0.278     -0.088      0.000
 651  640      0.279     -0.846      0.000
 646  647      0.284      0.298      0.000
 647  646      0.285      0.402      0.000
 655  643      0.287      0.804      0.000
 650  652      0.289     -0.339      0.000
 652  648      0.289     -0.441      0.000
 648  654      0.291      0.117      0.000
 654  650      0.291      0.481      0.000
 656  649      0.293      0.542      0.000
 659  645      0.293     -0.875      0.000
 653  658      0.296      0.172      0.000
 657  653      0.296     -0.483      0.000
 662  651      0.300     -0.834      0.000
 658  661      0.303      0.048      0.000
 661  657      0.303      0.493      0.000
 668  655      0.307      0.895      0.000
 670  656      0.309     -0.973      0.000
 660  664      0.310      0.032      0.000
 672  659      0.313     -0.824      0.000
 669  660      0.314      0.601      0.000
 664  666      0.315      0.249      0.000
 663  668      0.316     -0.184      0.000
 665  670      0.318      0.170      0.000
 666  671      0.320      0.196      0.000
 676  663      0.320     -0.752      0.000
 667  674      0.322      0.112      0.000
 683  662      0.323     -0.875      0.000
 671  673      0.323     -0.306      0.000
 681  667      0.326     -0.686      0.000
 682  669      0.328      0.654      0.000
 680  672      0.330      0.518      0.000
 674  676      0.330      0.151      0.000
 673  677      0.331      0.008      0.000
 675  678      0.331      0.083      0.000
 679  675      0.332      0.371      0.000
 678  680      0.336      0.092      0.000
 685  679      0.347     -0.643      0.000
 686  682      0.351      0.508      0.000
 684  685      0.351     -0.476      0.000
 687  684      0.352      0.493      0.000
 688  683      0.353     -0.596      0.000
 692  681      0.356      0.730      0.000
 689  689      0.357      0.457      0.000
 690  687      0.358      0.606      0.000
 693  688      0.360     -0.612      0.000
 696  686      0.360     -0.833      0.000
 691  692      0.364     -0.415      0.000
 700  690      0.367      0.878      0.000
 701  691      0.369      0.818      0.000
 697  695      0.374      0.407      0.000
 694  696      0.374      0.145      0.000
 703  693      0.376      0.652      0.000
 695  697      0.377      0.048      0.000
 705  694      0.380     -0.823      0.000
 698  700      0.381     -0.204      0.000
 699  704      0.384     -0.122      0.000
 702  701      0.385      0.325      0.000
 704  706      0.390     -0.177      0.000
 706  703      0.393      0.491      0.000
 710  699      0.393     -0.769      0.000
  -1   -2      0.395      0.829      0.000
 707  705      0.396      0.438      0.000
 711  707      0.399      0.528      0.000
 717  702      0.399      0.879      0.000
 709  711      0.401     -0.476      0.000
 708  713      0.404     -0.170      0.000
 718  710      0.406     -0.695      0.000
 721  708      0.408      0.829      0.000
 722  709      0.410     -0.959      0.000
 712  716      0.411     -0.079      0.000
 716  717      0.414      0.190      0.000
 714  718      0.414      0.038      0.000
 715  720      0.414      0.049      0.000
 720  715      0.415      0.455      0.000
 723  712      0.415     -0.724      0.000
 719  723      0.422      0.138      0.000
 728  714      0.424     -0.983      0.000
 725  726      0.429     -0.277      0.000
 726  727      0.431      0.316      0.000
 724  728      0.431     -0.083      0.000
 730  719      0.432      0.858      0.000
 729  721      0.433     -0.763      0.000
 731  722      0.436     -0.779      0.000
 734  724      0.439      0.783      0.000
 735  725      0.441     -0.742      0.000
 727  731      0.442     -0.131      0.000
 732  729      0.443     -0.554      0.000
 737  730      0.450     -0.988      0.000
 733  736      0.454      0.024      0.000
 736  735      0.456     -0.335      0.000
 744  732      0.462     -0.835      0.000
 738  743      0.463     -0.140      0.000
 740  738      0.463     -0.432      0.000
 739  744      0.464      0.067      0.000
 745  734      0.464     -0.784      0.000
 741  739      0.465      0.408      0.000
 746  733      0.465     -0.900      0.000
 742  747      0.469      0.308      0.000
 750  740      0.473      0.700      0.000
 748  741      0.474      0.637      0.000
 751  737      0.475      0.836      0.000
 747  749      0.477      0.429      0.000
 749  748      0.478      0.531      0.000
 743  751      0.478      0.001      0.000
 756  742      0.481      0.996      0.000
 758  745      0.483     -0.974      0.000
 759  746      0.484      0.951      0.000
 760  750      0.489      0.874      0.000
 752  757      0.493      0.015      0.000
 753  758      0.494     -0.139      0.000
 754  759      0.494     -0.127      0.000
 757  755      0.496     -0.404      0.000
 761  752      0.497     -0.590      0.000
 755  760      0.497     -0.192      0.000
 763  753      0.502     -0.708      0.000
 765  754      0.504     -0.718      0.000
 762  762      0.508      0.248      0.000
 769  756      0.511      0.806      0.000
 766  761      0.512     -0.539      0.000
 764  765      0.518      0.115      0.000
 771  763      0.519      0.564      0.000
 767  766      0.522      0.215      0.000
 768  770      0.526     -0.103      0.000
 773  764      0.527     -0.580      0.000
 770  769      0.528      0.223      0.000
 774  768      0.534      0.588      0.000
 772  774      0.536      0.084      0.000
 778  767      0.537      0.746      0.000
 776  772      0.540     -0.489      0.000
 775  777      0.543      0.297      0.000
 780  771      0.545      0.657      0.000
 777  776      0.545      0.431      0.000
 781  773      0.547     -0.684      0.000
 783  775      0.548     -0.647      0.000
 779  780      0.550      0.345      0.000
 782  779      0.551     -0.556      0.000
 784  778      0.554      0.609      0.000
 785  782      0.562     -0.541      0.000
 786  783      0.564     -0.550      0.000
 788  781      0.568     -0.833      0.000
 793  784      0.573     -0.991      0.000
 791  788      0.579      0.451      0.000
 787  793      0.582      0.040      0.000
 798  785      0.582      0.933      0.000
 792  790      0.582     -0.377      0.000
 799  786      0.583      0.918      0.000
 789  795      0.584      0.187      0.000
 800  787      0.584     -0.793      0.000
 790  796      0.586     -0.106      0.000
 794  792      0.588      0.460      0.000
 797  791      0.589     -0.579      0.000
 803  789      0.591     -0.907      0.000
 795  801      0.596     -0.210      0.000
 796  802      0.599      0.048      0.000
 804  794      0.599      0.866      0.000
 801  804      0.604     -0.242      0.000
 805  800      0.606     -0.602      0.000
 806  798      0.606     -0.777      0.000
 807  797      0.607      0.847      0.000
 802  806      0.608     -0.188      0.000
 811  799      0.611     -0.992      0.000
 809  803      0.615      0.629      0.000
 810  805      0.617     -0.624      0.000
 813  807      0.621     -0.577      0.000
 814  808      0.625      0.653      0.000
 808  810      0.626     -0.075      0.000
 812  809      0.627     -0.306      0.000
  -1   -2      0.634     -0.307      0.000
 816  811      0.636      0.423      0.000
 819  812      0.642      0.593      0.000
 817  815      0.648      0.266      0.000
 822  814      0.651      0.723      0.000
 818  819      0.652      0.047      0.000
 820  820      0.656     -0.060      0.000
 821  825      0.661     -0.128      0.000
 826  817      0.661      0.726      0.000
 827  816      0.662     -0.896      0.000
 824  822      0.662     -0.448      0.000
 823  829      0.665     -0.174      0.000
 825  828      0.666     -0.337      0.000
 831  818      0.667      0.884      0.000
 828  826      0.670     -0.588      0.000
 833  821      0.672     -0.903      0.000
 832  824      0.673     -0.716      0.000
 834  823      0.675      0.795      0.000
 836  827      0.677     -0.887      0.000
 835  830      0.679      0.674      0.000
 829  832      0.681      0.052      0.000
 830  833      0.681      0.038      0.000
 837  831      0.684      0.939      0.000
 841  835      0.697     -0.662      0.000
 839  840      0.700      0.326      0.000
 845  834      0.700      0.954      0.000
 838  842      0.700      0.160      0.000
 840  839      0.701      0.438      0.000
 842  838      0.700     -0.987      0.000
 846  836      0.703      0.647      0.000
 844  841      0.704      0.477      0.000
 847  837      0.705      0.726      0.000
 843  849      0.711      0.023      0.000
 848  843      0.711      0.471      0.000
 850  844      0.715      0.611      0.000
 849  850      0.717      0.224      0.000
 851  848      0.717      0.499      0.000
 853  846      0.718     -0.732      0.000
 854  845      0.719      0.767      0.000
 855  847      0.721     -0.902      0.000
 852  853      0.727     -0.212      0.000
 859  851      0.730      0.825      0.000
 862  852      0.733     -0.686      0.000
 858  855      0.734     -0.449      0.000
 856  860      0.736      0.130      0.000
 865  854      0.739      0.723      0.000
 857  862      0.739     -0.152      0.000
 866  858      0.741     -0.697      0.000
 861  864      0.742     -0.184      0.000
 860  865      0.743      0.097      0.000
 867  857      0.743      0.767      0.000
 870  856      0.743     -0.855      0.000
 863  868      0.745      0.119      0.000
 864  869      0.745     -0.238      0.000
 871  859      0.746     -0.922      0.000
 868  866      0.749     -0.516      0.000
 872  861      0.749      0.857      0.000
 874  863      0.752     -0.869      0.000
 869  870      0.753      0.259      0.000
 875  867      0.754     -0.826      0.000
 879  871      0.764      0.883      0.000
 873  872      0.764      0.073      0.000
 878  874      0.770     -0.454      0.000
 876  878      0.772     -0.115      0.000
 877  879      0.774     -0.193      0.000
 880  877      0.774     -0.358      0.000
 883  873      0.776     -0.865      0.000
 882  875      0.776      0.714      0.000
 881  882      0.779      0.237      0.000
 885  876      0.780     -0.799      0.000
 888  881      0.785     -0.867      0.000
 889  880      0.786     -0.937      0.000
 884  889      0.788      0.124      0.000
 886  885      0.788     -0.400      0.000
  -1   -2      0.790     -0.655      0.000
 890  884      0.790     -0.642      0.000
 887  891      0.794      0.084      0.000
 893  890      0.795      0.449      0.000
 896  886      0.795     -0.784      0.000
 894  888      0.795      0.676      0.000
 897  887      0.797      0.813      0.000
 892  893      0.798     -0.081      0.000
 898  892      0.801      0.495      0.000
 895  894      0.802      0.284      0.000
  -1   -2      0.806      0.296      0.000
 900  902      0.809      0.042      0.000
 901  897      0.810      0.516      0.000
 904  895      0.811      0.963      0.000
 902  900      0.813     -0.525      0.000
 903  903      0.814     -0.502      0.000
 907  899      0.817      0.868      0.000
 911  901      0.818     -0.943      0.000
 905  909      0.821     -0.215      0.000
 909  904      0.821      0.593      0.000
 908  908      0.823      0.414      0.000
 914  906      0.824      0.780      0.000
 915  905      0.825      0.904      0.000
 906  911      0.825     -0.070      0.000
 916  907      0.827     -0.779      0.000
 912  910      0.827      0.380      0.000
 910  914      0.828      0.026      0.000
 913  915      0.830     -0.278      0.000
 917  912      0.833      0.544      0.000
 918  913      0.834      0.616      0.000
 919  917      0.837     -0.437      0.000
 921  916      0.840      0.885      0.000
 920  919      0.841      0.232      0.000
 923  918      0.844      0.676      0.000
 926  920      0.849      0.945      0.000
 925  922      0.848     -0.511      0.000
 922  923      0.849     -0.028      0.000
 927  921      0.851      0.732      0.000
 924  924      0.851      0.015      0.000
 928  928      0.857      0.027      0.000
 929  927      0.858      0.284      0.000
 931  925      0.859      0.838      0.000
 930  929      0.859     -0.291      0.000
 933  926      0.863      0.888      0.000
 932  931      0.863      0.389      0.000
  -1   -2      0.866      0.699      0.000
 936  932      0.867     -0.797      0.000
 934  934      0.870     -0.017      0.000
 937  933      0.872      0.689      0.000
 939  935      0.880      0.613      0.000
 938  937      0.883      0.323      0.000
 940  936      0.883     -0.716      0.000
  -1   -2      0.887      0.333      0.000
 942  940      0.888     -0.533      0.000
 943  938      0.889     -0.700      0.000
 946  941      0.890      0.669      0.000
 944  943      0.892      0.460      0.000
 947  942      0.892      0.581      0.000
 945  945      0.894     -0.042      0.000
 949  944      0.895      0.863      0.000
 948  946      0.895      0.179      0.000
 952  947      0.900     -0.705      0.000
 953  948      0.902     -0.642      0.000
 951  949      0.903      0.309      0.000
 950  950      0.904     -0.119      0.000
 956  951      0.907     -0.523      0.000
 955  952      0.908     -0.265      0.000
 954  953      0.908      0.035      0.000
 957  955      0.913     -0.052      0.000
 958  956      0.914      0.072      0.000
 959  954      0.914     -0.416      0.000
 960  959      0.919      0.312      0.000
 961  957      0.918     -0.724      0.000
 962  958      0.921     -0.940      0.000
 963  960      0.922     -0.953      0.000
 964  961      0.923     -0.905      0.000
 965  962      0.926      0.524      0.000
 966  963      0.930     -0.975      0.000
 969  964      0.932     -0.598      0.000
 967  966      0.933     -0.207      0.000
 968  965      0.933     -0.382      0.000
 970  967      0.935     -0.341      0.000
 971  968      0.940     -0.161      0.000
 972  969      0.947      0.511      0.000
 973  970      0.949     -0.987      0.000
 975  971      0.952      0.925      0.000
 976  972      0.953      0.873      0.000
 977  973      0.953      0.995      0.000
 974  974      0.953      0.260      0.000
 978  975      0.956      0.765      0.000
 979  976      0.957     -0.857      0.000
 980  977      0.957     -0.572      0.000
 981  978      0.967     -0.721      0.000
 982  979      0.970      0.835      0.000
 983  981      0.971      0.479      0.000
 984  980      0.971     -0.660      0.000
 985  982      0.973     -0.213      0.000
 986  983      0.980      0.443      0.000
 987  984      0.980     -0.491      0.000
 989  985      0.985      0.712      0.000
 988  987      0.985     -0.340      0.000
 991  986      0.985     -0.876      0.000
 992  988      0.987      0.965      0.000
 990  992      0.987      0.025      0.000
 993  989      0.988      0.630      0.000
 994  990      0.989      0.744      0.000
 996  991      0.988     -0.802      0.000
  -1   -2      0.990      0.387      0.000
 997  994      0.991      0.376      0.000
 998   -2      0.994      0.164      0.000
