998
   0    0     -0.998      0.682      0.000
   1    1     -0.997      0.273      0.000
   2    2     -0.995      0.062      0.000
   3    3     -0.993     -0.153      0.000
   5    4     -0.989     -0.269      0.000
   6    5     -0.989      0.452      0.000
   8    6     -0.988     -0.549      0.000
   7    7     -0.989     -0.049      0.000
   9    8     -0.989      0.952      0.000
  10    9     -0.988      0.201      0.000
   4   10     -0.987     -0.799      0.000
  11   11     -0.987     -0.299      0.000
  12   12     -0.988      0.701      0.000
  13   13     -0.986     -0.341      0.000
  14   -2     -0.984      0.804      0.000
  16   16     -0.983     -0.809      0.000
  -1   15     -0.984      0.810      0.000
  17   14     -0.983      0.328      0.000
  18   18     -0.980     -0.227      0.000
  19   19     -0.976     -0.012      0.000
  20   20     -0.974     -0.238      0.000
  21   21     -0.974      0.455      0.000
  22   22     -0.972      0.428      0.000
  23   23     -0.971      0.652      0.000
  24   24     -0.968     -0.534      0.000
  25   25     -0.967     -0.133      0.000
  26   26     -0.967     -0.267      0.000
  27   27     -0.962     -0.504      0.000
  29   28     -0.961      0.247      0.000
  28   29     -0.961      0.749      0.000
  30   31     -0.957      0.974      0.000
  32   32     -0.954      0.665      0.000
  31   33     -0.953     -0.981      0.000
  33   30     -0.954      0.137      0.000
  34   34     -0.951      0.241      0.000
  35   35     -0.948     -0.343      0.000
  37   36     -0.944      0.264      0.000
  36   38     -0.942     -0.713      0.000
  38   37     -0.942      0.504      0.000
  39   39     -0.940      0.392      0.000
  40   41     -0.938      0.644      0.000
  43   40     -0.935     -0.211      0.000
  41   44     -0.936      0.866      0.000
  42   42     -0.935      0.560      0.000
  44   43     -0.934      0.454      0.000
  45   45     -0.930     -0.752      0.000
  46   47     -0.930      0.771      0.000
  47   46     -0.926     -0.262      0.000
  48   51     -0.918     -0.780      0.000
  50   49     -0.918     -0.295      0.000
  51   48     -0.917     -0.033      0.000
  49   52     -0.916     -0.944      0.000
  52   50     -0.915      0.113      0.000
  54   53     -0.911      0.230      0.000
  55   54     -0.909     -0.216      0.000
  53   56     -0.909      0.809      0.000
  57   58     -0.905     -0.588      0.000
  59   55     -0.905      0.060      0.000
  60   59     -0.902     -0.322      0.000
  64   57     -0.902      0.004      0.000
  56   65     -0.901     -0.945      0.000
  63   61     -0.901     -0.394      0.000
  65   60     -0.901     -0.162      0.000
  58   64     -0.901      0.719      0.000
  62   63     -0.901      0.510      0.000
  66   62     -0.898     -0.109      0.000
  61   68     -0.898      0.954      0.000
  70   66     -0.893     -0.075      0.000
  68   67     -0.893      0.178      0.000
  69   69     -0.892      0.264      0.000
  67   70     -0.891     -0.554      0.000
  72   71     -0.887     -0.215      0.000
  71   72     -0.886      0.565      0.000
  76   73     -0.880      0.194      0.000
  73   75     -0.877     -0.736      0.000
  74   76     -0.877      0.705      0.000
  78   74     -0.875      0.350      0.000
  75   78     -0.876      0.691      0.000
  77   81     -0.873     -0.703      0.000
  82   77     -0.870     -0.222      0.000
  80   79     -0.870      0.301      0.000
  79   80     -0.870     -0.395      0.000
  81   83     -0.866      0.628      0.000
  84   82     -0.863      0.007      0.000
  86   85     -0.858      0.330      0.000
  88   84     -0.858      0.154      0.000
  85   86     -0.858      0.664      0.000
  83   87     -0.856     -0.933      0.000
  87   88     -0.852      0.936      0.000
  90   89     -0.844     -0.402      0.000
  92   90     -0.841     -0.053      0.000
  89   92     -0.841     -0.769      0.000
  94   91     -0.839     -0.292      0.000
  91   94     -0.836     -0.612      0.000
  96   93     -0.832     -0.213      0.000
  93   96     -0.833      0.843      0.000
  95   95     -0.831      0.443      0.000
  97  100     -0.820      0.687      0.000
 101   99     -0.817     -0.470      0.000
  98  104     -0.816     -0.895      0.000
 103   97     -0.817      0.156      0.000
  99  105     -0.815     -0.863      0.000
 105   98     -0.816      0.115      0.000
 100  106     -0.814     -0.763      0.000
 107  101     -0.812     -0.302      0.000
 106  102     -0.812     -0.341      0.000
 104  108     -0.808      0.742      0.000
 102  109     -0.808      0.875      0.000
 111  103     -0.807     -0.204      0.000
 109  107     -0.806     -0.477      0.000
 110  110     -0.804      0.596      0.000
 108  111     -0.799     -0.988      0.000
 115  112     -0.797      0.560      0.000
 112  115     -0.794     -0.934      0.000
 114  116     -0.793      0.904      0.000
 117  117     -0.788      0.709      0.000
 116  118     -0.786     -0.890      0.000
 118  114     -0.786      0.248      0.000
 119  113     -0.786     -0.275      0.000
 120  121     -0.774      0.618      0.000
 121  119     -0.772     -0.249      0.000
 122  120     -0.770     -0.339      0.000
 127  122     -0.763     -0.206      0.000
 124  125     -0.762     -0.496      0.000
 125  124     -0.763      0.397      0.000
 128  123     -0.761      0.047      0.000
 123  129     -0.757     -0.945      0.000
 126  128     -0.757      0.601      0.000
 129  127     -0.754     -0.528      0.000
 132  126     -0.751      0.074      0.000
 130  133     -0.751     -0.651      0.000
 131  132     -0.750      0.512      0.000
 136  131     -0.745      0.215      0.000
 133  137     -0.744     -0.548      0.000
 135  135     -0.744      0.345      0.000
 138  130     -0.744      0.047      0.000
 139  134     -0.742     -0.258      0.000
 134  139     -0.742      0.621      0.000
 142  136     -0.740      0.179      0.000
 137  140     -0.737      0.580      0.000
 145  138     -0.735     -0.227      0.000
 140  141     -0.736      0.501      0.000
 141  144     -0.732     -0.577      0.000
 144  145     -0.732      0.552      0.000
 148  142     -0.731     -0.379      0.000
 147  143     -0.730     -0.474      0.000
 143  150     -0.726     -0.862      0.000
 151  146     -0.725      0.282      0.000
 149  149     -0.725      0.612      0.000
 146  152     -0.725      0.752      0.000
 152  147     -0.718     -0.091      0.000
 150  155     -0.716     -0.967      0.000
 153  148     -0.715      0.034      0.000
 157  151     -0.712     -0.059      0.000
 158  153     -0.712      0.076      0.000
 159  154     -0.707      0.244      0.000
 160  156     -0.704     -0.448      0.000
 156  157     -0.702     -0.587      0.000
 161  159     -0.700      0.549      0.000
 155  160     -0.700      0.820      0.000
 154  161     -0.699     -0.890      0.000
 164  158     -0.693     -0.155      0.000
 162  165     -0.684     -0.995      0.000
 163  166     -0.684     -0.840      0.000
 165  164     -0.680     -0.537      0.000
 166  163     -0.679      0.290      0.000
 168  162     -0.679     -0.210      0.000
 167  168     -0.672      0.566      0.000
 173  167     -0.667     -0.026      0.000
 169  172     -0.667      0.713      0.000
 177  169     -0.660      0.019      0.000
 174  170     -0.660      0.350      0.000
 170  176     -0.655     -0.769      0.000
 179  171     -0.655     -0.183      0.000
 171  178     -0.653     -0.861      0.000
 172  179     -0.652      0.933      0.000
 175  177     -0.651     -0.727      0.000
 178  174     -0.650     -0.465      0.000
 181  173     -0.649     -0.080      0.000
 176  180     -0.646     -0.906      0.000
  -1  181     -0.641     -0.041      0.000
 180  182     -0.638      0.606      0.000
 182  183     -0.636      0.637      0.000
 183  185     -0.631      0.971      0.000
 185  186     -0.627      0.654      0.000
 184  189     -0.626     -0.040      0.000
 186  184     -0.627      0.526      0.000
 187  188     -0.621      0.633      0.000
 188  192     -0.615      0.696      0.000
 194  187     -0.609     -0.175      0.000
 192  190     -0.606      0.293      0.000
 191  193     -0.605     -0.600      0.000
 190  197     -0.604      0.885      0.000
 189   -2     -0.603     -0.037      0.000
 196  191     -0.603     -0.185      0.000
 195  198     -0.598      0.601      0.000
 193  200     -0.592     -0.983      0.000
 201  195     -0.591     -0.170      0.000
 204  194     -0.590     -0.032      0.000
 202  196     -0.589     -0.218      0.000
 198  203     -0.585      0.726      0.000
 199  201     -0.584      0.589      0.000
 208  199     -0.582      0.182      0.000
 200  208     -0.579      0.829      0.000
 207  205     -0.576      0.553      0.000
 203   -2     -0.575     -0.748      0.000
 210  207     -0.573      0.503      0.000
 209  209     -0.572      0.544      0.000
 206  217     -0.571      0.800      0.000
 205  219     -0.571      0.896      0.000
 217  202     -0.570      0.086      0.000
 213  210     -0.570      0.471      0.000
 214  212     -0.569      0.496      0.000
 219  204     -0.568     -0.056      0.000
  -1  211     -0.566     -0.746      0.000
 216  214     -0.566     -0.492      0.000
  -1   -2     -0.563      0.014      0.000
 220  213     -0.563      0.312      0.000
 212  223     -0.562     -0.819      0.000
 218  221     -0.561      0.533      0.000
 215  226     -0.558      0.858      0.000
 225  216     -0.556     -0.143      0.000
 226  215     -0.556      0.019      0.000
 224  218     -0.556      0.159      0.000
 222  224     -0.550     -0.533      0.000
 230  222     -0.550      0.141      0.000
 223  225     -0.549     -0.988      0.000
 229  227     -0.544     -0.497      0.000
 228  233     -0.542     -0.627      0.000
 232  228     -0.541     -0.378      0.000
 227  236     -0.540      0.742      0.000
 231  231     -0.539      0.421      0.000
 235  234     -0.533     -0.466      0.000
 240  229     -0.533     -0.101      0.000
 241  230     -0.533     -0.093      0.000
 239  232     -0.532     -0.239      0.000
 233  237     -0.531     -0.727      0.000
 237  235     -0.530      0.343      0.000
 234  239     -0.526     -0.766      0.000
 238  238     -0.523     -0.620      0.000
 236  242     -0.522      0.932      0.000
 244  243     -0.514     -0.661      0.000
 242  246     -0.514      0.825      0.000
 243  244     -0.514      0.703      0.000
 250  240     -0.511     -0.223      0.000
 248  241     -0.511     -0.295      0.000
 245  247     -0.509      0.661      0.000
 246  248     -0.508      0.645      0.000
 251  245     -0.505      0.419      0.000
 247  250     -0.503     -0.748      0.000
 249  249     -0.502      0.591      0.000
 252  256     -0.494      0.794      0.000
 253  257     -0.493     -0.790      0.000
 255  254     -0.492      0.597      0.000
 254  259     -0.490      0.829      0.000
 257  255     -0.487      0.433      0.000
 259  251     -0.485     -0.058      0.000
 258  253     -0.484     -0.296      0.000
 261  252     -0.483     -0.094      0.000
 256  262     -0.482      0.870      0.000
 263  260     -0.478      0.363      0.000
 267  258     -0.474      0.119      0.000
 262  263     -0.473     -0.583      0.000
 270  261     -0.467     -0.229      0.000
 260  268     -0.468      0.803      0.000
 264  269     -0.467      0.779      0.000
 266  267     -0.465     -0.710      0.000
 265  270     -0.466      0.838      0.000
 271  264     -0.464      0.245      0.000
 274  266     -0.460     -0.356      0.000
 277  265     -0.458      0.116      0.000
 269  271     -0.458      0.645      0.000
 268  274     -0.457      0.715      0.000
 273  275     -0.454      0.604      0.000
 275  277     -0.451      0.562      0.000
 272  281     -0.450      0.913      0.000
 279  273     -0.447     -0.392      0.000
 284  276     -0.444      0.289      0.000
 278  283     -0.444      0.706      0.000
 285  272     -0.443     -0.015      0.000
 276  286     -0.443      0.902      0.000
 280   -2     -0.438      0.696      0.000
 283  285     -0.438      0.551      0.000
 289  278     -0.437      0.121      0.000
 290  279     -0.437      0.077      0.000
 281  290     -0.435     -0.837      0.000
 282  292     -0.434     -0.910      0.000
 293  280     -0.434      0.161      0.000
 291  287     -0.431     -0.428      0.000
 294  282     -0.431     -0.045      0.000
 295  284     -0.429      0.134      0.000
  -1  288     -0.428      0.694      0.000
 287  299     -0.424      0.988      0.000
 299  289     -0.422     -0.112      0.000
 288  300     -0.421     -0.985      0.000
 292  297     -0.421      0.705      0.000
 301  291     -0.419     -0.227      0.000
 297  295     -0.418     -0.478      0.000
 296  296     -0.418      0.447      0.000
 304  293     -0.417      0.121      0.000
 305  298     -0.410      0.240      0.000
 303  301     -0.410      0.450      0.000
 300  303     -0.409     -0.705      0.000
 298  304     -0.406     -0.888      0.000
 306  302     -0.403      0.324      0.000
 302  306     -0.402      0.985      0.000
 307  305     -0.396     -0.599      0.000
 309  308     -0.392      0.536      0.000
 308  311     -0.386      0.996      0.000
 316  307     -0.384     -0.188      0.000
 310  310     -0.383     -0.697      0.000
 319  309     -0.379      0.275      0.000
 312  313     -0.378      0.713      0.000
 311  315     -0.378      0.940      0.000
 317  312     -0.375     -0.549      0.000
 313  316     -0.375     -0.827      0.000
 314  317     -0.375      0.783      0.000
 315  319     -0.372      0.919      0.000
 318  318     -0.370      0.733      0.000
 324  314     -0.362      0.039      0.000
 321  321     -0.361      0.574      0.000
 320  323     -0.360      0.738      0.000
 323  322     -0.359      0.558      0.000
 322  324     -0.355      0.950      0.000
 328  320     -0.355     -0.046      0.000
 326  325     -0.347     -0.646      0.000
 325  327     -0.348      0.795      0.000
 327  328     -0.345     -0.737      0.000
 329  332     -0.339      0.945      0.000
 330  329     -0.338     -0.517      0.000
 333  326     -0.336     -0.197      0.000
 332  333     -0.332      0.661      0.000
 336  330     -0.331      0.127      0.000
 334  331     -0.330      0.383      0.000
 331  336     -0.329     -0.992      0.000
 341  334     -0.321     -0.050      0.000
 335  342     -0.320      0.726      0.000
 337  343     -0.318     -0.763      0.000
 340  339     -0.318      0.448      0.000
 344  335     -0.316     -0.035      0.000
 339  347     -0.315      0.765      0.000
 338  348     -0.315      0.917      0.000
 342  340     -0.315     -0.397      0.000
 347  337     -0.314     -0.113      0.000
 348  338     -0.314     -0.090      0.000
 350  341     -0.310     -0.253      0.000
 349  344     -0.309      0.277      0.000
 346  346     -0.309      0.431      0.000
 352  345     -0.306     -0.269      0.000
 343  352     -0.305     -0.786      0.000
 345  355     -0.302      0.848      0.000
 358  350     -0.299     -0.206      0.000
 359  349     -0.299     -0.104      0.000
 353  353     -0.298     -0.988      0.000
 351  357     -0.298     -0.879      0.000
 356  351     -0.297      0.340      0.000
 357  356     -0.294     -0.532      0.000
 361  354     -0.292     -0.353      0.000
 355  361     -0.291     -0.818      0.000
 354  362     -0.291      0.976      0.000
 360  358     -0.291      0.464      0.000
 364  359     -0.285     -0.322      0.000
 362  367     -0.283      0.671      0.000
 368  360     -0.282     -0.204      0.000
 363  366     -0.281     -0.576      0.000
 365  365     -0.281     -0.520      0.000
 366  364     -0.281      0.466      0.000
 367  368     -0.276      0.606      0.000
 371  363     -0.275     -0.031      0.000
 370  371     -0.268     -0.560      0.000
 372  369     -0.267     -0.335      0.000
 369  372     -0.266      0.860      0.000
 374  370     -0.265      0.094      0.000
 373  373     -0.259     -0.588      0.000
 376  375     -0.254      0.522      0.000
 375  378     -0.254      0.806      0.000
 378  374     -0.252      0.281      0.000
 377  380     -0.248      0.610      0.000
 381  376     -0.248     -0.296      0.000
 380  377     -0.247      0.301      0.000
 379  379     -0.246     -0.507      0.000
 382  382     -0.237     -0.857      0.000
 383  383     -0.234     -0.888      0.000
 385  381     -0.232     -0.473      0.000
 384  386     -0.231      0.929      0.000
 386  384     -0.227      0.422      0.000
 388  387     -0.222     -0.473      0.000
 390  385     -0.222      0.098      0.000
 387  391     -0.221      0.983      0.000
  -1  389     -0.219     -0.375      0.000
 395   -2     -0.217     -0.384      0.000
 389  394     -0.217     -0.823      0.000
 391  390     -0.217      0.518      0.000
 392  392     -0.215      0.586      0.000
 394  395     -0.213      0.661      0.000
 396  393     -0.211     -0.437      0.000
 398  396     -0.203     -0.040      0.000
 397  397     -0.202      0.498      0.000
 401  398     -0.192      0.142      0.000
 402  399     -0.191      0.126      0.000
 399  404     -0.191      0.963      0.000
 400  402     -0.190      0.642      0.000
  -1  400     -0.189      0.300      0.000
 403   -2     -0.187      0.307      0.000
 407  401     -0.186     -0.172      0.000
 406  403     -0.185     -0.369      0.000
 405  405     -0.185      0.374      0.000
 410  406     -0.181     -0.149      0.000
 408  408     -0.179     -0.571      0.000
 411  407     -0.178      0.111      0.000
 409  409     -0.177      0.565      0.000
 416  410     -0.171     -0.216      0.000
 415  411     -0.170     -0.348      0.000
 412  413     -0.169     -0.664      0.000
 417  412     -0.169     -0.199      0.000
 414  414     -0.168      0.718      0.000
 413  417     -0.166      0.961      0.000
 419  415     -0.164     -0.479      0.000
 418  416     -0.164      0.532      0.000
 420  418     -0.162     -0.608      0.000
 422  419     -0.161     -0.552      0.000
 421  420     -0.158      0.815      0.000
 423  422     -0.157      0.751      0.000
 424  424     -0.156      0.889      0.000
 425  423     -0.154      0.589      0.000
 426  421     -0.153      0.309      0.000
 428  425     -0.149     -0.253      0.000
 427  427     -0.147     -0.975      0.000
 429  426     -0.142      0.192      0.000
 431  428     -0.134     -0.128      0.000
 430  429     -0.134     -0.192      0.000
 432  433     -0.127     -0.745      0.000
 435  430     -0.127      0.138      0.000
 433  434     -0.126      0.664      0.000
 434  436     -0.124      0.754      0.000
 438  431     -0.123     -0.002      0.000
 439  432     -0.122     -0.044      0.000
 437  435     -0.122      0.480      0.000
 436  437     -0.121      0.779      0.000
 440  438     -0.116     -0.845      0.000
 441  439     -0.113     -0.753      0.000
 442  441     -0.112      0.954      0.000
 443  440     -0.110     -0.425      0.000
 444  442     -0.109     -0.493      0.000
 446  443     -0.107      0.308      0.000
  -1  446     -0.106      0.407      0.000
 445  447     -0.105      0.688      0.000
 448   -2     -0.105      0.419      0.000
 449  445     -0.105     -0.368      0.000
 451  448     -0.099     -0.234      0.000
 450  449     -0.099      0.640      0.000
 452  450     -0.088     -0.018      0.000
 453  451     -0.080     -0.478      0.000
 454  452     -0.077     -0.406      0.000
 455  453     -0.075     -0.165      0.000
 456  454     -0.073      0.172      0.000
 457  455     -0.071     -0.317      0.000
 458  456     -0.069      0.504      0.000
 459  457     -0.068     -0.523      0.000
 460  459     -0.066      0.900      0.000
 462  458     -0.065      0.306      0.000
 461  460     -0.065      0.773      0.000
 463  461     -0.062      0.383      0.000
 464  462     -0.059     -0.045      0.000
 465  464     -0.056      0.965      0.000
 466  463     -0.055     -0.340      0.000
 469  465     -0.053      0.039      0.000
 468  466     -0.053      0.026      0.000
 467  467     -0.052     -0.862      0.000
 470  468     -0.051     -0.069      0.000
 471  471     -0.049     -0.663      0.000
 472  472     -0.049     -0.884      0.000
 473  469     -0.049     -0.988      0.000
 474  470     -0.049      0.366      0.000
 475  473     -0.048     -0.371      0.000
 478  474     -0.048      0.245      0.000
 476  477     -0.047     -0.965      0.000
 479  475     -0.047     -0.467      0.000
 477  476     -0.047     -0.688      0.000
 480  478     -0.045      0.673      0.000
 481  479     -0.041     -0.552      0.000
 482  480     -0.040      0.153      0.000
 484  482     -0.036      0.441      0.000
 483  481     -0.035     -0.845      0.000
 485  483     -0.035      0.280      0.000
 486  485     -0.034      0.884      0.000
 487  484     -0.034      0.055      0.000
 488  486     -0.033     -0.369      0.000
 489  487     -0.032      0.674      0.000
 490  488     -0.031      0.176      0.000
 491  489     -0.031     -0.755      0.000
 492  490     -0.029     -0.205      0.000
 494  492     -0.029     -0.446      0.000
 493  491     -0.029      0.771      0.000
 495  493     -0.028      0.928      0.000
 496  494     -0.027      0.081      0.000
 497  495     -0.023      0.106      0.000
 498  496     -0.022     -0.558      0.000
 499  497     -0.020      0.007      0.000
 501  498     -0.020      0.550      0.000
 502  499     -0.020     -0.420      0.000
 500  500     -0.020     -0.340      0.000
 503  502     -0.016     -0.371      0.000
 504  501     -0.016     -0.618      0.000
 505  503     -0.016      0.967      0.000
  -1   -2     -0.013     -0.416      0.000
 507  504     -0.012     -0.518      0.000
 508  505     -0.012     -0.546      0.000
 509  507     -0.009      0.188      0.000
 510  508      0.006      0.720      0.000
 513  509      0.010      0.645      0.000
 512  510      0.010     -0.624      0.000
 511  511      0.010     -0.310      0.000
 514  513      0.012      0.030      0.000
 515  512      0.013      0.431      0.000
 516  514      0.015      0.632      0.000
 518  515      0.016     -0.603      0.000
 517  516      0.017     -0.179      0.000
 519  517      0.019      0.175      0.000
 521  518      0.028     -0.944      0.000
 520  520      0.030     -0.267      0.000
 522  519      0.030      0.450      0.000
 524  521      0.037     -0.716      0.000
 523  522      0.037      0.039      0.000
 525  524      0.041     -0.089      0.000
 526  526      0.042     -0.153      0.000
 527  527      0.043     -0.073      0.000
 528  523      0.044      0.833      0.000
 530  525      0.045     -0.887      0.000
 529  528      0.046     -0.597      0.000
 531  533      0.050      0.093      0.000
 532  532      0.050     -0.402      0.000
 533  529      0.051     -0.952      0.000
 535  530      0.052      0.925      0.000
 534  531      0.052     -0.800      0.000
 537  534      0.054      0.675      0.000
 536  535      0.056      0.267      0.000
 538  538      0.060     -0.154      0.000
 539  539      0.061      0.063      0.000
 540  537      0.062      0.604      0.000
 542  536      0.064     -0.860      0.000
 541  540      0.066     -0.323      0.000
 545  541      0.070      0.586      0.000
 543  543      0.071      0.122      0.000
 544  544      0.072      0.234      0.000
 547  542      0.072     -0.946      0.000
 546  545      0.075     -0.512      0.000
 548  546      0.079      0.795      0.000
 550  547      0.080     -0.829      0.000
 551  548      0.082     -0.954      0.000
 552  549      0.083      0.936      0.000
 549  551      0.084      0.292      0.000
 554  550      0.087     -0.963      0.000
 555  552      0.089     -0.823      0.000
 556  553      0.091     -0.891      0.000
 553  554      0.091     -0.003      0.000
 557  555      0.098      0.684      0.000
 559  557      0.103      0.728      0.000
 560  556      0.103      0.847      0.000
 558  560      0.107     -0.313      0.000
 562  558      0.109      0.835      0.000
 564  559      0.112     -0.909      0.000
 561  562      0.114     -0.229      0.000
 563  563      0.116     -0.333      0.000
 566  561      0.116     -0.563      0.000
 565  565      0.117     -0.430      0.000
 567  564      0.117      0.432      0.000
 568  569      0.122      0.035      0.000
 571  566      0.123     -0.901      0.000
 569  568      0.124     -0.471      0.000
 570  571      0.128      0.159      0.000
 574  567      0.128      0.945      0.000
 575  570      0.130      0.798      0.000
 573  572      0.134     -0.407      0.000
 572  573      0.135      0.137      0.000
 576  574      0.139      0.156      0.000
 577  575      0.141     -0.393      0.000
 579  576      0.152     -0.581      0.000
 578  578      0.153      0.221      0.000
 584  577      0.158      0.970      0.000
 580  579      0.159      0.444      0.000
 581  581      0.165      0.035      0.000
 586  580      0.166      0.595      0.000
 582  582      0.166     -0.138      0.000
 583  583      0.168     -0.045      0.000
 585  587      0.171     -0.158      0.000
  -1   -2      0.173     -0.411      0.000
 589  586      0.175     -0.421      0.000
 588  588      0.176      0.057      0.000
 592  585      0.177      0.632      0.000
 593  589      0.182      0.375      0.000
 591  592      0.183      0.209      0.000
 590  596      0.184     -0.043      0.000
 595  595      0.186      0.270      0.000
 596  597      0.187      0.304      0.000
 594  600      0.187     -0.148      0.000
 599  591      0.189     -0.778      0.000
 598  599      0.190     -0.372      0.000
 600  590      0.190     -0.955      0.000
 597  603      0.191      0.008      0.000
 603  594      0.193     -0.820      0.000
 606  593      0.194      0.861      0.000
 607  598      0.196      0.738      0.000
 602  601      0.196      0.567      0.000
 605  604      0.199      0.476      0.000
 612  602      0.200      0.684      0.000
 608  605      0.200     -0.546      0.000
 604  607      0.201     -0.394      0.000
 610  606      0.201     -0.987      0.000
 601  613      0.202      0.043      0.000
 609  610      0.204     -0.377      0.000
 611  609      0.204     -0.434      0.000
 613  611      0.207     -0.513      0.000
 614  608      0.208     -0.768      0.000
 615  612      0.211      0.610      0.000
 617  614      0.215     -0.825      0.000
 620  615      0.219     -0.758      0.000
 616  617      0.221     -0.168      0.000
 619  616      0.224      0.474      0.000
 618  618      0.228      0.088      0.000
 622  620      0.232      0.309      0.000
 621  622      0.233      0.223      0.000
 624  619      0.235     -0.531      0.000
 623  624      0.237      0.040      0.000
 630  621      0.242      0.847      0.000
 625  629      0.242     -0.030      0.000
 626  628      0.244     -0.292      0.000
 628  626      0.244     -0.466      0.000
 627  631      0.246     -0.249      0.000
 632  625      0.247     -0.675      0.000
 633  623      0.248     -0.992      0.000
 629  632      0.251     -0.015      0.000
 635  627      0.253     -0.782      0.000
 636  630      0.255      0.773      0.000
 631  635      0.255     -0.130      0.000
 634  640      0.263      0.059      0.000
 640  633      0.267      0.853      0.000
 642  634      0.268     -0.948      0.000
 641  636      0.270      0.668      0.000
 645  637      0.271     -0.775      0.000
  -1   -2      0.273      0.792      0.000
 643  641      0.274      0.576      0.000
 637  646      0.274      0.119      0.000
 638  645      0.276      0.324      0.000
 646  642      0.276     -0.606      0.000
 651  639      0.277     -0.979      0.000
 644  644      0.278     -0.478      0.000
 639  648      0.281     -0.180      0.000
 650  647      0.284      0.516      0.000
 654  643      0.284      0.795      0.000
 649  651      0.287      0.257      0.000
 648  653      0.288      0.145      0.000
 652  649      0.289      0.452      0.000
 653  654      0.295      0.131      0.000
 659  650      0.298      0.834      0.000
 658  652      0.299     -0.718      0.000
 655  656      0.303     -0.125      0.000
 656  660      0.307      0.063      0.000
 657  659      0.308     -0.305      0.000
 660  662      0.311     -0.352      0.000
 663  655      0.312     -0.569      0.000
 662  661      0.313      0.397      0.000
 665  657      0.315      0.592      0.000
 661  669      0.315      0.057      0.000
 667  664      0.318      0.540      0.000
 664  667      0.319      0.413      0.000
 672  658      0.320     -0.886      0.000
 673  663      0.323      0.751      0.000
 678  665      0.327      0.989      0.000
 666  676      0.327     -0.077      0.000
 680  666      0.328     -0.976      0.000
 668  679      0.328     -0.176      0.000
 682  668      0.330      0.943      0.000
 679  670      0.330     -0.742      0.000
 670  682      0.331      0.103      0.000
 669  683      0.331      0.032      0.000
 675  675      0.333      0.445      0.000
 671  685      0.333      0.157      0.000
 685  672      0.334     -0.725      0.000
 686  671      0.334     -0.812      0.000
 683  673      0.334     -0.678      0.000
 676  684      0.336     -0.404      0.000
 681  678      0.336     -0.545      0.000
 674  688      0.338     -0.095      0.000
 684  681      0.338     -0.527      0.000
 688  677      0.339     -0.644      0.000
 677  686      0.339      0.327      0.000
 689  674      0.340      0.818      0.000
 690  680      0.345      0.860      0.000
 687  690      0.346     -0.365      0.000
 691  687      0.348     -0.705      0.000
 694  689      0.353     -0.757      0.000
 692  691      0.356      0.445      0.000
 696  692      0.364      0.432      0.000
 693  694      0.365     -0.090      0.000
 695  696      0.369     -0.212      0.000
 697  697      0.373      0.002      0.000
 699  698      0.376      0.241      0.000
 698  700      0.377     -0.019      0.000
 700  699      0.378     -0.238      0.000
 704  693      0.379      0.796      0.000
 703  695      0.379      0.678      0.000
 701  703      0.384     -0.282      0.000
 702  701      0.385      0.404      0.000
 706  702      0.389      0.485      0.000
 705  704      0.392     -0.419      0.000
 707  706      0.398      0.320      0.000
 708  707      0.401      0.449      0.000
 709  705      0.405      0.619      0.000
 711  708      0.412     -0.706      0.000
 714  709      0.414     -0.695      0.000
 719  710      0.421      0.746      0.000
 715  715      0.423      0.368      0.000
 710  719      0.425     -0.075      0.000
 713  717      0.425      0.211      0.000
 712  718      0.426      0.142      0.000
 721  711      0.427     -0.837      0.000
 720  716      0.430      0.405      0.000
 726  712      0.430      0.933      0.000
 716  723      0.431      0.096      0.000
 718  720      0.431     -0.374      0.000
 727  714      0.432      0.919      0.000
 728  713      0.431     -0.915      0.000
 717  722      0.432     -0.266      0.000
 723  721      0.437     -0.528      0.000
 722  725      0.439     -0.441      0.000
 724  724      0.439      0.428      0.000
 725  729      0.446      0.169      0.000
 742  727      0.450     -0.986      0.000
 729  732      0.451      0.146      0.000
 730  736      0.455      0.039      0.000
 738  726      0.455      0.874      0.000
 731  737      0.456     -0.160      0.000
 734  730      0.457      0.525      0.000
 739  728      0.458     -0.804      0.000
 740  731      0.461      0.668      0.000
 733  738      0.462      0.027      0.000
 741  735      0.466     -0.585      0.000
 743  734      0.466     -0.691      0.000
 735  742      0.467      0.097      0.000
 736  743      0.468      0.133      0.000
 745  733      0.468      0.858      0.000
 737  739      0.469      0.303      0.000
 748  740      0.477      0.574      0.000
 749  741      0.479      0.602      0.000
 744  747      0.481      0.073      0.000
 750  745      0.483     -0.659      0.000
 752  744      0.485     -0.796      0.000
 746  749      0.485      0.081      0.000
 751  746      0.488      0.629      0.000
 747  750      0.488      0.007      0.000
 753  748      0.496     -0.591      0.000
 756  752      0.504     -0.549      0.000
 754  754      0.505      0.411      0.000
 755  753      0.506      0.436      0.000
 761  751      0.509     -0.913      0.000
 759  756      0.515     -0.432      0.000
 758  759      0.516      0.314      0.000
 757  760      0.516      0.138      0.000
 764  755      0.519     -0.920      0.000
 760  762      0.521     -0.193      0.000
 767  757      0.528      0.902      0.000
 769  758      0.528     -0.907      0.000
 766  761      0.529     -0.581      0.000
 762  769      0.535      0.047      0.000
 763  768      0.536     -0.169      0.000
 772  763      0.539      0.673      0.000
 765  773      0.540     -0.116      0.000
 774  764      0.540      0.697      0.000
 768  775      0.544      0.191      0.000
 775  767      0.544     -0.581      0.000
 778  765      0.545      0.764      0.000
 770  776      0.547     -0.275      0.000
 782  766      0.547      0.949      0.000
 777  771      0.547     -0.573      0.000
 773  780      0.550     -0.339      0.000
 771  783      0.551     -0.165      0.000
 781  774      0.552     -0.618      0.000
 776  781      0.553      0.323      0.000
 785  770      0.553      0.831      0.000
 779  779      0.554     -0.517      0.000
 787  772      0.555      0.771      0.000
 780  784      0.557     -0.421      0.000
 784  778      0.557     -0.646      0.000
 786  777      0.558     -0.669      0.000
 789  785      0.564      0.470      0.000
 783  788      0.565      0.143      0.000
 792  782      0.567      0.965      0.000
 788  790      0.571     -0.076      0.000
 790  793      0.573      0.053      0.000
 791  792      0.573      0.042      0.000
 794  787      0.577     -0.765      0.000
 799  786      0.578     -0.924      0.000
 796  789      0.581      0.654      0.000
 797  791      0.583     -0.631      0.000
 795  795      0.584      0.503      0.000
 800  796      0.588      0.516      0.000
 801  794      0.590      0.734      0.000
 793  799      0.591     -0.082      0.000
 798  800      0.596     -0.133      0.000
 807  797      0.605      0.784      0.000
 804  804      0.607      0.393      0.000
 808  798      0.607     -0.941      0.000
 803  806      0.610      0.280      0.000
 810  801      0.612      0.820      0.000
 802  811      0.612      0.031      0.000
 805  810      0.613     -0.146      0.000
 811  802      0.615      0.867      0.000
 812  803      0.616     -0.891      0.000
 806  813      0.617      0.078      0.000
 815  805      0.621     -0.792      0.000
 809  814      0.622      0.344      0.000
 817  808      0.623     -0.730      0.000
 821  807      0.624     -0.903      0.000
 820  809      0.626      0.721      0.000
 818  812      0.626     -0.659      0.000
 814  818      0.633      0.251      0.000
 813  821      0.634     -0.208      0.000
 819  820      0.635      0.261      0.000
 826  815      0.636      0.894      0.000
 816  822      0.636      0.007      0.000
 827  816      0.638     -0.871      0.000
 829  817      0.642      0.826      0.000
 822  828      0.641     -0.151      0.000
 824  823      0.642     -0.431      0.000
 823  830      0.644     -0.136      0.000
 831  819      0.647      0.791      0.000
 828  826      0.647      0.504      0.000
 825  833      0.649      0.024      0.000
 832  825      0.650      0.696      0.000
 833  824      0.653      0.916      0.000
 834  827      0.654     -0.760      0.000
 830  834      0.656      0.141      0.000
 835  829      0.658     -0.903      0.000
 836  832      0.660     -0.772      0.000
 839  831      0.662     -0.953      0.000
 840  835      0.671     -0.905      0.000
 837  838      0.674     -0.113      0.000
 838  839      0.677      0.109      0.000
 842  836      0.677     -0.857      0.000
 841  837      0.680     -0.531      0.000
 844  840      0.687      0.579      0.000
 845  842      0.692      0.603      0.000
 843  847      0.693      0.241      0.000
 849  841      0.696      0.795      0.000
 846  843      0.696      0.577      0.000
  -1  845      0.696      0.542      0.000
 848  848      0.700     -0.987      0.000
 847   -2      0.702      0.545      0.000
 854  844      0.702     -0.848      0.000
 855  846      0.705      0.870      0.000
 850   -2      0.706     -0.372      0.000
 851  852      0.708     -0.293      0.000
 852  854      0.710     -0.253      0.000
  -1  851      0.712     -0.376      0.000
 859  849      0.712     -0.958      0.000
 861  850      0.716      0.984      0.000
 858  856      0.719      0.349      0.000
 856  860      0.720      0.061      0.000
 857  862      0.722     -0.123      0.000
 864  855      0.724     -0.991      0.000
 860  865      0.725     -0.230      0.000
 862  861      0.726     -0.420      0.000
 865  858      0.728      0.771      0.000
 866  857      0.729      0.912      0.000
  -1  866      0.731     -0.752      0.000
 863  867      0.732      0.074      0.000
 867  864      0.732     -0.625      0.000
 868   -2      0.735     -0.743      0.000
 871  863      0.737      0.937      0.000
 869  868      0.740      0.431      0.000
 872  871      0.743     -0.557      0.000
 874  869      0.747     -0.851      0.000
 875  870      0.748      0.852      0.000
 873  873      0.756     -0.088      0.000
 876  872      0.761      0.926      0.000
 881  874      0.768     -0.993      0.000
 883  875      0.772      0.969      0.000
 877  878      0.772     -0.223      0.000
 878  880      0.773      0.079      0.000
 882  876      0.774     -0.573      0.000
 879  882      0.776     -0.162      0.000
 884  877      0.778      0.713      0.000
 880  884      0.779     -0.068      0.000
 885  879      0.780      0.627      0.000
 888  881      0.784      0.647      0.000
 889  883      0.786      0.584      0.000
 886  889      0.786      0.320      0.000
 892  885      0.788      0.735      0.000
 887  891      0.789      0.237      0.000
 893  886      0.791      0.782      0.000
 894  887      0.792      0.823      0.000
 895  888      0.792      0.897      0.000
 890  894      0.793      0.088      0.000
 891  896      0.794      0.069      0.000
 896  892      0.795     -0.652      0.000
 897  890      0.795      0.930      0.000
 899  895      0.802      0.677      0.000
 903  893      0.802     -0.868      0.000
 900  897      0.802     -0.631      0.000
 898  898      0.804      0.373      0.000
 904  899      0.807     -0.524      0.000
 902  900      0.808     -0.474      0.000
 901  901      0.809     -0.284      0.000
 905  904      0.816      0.050      0.000
 906  903      0.817     -0.321      0.000
  -1  906      0.818      0.802      0.000
 907  907      0.821      0.204      0.000
 910  905      0.823      0.557      0.000
 909  908      0.825     -0.249      0.000
 915   -2      0.826      0.796      0.000
 911  910      0.828     -0.205      0.000
 912  911      0.829      0.190      0.000
 914  909      0.830      0.352      0.000
 913  914      0.831      0.158      0.000
 916  912      0.835      0.524      0.000
 919  913      0.835     -0.647      0.000
 917   -2      0.836      0.413      0.000
  -1  916      0.837      0.427      0.000
 920  915      0.838     -0.816      0.000
 921  918      0.842     -0.573      0.000
 924  919      0.846      0.916      0.000
 922  922      0.846     -0.267      0.000
 925  920      0.848      0.741      0.000
 923  924      0.848      0.126      0.000
 927  921      0.849     -0.806      0.000
 929  923      0.854      0.785      0.000
 926  925      0.855     -0.155      0.000
 928  927      0.858      0.203      0.000
 932  926      0.864     -0.811      0.000
 933  928      0.866      0.719      0.000
 931  929      0.866      0.540      0.000
 930  930      0.868      0.145      0.000
 934  933      0.871     -0.389      0.000
 937  932      0.873     -0.675      0.000
 939  931      0.874     -0.766      0.000
 935  936      0.875     -0.106      0.000
 936  935      0.876     -0.304      0.000
 938  937      0.878      0.355      0.000
 943  934      0.880     -0.959      0.000
 940  942      0.881      0.084      0.000
 942  939      0.882      0.615      0.000
 941  940      0.882      0.423      0.000
 944  938      0.883     -0.967      0.000
 945  941      0.885     -0.939      0.000
 948  943      0.888     -0.827      0.000
 946  944      0.891     -0.409      0.000
 947  948      0.893     -0.089      0.000
 949  950      0.895      0.060      0.000
 950   -2      0.896      0.473      0.000
 951  945      0.896     -0.669      0.000
  -1  946      0.898      0.485      0.000
 953  947      0.898     -0.981      0.000
 954  952      0.909     -0.024      0.000
 955  953      0.910      0.044      0.000
 957  951      0.913      0.677      0.000
 956  955      0.913      0.064      0.000
 958  954      0.915      0.459      0.000
 959  956      0.917     -0.563      0.000
 960  957      0.918     -0.736      0.000
 961  958      0.923     -0.006      0.000
 962  959      0.926      0.292      0.000
 963  960      0.928      0.462      0.000
 964  961      0.931     -0.379      0.000
 965  962      0.935      0.957      0.000
 967  963      0.937      0.925      0.000
 968  964      0.938      0.668      0.000
 966  967      0.938     -0.046      0.000
 969  965      0.938     -0.525      0.000
 970  969      0.941     -0.167      0.000
 971  966      0.940     -0.913      0.000
 973  968      0.944      0.857      0.000
 974  970      0.944     -0.477      0.000
 972  971      0.946      0.077      0.000
 975  973      0.948      0.135      0.000
 978  972      0.949     -0.717      0.000
 977  974      0.949     -0.987      0.000
 976  975      0.950     -0.063      0.000
 980  976      0.954     -0.828      0.000
 979  978      0.956     -0.300      0.000
 981  977      0.957      0.902      0.000
 982  979      0.960     -0.785      0.000
 983  980      0.963      0.400      0.000
 984  982      0.964     -0.233      0.000
 985  981      0.965      0.641      0.000
 986  983      0.970     -0.924      0.000
 987  984      0.973      0.993      0.000
 988  985      0.974      0.822      0.000
 989  987      0.975      0.606      0.000
 991  986      0.974     -0.880      0.000
 990  988      0.974     -0.643      0.000
 992  989      0.977      0.843      0.000
 993  990      0.978      0.764      0.000
  -1  992      0.988      0.547      0.000
 995   -2      0.990      0.536      0.000
 998  993      0.992     -0.707      0.000
 996  994      0.992     -0.476      0.000
 997  995      0.993     -0.310      0.000
