995
   0    1     -0.996      0.204      0.000
   1    2     -0.994     -0.125      0.000
   2    4     -0.992      0.740      0.000
   3    3     -0.990     -0.746      0.000
  -1   -2     -0.991      0.747      0.000
   5    6     -0.989     -0.216      0.000
   6    7     -0.989     -0.049      0.000
   7    8     -0.989      0.952      0.000
   9    9     -0.989      0.452      0.000
   8   10     -0.988     -0.549      0.000
  10   13     -0.987     -0.799      0.000
  11   11     -0.988     -0.299      0.000
  12   12     -0.988      0.701      0.000
  14   15     -0.985     -0.273      0.000
  15   16     -0.981      0.248      0.000
  16   17     -0.977     -0.181      0.000
  18   18     -0.974      0.560      0.000
  17   19     -0.974      0.957      0.000
  19   23     -0.970     -0.978      0.000
  21   20     -0.971     -0.019      0.000
  20   24     -0.971      0.673      0.000
  22   21     -0.970      0.358      0.000
  23   22     -0.970     -0.188      0.000
  24   25     -0.969      0.333      0.000
  25   26     -0.964     -0.440      0.000
  26   27     -0.961     -0.107      0.000
  28   28     -0.960     -0.209      0.000
  27   29     -0.960      0.576      0.000
  30   30     -0.956     -0.410      0.000
  29   32     -0.956      0.820      0.000
  31   31     -0.953      0.176      0.000
  32   33     -0.951     -0.634      0.000
  34   35     -0.946      0.702      0.000
  33   38     -0.944     -0.929      0.000
  35   36     -0.944     -0.680      0.000
  36   37     -0.944      0.554      0.000
  37   34     -0.943      0.091      0.000
  38   39     -0.940      0.171      0.000
  40   40     -0.938     -0.268      0.000
  42   41     -0.938      0.402      0.000
  39   42     -0.937     -0.714      0.000
  41   46     -0.934     -0.930      0.000
  43   43     -0.934      0.461      0.000
  46   44     -0.931      0.189      0.000
  44   47     -0.931      0.750      0.000
  47   45     -0.931      0.297      0.000
  45   49     -0.929      0.936      0.000
  48   48     -0.927      0.355      0.000
  50   50     -0.919     -0.164      0.000
  49   51     -0.919      0.642      0.000
  51   52     -0.907     -0.205      0.000
  53   53     -0.905     -0.499      0.000
  52   56     -0.900     -0.915      0.000
  56   54     -0.899     -0.231      0.000
  54   57     -0.897     -0.665      0.000
  57   55     -0.897      0.414      0.000
  55   58     -0.897      0.629      0.000
  59   62     -0.894      0.613      0.000
  58   66     -0.892      0.916      0.000
  63   59     -0.891     -0.033      0.000
  64   60     -0.891      0.075      0.000
  60   63     -0.890     -0.628      0.000
  65   61     -0.890      0.164      0.000
  62   64     -0.888     -0.466      0.000
  61   65     -0.889      0.473      0.000
  66   68     -0.885     -0.315      0.000
  67   67     -0.885     -0.170      0.000
  68   69     -0.881     -0.254      0.000
  69   71     -0.878      0.544      0.000
  74   70     -0.875      0.036      0.000
  70   74     -0.875      0.585      0.000
  72   76     -0.872     -0.709      0.000
  71   78     -0.873      0.798      0.000
  76   72     -0.872     -0.129      0.000
  77   73     -0.871     -0.006      0.000
  78   75     -0.868      0.194      0.000
  73   80     -0.867     -0.866      0.000
  79   77     -0.866     -0.090      0.000
  80   79     -0.864      0.126      0.000
  75   83     -0.863     -0.826      0.000
  84   81     -0.858     -0.065      0.000
  86   82     -0.856     -0.171      0.000
  85   84     -0.856      0.269      0.000
  81   87     -0.856      0.841      0.000
  82   88     -0.853     -0.919      0.000
  83   89     -0.852     -0.987      0.000
  90   86     -0.849     -0.321      0.000
  87   91     -0.848     -0.705      0.000
  93   85     -0.849      0.139      0.000
  96   90     -0.846      0.227      0.000
  91   93     -0.845      0.616      0.000
  88   97     -0.844     -0.863      0.000
  89   95     -0.845      0.878      0.000
  94   92     -0.844     -0.533      0.000
  -1   -2     -0.845      0.683      0.000
  95   98     -0.841      0.678      0.000
  97   96     -0.835     -0.178      0.000
  99   99     -0.834      0.254      0.000
  98  104     -0.825     -0.933      0.000
 101  100     -0.822     -0.331      0.000
 100  105     -0.821      0.646      0.000
 104  101     -0.819     -0.003      0.000
 103  103     -0.819      0.361      0.000
 105  102     -0.818      0.110      0.000
 102  106     -0.817      0.519      0.000
 106  108     -0.805      0.483      0.000
 109  107     -0.802     -0.238      0.000
 107  109     -0.802     -0.398      0.000
 108  110     -0.798     -0.988      0.000
 112  113     -0.793      0.548      0.000
 110  115     -0.792     -0.833      0.000
 113  112     -0.792     -0.406      0.000
 111  116     -0.789     -0.962      0.000
 114  111     -0.790     -0.049      0.000
 115  114     -0.786     -0.175      0.000
 120  117     -0.777     -0.283      0.000
 118  119     -0.775      0.534      0.000
 119  121     -0.773     -0.591      0.000
 116  124     -0.773     -0.869      0.000
 117  122     -0.773      0.705      0.000
 121  118     -0.772     -0.251      0.000
 125  120     -0.767      0.117      0.000
 123  125     -0.765      0.558      0.000
 127  123     -0.763      0.084      0.000
 122  127     -0.762      0.787      0.000
 124  132     -0.757     -0.995      0.000
 129  126     -0.756     -0.170      0.000
 126  133     -0.752     -0.812      0.000
 128  129     -0.753      0.516      0.000
 132  128     -0.751     -0.434      0.000
 131  131     -0.750      0.445      0.000
 133  130     -0.749     -0.466      0.000
 130  135     -0.748      0.552      0.000
 134  136     -0.744     -0.488      0.000
 135  139     -0.742      0.489      0.000
 140  134     -0.741      0.198      0.000
 136  140     -0.740     -0.520      0.000
 138  138     -0.740      0.333      0.000
 143  137     -0.737     -0.233      0.000
 142  141     -0.734      0.438      0.000
 137  144     -0.730     -0.891      0.000
 144  142     -0.730     -0.290      0.000
 139  145     -0.729     -0.840      0.000
 141  146     -0.729      0.922      0.000
 149  143     -0.719     -0.213      0.000
 145  150     -0.716      0.673      0.000
 148  149     -0.714     -0.537      0.000
 150  147     -0.714     -0.420      0.000
 146  153     -0.713     -0.738      0.000
 151  151     -0.711      0.494      0.000
 152  148     -0.711      0.291      0.000
 147  154     -0.711      0.965      0.000
 154  152     -0.703     -0.178      0.000
 153  157     -0.700     -0.693      0.000
 156  156     -0.694     -0.334      0.000
 159  155     -0.691      0.033      0.000
 160  158     -0.689      0.177      0.000
 157  161     -0.688      0.519      0.000
 161  159     -0.686     -0.226      0.000
 155  168     -0.684      0.873      0.000
 165  160     -0.682      0.056      0.000
 163  163     -0.680     -0.404      0.000
 158  169     -0.679     -0.981      0.000
 162  166     -0.679     -0.494      0.000
 167  162     -0.679      0.147      0.000
 166  164     -0.678      0.239      0.000
 171  165     -0.674     -0.200      0.000
 164  170     -0.672      0.601      0.000
 173  167     -0.671      0.034      0.000
 168  172     -0.668      0.620      0.000
 170  171     -0.667      0.568      0.000
 169  173     -0.665      0.667      0.000
 175  175     -0.657      0.600      0.000
 172  178     -0.656      0.888      0.000
 174  177     -0.656      0.815      0.000
 180  174     -0.652      0.209      0.000
 176  183     -0.645      0.785      0.000
 177  182     -0.644      0.705      0.000
 184  176     -0.641     -0.085      0.000
 178  187     -0.639     -0.808      0.000
 179  188     -0.639      0.849      0.000
 186  179     -0.637      0.025      0.000
 181  189     -0.636     -0.732      0.000
 189  180     -0.636      0.061      0.000
 182  185     -0.636      0.492      0.000
 191  181     -0.632     -0.057      0.000
 187  186     -0.631     -0.433      0.000
 190  184     -0.631      0.256      0.000
  -1   -2     -0.628     -0.731      0.000
 185  192     -0.628      0.574      0.000
 188  193     -0.625     -0.576      0.000
 192  190     -0.624      0.316      0.000
 196  191     -0.618     -0.143      0.000
 194  196     -0.612      0.566      0.000
 193  197     -0.611      0.931      0.000
 199  195     -0.608     -0.194      0.000
 195  198     -0.605      0.731      0.000
 200  199     -0.595      0.533      0.000
 198  202     -0.594     -0.760      0.000
 197  204     -0.594      0.820      0.000
 201  205     -0.589     -0.721      0.000
 202  201     -0.589      0.526      0.000
 212  200     -0.582     -0.028      0.000
 214  203     -0.579     -0.173      0.000
 203  207     -0.578      0.485      0.000
 209  208     -0.575      0.518      0.000
 215  206     -0.575      0.014      0.000
 207  211     -0.573     -0.620      0.000
 205  212     -0.573      0.697      0.000
 213  210     -0.572      0.480      0.000
 206  214     -0.571      0.792      0.000
 204  215     -0.571      0.828      0.000
 208  220     -0.568      0.870      0.000
 211  218     -0.567     -0.747      0.000
 210  219     -0.566     -0.790      0.000
 216  213     -0.566      0.457      0.000
 223  209     -0.564     -0.078      0.000
 217  222     -0.559      0.658      0.000
 222  221     -0.557     -0.483      0.000
 218  224     -0.557     -0.660      0.000
 226  217     -0.557      0.277      0.000
 219  226     -0.555      0.642      0.000
 224  223     -0.554     -0.527      0.000
  -1  228     -0.553     -0.042      0.000
 220  225     -0.553     -0.618      0.000
 227  227     -0.549     -0.988      0.000
 221  229     -0.548      0.841      0.000
 225  232     -0.546      0.806      0.000
 228  234     -0.541      0.782      0.000
 229  236     -0.539      0.916      0.000
 230  240     -0.538     -0.041      0.000
 233  230     -0.537     -0.494      0.000
 232  235     -0.535      0.592      0.000
 231  241     -0.532      0.906      0.000
 242  231     -0.530     -0.171      0.000
 235  239     -0.528      0.601      0.000
 244  233     -0.525     -0.182      0.000
 234  247     -0.525     -0.912      0.000
 243  237     -0.523      0.418      0.000
 237  246     -0.521     -0.720      0.000
 238  248     -0.520      0.723      0.000
  -1  238     -0.519     -0.218      0.000
 245  243     -0.518     -0.468      0.000
 246  242     -0.518      0.306      0.000
 239  250     -0.516     -0.845      0.000
 240  251     -0.515      0.992      0.000
 249   -2     -0.515     -0.214      0.000
 241  253     -0.514     -0.982      0.000
 236   -2     -0.514     -0.039      0.000
 251  245     -0.511      0.177      0.000
 253  244     -0.510     -0.169      0.000
 248  254     -0.506      0.655      0.000
 247  255     -0.505      0.717      0.000
 256  252     -0.501     -0.381      0.000
 260  249     -0.500     -0.034      0.000
 252  260     -0.497      0.709      0.000
 257  258     -0.494     -0.598      0.000
 261  256     -0.493      0.346      0.000
 255  265     -0.493      0.989      0.000
 254  264     -0.492     -0.896      0.000
 258  263     -0.491      0.618      0.000
 262  259     -0.489      0.426      0.000
  -1   -2     -0.486      0.710      0.000
 265  257     -0.486      0.084      0.000
 268  261     -0.481      0.159      0.000
 263  273     -0.481      0.721      0.000
 269  262     -0.479     -0.058      0.000
 264  272     -0.478      0.579      0.000
 267  270     -0.477      0.445      0.000
  -1   -2     -0.475      0.013      0.000
 273  267     -0.473     -0.146      0.000
 275  269     -0.472      0.141      0.000
 276  271     -0.468      0.018      0.000
 266  277     -0.468      0.946      0.000
 278  274     -0.463     -0.246      0.000
 270  278     -0.462     -0.728      0.000
 274  275     -0.462      0.572      0.000
 271  282     -0.459      0.927      0.000
 281  276     -0.453     -0.307      0.000
 277  284     -0.450     -0.844      0.000
 282  281     -0.449      0.380      0.000
 279  285     -0.447      0.802      0.000
 286  279     -0.447     -0.105      0.000
 287  280     -0.446     -0.097      0.000
 280  287     -0.443      0.955      0.000
 288  283     -0.441     -0.234      0.000
 283  288     -0.439      0.737      0.000
 285  289     -0.434     -0.726      0.000
 284  290     -0.434      0.757      0.000
 293  286     -0.428     -0.313      0.000
 291  292     -0.423     -0.633      0.000
 289  296     -0.424      0.951      0.000
 290  294     -0.424      0.763      0.000
 295  291     -0.420     -0.379      0.000
 292  300     -0.419      0.816      0.000
 298  293     -0.416     -0.420      0.000
 297  295     -0.415      0.479      0.000
 294  307     -0.412     -0.994      0.000
 296  301     -0.413      0.571      0.000
 299  299     -0.412     -0.512      0.000
 300  298     -0.410     -0.459      0.000
 303  297     -0.409      0.264      0.000
 302  302     -0.408      0.483      0.000
 301  309     -0.402     -0.770      0.000
 306  305     -0.400     -0.247      0.000
 305  308     -0.400      0.314      0.000
 309  303     -0.399     -0.100      0.000
 310  304     -0.399     -0.062      0.000
 311  306     -0.397      0.129      0.000
 304  313     -0.395      0.927      0.000
 307  312     -0.391      0.614      0.000
 308  311     -0.390     -0.592      0.000
 313  314     -0.386      0.600      0.000
 312  315     -0.385     -0.688      0.000
 321  310     -0.383      0.128      0.000
 315  316     -0.380      0.699      0.000
 314  320     -0.379      0.795      0.000
 316  321     -0.378      0.760      0.000
 317  322     -0.377     -0.798      0.000
 318  325     -0.374      0.868      0.000
 319  329     -0.369     -0.900      0.000
 323  318     -0.370      0.360      0.000
 320  330     -0.369      0.981      0.000
 325  317     -0.367      0.180      0.000
 322  331     -0.365     -0.820      0.000
 326  319     -0.365      0.136      0.000
 328  323     -0.361     -0.015      0.000
 329  324     -0.359      0.087      0.000
 330  326     -0.358      0.152      0.000
 327  327     -0.358      0.270      0.000
 331  328     -0.356     -0.253      0.000
 324  335     -0.354     -0.849      0.000
 333  332     -0.350     -0.049      0.000
 335  334     -0.346      0.139      0.000
 336  333     -0.345     -0.125      0.000
 332  336     -0.344     -0.569      0.000
 337  337     -0.338      0.314      0.000
 334  339     -0.332      0.881      0.000
 338  340     -0.328      0.718      0.000
 342  338     -0.320     -0.215      0.000
 340  341     -0.318      0.505      0.000
 341  342     -0.315      0.436      0.000
 339  344     -0.313      0.837      0.000
 343  345     -0.309      0.661      0.000
 344  343     -0.306      0.489      0.000
 345  346     -0.304     -0.594      0.000
 346  349     -0.300     -0.637      0.000
 350  348     -0.298     -0.988      0.000
 351  351     -0.296      0.526      0.000
 347  353     -0.295     -0.888      0.000
 352  350     -0.295     -0.455      0.000
 348  355     -0.295      0.939      0.000
 349  354     -0.294     -0.913      0.000
 357  347     -0.292      0.050      0.000
 354  356     -0.288     -0.584      0.000
 355  358     -0.287      0.530      0.000
 360  352     -0.285     -0.051      0.000
 356  359     -0.284     -0.625      0.000
 353  364     -0.284      0.990      0.000
 362  357     -0.280     -0.231      0.000
 358  363     -0.279     -0.653      0.000
 359  365     -0.279      0.669      0.000
 361  360     -0.277      0.400      0.000
 364  361     -0.276      0.330      0.000
 366  362     -0.273      0.156      0.000
 365  369     -0.270      0.588      0.000
 363  371     -0.267     -0.862      0.000
 367  368     -0.266     -0.412      0.000
 368  366     -0.265     -0.298      0.000
 369  367     -0.264     -0.317      0.000
 374  370     -0.256     -0.057      0.000
 371  375     -0.254     -0.380      0.000
 375  372     -0.253     -0.133      0.000
 376  373     -0.252     -0.038      0.000
 377  374     -0.252     -0.105      0.000
 370  377     -0.251     -0.578      0.000
 378  376     -0.249     -0.246      0.000
 372  379     -0.248      0.720      0.000
 373  381     -0.245      0.971      0.000
 380  380     -0.241     -0.397      0.000
 381  378     -0.241     -0.124      0.000
 379  383     -0.240      0.654      0.000
 384  382     -0.235     -0.245      0.000
 383  384     -0.232     -0.547      0.000
 382  385     -0.231      0.591      0.000
 386  386     -0.226      0.344      0.000
 385  388     -0.226      0.496      0.000
 387  387     -0.225      0.366      0.000
 389  390     -0.221     -0.548      0.000
 392  389     -0.219     -0.034      0.000
 388  393     -0.219      0.706      0.000
 391  391     -0.218     -0.357      0.000
 394  392     -0.215      0.122      0.000
 390  395     -0.214      0.969      0.000
 393  394     -0.212      0.574      0.000
 395  396     -0.206     -0.515      0.000
  -1   -2     -0.204     -0.448      0.000
 399  398     -0.203     -0.457      0.000
 396  399     -0.201      0.773      0.000
 397  400     -0.199      0.910      0.000
 400  402     -0.197      0.852      0.000
 401  401     -0.195      0.639      0.000
 403  403     -0.193     -0.649      0.000
 402  404     -0.193     -0.734      0.000
 404  405     -0.191      0.801      0.000
 405  407     -0.189     -0.986      0.000
 409  406     -0.181      0.129      0.000
 406  409     -0.178     -0.685      0.000
 408  408     -0.178      0.453      0.000
 407  410     -0.177      0.611      0.000
  -1  413     -0.173      0.373      0.000
 413  412     -0.172     -0.445      0.000
 410  414     -0.172      0.664      0.000
 412   -2     -0.172      0.381      0.000
 411  415     -0.171     -0.633      0.000
 415  417     -0.165     -0.562      0.000
 416  416     -0.163     -0.045      0.000
 417  418     -0.160      0.187      0.000
 418  419     -0.159      0.168      0.000
 419  420     -0.156     -0.424      0.000
 422  421     -0.154     -0.214      0.000
 420  424     -0.150     -0.806      0.000
 421  426     -0.150      0.805      0.000
 427  422     -0.149     -0.185      0.000
 423  428     -0.148      0.825      0.000
 428  423     -0.147      0.150      0.000
 424  429     -0.146      0.732      0.000
 429  425     -0.145     -0.269      0.000
 425  431     -0.144     -0.887      0.000
 426  432     -0.143      0.962      0.000
 430  430     -0.142      0.387      0.000
 431  427     -0.142     -0.249      0.000
 432  433     -0.135     -0.813      0.000
 434  434     -0.129     -0.316      0.000
 433  435     -0.128      0.567      0.000
 435  437     -0.124      0.753      0.000
 436  436     -0.123      0.252      0.000
 439  438     -0.114     -0.242      0.000
 437  441     -0.113      0.713      0.000
 438  440     -0.112     -0.581      0.000
 440  439     -0.111     -0.160      0.000
 444  442     -0.108      0.186      0.000
 441  443     -0.108     -0.513      0.000
  -1   -2     -0.106      0.496      0.000
 443  444     -0.106      0.508      0.000
 446  446     -0.101      0.005      0.000
 445  448     -0.101      0.389      0.000
 448  447     -0.101     -0.051      0.000
 447  449     -0.099     -0.452      0.000
 449  450     -0.088     -0.296      0.000
 451  451     -0.081     -0.568      0.000
 450  452     -0.081      0.920      0.000
 452  455     -0.077      0.823      0.000
 453  454     -0.076     -0.495      0.000
 455  453     -0.075     -0.017      0.000
 454  456     -0.073      0.593      0.000
 456  457     -0.072     -0.613      0.000
 457  460     -0.068      0.974      0.000
 458  458     -0.067     -0.395      0.000
 459  459     -0.066     -0.210      0.000
 460  461     -0.066      0.231      0.000
 463  462     -0.063      0.389      0.000
 462  463     -0.063      0.473      0.000
 461  464     -0.062     -0.902      0.000
 464  465     -0.058     -0.918      0.000
 465  466     -0.055     -0.741      0.000
 467  467     -0.054     -0.423      0.000
 469  468     -0.053     -0.052      0.000
 468  469     -0.052     -0.762      0.000
 470  472     -0.050      0.742      0.000
 471  471     -0.050      0.455      0.000
 474  473     -0.049      0.043      0.000
 473  470     -0.049      0.059      0.000
 472  475     -0.048     -0.559      0.000
 475  474     -0.048     -0.457      0.000
 476  476     -0.048     -0.084      0.000
 477  477     -0.046      0.320      0.000
 478  478     -0.043     -0.641      0.000
 479  480     -0.039     -0.889      0.000
 480  479     -0.039      0.208      0.000
 481  481     -0.038      0.909      0.000
 482  482     -0.037      0.533      0.000
 483  483     -0.036      0.361      0.000
 485  484     -0.035      0.081      0.000
 484  486     -0.035      0.743      0.000
 486  485     -0.034     -0.455      0.000
 487  487     -0.033     -0.818      0.000
 488  488     -0.032      0.237      0.000
 490  489     -0.031     -0.262      0.000
 489  490     -0.031      0.822      0.000
 491  491     -0.031     -0.537      0.000
 492  492     -0.029      0.941      0.000
 493  493     -0.029      0.116      0.000
 494  494     -0.026      0.147      0.000
 495  495     -0.024      0.017      0.000
 496  496     -0.023     -0.647      0.000
 497  497     -0.023     -0.423      0.000
 498  498     -0.022     -0.511      0.000
 499  499     -0.021      0.636      0.000
 500  500     -0.019     -0.457      0.000
 501  501     -0.017     -0.702      0.000
  -1   -2     -0.015     -0.506      0.000
 503  503     -0.015      0.251      0.000
 504  504     -0.014     -0.609      0.000
 506  505     -0.013      0.975      0.000
 505  506     -0.013     -0.636      0.000
 507  507      0.001      0.047      0.000
 508  508      0.003     -0.388      0.000
 509  509      0.005     -0.229      0.000
 510  510      0.008      0.235      0.000
 511  511      0.011      0.522      0.000
 513  512      0.012      0.781      0.000
 512  513      0.013     -0.706      0.000
 514  514      0.015      0.719      0.000
 515  515      0.018     -0.336      0.000
 516  518      0.019      0.060      0.000
 517  516      0.020     -0.687      0.000
 519  517      0.021      0.708      0.000
 518  519      0.022     -0.111      0.000
 520  520      0.024     -0.090      0.000
 521  521      0.025     -0.194      0.000
 523  522      0.029      0.541      0.000
 522  523      0.030      0.129      0.000
 525  524      0.038      0.091      0.000
 524  525      0.038     -0.195      0.000
 526  527      0.042      0.343      0.000
 527  528      0.043     -0.489      0.000
 529  526      0.045     -0.963      0.000
 528  530      0.047      0.166      0.000
 530  529      0.048     -0.785      0.000
 531  532      0.052     -0.400      0.000
 533  531      0.052     -0.681      0.000
 532  533      0.054      0.304      0.000
 534  535      0.060      0.003      0.000
 535  534      0.064      0.869      0.000
 537  536      0.066     -0.920      0.000
 536  539      0.069      0.370      0.000
 538  537      0.069      0.742      0.000
 539  538      0.071     -0.852      0.000
 540  540      0.074      0.681      0.000
 542  541      0.075     -0.969      0.000
 541  543      0.076     -0.599      0.000
 543  542      0.077      0.938      0.000
 545  544      0.081      0.664      0.000
 544  546      0.084      0.052      0.000
 546  547      0.085     -0.286      0.000
 547  548      0.086     -0.387      0.000
 549  545      0.089     -0.898      0.000
 548  549      0.095      0.209      0.000
 550  550      0.096     -0.408      0.000
 551  552      0.099      0.182      0.000
 553  551      0.103     -0.964      0.000
  -1   -2      0.104      0.205      0.000
 555  553      0.107      0.838      0.000
 556  554      0.108     -0.873      0.000
 554  556      0.109     -0.513      0.000
 559  559      0.115      0.515      0.000
 557  564      0.117      0.051      0.000
 564  557      0.117     -0.970      0.000
 558  567      0.118     -0.052      0.000
 567  558      0.118      0.946      0.000
 565  560      0.119     -0.868      0.000
 563  563      0.120     -0.554      0.000
 560  570      0.121     -0.170      0.000
 562  566      0.121     -0.486      0.000
 561  569      0.121      0.281      0.000
 573  561      0.123     -0.976      0.000
 571  562      0.123      0.746      0.000
 569  568      0.124     -0.644      0.000
 570  571      0.126     -0.471      0.000
 574  565      0.126     -0.921      0.000
 566  573      0.126     -0.195      0.000
 568  574      0.127      0.079      0.000
 572  575      0.131     -0.049      0.000
 577  572      0.132      0.782      0.000
 575  577      0.137      0.016      0.000
 576  578      0.138     -0.182      0.000
 580  576      0.141      0.877      0.000
 579  581      0.145      0.264      0.000
 578  582      0.147      0.060      0.000
 581  579      0.148      0.868      0.000
 584  580      0.153     -0.934      0.000
 582  584      0.155      0.334      0.000
 585  583      0.158      0.521      0.000
  -1   -2      0.158     -0.486      0.000
 586  588      0.161      0.371      0.000
 587  586      0.162     -0.496      0.000
 591  589      0.166     -0.656      0.000
 590  592      0.167     -0.442      0.000
 588  594      0.168     -0.203      0.000
 595  587      0.168     -0.927      0.000
 592  591      0.168      0.448      0.000
 589  595      0.170      0.114      0.000
 596  590      0.171      0.837      0.000
 593  596      0.174      0.054      0.000
 600  593      0.177      0.953      0.000
 594  599      0.177     -0.032      0.000
 598  598      0.181     -0.445      0.000
 599  597      0.181     -0.464      0.000
 597  601      0.185     -0.014      0.000
 604  600      0.188      0.662      0.000
 601  603      0.189      0.274      0.000
 605  602      0.192     -0.505      0.000
 602  604      0.192     -0.154      0.000
 603  608      0.197      0.077      0.000
 606  607      0.198     -0.296      0.000
 609  605      0.201     -0.987      0.000
 607  611      0.202     -0.346      0.000
 608  610      0.202      0.369      0.000
 610  606      0.203      0.547      0.000
 613  609      0.207      0.693      0.000
 614  612      0.210     -0.615      0.000
 612  614      0.210     -0.583      0.000
 611  616      0.211      0.148      0.000
 618  613      0.215      0.977      0.000
 616  615      0.217      0.631      0.000
 615  617      0.218     -0.212      0.000
 617  620      0.226      0.176      0.000
 622  618      0.227      0.539      0.000
 619  622      0.230      0.160      0.000
 620  625      0.232     -0.145      0.000
 621  628      0.234      0.079      0.000
 627  619      0.236     -0.823      0.000
 624  623      0.237     -0.530      0.000
 630  624      0.240      0.668      0.000
 623  632      0.240      0.071      0.000
 632  621      0.241      0.735      0.000
 629  627      0.241     -0.596      0.000
 625  630      0.242      0.304      0.000
 633  626      0.244      0.781      0.000
 628  631      0.245      0.378      0.000
 637  629      0.247     -0.856      0.000
 626  636      0.248     -0.087      0.000
 631  637      0.252      0.041      0.000
 641  633      0.255     -0.967      0.000
 640  634      0.255      0.883      0.000
 642  635      0.257     -0.811      0.000
 634  641      0.258      0.122      0.000
 636  642      0.258     -0.202      0.000
 635  643      0.259     -0.108      0.000
 638  640      0.260     -0.349      0.000
 639  646      0.266      0.184      0.000
 646  638      0.269     -0.802      0.000
 648  639      0.271     -0.858      0.000
 644  645      0.271     -0.534      0.000
 643  647      0.273     -0.399      0.000
  -1  644      0.277     -0.859      0.000
 645  650      0.282     -0.101      0.000
 651  648      0.285     -0.724      0.000
 650  649      0.287      0.505      0.000
 647  652      0.288      0.005      0.000
 649  656      0.291     -0.019      0.000
 653  653      0.296      0.444      0.000
 654  651      0.297      0.568      0.000
 652  658      0.298     -0.237      0.000
 656  655      0.301     -0.656      0.000
 658  654      0.301      0.625      0.000
 655  661      0.303      0.367      0.000
 659  660      0.305      0.459      0.000
 661  663      0.308     -0.447      0.000
 660  665      0.308     -0.406      0.000
 657  666      0.310     -0.265      0.000
 664  657      0.311      0.868      0.000
 663  659      0.311     -0.817      0.000
 666  664      0.316      0.709      0.000
 667  662      0.317      0.803      0.000
 662  667      0.318      0.269      0.000
 665  671      0.324     -0.311      0.000
 668  670      0.327      0.488      0.000
 670  669      0.328     -0.615      0.000
 671  668      0.331     -0.808      0.000
 669  679      0.336     -0.081      0.000
 674  674      0.338      0.581      0.000
  -1   -2      0.340      0.817      0.000
 678  672      0.340      0.871      0.000
 675  676      0.343     -0.569      0.000
 672  685      0.346      0.104      0.000
 677  680      0.346     -0.587      0.000
 673  686      0.346      0.155      0.000
 685  675      0.347     -0.957      0.000
 680  677      0.347      0.630      0.000
 679  682      0.349      0.481      0.000
 686  678      0.350     -0.753      0.000
 688  681      0.353      0.819      0.000
 683  684      0.353      0.467      0.000
 682  687      0.356      0.346      0.000
 681  688      0.357      0.228      0.000
 695  683      0.360     -0.983      0.000
 684  694      0.363      0.042      0.000
 691  691      0.364     -0.450      0.000
 687  693      0.365     -0.285      0.000
 694  690      0.365      0.433      0.000
 690  696      0.369      0.181      0.000
 689  699      0.370      0.028      0.000
 693  697      0.370      0.156      0.000
 692  698      0.370     -0.170      0.000
 699  689      0.373      0.851      0.000
 698  692      0.375     -0.678      0.000
 701  695      0.378     -0.709      0.000
 696  703      0.380      0.102      0.000
 697  706      0.385      0.139      0.000
 709  700      0.388      0.774      0.000
 708  702      0.388     -0.752      0.000
 710  701      0.389     -0.768      0.000
 703  707      0.389     -0.394      0.000
 700  712      0.391      0.076      0.000
 705  709      0.392      0.388      0.000
 707  704      0.393      0.510      0.000
 702  713      0.394      0.006      0.000
 706  708      0.394      0.473      0.000
 704  714      0.396      0.084      0.000
 711  710      0.400     -0.731      0.000
 713  705      0.401     -0.898      0.000
 716  711      0.405     -0.830      0.000
 712  720      0.408      0.422      0.000
 714  721      0.414     -0.459      0.000
 721  715      0.416      0.994      0.000
 718  718      0.415     -0.778      0.000
 722  716      0.416     -0.976      0.000
 720  717      0.417      0.832      0.000
 715  723      0.418      0.311      0.000
 723  719      0.418      0.948      0.000
 717  724      0.423      0.442      0.000
 726  722      0.427      0.871      0.000
 719  728      0.432      0.138      0.000
 727  725      0.432      0.696      0.000
 724  729      0.437     -0.196      0.000
 729  726      0.439     -0.543      0.000
 725  732      0.441      0.046      0.000
 731  727      0.444      0.633      0.000
 728  733      0.448     -0.117      0.000
 730  734      0.449     -0.170      0.000
 732  731      0.450     -0.987      0.000
 736  730      0.454      0.806      0.000
 733  739      0.464     -0.164      0.000
 739  735      0.465     -0.707      0.000
 740  736      0.465     -0.718      0.000
 735  738      0.466      0.310      0.000
 734  740      0.468      0.186      0.000
 738  737      0.469      0.530      0.000
 737  745      0.477     -0.076      0.000
 742  744      0.478     -0.271      0.000
 741  747      0.480      0.038      0.000
 743  749      0.481      0.049      0.000
 745  743      0.482      0.406      0.000
 744  748      0.482      0.136      0.000
 747  742      0.483     -0.590      0.000
 746  746      0.485     -0.429      0.000
 751  741      0.489      0.751      0.000
 748  750      0.489      0.430      0.000
 750  753      0.495     -0.332      0.000
 749  756      0.498     -0.081      0.000
 754  751      0.502      0.570      0.000
 753  760      0.505      0.310      0.000
 752  765      0.507     -0.129      0.000
 762  752      0.509     -0.993      0.000
 761  754      0.509     -0.839      0.000
 755  758      0.509     -0.544      0.000
 758  755      0.511      0.666      0.000
 757  757      0.512      0.597      0.000
 764  759      0.514     -0.691      0.000
 759  763      0.515     -0.587      0.000
 767  761      0.520      0.934      0.000
 756  770      0.521      0.025      0.000
 768  762      0.521      0.920      0.000
 766  766      0.522     -0.656      0.000
 763  769      0.522     -0.407      0.000
 770  764      0.525     -0.913      0.000
 760  772      0.526     -0.140      0.000
 769  767      0.528      0.621      0.000
 765  773      0.529      0.069      0.000
 772  768      0.533     -0.802      0.000
 778  771      0.541      0.872      0.000
 773  775      0.543     -0.568      0.000
 771  779      0.545      0.002      0.000
 774  777      0.547     -0.501      0.000
 784  774      0.550     -0.993      0.000
 783  776      0.551      0.855      0.000
 775  783      0.553      0.256      0.000
 781  780      0.555      0.445      0.000
 776  784      0.556     -0.195      0.000
 777  785      0.557     -0.141      0.000
 782  781      0.557     -0.564      0.000
 785  782      0.558     -0.556      0.000
 787  778      0.558     -0.790      0.000
 779  786      0.559     -0.128      0.000
 780  787      0.560      0.017      0.000
 786  789      0.571      0.224      0.000
 788  792      0.575      0.234      0.000
 792  788      0.576     -0.597      0.000
 790  790      0.577      0.361      0.000
 789  796      0.578      0.122      0.000
 791  793      0.579      0.312      0.000
 794  794      0.584      0.472      0.000
 796  791      0.586      0.651      0.000
 798  795      0.588     -0.624      0.000
 793  801      0.591     -0.105      0.000
 797  798      0.591      0.484      0.000
 799  797      0.593      0.675      0.000
 800  799      0.595     -0.647      0.000
 795  805      0.598      0.091      0.000
 802  800      0.601     -0.906      0.000
 803  806      0.609     -0.602      0.000
 804  803      0.610      0.745      0.000
 801  809      0.610     -0.396      0.000
 805  804      0.612      0.894      0.000
 806  802      0.612     -0.913      0.000
 810  807      0.619     -0.898      0.000
 807  810      0.620      0.622      0.000
 808  808      0.620      0.750      0.000
 811  811      0.628      0.815      0.000
 813  812      0.631      0.945      0.000
 809  815      0.633      0.204      0.000
 816  813      0.637     -0.742      0.000
 812  818      0.643      0.046      0.000
 817  817      0.645      0.456      0.000
 820  816      0.646      0.703      0.000
 814  821      0.647     -0.111      0.000
 822  814      0.648      0.960      0.000
 815  820      0.647     -0.223      0.000
 818  822      0.651     -0.259      0.000
 824  819      0.656     -0.620      0.000
 819  825      0.658      0.056      0.000
 821  827      0.661     -0.202      0.000
 823  828      0.663     -0.329      0.000
 828  823      0.666     -0.914      0.000
 826  824      0.667      0.754      0.000
  -1   -2      0.671     -0.332      0.000
 829  826      0.671     -0.694      0.000
 827  831      0.674     -0.481      0.000
 832  829      0.676      0.682      0.000
 833  830      0.679      0.794      0.000
 831  836      0.682      0.296      0.000
 834  833      0.682     -0.762      0.000
 830  839      0.685     -0.079      0.000
 836  834      0.687      0.846      0.000
 837  838      0.693      0.651      0.000
 840  835      0.693     -0.932      0.000
 835  842      0.695     -0.368      0.000
 842  837      0.695     -0.874      0.000
 839  845      0.700     -0.987      0.000
 841  846      0.702      0.521      0.000
 844  849      0.705      0.482      0.000
 851  840      0.704     -0.887      0.000
 848  843      0.705      0.756      0.000
 850  841      0.705      0.796      0.000
 847  847      0.705     -0.722      0.000
 852  844      0.707      0.875      0.000
 838  853      0.707      0.057      0.000
 849  851      0.710      0.516      0.000
 843  855      0.711     -0.063      0.000
 853  852      0.712      0.544      0.000
 855  848      0.711     -0.849      0.000
 854  850      0.712     -0.733      0.000
 845  856      0.713     -0.140      0.000
 846  857      0.714     -0.190      0.000
 856  858      0.721      0.366      0.000
 859  854      0.722      0.899      0.000
 857  863      0.732      0.064      0.000
 861  859      0.732     -0.884      0.000
 858  864      0.733      0.048      0.000
 864  860      0.739     -0.945      0.000
 860  868      0.742      0.187      0.000
 862  866      0.743     -0.493      0.000
 866  862      0.743     -0.828      0.000
 867  861      0.744     -0.886      0.000
 865  867      0.747     -0.563      0.000
 868  865      0.748      0.753      0.000
 863  869      0.750      0.259      0.000
 869  872      0.759      0.032      0.000
 872  871      0.763      0.841      0.000
 871  870      0.762     -0.816      0.000
 870  877      0.766     -0.238      0.000
  -1   -2      0.770     -0.700      0.000
 876  873      0.772      0.721      0.000
 878  875      0.772     -0.689      0.000
 884  876      0.776      0.973      0.000
 873  882      0.776      0.156      0.000
 881  879      0.776     -0.503      0.000
 885  878      0.779     -0.951      0.000
 879  883      0.779      0.302      0.000
 877  884      0.780     -0.268      0.000
 875  885      0.780     -0.170      0.000
 880  886      0.781     -0.207      0.000
 886  880      0.782     -0.993      0.000
 882  889      0.784      0.118      0.000
 883  888      0.784      0.144      0.000
 887  881      0.785      0.889      0.000
 890  887      0.792      0.920      0.000
 888  893      0.792     -0.404      0.000
 889  892      0.796      0.506      0.000
 894  890      0.797      0.814      0.000
 891  894      0.797      0.552      0.000
 896  891      0.799     -0.814      0.000
 893  896      0.800     -0.450      0.000
 898  895      0.804      0.573      0.000
 892  900      0.804      0.091      0.000
 895  899      0.805      0.280      0.000
 900  897      0.808      0.647      0.000
 897  902      0.808     -0.220      0.000
 901  901      0.809     -0.580      0.000
 903  898      0.811      0.905      0.000
 899  905      0.810     -0.130      0.000
 902  904      0.814     -0.557      0.000
 908  903      0.817     -0.994      0.000
 906  907      0.819      0.670      0.000
 910  906      0.821      0.956      0.000
 905  909      0.821      0.334      0.000
 904  912      0.822      0.152      0.000
  -1   -2      0.823      0.347      0.000
 911  908      0.824      0.603      0.000
 913  910      0.826      0.725      0.000
 912  914      0.828      0.473      0.000
 909  916      0.828      0.105      0.000
 915  913      0.830      0.775      0.000
 914  919      0.834     -0.090      0.000
 916  918      0.835      0.438      0.000
 917  915      0.835      0.866      0.000
 919  917      0.838      0.908      0.000
 920  921      0.843     -0.493      0.000
 918  924      0.843      0.056      0.000
 923  920      0.844     -0.831      0.000
 922  923      0.847     -0.569      0.000
 921  925      0.847     -0.248      0.000
  -1   -2      0.849      0.747      0.000
 924  927      0.851     -0.320      0.000
 929  926      0.856      0.739      0.000
 926  928      0.857     -0.076      0.000
 927  930      0.859      0.038      0.000
 928  929      0.860      0.278      0.000
 930  933      0.868      0.451      0.000
 932  931      0.869     -0.763      0.000
 933  932      0.870      0.671      0.000
 931  934      0.872      0.338      0.000
 935  938      0.875     -0.336      0.000
 937  935      0.876     -0.749      0.000
 934  939      0.877     -0.027      0.000
 939  936      0.878      0.888      0.000
 938  937      0.878      0.723      0.000
 936  941      0.879      0.025      0.000
 941  940      0.884      0.642      0.000
 940  944      0.883      0.040      0.000
 942  942      0.885     -0.594      0.000
 945  943      0.888     -0.755      0.000
 944  945      0.890      0.526      0.000
 943  947      0.891      0.383      0.000
 948  946      0.893     -0.698      0.000
  -1   -2      0.894      0.393      0.000
 946  949      0.895     -0.013      0.000
 949  951      0.905     -0.586      0.000
 950  950      0.906     -0.949      0.000
 953  952      0.907     -0.960      0.000
 954  953      0.909     -0.772      0.000
 952  955      0.911      0.368      0.000
 956  954      0.910     -0.922      0.000
 951  956      0.911      0.222      0.000
 955  958      0.914     -0.043      0.000
 957  959      0.918     -0.476      0.000
 960  957      0.918     -0.978      0.000
 958  961      0.920     -0.308      0.000
 961  960      0.922      0.591      0.000
 959  962      0.922     -0.137      0.000
 963  963      0.925      0.371      0.000
 962  965      0.926      0.050      0.000
 966  964      0.928     -0.660      0.000
 965  966      0.930      0.094      0.000
 964  967      0.930     -0.056      0.000
 967  968      0.937     -0.440      0.000
 968  969      0.940     -0.395      0.000
 970  970      0.944      0.579      0.000
 969  972      0.944     -0.242      0.000
 971  971      0.946      0.940      0.000
 972  973      0.947      0.898      0.000
 974  974      0.948     -0.988      0.000
 973  977      0.950     -0.188      0.000
 975  976      0.951      0.808      0.000
 976  975      0.950     -0.884      0.000
 977  978      0.954     -0.636      0.000
 978  979      0.958      0.314      0.000
 979  980      0.962     -0.771      0.000
 980  981      0.965      0.867      0.000
 981  982      0.967     -0.717      0.000
 982  983      0.969      0.548      0.000
 983  984      0.979      0.511      0.000
 984  986      0.979     -0.554      0.000
 985  985      0.979     -0.899      0.000
 986  987      0.981      0.763      0.000
 988  988      0.981      0.977      0.000
 987  992      0.982     -0.250      0.000
 989  989      0.983     -0.840      0.000
 990  990      0.984      0.790      0.000
 991  991      0.984      0.691      0.000
 992  993      0.989     -0.394      0.000
  -1   -2      0.991      0.452      0.000
 994  995      0.992      0.441      0.000
