996
  -1    0     -0.998      0.040      0.000
   0    1     -0.998      0.211      0.000
   1    2     -0.993     -0.127      0.000
   3    4     -0.990     -0.753      0.000
   2    3     -0.991      0.747      0.000
  -1   -2     -0.991      0.754      0.000
   5    6     -0.989     -0.221      0.000
   6    7     -0.989     -0.049      0.000
   7    8     -0.989      0.952      0.000
   8    9     -0.989      0.452      0.000
   9   10     -0.988     -0.549      0.000
  11   12     -0.988     -0.299      0.000
  12   11     -0.988      0.701      0.000
  10   13     -0.987     -0.799      0.000
  -1   14     -0.987      0.201      0.000
  13   15     -0.985     -0.279      0.000
  14   16     -0.981      0.255      0.000
  15   17     -0.977     -0.185      0.000
  16   18     -0.974      0.570      0.000
  17   22     -0.972      0.959      0.000
  19   19     -0.971     -0.018      0.000
  21   20     -0.971      0.368      0.000
  22   21     -0.970     -0.193      0.000
  18   25     -0.969     -0.978      0.000
  20   24     -0.970      0.682      0.000
  23   23     -0.969      0.342      0.000
  24   26     -0.965     -0.450      0.000
  25   27     -0.962     -0.109      0.000
  26   28     -0.961     -0.215      0.000
  27   29     -0.960      0.585      0.000
  28   30     -0.958     -0.419      0.000
  30   31     -0.954      0.183      0.000
  29   32     -0.954      0.825      0.000
  31   33     -0.950     -0.642      0.000
  36   34     -0.944      0.095      0.000
  32   35     -0.945      0.710      0.000
  34   38     -0.943     -0.688      0.000
  35   36     -0.944      0.563      0.000
  33   40     -0.942     -0.931      0.000
  37   37     -0.942      0.177      0.000
  38   39     -0.939     -0.275      0.000
  39   41     -0.938      0.412      0.000
  40   43     -0.935     -0.721      0.000
  42   44     -0.934      0.471      0.000
  43   42     -0.933      0.196      0.000
  45   45     -0.932      0.307      0.000
  41   46     -0.931     -0.931      0.000
  44   48     -0.930      0.757      0.000
  47   47     -0.928      0.365      0.000
  46   50     -0.926      0.938      0.000
  48   49     -0.921     -0.168      0.000
  49   51     -0.917      0.651      0.000
  50   52     -0.909     -0.210      0.000
  51   53     -0.905     -0.508      0.000
  53   54     -0.901     -0.237      0.000
  55   55     -0.898      0.423      0.000
  52   61     -0.896     -0.917      0.000
  54   59     -0.896     -0.673      0.000
  56   60     -0.895      0.637      0.000
  59   56     -0.894     -0.033      0.000
  60   57     -0.893      0.078      0.000
  62   58     -0.893      0.170      0.000
  57   62     -0.893      0.621      0.000
  61   67     -0.889     -0.636      0.000
  63   64     -0.889     -0.475      0.000
  64   65     -0.889      0.482      0.000
  58   69     -0.889      0.918      0.000
  66   63     -0.887     -0.174      0.000
  65   66     -0.887     -0.323      0.000
  67   68     -0.884     -0.260      0.000
  69   70     -0.878      0.038      0.000
  68   73     -0.878      0.552      0.000
  73   71     -0.875     -0.132      0.000
  74   72     -0.875     -0.006      0.000
  70   76     -0.874      0.593      0.000
  75   74     -0.872      0.200      0.000
  71   78     -0.869     -0.715      0.000
  77   75     -0.870     -0.092      0.000
  72   80     -0.869      0.804      0.000
  78   77     -0.868      0.130      0.000
  76   83     -0.863     -0.870      0.000
  80   79     -0.863     -0.065      0.000
  81   81     -0.860     -0.174      0.000
  79   85     -0.859     -0.831      0.000
  82   82     -0.858      0.277      0.000
  88   84     -0.853      0.144      0.000
  86   86     -0.852     -0.327      0.000
  83   88     -0.852      0.845      0.000
  84   92     -0.848     -0.921      0.000
  85   90     -0.848     -0.987      0.000
  89   87     -0.848      0.234      0.000
  87   93     -0.846     -0.712      0.000
  93   89     -0.843     -0.541      0.000
  90   94     -0.843      0.624      0.000
  -1   -2     -0.842      0.690      0.000
  92   97     -0.840      0.881      0.000
  96   91     -0.839     -0.182      0.000
  91   99     -0.839     -0.866      0.000
  95   98     -0.838      0.685      0.000
  97   95     -0.837      0.261      0.000
  99  101     -0.825     -0.338      0.000
 101  100     -0.824     -0.002      0.000
 103  102     -0.822      0.114      0.000
 102  103     -0.820      0.369      0.000
  98  106     -0.819     -0.935      0.000
 100  105     -0.818      0.653      0.000
 104  104     -0.816      0.527      0.000
 106  107     -0.807     -0.243      0.000
 105  109     -0.805      0.491      0.000
 107  108     -0.804     -0.404      0.000
 108  111     -0.798     -0.988      0.000
 113  110     -0.795     -0.049      0.000
 111  113     -0.794     -0.413      0.000
 109  114     -0.792      0.555      0.000
 114  112     -0.791     -0.178      0.000
 110  117     -0.786     -0.837      0.000
 112  119     -0.782     -0.962      0.000
 115  115     -0.781     -0.289      0.000
 120  116     -0.777     -0.256      0.000
 116  121     -0.774      0.541      0.000
 121  118     -0.773      0.120      0.000
 117  122     -0.771     -0.598      0.000
 119  124     -0.769      0.711      0.000
 123  120     -0.769      0.086      0.000
 118  126     -0.766     -0.871      0.000
 122  125     -0.764      0.565      0.000
 126  123     -0.762     -0.173      0.000
 124  132     -0.756      0.791      0.000
 129  127     -0.752     -0.440      0.000
 128  131     -0.752      0.523      0.000
 131  128     -0.750     -0.472      0.000
 130  130     -0.751      0.452      0.000
 125  137     -0.750     -0.995      0.000
 127  139     -0.746     -0.815      0.000
 135  129     -0.746      0.202      0.000
 132  136     -0.747      0.559      0.000
 133  135     -0.744     -0.494      0.000
 138  133     -0.743     -0.236      0.000
 137  134     -0.743      0.339      0.000
 134  138     -0.742      0.496      0.000
 136  140     -0.739     -0.526      0.000
 139  142     -0.735      0.444      0.000
 141  141     -0.734     -0.294      0.000
 144  143     -0.725     -0.216      0.000
 140  148     -0.722     -0.893      0.000
 142  147     -0.722     -0.843      0.000
 143  149     -0.722      0.924      0.000
 147  144     -0.716     -0.425      0.000
 150  145     -0.715      0.296      0.000
 146  150     -0.713     -0.542      0.000
 145  152     -0.711      0.678      0.000
 149  151     -0.711      0.499      0.000
 152  146     -0.709     -0.180      0.000
 148  154     -0.708     -0.742      0.000
 151  159     -0.703      0.966      0.000
 155  153     -0.699      0.033      0.000
 154  155     -0.698     -0.338      0.000
 153  161     -0.696     -0.697      0.000
 156  156     -0.696      0.180      0.000
 158  157     -0.691     -0.228      0.000
 160  158     -0.689      0.058      0.000
 157  166     -0.687      0.524      0.000
 164  160     -0.685      0.149      0.000
 161  165     -0.683     -0.408      0.000
 165  162     -0.683      0.242      0.000
 166  163     -0.681     -0.203      0.000
 163  167     -0.680     -0.498      0.000
 168  164     -0.679      0.035      0.000
 159  168     -0.677      0.875      0.000
 162  171     -0.671     -0.981      0.000
 167  169     -0.669      0.605      0.000
 170  172     -0.664      0.572      0.000
 169  173     -0.664      0.623      0.000
 171  175     -0.660      0.670      0.000
 175  170     -0.658      0.211      0.000
 172  178     -0.654      0.604      0.000
 178  174     -0.649     -0.085      0.000
 174  181     -0.648      0.817      0.000
 173  182     -0.648      0.889      0.000
 181  176     -0.646      0.025      0.000
 183  177     -0.644      0.062      0.000
 185  179     -0.641     -0.057      0.000
 177  186     -0.639      0.708      0.000
 176  188     -0.638      0.787      0.000
 187  180     -0.636      0.259      0.000
 184  184     -0.636      0.496      0.000
 186  183     -0.633     -0.436      0.000
 179  190     -0.631     -0.809      0.000
 180  192     -0.631      0.850      0.000
 182  189     -0.630     -0.735      0.000
 191  187     -0.628      0.319      0.000
 192  185     -0.626     -0.143      0.000
 189  194     -0.625      0.577      0.000
 190  193     -0.624     -0.579      0.000
  -1   -2     -0.621     -0.733      0.000
 195  191     -0.615     -0.195      0.000
 193  196     -0.610      0.569      0.000
 194  199     -0.602      0.931      0.000
 196  201     -0.599      0.732      0.000
 197  202     -0.594      0.535      0.000
 202  197     -0.591     -0.028      0.000
 201  203     -0.588      0.528      0.000
 198  205     -0.587     -0.761      0.000
 203  198     -0.587     -0.173      0.000
 199  206     -0.586      0.822      0.000
 200  207     -0.584     -0.722      0.000
 206  200     -0.584      0.014      0.000
 204  208     -0.579      0.488      0.000
 205  209     -0.574      0.520      0.000
 216  204     -0.573     -0.078      0.000
 209  210     -0.572      0.481      0.000
 207  212     -0.570     -0.621      0.000
 208  215     -0.567      0.699      0.000
 215  213     -0.567      0.458      0.000
 210  218     -0.563      0.793      0.000
 211  219     -0.563      0.829      0.000
  -1  217     -0.562     -0.042      0.000
 220  214     -0.562      0.278      0.000
 213  220     -0.560     -0.748      0.000
 214  222     -0.559     -0.791      0.000
 212  223     -0.560      0.870      0.000
 218  216     -0.558     -0.484      0.000
 217  225     -0.554      0.659      0.000
 222  221     -0.554     -0.527      0.000
 219  226     -0.552     -0.661      0.000
 224  227     -0.550     -0.619      0.000
 221  229     -0.550      0.643      0.000
 225  224     -0.549     -0.988      0.000
 223  232     -0.547     -0.041      0.000
 226  234     -0.540      0.841      0.000
 231  231     -0.538     -0.494      0.000
 234  228     -0.538     -0.171      0.000
 227  235     -0.538      0.806      0.000
 236  230     -0.533     -0.182      0.000
 228  240     -0.533      0.782      0.000
 232  236     -0.532      0.592      0.000
 229  243     -0.530      0.916      0.000
 238  239     -0.525      0.418      0.000
 241  233     -0.524     -0.216      0.000
 235  244     -0.524      0.601      0.000
 230   -2     -0.523     -0.039      0.000
 233  246     -0.523      0.906      0.000
 243  237     -0.523      0.306      0.000
 242  242     -0.520     -0.468      0.000
 250  238     -0.519     -0.168      0.000
 249  241     -0.518      0.177      0.000
 239  247     -0.515     -0.720      0.000
 237  250     -0.515     -0.913      0.000
 240  249     -0.513      0.723      0.000
 254  245     -0.509     -0.034      0.000
 244  253     -0.508     -0.844      0.000
 245  254     -0.506      0.992      0.000
 253  248     -0.505     -0.381      0.000
 247  258     -0.504     -0.982      0.000
 251  257     -0.501      0.655      0.000
 252  259     -0.499      0.716      0.000
 257  252     -0.497      0.345      0.000
 263  251     -0.495      0.084      0.000
 256  262     -0.492     -0.597      0.000
 261  261     -0.491      0.425      0.000
 255  266     -0.491      0.709      0.000
 264  256     -0.489      0.158      0.000
 266  255     -0.488     -0.057      0.000
 260  267     -0.487      0.617      0.000
 259  270     -0.483     -0.896      0.000
 258  271     -0.484      0.989      0.000
  -1   -2     -0.483      0.013      0.000
 270  263     -0.481     -0.146      0.000
  -1   -2     -0.480      0.709      0.000
 271  264     -0.480      0.141      0.000
 268  268     -0.478      0.444      0.000
 272  265     -0.477      0.018      0.000
 267  273     -0.475      0.577      0.000
 265  274     -0.475      0.720      0.000
 274  269     -0.470     -0.245      0.000
 276  278     -0.460      0.571      0.000
 278  275     -0.459     -0.305      0.000
 273  282     -0.458      0.945      0.000
 275  281     -0.456     -0.726      0.000
 282  276     -0.455     -0.104      0.000
 283  277     -0.455     -0.097      0.000
 280  280     -0.452      0.377      0.000
 277  283     -0.450      0.926      0.000
 285  279     -0.448     -0.232      0.000
 279  285     -0.442     -0.843      0.000
 281  286     -0.440      0.800      0.000
 289  284     -0.434     -0.311      0.000
 284  289     -0.434      0.955      0.000
 286  288     -0.432      0.735      0.000
 287  290     -0.428     -0.723      0.000
 288  292     -0.428      0.755      0.000
 293  287     -0.424     -0.377      0.000
 290  294     -0.420     -0.630      0.000
 295  291     -0.419     -0.417      0.000
 292  302     -0.417      0.761      0.000
 296  297     -0.415      0.476      0.000
 291  306     -0.415      0.950      0.000
 301  293     -0.414      0.261      0.000
 300  298     -0.412     -0.456      0.000
 299  300     -0.412     -0.509      0.000
 294  307     -0.411      0.814      0.000
 298  303     -0.411      0.568      0.000
 302  305     -0.408      0.480      0.000
 306  295     -0.407     -0.100      0.000
 307  296     -0.407     -0.061      0.000
 304  299     -0.407     -0.245      0.000
 308  301     -0.405      0.128      0.000
 297  309     -0.403     -0.994      0.000
 305  304     -0.404      0.311      0.000
 303  310     -0.395     -0.767      0.000
 314  308     -0.390      0.126      0.000
 311  311     -0.388     -0.588      0.000
 310  312     -0.388      0.610      0.000
 309  316     -0.386      0.926      0.000
 312  313     -0.383      0.596      0.000
 313  317     -0.380     -0.685      0.000
 315  322     -0.375      0.696      0.000
 323  314     -0.373      0.178      0.000
 321  319     -0.373      0.356      0.000
 325  315     -0.372      0.134      0.000
 316  327     -0.372      0.792      0.000
 317  325     -0.372      0.757      0.000
 318  328     -0.370     -0.795      0.000
 326  318     -0.369     -0.015      0.000
 327  320     -0.367      0.086      0.000
 319  331     -0.366      0.866      0.000
 328  321     -0.365      0.150      0.000
 329  324     -0.363      0.266      0.000
 330  323     -0.362     -0.250      0.000
 320  332     -0.362     -0.898      0.000
 322  334     -0.361      0.981      0.000
 324  333     -0.358     -0.817      0.000
 332  326     -0.357     -0.049      0.000
 334  329     -0.353     -0.123      0.000
 333  330     -0.353      0.137      0.000
 331  337     -0.347     -0.846      0.000
 335  336     -0.343     -0.564      0.000
 336  335     -0.342      0.310      0.000
 339  338     -0.326     -0.212      0.000
 337  339     -0.325      0.879      0.000
 338  340     -0.323      0.714      0.000
 340  342     -0.318      0.499      0.000
 341  341     -0.316      0.431      0.000
 344  343     -0.306      0.483      0.000
 342  347     -0.306      0.835      0.000
 343  346     -0.305      0.656      0.000
 345  345     -0.303     -0.588      0.000
 353  344     -0.299      0.048      0.000
 347  348     -0.298     -0.988      0.000
 346  351     -0.297     -0.632      0.000
 350  350     -0.297     -0.449      0.000
 348  352     -0.295      0.520      0.000
 356  349     -0.291     -0.051      0.000
 349  357     -0.289     -0.885      0.000
 352  359     -0.287     -0.911      0.000
 351  360     -0.288      0.938      0.000
 354  354     -0.287     -0.578      0.000
 359  353     -0.285     -0.226      0.000
 355  355     -0.285      0.524      0.000
 357  362     -0.281     -0.618      0.000
 362  361     -0.278      0.393      0.000
 363  358     -0.278      0.324      0.000
 364  356     -0.278      0.153      0.000
 360  363     -0.277     -0.647      0.000
 358  368     -0.277      0.990      0.000
 361  366     -0.275      0.664      0.000
 368  364     -0.269     -0.293      0.000
 369  365     -0.268     -0.311      0.000
 367  367     -0.268     -0.406      0.000
 365  370     -0.268      0.582      0.000
 370  369     -0.262     -0.056      0.000
 366  376     -0.261     -0.859      0.000
 372  371     -0.259     -0.130      0.000
 373  372     -0.259     -0.037      0.000
 374  373     -0.258     -0.103      0.000
 371  374     -0.257     -0.374      0.000
 376  375     -0.254     -0.241      0.000
 375  378     -0.250     -0.571      0.000
 380  377     -0.246     -0.121      0.000
 377  381     -0.243      0.714      0.000
 379  379     -0.243     -0.391      0.000
 378  383     -0.239      0.970      0.000
 382  380     -0.239     -0.240      0.000
 381  382     -0.237      0.647      0.000
 383  384     -0.231     -0.540      0.000
 384  388     -0.229      0.584      0.000
 385  385     -0.228      0.337      0.000
 387  387     -0.227      0.359      0.000
 386  389     -0.225      0.489      0.000
 389  386     -0.224     -0.033      0.000
 388  392     -0.221     -0.541      0.000
 391  391     -0.220     -0.350      0.000
 392  390     -0.220      0.119      0.000
 390  393     -0.216      0.700      0.000
 394  394     -0.210      0.567      0.000
 393  398     -0.209      0.968      0.000
 395  396     -0.206     -0.507      0.000
  -1   -2     -0.205     -0.441      0.000
 397  397     -0.204     -0.449      0.000
 398  399     -0.197      0.768      0.000
 399  402     -0.194      0.908      0.000
 401  400     -0.193      0.632      0.000
 400  404     -0.193      0.849      0.000
 402  401     -0.191     -0.642      0.000
 403  405     -0.190     -0.728      0.000
 404  406     -0.187      0.796      0.000
 406  403     -0.185      0.126      0.000
 405  407     -0.184     -0.985      0.000
 408  408     -0.178      0.445      0.000
 407  411     -0.176     -0.677      0.000
 409  413     -0.175      0.603      0.000
  -1  410     -0.174      0.365      0.000
 411  412     -0.173     -0.437      0.000
 410   -2     -0.173      0.373      0.000
 412  416     -0.170      0.657      0.000
 414  415     -0.169     -0.625      0.000
 416  414     -0.166     -0.044      0.000
 415  419     -0.165     -0.554      0.000
 417  417     -0.163      0.182      0.000
 418  418     -0.162      0.163      0.000
 419  421     -0.157     -0.416      0.000
 420  420     -0.157     -0.210      0.000
 423  422     -0.151     -0.181      0.000
 425  423     -0.150      0.146      0.000
 421  426     -0.148     -0.800      0.000
 427  424     -0.147     -0.263      0.000
 422  427     -0.147      0.800      0.000
 431  425     -0.144     -0.243      0.000
 424  429     -0.144      0.821      0.000
 426  430     -0.144      0.725      0.000
 430  428     -0.142      0.379      0.000
 428  431     -0.140     -0.883      0.000
 429  432     -0.140      0.961      0.000
 432  434     -0.133     -0.807      0.000
 433  433     -0.131     -0.309      0.000
 434  436     -0.127      0.558      0.000
 436  435     -0.125      0.245      0.000
 435  437     -0.121      0.747      0.000
 437  438     -0.116     -0.237      0.000
 440  439     -0.113     -0.156      0.000
 439  440     -0.111     -0.572      0.000
 438  442     -0.111      0.706      0.000
 441  441     -0.109      0.181      0.000
 442  443     -0.108     -0.504      0.000
 444  444     -0.106      0.498      0.000
  -1   -2     -0.105      0.487      0.000
 445  446     -0.103      0.004      0.000
 447  447     -0.103     -0.050      0.000
 446  448     -0.101      0.380      0.000
 448  449     -0.100     -0.443      0.000
 449  450     -0.089     -0.290      0.000
 450  451     -0.081     -0.559      0.000
 451  453     -0.079      0.918      0.000
 454  452     -0.076     -0.017      0.000
 453  454     -0.076     -0.486      0.000
 452  455     -0.076      0.818      0.000
 455  456     -0.073      0.584      0.000
 456  457     -0.071     -0.604      0.000
 458  458     -0.068     -0.387      0.000
 459  459     -0.067     -0.204      0.000
 457  461     -0.067      0.973      0.000
 460  460     -0.067      0.224      0.000
 461  462     -0.063      0.380      0.000
 462  463     -0.062      0.464      0.000
 463  464     -0.061     -0.898      0.000
 464  465     -0.057     -0.915      0.000
 465  468     -0.054     -0.734      0.000
 466  466     -0.054     -0.414      0.000
 467  467     -0.054     -0.051      0.000
 468  469     -0.052     -0.755      0.000
 472  470     -0.050      0.057      0.000
 470  472     -0.050      0.446      0.000
 469  473     -0.050      0.736      0.000
 471  471     -0.050      0.041      0.000
 474  474     -0.048     -0.448      0.000
 473  476     -0.048     -0.549      0.000
 475  475     -0.048     -0.082      0.000
 476  477     -0.046      0.312      0.000
 477  478     -0.043     -0.633      0.000
 479  479     -0.039      0.201      0.000
 478  480     -0.039     -0.885      0.000
 480  481     -0.038      0.906      0.000
 481  482     -0.037      0.524      0.000
 482  483     -0.036      0.353      0.000
 483  484     -0.034      0.078      0.000
 485  485     -0.034     -0.446      0.000
 484  486     -0.034      0.737      0.000
 486  487     -0.033     -0.812      0.000
 487  488     -0.032      0.230      0.000
 488  489     -0.031     -0.256      0.000
 489  490     -0.031      0.817      0.000
 490  491     -0.030     -0.528      0.000
 491  492     -0.029      0.940      0.000
 492  493     -0.029      0.112      0.000
 493  494     -0.026      0.143      0.000
 494  495     -0.024      0.016      0.000
 495  496     -0.023     -0.639      0.000
 496  497     -0.022     -0.414      0.000
 497  498     -0.022     -0.501      0.000
 498  499     -0.021      0.628      0.000
 499  500     -0.019     -0.448      0.000
 500  501     -0.016     -0.694      0.000
  -1   -2     -0.015     -0.496      0.000
 502  505     -0.014      0.244      0.000
 503  503     -0.014     -0.600      0.000
 504  504     -0.013      0.975      0.000
 505  506     -0.013     -0.627      0.000
 506  507      0.002      0.045      0.000
 507  508      0.004     -0.379      0.000
 508  509      0.006     -0.223      0.000
 509  510      0.009      0.228      0.000
 510  511      0.011      0.513      0.000
 511  512      0.012      0.776      0.000
 512  513      0.012     -0.698      0.000
 513  514      0.014      0.712      0.000
 514  517      0.019     -0.329      0.000
 516  515      0.019     -0.680      0.000
 517  516      0.020      0.701      0.000
 515  518      0.021      0.057      0.000
 518  519      0.024     -0.108      0.000
 519  520      0.025     -0.088      0.000
 520  521      0.027     -0.189      0.000
 521  522      0.029      0.532      0.000
 522  523      0.032      0.125      0.000
 523  526      0.040      0.087      0.000
 524  525      0.040     -0.191      0.000
 527  524      0.043     -0.962      0.000
 525  528      0.043      0.335      0.000
 526  527      0.043     -0.480      0.000
 529  529      0.047     -0.778      0.000
 528  531      0.049      0.162      0.000
 531  530      0.051     -0.673      0.000
 530  532      0.053     -0.392      0.000
 532  533      0.055      0.296      0.000
 534  534      0.061      0.866      0.000
 533  536      0.062      0.002      0.000
 535  535      0.064     -0.917      0.000
 537  537      0.067      0.736      0.000
 538  538      0.069     -0.847      0.000
 536  542      0.070      0.362      0.000
 539  540      0.072      0.674      0.000
 540  539      0.072     -0.967      0.000
 542  541      0.073      0.937      0.000
 541  543      0.075     -0.591      0.000
 543  544      0.079      0.657      0.000
 547  545      0.086     -0.895      0.000
 544  548      0.087      0.050      0.000
 545  547      0.087     -0.279      0.000
 546  546      0.088     -0.379      0.000
 548  551      0.097      0.203      0.000
 549  550      0.098     -0.399      0.000
 551  549      0.100     -0.962      0.000
 550  554      0.102      0.177      0.000
 553  552      0.104      0.834      0.000
 554  553      0.105     -0.869      0.000
  -1  557      0.107      0.199      0.000
 555  555      0.109     -0.504      0.000
 558  556      0.113     -0.969      0.000
 560  558      0.114      0.945      0.000
 556  560      0.115      0.507      0.000
 561  559      0.115     -0.863      0.000
 566  561      0.118     -0.975      0.000
 567  562      0.120      0.741      0.000
 562  564      0.121     -0.545      0.000
 557  568      0.121      0.049      0.000
 570  563      0.122     -0.919      0.000
 564  566      0.122     -0.478      0.000
 559  570      0.123     -0.051      0.000
 568  565      0.123     -0.636      0.000
 565  569      0.124      0.275      0.000
 563  572      0.125     -0.167      0.000
 569  571      0.127     -0.463      0.000
 574  567      0.128      0.777      0.000
 571  574      0.130     -0.190      0.000
 572  575      0.131      0.076      0.000
 573  577      0.136     -0.048      0.000
 577  573      0.137      0.875      0.000
 575  579      0.142      0.015      0.000
 576  580      0.143     -0.178      0.000
 580  576      0.144      0.865      0.000
 581  578      0.148     -0.932      0.000
 578  581      0.149      0.257      0.000
 579  582      0.152      0.058      0.000
 583  583      0.157      0.513      0.000
 582  586      0.158      0.327      0.000
  -1   -2      0.159     -0.478      0.000
 586  589      0.162     -0.488      0.000
 590  584      0.163     -0.925      0.000
 585  590      0.163      0.364      0.000
 587  588      0.164     -0.649      0.000
 593  587      0.167      0.833      0.000
 591  592      0.169      0.441      0.000
 588  593      0.169     -0.434      0.000
 595  591      0.171      0.952      0.000
 589  594      0.172     -0.199      0.000
 592  595      0.175      0.111      0.000
 594  599      0.180      0.052      0.000
 598  597      0.183     -0.457      0.000
 597  598      0.183     -0.438      0.000
 596  600      0.183     -0.031      0.000
 600  596      0.185      0.656      0.000
 599  602      0.190     -0.014      0.000
 602  601      0.192     -0.498      0.000
 601  603      0.193      0.268      0.000
 603  608      0.198     -0.152      0.000
 606  606      0.201     -0.987      0.000
 609  605      0.202      0.540      0.000
 605  609      0.202     -0.291      0.000
 604  613      0.203      0.075      0.000
 610  604      0.204      0.687      0.000
 608  610      0.204      0.363      0.000
 607  614      0.205     -0.339      0.000
 611  611      0.208     -0.608      0.000
 614  607      0.209      0.976      0.000
 612  612      0.209     -0.576      0.000
 615  615      0.214      0.625      0.000
 613  616      0.217      0.144      0.000
 616  619      0.223     -0.208      0.000
 618  617      0.226      0.533      0.000
 622  618      0.231     -0.819      0.000
 617  625      0.231      0.172      0.000
 626  620      0.236      0.730      0.000
 619  629      0.236      0.157      0.000
 623  624      0.237     -0.523      0.000
 624  622      0.237      0.663      0.000
 620  630      0.238     -0.143      0.000
 629  621      0.239      0.777      0.000
 627  626      0.240     -0.589      0.000
 621  632      0.240      0.077      0.000
 631  623      0.241     -0.853      0.000
 628  633      0.246      0.298      0.000
 630  634      0.247      0.372      0.000
 625  635      0.247      0.069      0.000
 634  627      0.248     -0.966      0.000
 635  628      0.248      0.882      0.000
 636  631      0.251     -0.808      0.000
 632  638      0.256     -0.086      0.000
 633  639      0.259      0.040      0.000
 642  636      0.263     -0.798      0.000
 643   -2      0.264     -0.855      0.000
 640  640      0.264     -0.344      0.000
 637  642      0.265      0.120      0.000
 638  643      0.265     -0.199      0.000
 639  644      0.266     -0.106      0.000
 646  637      0.270     -0.856      0.000
 644  641      0.271     -0.529      0.000
 641  646      0.273      0.181      0.000
 645  647      0.276     -0.394      0.000
 648  645      0.281     -0.720      0.000
 649  648      0.286      0.500      0.000
 647  653      0.290     -0.100      0.000
 653  649      0.295      0.563      0.000
 650  656      0.296      0.004      0.000
 652  654      0.297      0.439      0.000
 656  650      0.298      0.620      0.000
 655  651      0.298     -0.651      0.000
 651  660      0.300     -0.019      0.000
 662  652      0.303      0.866      0.000
 654  663      0.304     -0.234      0.000
 663  655      0.305     -0.814      0.000
 658  659      0.306      0.454      0.000
 657  661      0.306      0.363      0.000
 665  657      0.310      0.800      0.000
 659  664      0.310     -0.442      0.000
 664  658      0.311      0.705      0.000
 660  665      0.312     -0.401      0.000
 661  667      0.316     -0.262      0.000
 666  672      0.323      0.266      0.000
 670  666      0.324     -0.805      0.000
 669  668      0.326     -0.610      0.000
 668  671      0.327      0.483      0.000
 667  675      0.330     -0.308      0.000
 674  669      0.333      0.870      0.000
  -1   -2      0.333      0.815      0.000
 672  674      0.335      0.577      0.000
 679  673      0.338     -0.957      0.000
 675  679      0.342     -0.565      0.000
 680  678      0.343      0.627      0.000
 682  677      0.344     -0.750      0.000
 671  683      0.344     -0.080      0.000
 677  681      0.345     -0.582      0.000
 683  676      0.346      0.817      0.000
 681  682      0.349      0.478      0.000
 687  680      0.351     -0.984      0.000
 684  684      0.354      0.463      0.000
 676  687      0.354      0.103      0.000
 678  686      0.354      0.154      0.000
 685  688      0.360      0.342      0.000
 686  693      0.364      0.226      0.000
 696  685      0.365      0.850      0.000
 691  690      0.367      0.430      0.000
 689  692      0.367     -0.446      0.000
 697  689      0.371     -0.675      0.000
 690  697      0.371     -0.282      0.000
 688  698      0.372      0.041      0.000
 698  691      0.373     -0.707      0.000
 692  700      0.376      0.179      0.000
 694  701      0.378      0.154      0.000
 695  702      0.379     -0.169      0.000
 693  703      0.379      0.028      0.000
 701  694      0.381      0.772      0.000
 703  695      0.382     -0.766      0.000
 702  696      0.383     -0.750      0.000
 699  709      0.388      0.101      0.000
 707  706      0.392      0.508      0.000
 712  699      0.393     -0.898      0.000
 700  715      0.393      0.138      0.000
 704  708      0.393     -0.392      0.000
 709  707      0.394      0.470      0.000
 706  711      0.394      0.385      0.000
 711  704      0.394     -0.729      0.000
 713  705      0.398     -0.829      0.000
 705  717      0.400      0.075      0.000
 708  720      0.403      0.006      0.000
 710  721      0.405      0.083      0.000
 716  710      0.406      0.993      0.000
 718  712      0.406     -0.977      0.000
 719  714      0.409      0.832      0.000
 717  716      0.408     -0.776      0.000
 721  713      0.409      0.948      0.000
 714  719      0.410      0.420      0.000
 715  722      0.416     -0.457      0.000
 723  718      0.419      0.870      0.000
 720  725      0.423      0.310      0.000
 722  724      0.424      0.440      0.000
 725  723      0.427      0.694      0.000
 727  727      0.439     -0.542      0.000
 729  726      0.440      0.633      0.000
 724  729      0.441      0.137      0.000
 726  732      0.446     -0.195      0.000
 733  728      0.447      0.805      0.000
 732  730      0.450     -0.987      0.000
 728  734      0.451      0.045      0.000
 730  736      0.457     -0.116      0.000
 731  737      0.458     -0.170      0.000
 735  733      0.459     -0.707      0.000
 736  731      0.459     -0.717      0.000
 739  735      0.467      0.530      0.000
 737  739      0.471      0.310      0.000
 734  741      0.473     -0.164      0.000
 738  742      0.475      0.186      0.000
 748  738      0.482      0.751      0.000
 746  740      0.481     -0.590      0.000
 744  743      0.484      0.406      0.000
 741  746      0.484     -0.271      0.000
 740  749      0.487     -0.076      0.000
 747  744      0.487     -0.429      0.000
 742  752      0.490      0.038      0.000
 745  751      0.490      0.136      0.000
 743  753      0.490      0.049      0.000
 749  747      0.491      0.430      0.000
 752  750      0.500      0.571      0.000
 755  745      0.500     -0.993      0.000
 750  760      0.501     -0.332      0.000
 756  748      0.501     -0.839      0.000
 758  754      0.505      0.666      0.000
 751  765      0.508     -0.081      0.000
 759  758      0.509      0.598      0.000
 757  761      0.509     -0.544      0.000
 760  757      0.509     -0.692      0.000
 753  764      0.510      0.310      0.000
 762  755      0.511      0.934      0.000
 764  756      0.512      0.920      0.000
 761  762      0.513     -0.587      0.000
 767  759      0.516     -0.913      0.000
 754  769      0.516     -0.129      0.000
 765  763      0.518     -0.657      0.000
 769  767      0.524      0.623      0.000
 771  766      0.525     -0.803      0.000
 766  770      0.526     -0.408      0.000
 763  773      0.531      0.025      0.000
 772  768      0.532      0.873      0.000
 768  776      0.535     -0.140      0.000
 770  777      0.538      0.069      0.000
 776  771      0.541     -0.993      0.000
 773  774      0.542     -0.569      0.000
 777  772      0.543      0.856      0.000
 775  778      0.548     -0.502      0.000
 784  775      0.551     -0.791      0.000
 774  782      0.555      0.003      0.000
 779  781      0.556      0.448      0.000
 782  779      0.556     -0.566      0.000
 783  780      0.557     -0.558      0.000
 778  783      0.559      0.258      0.000
 780  785      0.564     -0.196      0.000
 781  786      0.566     -0.142      0.000
 785  787      0.567     -0.129      0.000
 786  789      0.569      0.018      0.000
 789  784      0.574     -0.600      0.000
 787  794      0.578      0.226      0.000
 790  793      0.580      0.364      0.000
 794  788      0.582      0.654      0.000
 788  797      0.582      0.235      0.000
 792  796      0.583      0.314      0.000
 793  795      0.585      0.475      0.000
 795  792      0.585     -0.626      0.000
 791  801      0.586      0.123      0.000
 798  790      0.588      0.678      0.000
 797  799      0.591      0.487      0.000
 799  798      0.592     -0.649      0.000
 801  791      0.592     -0.907      0.000
 796  807      0.600     -0.106      0.000
 806  800      0.602     -0.914      0.000
 803  803      0.604      0.747      0.000
 805  802      0.604      0.896      0.000
 800  811      0.606      0.093      0.000
 802  805      0.606     -0.605      0.000
 807  804      0.610     -0.900      0.000
 809  806      0.614      0.752      0.000
 804  812      0.614     -0.399      0.000
 808  808      0.617      0.626      0.000
 810  809      0.620      0.817      0.000
 811  810      0.623      0.946      0.000
 813  813      0.632     -0.745      0.000
 818  814      0.640      0.961      0.000
 812  817      0.640      0.207      0.000
 816  815      0.640      0.707      0.000
 815  816      0.645      0.460      0.000
 814  821      0.652      0.047      0.000
 821  819      0.654     -0.625      0.000
 819  822      0.654     -0.226      0.000
 817  824      0.655     -0.112      0.000
 820  825      0.657     -0.261      0.000
 825  818      0.658     -0.915      0.000
 826  820      0.662      0.758      0.000
 822  831      0.666      0.058      0.000
 828  823      0.667     -0.699      0.000
 823  832      0.668     -0.204      0.000
 824  830      0.668     -0.333      0.000
 830  827      0.671      0.686      0.000
 831  826      0.673      0.797      0.000
 829  833      0.675     -0.486      0.000
  -1   -2      0.675     -0.336      0.000
 833  828      0.677     -0.766      0.000
 835  829      0.680      0.849      0.000
 837  834      0.685     -0.933      0.000
 832  839      0.687      0.301      0.000
 839  836      0.688     -0.876      0.000
 836  837      0.689      0.656      0.000
 834  846      0.692     -0.080      0.000
 843  838      0.697     -0.889      0.000
 845  841      0.699      0.800      0.000
 838  848      0.699     -0.373      0.000
 844  842      0.700      0.760      0.000
 847  840      0.700      0.878      0.000
 840  847      0.700     -0.987      0.000
 841  845      0.701      0.527      0.000
 846  843      0.701     -0.726      0.000
 852  844      0.705     -0.852      0.000
 842  850      0.705      0.488      0.000
 853  849      0.708     -0.738      0.000
 849  851      0.709      0.523      0.000
 851  852      0.711      0.550      0.000
 848  855      0.715      0.059      0.000
 857  853      0.716      0.902      0.000
 850  858      0.719     -0.063      0.000
 854  860      0.720     -0.141      0.000
 855  859      0.720     -0.193      0.000
 856  857      0.724      0.372      0.000
 859  854      0.725     -0.886      0.000
 861  856      0.732     -0.946      0.000
 865  861      0.737     -0.888      0.000
 864  862      0.737     -0.831      0.000
 858  866      0.739      0.066      0.000
 860  867      0.740      0.050      0.000
 867  863      0.743      0.758      0.000
 863  864      0.743     -0.499      0.000
 866  865      0.746     -0.569      0.000
 862  870      0.747      0.191      0.000
 868  871      0.755      0.264      0.000
 871  868      0.757     -0.819      0.000
 870  869      0.758      0.844      0.000
 869  878      0.765      0.033      0.000
 874  872      0.768      0.727      0.000
  -1   -2      0.767     -0.706      0.000
 875  875      0.769     -0.695      0.000
 876  874      0.770      0.974      0.000
 872  880      0.771     -0.242      0.000
 879  876      0.772     -0.952      0.000
 878  881      0.777     -0.510      0.000
 884  877      0.777     -0.993      0.000
 887  879      0.780      0.892      0.000
 877  884      0.781      0.160      0.000
 880  883      0.783      0.309      0.000
 881  886      0.784     -0.273      0.000
 882  888      0.785     -0.173      0.000
 883  889      0.786     -0.211      0.000
 888  882      0.787      0.922      0.000
 886  891      0.789      0.148      0.000
 885  892      0.789      0.122      0.000
 891  885      0.793      0.819      0.000
 893  887      0.794     -0.818      0.000
 890  893      0.795      0.514      0.000
 889  894      0.795     -0.410      0.000
 892  890      0.796      0.560      0.000
 895  895      0.802      0.581      0.000
 894  898      0.802     -0.457      0.000
 898  897      0.805      0.654      0.000
 901  896      0.806      0.907      0.000
 897  901      0.808      0.287      0.000
 896  905      0.809      0.094      0.000
 900  899      0.808     -0.587      0.000
 899  906      0.813     -0.224      0.000
 904  900      0.813     -0.994      0.000
 903  903      0.813     -0.564      0.000
 902  909      0.815     -0.132      0.000
 906  902      0.816      0.957      0.000
 905  904      0.817      0.678      0.000
 910  908      0.822      0.611      0.000
 907  911      0.823      0.341      0.000
 911  907      0.823      0.731      0.000
  -1   -2      0.825      0.354      0.000
 908  916      0.826      0.157      0.000
 914  910      0.827      0.781      0.000
 912  914      0.828      0.482      0.000
 917  913      0.831      0.870      0.000
 913  918      0.833      0.109      0.000
 918  915      0.835      0.911      0.000
 916  917      0.835      0.447      0.000
 915  920      0.838     -0.091      0.000
 921  919      0.841     -0.835      0.000
 919  922      0.843     -0.501      0.000
  -1   -2      0.847      0.753      0.000
 922  923      0.846     -0.577      0.000
 920  925      0.847      0.059      0.000
 923  926      0.850     -0.253      0.000
 926  924      0.854      0.745      0.000
 925  927      0.854     -0.326      0.000
 927  930      0.861     -0.077      0.000
 929  929      0.862      0.286      0.000
 928  932      0.863      0.040      0.000
 931  928      0.866     -0.769      0.000
 932  931      0.868      0.678      0.000
 930  933      0.868      0.460      0.000
 933  937      0.873      0.346      0.000
 935  935      0.873     -0.756      0.000
 937  934      0.875      0.892      0.000
 938  936      0.876      0.729      0.000
 934  938      0.877     -0.343      0.000
 936  941      0.881     -0.027      0.000
 940  939      0.882      0.651      0.000
 939  943      0.882      0.027      0.000
 942  940      0.884     -0.603      0.000
 943  942      0.886     -0.761      0.000
 941  946      0.887      0.042      0.000
 944  944      0.890      0.535      0.000
 946  945      0.891     -0.706      0.000
 945  947      0.892      0.392      0.000
  -1   -2      0.895      0.402      0.000
 948  949      0.898     -0.013      0.000
 950  950      0.903     -0.950      0.000
 949  952      0.904     -0.595      0.000
 951  951      0.905     -0.961      0.000
 952  953      0.907     -0.778      0.000
 954  954      0.908     -0.924      0.000
 953  955      0.911      0.377      0.000
 955  956      0.913      0.228      0.000
 958  957      0.917     -0.978      0.000
 956  959      0.917     -0.044      0.000
 957  958      0.918     -0.485      0.000
 960  960      0.921      0.600      0.000
 959  961      0.921     -0.315      0.000
 961  962      0.923     -0.140      0.000
 962  963      0.926      0.380      0.000
 964  964      0.927     -0.668      0.000
 963  965      0.928      0.052      0.000
 965  966      0.932      0.098      0.000
 966  967      0.932     -0.056      0.000
 967  968      0.938     -0.448      0.000
 968  969      0.941     -0.402      0.000
 969  970      0.943      0.588      0.000
 971  971      0.945      0.942      0.000
 970  973      0.945     -0.247      0.000
 972  972      0.946      0.901      0.000
 973  975      0.948     -0.988      0.000
 976  974      0.950     -0.887      0.000
 975  976      0.951      0.814      0.000
 974  977      0.952     -0.192      0.000
 977  978      0.954     -0.644      0.000
 978  979      0.959      0.322      0.000
 979  980      0.961     -0.778      0.000
 980  981      0.964      0.871      0.000
 981  982      0.966     -0.725      0.000
 982  983      0.968      0.557      0.000
 983  986      0.978      0.521      0.000
 985  984      0.977     -0.902      0.000
 984  985      0.978     -0.563      0.000
 986  987      0.980      0.770      0.000
 987  988      0.981      0.979      0.000
 989  989      0.982     -0.844      0.000
 990  990      0.983      0.796      0.000
 991  991      0.984      0.699      0.000
 988  992      0.983     -0.255      0.000
 992  994      0.990     -0.402      0.000
  -1   -2      0.990      0.462      0.000
 994  995      0.992      0.451      0.000
