998
   0    0     -0.996     -0.532      0.000
  -1   -2     -0.996      0.669      0.000
   3    1     -0.996      0.495      0.000
   1    3     -0.996      0.659      0.000
   5    4     -0.995     -0.101      0.000
   4    5     -0.995     -0.667      0.000
   6    6     -0.989     -0.171      0.000
   7    8     -0.989      0.952      0.000
   8    9     -0.988     -0.049      0.000
   9   10     -0.988      0.201      0.000
  12   12     -0.988     -0.299      0.000
  11   11     -0.987     -0.799      0.000
  10   13     -0.987     -0.549      0.000
  13   14     -0.987      0.701      0.000
  14   15     -0.987      0.939      0.000
  15   17     -0.984     -0.973      0.000
  16   16     -0.984     -0.215      0.000
  17   18     -0.978      0.180      0.000
  18   19     -0.975      0.583      0.000
  19   20     -0.972     -0.142      0.000
  21   21     -0.970      0.460      0.000
  20   22     -0.970      0.760      0.000
  22   24     -0.966     -0.906      0.000
  23   23     -0.964      0.269      0.000
  25   25     -0.963     -0.147      0.000
  24   27     -0.963      0.247      0.000
  26   26     -0.962     -0.022      0.000
  28   28     -0.958     -0.349      0.000
  27   30     -0.958     -0.907      0.000
  29   29     -0.958      0.475      0.000
  30   31     -0.956      0.618      0.000
  31   37     -0.953      0.913      0.000
  32   33     -0.951     -0.541      0.000
  34   32     -0.950     -0.162      0.000
  33   36     -0.950     -0.593      0.000
  35   34     -0.950     -0.086      0.000
  36   35     -0.949     -0.321      0.000
  37   38     -0.947     -0.632      0.000
  38   39     -0.947      0.675      0.000
  40   40     -0.941      0.121      0.000
  39   41     -0.941      0.452      0.000
  41   42     -0.933     -0.887      0.000
  44   43     -0.928      0.305      0.000
  42   47     -0.926      0.552      0.000
  45   45     -0.926      0.360      0.000
  46   44     -0.926      0.058      0.000
  47   46     -0.924      0.117      0.000
  43   49     -0.924      0.887      0.000
  48   48     -0.922     -0.207      0.000
  49   50     -0.916      0.217      0.000
  50   52     -0.913      0.266      0.000
  51   51     -0.913      0.131      0.000
  53   53     -0.907     -0.580      0.000
  52   55     -0.905     -0.824      0.000
  54   54     -0.906      0.539      0.000
  55   57     -0.903      0.739      0.000
  58   56     -0.901      0.522      0.000
  57   62     -0.898     -0.894      0.000
  59   61     -0.898     -0.774      0.000
  62   58     -0.896     -0.408      0.000
  60   63     -0.895     -0.988      0.000
  61   60     -0.895     -0.541      0.000
  66   59     -0.893     -0.129      0.000
  63   65     -0.892      0.793      0.000
  64   64     -0.890     -0.633      0.000
  65   67     -0.886     -0.821      0.000
  67   69     -0.886      0.841      0.000
  69   66     -0.884      0.322      0.000
  71   70     -0.881      0.379      0.000
  70   71     -0.880      0.494      0.000
  73   68     -0.880     -0.160      0.000
  68   74     -0.878     -0.915      0.000
  72   72     -0.878      0.451      0.000
  74   73     -0.876     -0.379      0.000
  77   75     -0.870     -0.181      0.000
  75   76     -0.869     -0.632      0.000
  78   77     -0.865      0.604      0.000
  81   79     -0.858     -0.250      0.000
  82   78     -0.858      0.116      0.000
  79   83     -0.858      0.532      0.000
  83   81     -0.855      0.048      0.000
  84   82     -0.853     -0.032      0.000
  80   86     -0.851     -0.953      0.000
  86   84     -0.850     -0.201      0.000
  87   85     -0.848     -0.135      0.000
  85   89     -0.842     -0.790      0.000
  88   88     -0.840      0.569      0.000
  89   87     -0.838     -0.451      0.000
  91   90     -0.833      0.019      0.000
  92   91     -0.832      0.141      0.000
  90   96     -0.831     -0.835      0.000
  93   92     -0.830     -0.105      0.000
  94   93     -0.827     -0.012      0.000
  95   95     -0.823      0.204      0.000
  96   94     -0.822      0.088      0.000
  97   97     -0.821     -0.076      0.000
 100   98     -0.816     -0.259      0.000
  98  100     -0.815      0.437      0.000
 103   99     -0.812     -0.138      0.000
 105  101     -0.810     -0.057      0.000
  99  104     -0.810      0.739      0.000
 101  105     -0.808      0.643      0.000
 106  102     -0.807      0.172      0.000
 102  106     -0.805     -0.769      0.000
 109  103     -0.804      0.101      0.000
 104  112     -0.799     -0.866      0.000
 108  108     -0.798     -0.988      0.000
 110  110     -0.798      0.471      0.000
 112  109     -0.797      0.405      0.000
 113  107     -0.796      0.195      0.000
 107  115     -0.795      0.905      0.000
 114  111     -0.792      0.289      0.000
 111  116     -0.791     -0.805      0.000
 118  113     -0.786     -0.146      0.000
 117  114     -0.785     -0.273      0.000
 115  120     -0.781      0.956      0.000
 116  117     -0.780     -0.524      0.000
 119  118     -0.778      0.461      0.000
 120  121     -0.774      0.488      0.000
 121  119     -0.772     -0.335      0.000
 125  123     -0.763     -0.344      0.000
 126  122     -0.762      0.080      0.000
 129  124     -0.759     -0.009      0.000
 122  129     -0.759     -0.979      0.000
 123  127     -0.758     -0.691      0.000
 127  126     -0.756      0.486      0.000
 124  131     -0.755      0.850      0.000
 130  128     -0.753      0.449      0.000
 128  130     -0.752      0.619      0.000
 131  125     -0.751     -0.199      0.000
 132  135     -0.736     -0.646      0.000
 134  132     -0.736      0.425      0.000
 135  133     -0.735      0.381      0.000
 136  134     -0.732     -0.461      0.000
 133  142     -0.732      0.871      0.000
 138  136     -0.730     -0.408      0.000
 139  139     -0.729     -0.430      0.000
 141  137     -0.726     -0.241      0.000
 143  138     -0.725     -0.149      0.000
 140  141     -0.725     -0.378      0.000
 137  145     -0.724      0.788      0.000
 146  140     -0.722     -0.046      0.000
 145  144     -0.717      0.378      0.000
 148  143     -0.717     -0.214      0.000
 142  150     -0.714      0.828      0.000
 149  146     -0.711     -0.484      0.000
 144  151     -0.710      0.756      0.000
 147  152     -0.708     -0.781      0.000
 151  148     -0.708      0.438      0.000
 150  153     -0.705      0.624      0.000
 156  149     -0.701      0.282      0.000
 157  147     -0.701      0.091      0.000
 153  156     -0.697      0.575      0.000
 155  157     -0.697      0.554      0.000
 154  159     -0.695      0.670      0.000
 152  162     -0.695      0.924      0.000
 160  154     -0.694      0.064      0.000
 159  158     -0.692      0.468      0.000
 158  163     -0.689     -0.701      0.000
 164  155     -0.689     -0.149      0.000
 165  160     -0.683     -0.375      0.000
 163  164     -0.684      0.523      0.000
 162  167     -0.683      0.558      0.000
  -1   -2     -0.681     -0.702      0.000
 167  161     -0.680      0.163      0.000
 170  165     -0.675     -0.203      0.000
 169  166     -0.675     -0.255      0.000
 166  171     -0.671      0.804      0.000
 171  169     -0.666     -0.452      0.000
 168  172     -0.665      0.706      0.000
 175  170     -0.662      0.251      0.000
 172  174     -0.656     -0.739      0.000
 173  178     -0.653      0.861      0.000
 180  173     -0.652     -0.190      0.000
 174  179     -0.650      0.816      0.000
 177  177     -0.649      0.539      0.000
 181  175     -0.646     -0.368      0.000
 176  182     -0.645      0.777      0.000
 182  176     -0.644     -0.301      0.000
 178  180     -0.643     -0.700      0.000
 179  185     -0.637     -0.775      0.000
 185  181     -0.637     -0.546      0.000
 187  184     -0.635      0.457      0.000
 188  186     -0.632      0.536      0.000
 183  192     -0.630      0.832      0.000
 186  189     -0.629     -0.731      0.000
 184  193     -0.630      0.913      0.000
 194  183     -0.629     -0.161      0.000
 189  191     -0.629      0.679      0.000
 191  195     -0.624      0.796      0.000
 190  196     -0.623      0.904      0.000
 192  198     -0.620     -0.906      0.000
 197  187     -0.620      0.153      0.000
 200  188     -0.618      0.211      0.000
 201  190     -0.616     -0.206      0.000
 193  199     -0.615      0.773      0.000
 195  205     -0.610     -0.978      0.000
 208  194     -0.608      0.025      0.000
 196  208     -0.608      0.993      0.000
 202  203     -0.607      0.508      0.000
 199  204     -0.606      0.642      0.000
 210  197     -0.604      0.129      0.000
 207  202     -0.603     -0.409      0.000
 198  210     -0.602     -0.839      0.000
 203  207     -0.601     -0.604      0.000
 206  206     -0.600      0.504      0.000
 212  200     -0.599     -0.185      0.000
 214  201     -0.598      0.046      0.000
 204  211     -0.598      0.628      0.000
 205  212     -0.596     -0.648      0.000
 209  220     -0.587      0.991      0.000
 211  221     -0.585     -0.893      0.000
 221  209     -0.585      0.027      0.000
 220  213     -0.584      0.189      0.000
 215  214     -0.584      0.501      0.000
 213  219     -0.584      0.717      0.000
 217  216     -0.581     -0.608      0.000
 216  222     -0.578     -0.715      0.000
 219  217     -0.578      0.469      0.000
 223  215     -0.577      0.295      0.000
 229  218     -0.571      0.237      0.000
 218  227     -0.570     -0.995      0.000
 225  223     -0.571      0.464      0.000
 222  226     -0.568      0.714      0.000
 226  224     -0.566      0.584      0.000
 224  235     -0.562      0.949      0.000
 227  229     -0.562      0.595      0.000
 228  233     -0.559      0.709      0.000
 232  228     -0.558      0.444      0.000
 234  232     -0.555     -0.519      0.000
 231  236     -0.555      0.654      0.000
 239  225     -0.553     -0.082      0.000
 230  239     -0.552      0.930      0.000
 236  237     -0.549     -0.987      0.000
 241  231     -0.549      0.055      0.000
 242  230     -0.549      0.020      0.000
  -1   -2     -0.549      0.712      0.000
 235  242     -0.546      0.724      0.000
 240  238     -0.545     -0.477      0.000
 245  234     -0.543     -0.056      0.000
 237  245     -0.538      0.959      0.000
 238  247     -0.535     -0.849      0.000
 249  241     -0.533     -0.138      0.000
 244  246     -0.531      0.621      0.000
 250  243     -0.529     -0.189      0.000
 248  244     -0.529     -0.494      0.000
 243  248     -0.527      0.809      0.000
 246  249     -0.522     -0.736      0.000
 251  250     -0.519     -0.605      0.000
 247  251     -0.519      0.955      0.000
 252  260     -0.507     -0.991      0.000
 255  256     -0.508      0.588      0.000
 253  257     -0.507      0.748      0.000
 254  259     -0.506      0.769      0.000
 258  252     -0.506      0.420      0.000
 259  255     -0.504     -0.474      0.000
 262  253     -0.502      0.275      0.000
 256  262     -0.500      0.827      0.000
 264  254     -0.497     -0.172      0.000
 257  263     -0.497      0.776      0.000
 260  265     -0.493     -0.741      0.000
 263  264     -0.491      0.586      0.000
 265  258     -0.490     -0.029      0.000
 261  267     -0.488      0.933      0.000
 268  261     -0.483      0.013      0.000
 267  268     -0.476      0.438      0.000
 274  266     -0.474     -0.080      0.000
 272  269     -0.471      0.313      0.000
 266  273     -0.470     -0.789      0.000
 270  271     -0.470      0.460      0.000
 277  272     -0.463     -0.395      0.000
  -1  276     -0.462     -0.044      0.000
 269  279     -0.462      0.987      0.000
 275  277     -0.459     -0.658      0.000
 271  280     -0.459      0.880      0.000
 280  274     -0.458      0.359      0.000
 273  282     -0.455     -0.910      0.000
 276  283     -0.455      0.813      0.000
 278  285     -0.449     -0.818      0.000
 279  286     -0.449      0.781      0.000
 286  275     -0.448     -0.177      0.000
 281  289     -0.447     -0.043      0.000
 289  278     -0.445     -0.189      0.000
  -1  281     -0.445     -0.227      0.000
 283  287     -0.443      0.599      0.000
 291   -2     -0.440     -0.224      0.000
 282  290     -0.440     -0.840      0.000
 284  291     -0.438      0.726      0.000
 292  284     -0.438      0.185      0.000
 287  292     -0.434     -0.718      0.000
 285  295     -0.432     -0.867      0.000
 290  294     -0.431      0.644      0.000
 296  288     -0.430     -0.178      0.000
 295  293     -0.425      0.405      0.000
 288   -2     -0.424     -0.041      0.000
 293  298     -0.422      0.633      0.000
 297  297     -0.420      0.511      0.000
 298  302     -0.414     -0.628      0.000
 300  300     -0.414     -0.547      0.000
 301  301     -0.414      0.518      0.000
 294  305     -0.414      0.895      0.000
 302  296     -0.411     -0.036      0.000
 303  299     -0.407      0.171      0.000
 307  303     -0.402      0.091      0.000
 305  304     -0.401     -0.331      0.000
 304  310     -0.399     -0.496      0.000
 310  306     -0.397     -0.266      0.000
 311  307     -0.396      0.154      0.000
 309  311     -0.394     -0.455      0.000
 312  308     -0.392     -0.158      0.000
 315  309     -0.391     -0.062      0.000
  -1   -2     -0.387      0.015      0.000
 306  318     -0.388      0.858      0.000
 314  314     -0.386     -0.414      0.000
 308  317     -0.387      0.752      0.000
 320  313     -0.382      0.021      0.000
 319  315     -0.379     -0.343      0.000
 313  321     -0.375      0.947      0.000
 322  316     -0.375     -0.257      0.000
 317  324     -0.370     -0.929      0.000
 318  325     -0.369     -0.908      0.000
 326  319     -0.365     -0.115      0.000
 328  320     -0.364     -0.107      0.000
 323  326     -0.363     -0.618      0.000
 325  322     -0.363      0.351      0.000
 321  327     -0.363      0.996      0.000
 327  323     -0.360      0.296      0.000
 324  328     -0.356      0.706      0.000
 329  329     -0.346      0.405      0.000
 332  330     -0.341     -0.278      0.000
 331  333     -0.333     -0.690      0.000
 330  336     -0.333     -0.889      0.000
 333  332     -0.332      0.560      0.000
 334  337     -0.328     -0.650      0.000
  -1   -2     -0.328      0.151      0.000
 335  340     -0.324      0.718      0.000
 342  334     -0.322     -0.113      0.000
 344  335     -0.320     -0.069      0.000
 345  339     -0.316      0.313      0.000
 339  341     -0.316      0.549      0.000
 336  349     -0.316      0.977      0.000
 347  338     -0.315      0.151      0.000
 338  345     -0.314     -0.708      0.000
 340  346     -0.313     -0.682      0.000
 341  344     -0.314      0.586      0.000
 343  343     -0.313      0.495      0.000
 346  350     -0.309     -0.645      0.000
 351  342     -0.308      0.213      0.000
 349  347     -0.307      0.365      0.000
 348  353     -0.305      0.591      0.000
 353  348     -0.303     -0.292      0.000
 355  351     -0.301      0.163      0.000
 350  356     -0.299      0.648      0.000
 354  354     -0.298     -0.988      0.000
 356  352     -0.297      0.182      0.000
 352  358     -0.297      0.766      0.000
 358  355     -0.291      0.107      0.000
 357  360     -0.288     -0.519      0.000
 361  357     -0.287     -0.014      0.000
 362  359     -0.285      0.169      0.000
 363  361     -0.279     -0.146      0.000
 365  362     -0.278     -0.055      0.000
 360  363     -0.278      0.711      0.000
 359  365     -0.277      0.976      0.000
 364  367     -0.269     -0.646      0.000
 366  366     -0.268      0.466      0.000
 368  364     -0.266     -0.254      0.000
 367  368     -0.262      0.759      0.000
 370  370     -0.258      0.657      0.000
 369  372     -0.255      0.925      0.000
 373  369     -0.254      0.394      0.000
 374  371     -0.252     -0.481      0.000
 371  373     -0.250      0.880      0.000
 372  374     -0.248      0.815      0.000
 375  378     -0.244     -0.993      0.000
 376  375     -0.244     -0.621      0.000
 377  383     -0.238      0.839      0.000
 378  382     -0.236      0.571      0.000
 381  379     -0.235     -0.449      0.000
 384  376     -0.235     -0.277      0.000
 379  385     -0.234      0.645      0.000
 383  380     -0.234     -0.379      0.000
 380  384     -0.233     -0.623      0.000
 387  377     -0.233      0.066      0.000
 385  381     -0.232     -0.358      0.000
 382  389     -0.229     -0.792      0.000
 388  388     -0.226     -0.469      0.000
 391  386     -0.225     -0.059      0.000
 390  387     -0.225      0.198      0.000
 386  390     -0.225      0.705      0.000
 389  391     -0.218     -0.719      0.000
 393  393     -0.213      0.441      0.000
 392  395     -0.211     -0.594      0.000
 396  392     -0.211     -0.299      0.000
 395  394     -0.211      0.418      0.000
 394  400     -0.206     -0.752      0.000
 401  396     -0.204     -0.161      0.000
 402  397     -0.202     -0.066      0.000
 397  405     -0.202      0.729      0.000
 404  398     -0.201     -0.127      0.000
 399  402     -0.200     -0.537      0.000
 398  406     -0.200      0.682      0.000
  -1   -2     -0.199     -0.528      0.000
 406  399     -0.199     -0.042      0.000
 405  401     -0.199     -0.300      0.000
 403  403     -0.198     -0.429      0.000
 412  407     -0.193     -0.151      0.000
 407  408     -0.191     -0.708      0.000
 408  409     -0.187      0.845      0.000
 409  411     -0.186      0.861      0.000
 411  410     -0.185     -0.854      0.000
 410  413     -0.185      0.970      0.000
 413  415     -0.181     -0.918      0.000
 414  412     -0.181      0.536      0.000
 415  418     -0.177      0.787      0.000
 416  417     -0.176     -0.644      0.000
 417  414     -0.176      0.162      0.000
 419  416     -0.173     -0.037      0.000
 420  419     -0.168     -0.529      0.000
 418  422     -0.166     -0.861      0.000
 421  421     -0.166      0.464      0.000
  -1   -2     -0.166      0.456      0.000
 424  424     -0.151     -0.509      0.000
 423  425     -0.151      0.805      0.000
 425  423     -0.149      0.173      0.000
 426  426     -0.141      0.648      0.000
 427  428     -0.138      0.474      0.000
 429  427     -0.136      0.246      0.000
 428  432     -0.134      0.774      0.000
 430  429     -0.134      0.222      0.000
 431  431     -0.130     -0.270      0.000
 432  430     -0.130     -0.052      0.000
 433  433     -0.126     -0.337      0.000
 435  434     -0.124     -0.234      0.000
 436  435     -0.123      0.201      0.000
 437  436     -0.122     -0.313      0.000
 434  437     -0.121     -0.667      0.000
 438  438     -0.117     -0.393      0.000
 439  439     -0.112      0.596      0.000
  -1   -2     -0.112      0.585      0.000
 440  441     -0.111     -0.603      0.000
 442  440     -0.110      0.326      0.000
 443  446     -0.101      0.935      0.000
 444  444     -0.099     -0.544      0.000
 446  443     -0.099     -0.307      0.000
 445  445     -0.099      0.480      0.000
 447  449     -0.094      0.862      0.000
 449  447     -0.093     -0.204      0.000
 448  448     -0.093      0.247      0.000
 450  450     -0.087     -0.657      0.000
 451  453     -0.084      0.983      0.000
 453  452     -0.083      0.014      0.000
 454  451     -0.083     -0.061      0.000
 452  455     -0.081      0.675      0.000
 456  454     -0.080     -0.373      0.000
 455  456     -0.078     -0.698      0.000
 457  457     -0.078     -0.587      0.000
 458  458     -0.075     -0.932      0.000
 459  459     -0.070     -0.945      0.000
 460  460     -0.067     -0.990      0.000
 461  461     -0.066     -0.485      0.000
 462  463     -0.065      0.566      0.000
 465  462     -0.064     -0.015      0.000
 463  465     -0.063     -0.808      0.000
 464  464     -0.063      0.481      0.000
 467  466     -0.061      0.304      0.000
 466  468     -0.060     -0.825      0.000
 468  467     -0.059     -0.268      0.000
 469  469     -0.058      0.800      0.000
 470  470     -0.054     -0.515      0.000
 471  471     -0.051     -0.650      0.000
 472  472     -0.051      0.549      0.000
 474  474     -0.049     -0.551      0.000
 473  473     -0.049     -0.988      0.000
 476  475     -0.048     -0.062      0.000
 475  476     -0.048     -0.724      0.000
 477  477     -0.046      0.408      0.000
 478  480     -0.045     -0.923      0.000
 480  478     -0.045      0.087      0.000
 481  479     -0.045      0.066      0.000
 479  482     -0.044      0.927      0.000
 482  481     -0.043     -0.105      0.000
 483  483     -0.040      0.622      0.000
 485  484     -0.038      0.277      0.000
 484  485     -0.038      0.801      0.000
 486  486     -0.037      0.453      0.000
 487  487     -0.036     -0.869      0.000
 488  488     -0.035     -0.548      0.000
 490  489     -0.034      0.115      0.000
 489  490     -0.034      0.862      0.000
 492  492     -0.032     -0.630      0.000
 491  491     -0.032      0.312      0.000
 493  493     -0.032      0.951      0.000
 494  494     -0.031     -0.333      0.000
 495  495     -0.030      0.161      0.000
 496  496     -0.027      0.201      0.000
 497  497     -0.026      0.031      0.000
 498  499     -0.024     -0.515      0.000
 499  498     -0.024     -0.729      0.000
 500  500     -0.023     -0.604      0.000
 501  501     -0.021      0.714      0.000
 502  502     -0.021     -0.551      0.000
 503  503     -0.018      0.329      0.000
  -1   -2     -0.016     -0.599      0.000
 505  505     -0.016     -0.775      0.000
 506  506     -0.014     -0.695      0.000
 507  507     -0.012     -0.719      0.000
 508  508     -0.010      0.984      0.000
 509  509     -0.007      0.071      0.000
 510  510     -0.002     -0.292      0.000
 511  511     -0.000     -0.478      0.000
 512  512      0.001      0.309      0.000
 513  513      0.007      0.087      0.000
 514  514      0.009     -0.140      0.000
 515  515      0.010     -0.112      0.000
 516  516      0.011     -0.420      0.000
 518  517      0.012      0.612      0.000
 517  518      0.012     -0.248      0.000
 519  519      0.016      0.177      0.000
 521  520      0.020     -0.778      0.000
 520  523      0.021      0.128      0.000
 523  521      0.023      0.830      0.000
 522  524      0.023     -0.249      0.000
 524  522      0.023      0.781      0.000
 525  525      0.027     -0.763      0.000
 527  526      0.031      0.772      0.000
 526  527      0.031      0.224      0.000
 528  528      0.033      0.629      0.000
 530  529      0.035      0.431      0.000
 529  530      0.037      0.011      0.000
 531  531      0.042     -0.581      0.000
 532  532      0.044      0.387      0.000
 533  533      0.045     -0.489      0.000
 534  534      0.055      0.076      0.000
 535  535      0.062      0.459      0.000
 537  536      0.065     -0.756      0.000
 536  539      0.066     -0.357      0.000
 538  537      0.066     -0.841      0.000
 540  538      0.068     -0.978      0.000
 539  540      0.072      0.274      0.000
 541  541      0.073      0.241      0.000
 542  542      0.075     -0.471      0.000
  -1   -2      0.079      0.269      0.000
 544  545      0.080     -0.060      0.000
 545  544      0.080      0.074      0.000
 550  546      0.085     -0.683      0.000
 547  547      0.087     -0.494      0.000
 546  550      0.087     -0.214      0.000
 548  553      0.090      0.110      0.000
 549  554      0.090     -0.057      0.000
 553  548      0.092      0.896      0.000
 554  549      0.092      0.797      0.000
 551  556      0.093     -0.244      0.000
 555  551      0.094      0.747      0.000
 557  552      0.095     -0.945      0.000
 552  558      0.095      0.028      0.000
 560  555      0.099     -0.892      0.000
 558  559      0.101      0.356      0.000
 561  557      0.101      0.733      0.000
 556  560      0.102     -0.227      0.000
 559  563      0.104      0.084      0.000
 563  561      0.109     -0.981      0.000
 564  562      0.111      0.948      0.000
 562  564      0.111     -0.599      0.000
 565  568      0.120      0.334      0.000
 570   -2      0.120     -0.572      0.000
 572  567      0.123      0.598      0.000
  -1  565      0.123     -0.555      0.000
 574  566      0.125     -0.927      0.000
 567  572      0.125      0.076      0.000
 569  571      0.125      0.152      0.000
 568  574      0.126     -0.034      0.000
 571  573      0.127     -0.252      0.000
 575  570      0.129     -0.636      0.000
 573  575      0.132     -0.012      0.000
 576  576      0.138      0.411      0.000
 577  581      0.143     -0.189      0.000
 578  582      0.144      0.103      0.000
 579  578      0.144     -0.717      0.000
 581  577      0.146     -0.977      0.000
 582  579      0.147      0.870      0.000
 583  580      0.148     -0.907      0.000
 580  583      0.149      0.449      0.000
  -1   -2      0.157     -0.566      0.000
 587  588      0.158     -0.520      0.000
 590  584      0.159      0.797      0.000
 584  591      0.159      0.339      0.000
 592  585      0.161     -0.902      0.000
 585  594      0.161      0.189      0.000
 589  590      0.162     -0.576      0.000
 588  592      0.163     -0.358      0.000
  -1   -2      0.164     -0.982      0.000
 598  589      0.166      0.954      0.000
 593  596      0.168      0.526      0.000
 597  595      0.169      0.598      0.000
 591  600      0.169     -0.258      0.000
 596  593      0.171     -0.986      0.000
 599  599      0.172     -0.521      0.000
 608  597      0.173     -0.943      0.000
 607  598      0.173      0.825      0.000
 594  603      0.174      0.103      0.000
 595  604      0.174     -0.176      0.000
 600  602      0.174     -0.413      0.000
 604  601      0.176     -0.540      0.000
 601  605      0.177      0.222      0.000
 603  606      0.178      0.202      0.000
 602  607      0.179      0.093      0.000
 606  611      0.184     -0.103      0.000
 610  609      0.186      0.441      0.000
 609  612      0.187      0.055      0.000
 616  608      0.192      0.900      0.000
 614  610      0.193     -0.722      0.000
 613  613      0.194     -0.579      0.000
 611  615      0.194     -0.128      0.000
 612  618      0.197      0.154      0.000
 619  614      0.201      0.892      0.000
 617  616      0.201     -0.988      0.000
 615  619      0.202     -0.241      0.000
 624  617      0.209     -0.952      0.000
 622  620      0.210      0.364      0.000
 618  622      0.212     -0.118      0.000
 620  621      0.212      0.226      0.000
 621  625      0.214      0.010      0.000
 623  628      0.217     -0.019      0.000
 625  623      0.221      0.614      0.000
 628  627      0.226      0.719      0.000
 626  631      0.227     -0.407      0.000
 630  624      0.227     -0.946      0.000
 631  626      0.227      0.866      0.000
 629  629      0.228     -0.650      0.000
 627  630      0.228      0.442      0.000
 633  632      0.233     -0.679      0.000
 632  636      0.240     -0.276      0.000
 638  633      0.242      0.960      0.000
 634  634      0.244     -0.595      0.000
 636  635      0.245      0.603      0.000
 635  639      0.249     -0.458      0.000
 640  638      0.252      0.687      0.000
 641  637      0.252      0.742      0.000
 639  641      0.256     -0.306      0.000
 637  642      0.256     -0.092      0.000
 643  640      0.263     -0.655      0.000
 642  644      0.270      0.124      0.000
 644  643      0.271      0.312      0.000
 647  647      0.276     -0.353      0.000
 645  650      0.276      0.181      0.000
 650  645      0.279     -0.592      0.000
 646  652      0.279      0.051      0.000
 649  649      0.280      0.418      0.000
 651  651      0.283     -0.457      0.000
 653  646      0.284      0.716      0.000
 648  656      0.285      0.035      0.000
 661  648      0.289      0.983      0.000
 656  654      0.292      0.497      0.000
 657  657      0.293     -0.499      0.000
 652  660      0.294     -0.192      0.000
 666  653      0.296      0.773      0.000
 654  663      0.298      0.179      0.000
 663  658      0.298      0.557      0.000
 658  662      0.298      0.260      0.000
 655  664      0.300      0.118      0.000
 669  655      0.299     -0.854      0.000
 659  665      0.300      0.206      0.000
 668  661      0.305      0.509      0.000
 660  668      0.305      0.009      0.000
 662  670      0.306      0.087      0.000
 670  659      0.308      0.813      0.000
 665  667      0.308     -0.318      0.000
 664  671      0.308      0.158      0.000
 667  672      0.312      0.096      0.000
 672  666      0.316     -0.882      0.000
 674  669      0.321     -0.842      0.000
 673  673      0.323      0.614      0.000
 671  675      0.323      0.384      0.000
 676  674      0.332      0.899      0.000
 675  678      0.333      0.531      0.000
 677  676      0.333     -0.832      0.000
 681  677      0.335     -0.975      0.000
 680  679      0.338     -0.762      0.000
 682  680      0.339     -0.697      0.000
 684  682      0.341      0.665      0.000
  -1   -2      0.343     -0.880      0.000
 683  684      0.347     -0.487      0.000
 678  692      0.350      0.050      0.000
 679  691      0.351      0.150      0.000
 693  683      0.351     -0.880      0.000
 690  685      0.353      0.520      0.000
 689  686      0.353      0.505      0.000
 691  688      0.355      0.469      0.000
 688  690      0.355     -0.426      0.000
 694  687      0.357     -0.654      0.000
 686  695      0.358     -0.210      0.000
 685  696      0.358     -0.125      0.000
 695  689      0.359     -0.607      0.000
 692  699      0.365     -0.181      0.000
 696  698      0.367      0.417      0.000
 699  694      0.367     -0.623      0.000
 700  693      0.368      0.616      0.000
 697  701      0.372      0.333      0.000
 704  697      0.374      0.738      0.000
 698  705      0.378     -0.173      0.000
 701  706      0.383     -0.080      0.000
 708  700      0.383     -0.838      0.000
 702  709      0.386      0.040      0.000
 703  711      0.387      0.051      0.000
 711  704      0.390      0.659      0.000
 705  713      0.392      0.194      0.000
 707  708      0.392      0.446      0.000
 713  702      0.393      0.822      0.000
 709  707      0.393      0.499      0.000
 715  703      0.394      0.881      0.000
 706  715      0.397      0.141      0.000
 712  712      0.397     -0.483      0.000
 716  714      0.403      0.535      0.000
 710  719      0.403     -0.084      0.000
 718  710      0.403     -0.827      0.000
 714  721      0.409     -0.281      0.000
 719  720      0.413      0.461      0.000
 722  716      0.413     -0.774      0.000
 717  725      0.415     -0.133      0.000
 720  724      0.417      0.320      0.000
 727  717      0.418     -0.994      0.000
  -1   -2      0.420      0.832      0.000
 723  722      0.421     -0.700      0.000
 721  729      0.425      0.025      0.000
 729  723      0.426      0.882      0.000
 730  727      0.432     -0.728      0.000
 732  726      0.433      0.831      0.000
 724  730      0.435     -0.141      0.000
 725  734      0.436      0.068      0.000
 728  731      0.439     -0.337      0.000
 734  728      0.439     -0.959      0.000
 733  733      0.446     -0.557      0.000
 731  741      0.449      0.000      0.000
 736  732      0.453     -0.982      0.000
 742  735      0.453     -0.766      0.000
 735  742      0.454      0.310      0.000
 737  740      0.455     -0.435      0.000
 745  737      0.457     -0.781      0.000
 739  743      0.458      0.409      0.000
 747  736      0.459      0.859      0.000
 746  738      0.460     -0.744      0.000
 748  739      0.462      0.784      0.000
 738  745      0.464      0.015      0.000
 740  747      0.467     -0.127      0.000
 741  746      0.467     -0.140      0.000
 749  744      0.472      0.430      0.000
 743  751      0.472     -0.192      0.000
 753  750      0.482      0.531      0.000
 750  755      0.485     -0.404      0.000
 757  749      0.486     -0.785      0.000
 755  752      0.487      0.638      0.000
 758  748      0.487     -0.835      0.000
 751  757      0.488      0.247      0.000
 752  758      0.491      0.114      0.000
 759  754      0.491      0.700      0.000
 762  753      0.493     -0.900      0.000
 754  764      0.498     -0.102      0.000
 756  765      0.500      0.213      0.000
 764  756      0.501      0.836      0.000
 763  760      0.503     -0.589      0.000
 760  768      0.506      0.220      0.000
 761  770      0.509      0.083      0.000
 766  759      0.510      0.996      0.000
 767  761      0.512      0.951      0.000
 769  762      0.512     -0.973      0.000
 765  767      0.514     -0.537      0.000
 771  763      0.516      0.873      0.000
 770  766      0.518     -0.706      0.000
 772  769      0.521     -0.716      0.000
 773  771      0.525      0.560      0.000
 768  774      0.527      0.293      0.000
 774  773      0.531     -0.577      0.000
 778  772      0.534      0.804      0.000
 776  775      0.536     -0.485      0.000
 775  778      0.538      0.340      0.000
 777  777      0.540      0.425      0.000
 780  776      0.543      0.583      0.000
 783  780      0.553     -0.550      0.000
 779  785      0.554      0.038      0.000
 786  779      0.557      0.742      0.000
 787  781      0.559      0.651      0.000
 781  788      0.559     -0.104      0.000
 785  782      0.559     -0.642      0.000
 791  783      0.561     -0.678      0.000
 782  789      0.561      0.182      0.000
 788  786      0.564     -0.535      0.000
 793  784      0.564      0.603      0.000
 792  787      0.565     -0.543      0.000
 790  790      0.570     -0.371      0.000
 784  792      0.571      0.046      0.000
 789  793      0.572     -0.205      0.000
 795  791      0.576      0.442      0.000
 794  796      0.582     -0.236      0.000
 796  799      0.584     -0.184      0.000
 797  795      0.586      0.451      0.000
 800  794      0.591     -0.828      0.000
 799  798      0.593     -0.570      0.000
 798  803      0.599     -0.074      0.000
 802  797      0.600     -0.990      0.000
 804  800      0.605     -0.786      0.000
 806  801      0.608      0.931      0.000
 807  802      0.609      0.916      0.000
 801  806      0.609     -0.297      0.000
 805  805      0.612     -0.592      0.000
  -1   -2      0.617     -0.298      0.000
 813  804      0.619     -0.903      0.000
 817  807      0.624      0.861      0.000
 812  810      0.624     -0.614      0.000
 811  813      0.625     -0.566      0.000
 816  809      0.625      0.618      0.000
 818  808      0.626     -0.769      0.000
 808  817      0.627      0.044      0.000
 809  819      0.630     -0.059      0.000
 820  811      0.631      0.841      0.000
 815  815      0.631      0.410      0.000
 810  818      0.632      0.255      0.000
 814  820      0.637     -0.124      0.000
 822  814      0.636     -0.991      0.000
 821  816      0.637      0.641      0.000
 819  822      0.643     -0.168      0.000
 826  821      0.650      0.579      0.000
 823  823      0.651     -0.326      0.000
 827  824      0.656     -0.434      0.000
 825  826      0.657      0.048      0.000
 824  827      0.657      0.035      0.000
 828  825      0.667      0.711      0.000
 830  829      0.674     -0.572      0.000
 832  828      0.677      0.714      0.000
 829  834      0.680      0.151      0.000
 835  830      0.686     -0.890      0.000
 834  832      0.686     -0.702      0.000
 831  839      0.687      0.020      0.000
 833  837      0.688      0.310      0.000
 839  831      0.689      0.879      0.000
 837  833      0.691      0.659      0.000
 840  835      0.694      0.785      0.000
 844  836      0.696     -0.897      0.000
 838  843      0.697      0.420      0.000
 836  846      0.700      0.211      0.000
 841  842      0.700     -0.987      0.000
 845  838      0.700     -0.880      0.000
 843  845      0.703      0.458      0.000
 850  841      0.706      0.936      0.000
 847  844      0.706     -0.645      0.000
 842  851      0.708     -0.202      0.000
 846  848      0.710      0.452      0.000
 852  847      0.713      0.630      0.000
 848  854      0.717      0.121      0.000
 854  852      0.718      0.479      0.000
 856  850      0.719      0.711      0.000
 849  855      0.719     -0.145      0.000
 860  849      0.721      0.952      0.000
 858  853      0.723      0.593      0.000
 851  858      0.723      0.089      0.000
 853  859      0.724     -0.175      0.000
 855  861      0.725      0.110      0.000
 859  860      0.729     -0.430      0.000
 857  862      0.729     -0.226      0.000
 861  856      0.731     -0.717      0.000
 864  857      0.734      0.753      0.000
 862  866      0.740      0.244      0.000
 868  863      0.742     -0.895      0.000
 865  864      0.742     -0.668      0.000
 863  870      0.745      0.066      0.000
 870  865      0.747      0.814      0.000
 867  869      0.747     -0.496      0.000
 872  867      0.752      0.706      0.000
 871  868      0.751     -0.679      0.000
 866  873      0.753     -0.110      0.000
 875  871      0.757      0.752      0.000
 869  876      0.757     -0.183      0.000
 878  872      0.761     -0.845      0.000
 873  880      0.765     -0.340      0.000
 876  879      0.765     -0.433      0.000
 880  875      0.766      0.847      0.000
 874  881      0.766      0.221      0.000
 881  874      0.766     -0.916      0.000
 884  877      0.770     -0.860      0.000
 883  878      0.770     -0.813      0.000
 877  883      0.772      0.114      0.000
 879  884      0.777      0.076      0.000
 886  882      0.781      0.875      0.000
 882  887      0.781     -0.078      0.000
 885  886      0.781     -0.380      0.000
 889  885      0.787      0.696      0.000
 888  893      0.792      0.265      0.000
 892  888      0.792     -0.854      0.000
 890  890      0.793      0.425      0.000
 887  896      0.793      0.037      0.000
 893  889      0.793     -0.785      0.000
 894  891      0.796     -0.621      0.000
  -1   -2      0.796      0.276      0.000
  -1   -2      0.796     -0.634      0.000
 896  899      0.801      0.470      0.000
 900  894      0.801     -0.856      0.000
 899  898      0.804      0.655      0.000
 902  895      0.803     -0.932      0.000
 903  900      0.807     -0.767      0.000
 897  903      0.808     -0.203      0.000
 907  901      0.809      0.799      0.000
 898  906      0.810     -0.067      0.000
 904  902      0.811      0.490      0.000
 906  904      0.812     -0.501      0.000
 905  905      0.813     -0.478      0.000
 901  907      0.813      0.022      0.000
 909  909      0.820      0.389      0.000
 908  910      0.820     -0.261      0.000
 910  911      0.822      0.356      0.000
 913  908      0.825      0.959      0.000
 911  912      0.826      0.568      0.000
 916  913      0.830      0.857      0.000
 912  918      0.831      0.213      0.000
 915  920      0.833     -0.414      0.000
 920  914      0.833     -0.939      0.000
 919  915      0.835      0.763      0.000
 918  917      0.835      0.518      0.000
 914  922      0.835     -0.028      0.000
 924  916      0.837      0.896      0.000
 921  919      0.837     -0.762      0.000
 917  923      0.838      0.011      0.000
 922  921      0.839      0.592      0.000
 923  927      0.845      0.023      0.000
 925  925      0.848     -0.486      0.000
 928  926      0.851      0.653      0.000
 929  924      0.851      0.875      0.000
 927  928      0.851      0.263      0.000
 926  929      0.851     -0.273      0.000
 932  930      0.858      0.711      0.000
 930  933      0.858     -0.018      0.000
 933  931      0.860      0.940      0.000
 931  932      0.860      0.364      0.000
 934  934      0.868      0.825      0.000
  -1   -2      0.872      0.676      0.000
 936  935      0.873      0.878      0.000
 938  937      0.874     -0.779      0.000
 939  938      0.877      0.665      0.000
 937  939      0.878      0.299      0.000
  -1   -2      0.882      0.308      0.000
 942  940      0.884      0.586      0.000
 941  943      0.885     -0.041      0.000
 943  945      0.888      0.163      0.000
 945  942      0.888     -0.693      0.000
 944  944      0.888     -0.506      0.000
 946  946      0.891      0.432      0.000
 949  947      0.893     -0.676      0.000
 948  949      0.894      0.553      0.000
 950  948      0.894      0.644      0.000
 947  950      0.895     -0.112      0.000
 951  952      0.898      0.286      0.000
 952  953      0.900      0.030      0.000
 955  951      0.902      0.851      0.000
 953  956      0.902     -0.247      0.000
 958  954      0.904     -0.681      0.000
 957  955      0.904     -0.615      0.000
 954  957      0.905     -0.050      0.000
 956  959      0.906      0.064      0.000
 959  958      0.907     -0.495      0.000
 960  960      0.912     -0.391      0.000
 961  961      0.915      0.288      0.000
 962  962      0.922     -0.701      0.000
 965  963      0.926     -0.934      0.000
 964  965      0.927      0.494      0.000
 966  964      0.927     -0.949      0.000
 963  967      0.928     -0.193      0.000
 968  966      0.928     -0.896      0.000
 967  968      0.931     -0.358      0.000
 969  969      0.932     -0.319      0.000
 971  971      0.934     -0.570      0.000
 972  970      0.934     -0.974      0.000
 970  972      0.935     -0.150      0.000
 973  973      0.948      0.481      0.000
 975  974      0.949     -0.987      0.000
 974  975      0.950      0.239      0.000
 976  976      0.955      0.917      0.000
 977  977      0.955      0.861      0.000
 978  978      0.956      0.990      0.000
 979  979      0.958      0.744      0.000
 980  980      0.958     -0.544      0.000
 981  981      0.959     -0.843      0.000
 983  982      0.968     -0.697      0.000
 982  983      0.970     -0.199      0.000
 984  985      0.972      0.450      0.000
 985  984      0.972      0.820      0.000
 986  986      0.972     -0.633      0.000
 987  987      0.980      0.415      0.000
 988  988      0.980     -0.464      0.000
 990  989      0.983     -0.318      0.000
 989  990      0.983      0.020      0.000
 991  991      0.987      0.688      0.000
 993  992      0.988     -0.864      0.000
  -1   -2      0.989      0.360      0.000
 994  997      0.989      0.350      0.000
 996  993      0.990      0.960      0.000
 995  995      0.990      0.602      0.000
 998  996      0.991      0.722      0.000
 999  998      0.991     -0.783      0.000
 997  999      0.992      0.149      0.000
