995
   0    1     -0.994     -0.120      0.000
  -1   -2     -0.993      0.733      0.000
   1    2     -0.993      0.725      0.000
   3    3     -0.991     -0.732      0.000
   4    5     -0.989     -0.206      0.000
   5    6     -0.989     -0.049      0.000
   7    9     -0.989      0.452      0.000
   8    8     -0.988     -0.549      0.000
   9   10     -0.987     -0.799      0.000
  10   11     -0.988     -0.299      0.000
  11   13     -0.987      0.201      0.000
  12   12     -0.987      0.701      0.000
  13   14     -0.985     -0.260      0.000
  14   15     -0.980      0.233      0.000
  16   16     -0.976     -0.173      0.000
  17   19     -0.974     -0.977      0.000
  18   18     -0.973      0.541      0.000
  19   20     -0.972      0.656      0.000
  20   21     -0.970     -0.020      0.000
  21   22     -0.969      0.340      0.000
  22   23     -0.968     -0.179      0.000
  23   24     -0.968      0.315      0.000
  24   25     -0.963     -0.422      0.000
  26   27     -0.960      0.556      0.000
  27   26     -0.960     -0.102      0.000
  28   28     -0.958     -0.199      0.000
  25   29     -0.959      0.810      0.000
  29   30     -0.955     -0.391      0.000
  30   32     -0.951     -0.616      0.000
  32   31     -0.951      0.164      0.000
  31   33     -0.949     -0.926      0.000
  33   34     -0.949      0.687      0.000
  34   35     -0.946     -0.663      0.000
  35   36     -0.944      0.534      0.000
  38   37     -0.940      0.084      0.000
  37   39     -0.939     -0.699      0.000
  36   41     -0.939     -0.926      0.000
  39   38     -0.938      0.159      0.000
  42   42     -0.936      0.382      0.000
  43   40     -0.935     -0.254      0.000
  40   44     -0.935      0.736      0.000
  41   45     -0.934      0.932      0.000
  44   43     -0.933      0.440      0.000
  45   47     -0.929      0.280      0.000
  46   46     -0.928      0.176      0.000
  47   48     -0.925      0.336      0.000
  48   49     -0.921      0.625      0.000
  49   50     -0.915     -0.156      0.000
  50   52     -0.908     -0.910      0.000
  51   53     -0.904     -0.480      0.000
  54   51     -0.903     -0.195      0.000
  52   54     -0.900     -0.650      0.000
  53   58     -0.900      0.910      0.000
  55   55     -0.899      0.612      0.000
  56   59     -0.896      0.595      0.000
  57   57     -0.895      0.395      0.000
  59   56     -0.894     -0.220      0.000
  58   60     -0.892     -0.612      0.000
  60   61     -0.888      0.454      0.000
  61   62     -0.887     -0.448      0.000
  63   65     -0.885      0.153      0.000
  65   63     -0.885     -0.033      0.000
  64   64     -0.885      0.068      0.000
  69   66     -0.880     -0.301      0.000
  62   71     -0.880      0.788      0.000
  67   69     -0.879      0.525      0.000
  72   67     -0.878     -0.162      0.000
  68   72     -0.877     -0.695      0.000
  66   73     -0.876     -0.859      0.000
  70   70     -0.877      0.567      0.000
  73   68     -0.876     -0.242      0.000
  71   75     -0.871     -0.817      0.000
  77   74     -0.868      0.032      0.000
  78   76     -0.864     -0.124      0.000
  74   82     -0.863     -0.915      0.000
  79   77     -0.863     -0.008      0.000
  75   81     -0.864      0.832      0.000
  76   83     -0.862     -0.987      0.000
  81   78     -0.862      0.182      0.000
  84   79     -0.858     -0.087      0.000
  85   80     -0.857      0.117      0.000
  83   87     -0.854     -0.692      0.000
  80   88     -0.854     -0.856      0.000
  82   89     -0.854      0.871      0.000
  88   85     -0.850      0.254      0.000
  89   84     -0.850     -0.063      0.000
  90   86     -0.849     -0.163      0.000
  87   91     -0.849      0.600      0.000
  86   95     -0.848      0.666      0.000
  93   90     -0.844     -0.307      0.000
  91   94     -0.844     -0.517      0.000
  94   93     -0.841      0.130      0.000
  95   96     -0.839      0.215      0.000
  92   98     -0.836     -0.931      0.000
  97   99     -0.828      0.241      0.000
  98   97     -0.827     -0.171      0.000
  96  100     -0.826      0.631      0.000
  99  102     -0.818      0.503      0.000
 100  101     -0.815     -0.318      0.000
 101  103     -0.815      0.345      0.000
 106  104     -0.808     -0.004      0.000
 105  105     -0.808      0.103      0.000
 104  106     -0.805      0.468      0.000
 103  110     -0.803     -0.826      0.000
 102  111     -0.803     -0.961      0.000
 107  108     -0.798     -0.988      0.000
 109  107     -0.797     -0.384      0.000
 108  112     -0.795      0.533      0.000
 111  109     -0.794     -0.229      0.000
 113  113     -0.787     -0.393      0.000
 110  116     -0.786     -0.863      0.000
 112  117     -0.781      0.694      0.000
 117  114     -0.777     -0.048      0.000
 115  118     -0.777      0.519      0.000
 116  119     -0.775     -0.578      0.000
 119  115     -0.776     -0.169      0.000
 114  122     -0.772      0.779      0.000
 121  120     -0.768     -0.274      0.000
 120  123     -0.768      0.544      0.000
 118  126     -0.764     -0.805      0.000
 122  121     -0.762     -0.243      0.000
 128  125     -0.755      0.111      0.000
 123  128     -0.754      0.503      0.000
 125  130     -0.751      0.539      0.000
 132  127     -0.750      0.079      0.000
 129  131     -0.748      0.432      0.000
 131  132     -0.747     -0.422      0.000
 130  133     -0.746     -0.454      0.000
 124  137     -0.745     -0.887      0.000
 136  129     -0.744     -0.165      0.000
 126  139     -0.743     -0.835      0.000
 127  141     -0.743      0.920      0.000
 134  134     -0.742     -0.476      0.000
 133  135     -0.742      0.476      0.000
 135  136     -0.739     -0.508      0.000
 139  138     -0.733      0.322      0.000
 138  142     -0.732      0.425      0.000
 142  140     -0.730      0.189      0.000
 143  143     -0.726     -0.226      0.000
 137  147     -0.726      0.964      0.000
 140  146     -0.723     -0.730      0.000
 141  145     -0.724      0.664      0.000
 144  144     -0.720     -0.282      0.000
 145  148     -0.714     -0.527      0.000
 147  151     -0.712      0.483      0.000
 148  150     -0.709     -0.411      0.000
 146  153     -0.709     -0.685      0.000
 151  149     -0.707     -0.207      0.000
 152  152     -0.702      0.281      0.000
 149  155     -0.700      0.869      0.000
 150  158     -0.696     -0.980      0.000
 153  157     -0.690      0.509      0.000
 154  154     -0.689     -0.174      0.000
 156  156     -0.685     -0.326      0.000
 160  162     -0.677     -0.485      0.000
 155  164     -0.678      0.592      0.000
 164  160     -0.677      0.171      0.000
 165  159     -0.676      0.031      0.000
 163  163     -0.674     -0.396      0.000
 159  168     -0.674      0.612      0.000
 158  169     -0.674      0.659      0.000
 166  161     -0.672     -0.221      0.000
 157  172     -0.672      0.886      0.000
 162  170     -0.671      0.559      0.000
 161  174     -0.670      0.811      0.000
 171  166     -0.667      0.232      0.000
 173  165     -0.666      0.053      0.000
 174  167     -0.665      0.142      0.000
 167  175     -0.664      0.593      0.000
 176  171     -0.660     -0.196      0.000
 168  176     -0.659      0.780      0.000
 172  177     -0.655      0.699      0.000
 177  173     -0.655      0.032      0.000
 169  179     -0.655      0.845      0.000
 170  178     -0.654     -0.803      0.000
 175  181     -0.648     -0.727      0.000
 182  180     -0.639      0.204      0.000
  -1   -2     -0.639     -0.727      0.000
 179  182     -0.637      0.485      0.000
 181  185     -0.633      0.568      0.000
 183  188     -0.629     -0.571      0.000
 180  193     -0.628      0.930      0.000
 184  187     -0.626     -0.428      0.000
 188  184     -0.624     -0.084      0.000
 191  186     -0.620      0.023      0.000
 190  190     -0.620      0.251      0.000
 192  189     -0.619      0.059      0.000
 185  195     -0.618      0.727      0.000
 186  194     -0.617      0.560      0.000
 195  191     -0.615     -0.056      0.000
 193  192     -0.615      0.310      0.000
 187  197     -0.610      0.818      0.000
 189  198     -0.607     -0.757      0.000
 199  196     -0.601     -0.141      0.000
 194  201     -0.601     -0.718      0.000
 196  200     -0.598      0.528      0.000
 205  199     -0.593     -0.192      0.000
 201  202     -0.592      0.522      0.000
 197  204     -0.587      0.827      0.000
 200  206     -0.586      0.790      0.000
 198  208     -0.586      0.869      0.000
 202  205     -0.584      0.695      0.000
 203  210     -0.581     -0.788      0.000
 204  211     -0.580     -0.745      0.000
 206  207     -0.579     -0.618      0.000
 207  203     -0.579      0.483      0.000
 208  209     -0.577      0.515      0.000
 211  213     -0.572      0.477      0.000
 209  217     -0.569      0.656      0.000
 213  218     -0.565     -0.659      0.000
 216  216     -0.565      0.454      0.000
 210  221     -0.565      0.840      0.000
 221  212     -0.564     -0.028      0.000
 220  214     -0.563     -0.172      0.000
 214  219     -0.564      0.641      0.000
 212  225     -0.562      0.805      0.000
 218  220     -0.559     -0.617      0.000
 215  229     -0.558      0.916      0.000
 226  215     -0.557      0.013      0.000
 217  228     -0.556      0.781      0.000
 224  222     -0.555     -0.482      0.000
 222  224     -0.554     -0.525      0.000
 219  231     -0.551      0.906      0.000
 225  227     -0.549     -0.988      0.000
 235  223     -0.546     -0.078      0.000
 231  226     -0.546      0.275      0.000
 223  234     -0.544     -0.911      0.000
 227  232     -0.542      0.591      0.000
 236  233     -0.536     -0.494      0.000
  -1  236     -0.535     -0.042      0.000
 234  235     -0.534      0.601      0.000
 230  239     -0.533     -0.844      0.000
 229  240     -0.534      0.993      0.000
 228  241     -0.533     -0.981      0.000
 233  237     -0.533     -0.720      0.000
 232  238     -0.533      0.723      0.000
 237  250     -0.520     -0.042      0.000
 242  243     -0.520      0.418      0.000
 238  247     -0.518      0.717      0.000
 244  245     -0.515     -0.469      0.000
 241  248     -0.515      0.656      0.000
 246  242     -0.513     -0.171      0.000
 239  255     -0.512      0.990      0.000
 240  254     -0.511     -0.896      0.000
 251  244     -0.509     -0.182      0.000
 243  252     -0.510      0.710      0.000
 248  246     -0.509      0.306      0.000
  -1  249     -0.504     -0.219      0.000
 255   -2     -0.499     -0.215      0.000
 250  257     -0.499     -0.600      0.000
 249  258     -0.499      0.619      0.000
  -1   -2     -0.499      0.711      0.000
 245   -2     -0.496     -0.039      0.000
 257  251     -0.496      0.177      0.000
 259  253     -0.494     -0.170      0.000
 256  256     -0.494     -0.383      0.000
 252  263     -0.494      0.723      0.000
 262  262     -0.487      0.428      0.000
 254  266     -0.486      0.946      0.000
 263  261     -0.486      0.348      0.000
 260  264     -0.483      0.581      0.000
 267  260     -0.482     -0.034      0.000
 261  271     -0.477      0.928      0.000
 266  267     -0.475      0.448      0.000
 264  270     -0.474     -0.731      0.000
 271  265     -0.469      0.085      0.000
 269  274     -0.468      0.576      0.000
 265  277     -0.467     -0.846      0.000
 272  268     -0.466      0.160      0.000
 270  279     -0.463      0.805      0.000
 268  280     -0.462      0.956      0.000
 275  269     -0.461     -0.058      0.000
  -1   -2     -0.457      0.013      0.000
 278  275     -0.457      0.143      0.000
 279  273     -0.456     -0.148      0.000
 273  283     -0.452      0.740      0.000
 284  276     -0.450      0.018      0.000
 282  278     -0.449     -0.249      0.000
 274  284     -0.448      0.761      0.000
 276  285     -0.445     -0.730      0.000
 285  282     -0.444      0.384      0.000
 287  281     -0.442     -0.311      0.000
 277  289     -0.443      0.952      0.000
 281  290     -0.437      0.767      0.000
 283  292     -0.434      0.819      0.000
 286  294     -0.431     -0.994      0.000
 289  286     -0.430     -0.107      0.000
 288  291     -0.430     -0.639      0.000
 293  287     -0.429     -0.099      0.000
 294  288     -0.427     -0.237      0.000
 292  296     -0.418      0.577      0.000
 296  293     -0.418     -0.318      0.000
 295  297     -0.415      0.485      0.000
 291  301     -0.415     -0.775      0.000
 298  295     -0.412     -0.386      0.000
 290  304     -0.413      0.928      0.000
 299  298     -0.411     -0.426      0.000
 297  299     -0.411     -0.519      0.000
 300  302     -0.408      0.490      0.000
 301  300     -0.407     -0.467      0.000
 313  303     -0.399      0.269      0.000
 302  307     -0.398      0.620      0.000
 304  312     -0.394     -0.695      0.000
 308  308     -0.394     -0.600      0.000
 303  314     -0.393      0.799      0.000
 310  313     -0.392      0.607      0.000
 314  305     -0.392      0.320      0.000
 306  316     -0.392      0.765      0.000
 307  317     -0.391     -0.803      0.000
 309  315     -0.391      0.706      0.000
 305  318     -0.390      0.871      0.000
 316  306     -0.388     -0.253      0.000
 312  319     -0.386     -0.903      0.000
 311  320     -0.386      0.983      0.000
 318  309     -0.383     -0.102      0.000
 319  311     -0.383      0.133      0.000
 320  310     -0.382     -0.063      0.000
 315  322     -0.379     -0.824      0.000
 317  324     -0.369     -0.853      0.000
 321  321     -0.369      0.132      0.000
 322  323     -0.364      0.368      0.000
 325  325     -0.354      0.185      0.000
 327  326     -0.351      0.141      0.000
 326  327     -0.349      0.277      0.000
 324  332     -0.347     -0.580      0.000
 323  334     -0.348      0.884      0.000
 330  330     -0.345      0.157      0.000
 329  331     -0.345     -0.260      0.000
 332  328     -0.345     -0.015      0.000
 331  329     -0.345      0.091      0.000
 328  338     -0.338      0.726      0.000
 335  333     -0.335     -0.050      0.000
 336  335     -0.333      0.144      0.000
 337  336     -0.331     -0.128      0.000
 334  337     -0.331      0.323      0.000
 333  339     -0.327      0.842      0.000
 339  340     -0.320      0.516      0.000
 338  343     -0.317      0.671      0.000
 343  341     -0.314      0.448      0.000
 340  348     -0.310      0.941      0.000
 341  347     -0.309     -0.892      0.000
 344  345     -0.308     -0.606      0.000
 348  342     -0.308     -0.221      0.000
 342  349     -0.308     -0.917      0.000
 346  344     -0.307      0.501      0.000
 345  346     -0.305     -0.649      0.000
 350  350     -0.298     -0.988      0.000
 349  351     -0.298      0.539      0.000
 347  353     -0.298      0.991      0.000
 352  352     -0.292     -0.467      0.000
 351  354     -0.292     -0.597      0.000
 355  355     -0.289      0.543      0.000
 353  356     -0.288     -0.637      0.000
 354  359     -0.287      0.680      0.000
 356  358     -0.285     -0.665      0.000
 359  357     -0.279      0.052      0.000
 357  363     -0.279     -0.868      0.000
 358  365     -0.274      0.601      0.000
 360  361     -0.274      0.412      0.000
 362  360     -0.272     -0.053      0.000
 361  364     -0.270      0.342      0.000
 363  362     -0.270     -0.238      0.000
 366  367     -0.262     -0.425      0.000
 367  366     -0.262      0.163      0.000
 364  373     -0.258      0.972      0.000
 370  368     -0.257     -0.309      0.000
 369  369     -0.257     -0.328      0.000
 365  372     -0.256      0.730      0.000
 368  370     -0.254     -0.592      0.000
 372  371     -0.249     -0.393      0.000
 371  379     -0.246      0.666      0.000
 373  374     -0.244     -0.059      0.000
 374  375     -0.242     -0.138      0.000
 377  376     -0.241     -0.038      0.000
 378  377     -0.241     -0.109      0.000
 376  378     -0.241     -0.255      0.000
 379  380     -0.237     -0.411      0.000
 375  382     -0.235      0.605      0.000
 380  383     -0.233     -0.562      0.000
 384  381     -0.230     -0.128      0.000
 386  384     -0.226     -0.255      0.000
 383  385     -0.227      0.511      0.000
 382  388     -0.226      0.718      0.000
 381  390     -0.225      0.970      0.000
 385  389     -0.223     -0.564      0.000
 388  386     -0.222      0.358      0.000
 387  387     -0.222      0.380      0.000
 389  393     -0.215      0.589      0.000
 393  391     -0.213     -0.370      0.000
 391  396     -0.209      0.782      0.000
 395  392     -0.209     -0.034      0.000
 390  397     -0.209      0.913      0.000
 400  394     -0.207      0.129      0.000
 392  400     -0.207      0.858      0.000
 394  395     -0.206     -0.530      0.000
  -1   -2     -0.202     -0.464      0.000
 401  399     -0.202     -0.473      0.000
 398  401     -0.200      0.653      0.000
 397  404     -0.199      0.810      0.000
 399  402     -0.199     -0.747      0.000
 396  405     -0.199     -0.987      0.000
 403  403     -0.197     -0.664      0.000
 404  406     -0.183     -0.699      0.000
 405  407     -0.181      0.626      0.000
 407  408     -0.178      0.470      0.000
 406  410     -0.177      0.678      0.000
 408  411     -0.174     -0.649      0.000
 409  409     -0.174      0.137      0.000
  -1  414     -0.171      0.389      0.000
 410  413     -0.170     -0.461      0.000
 411   -2     -0.170      0.397      0.000
 413  415     -0.167     -0.579      0.000
 414  420     -0.157     -0.817      0.000
 415  421     -0.156      0.814      0.000
 422  416     -0.156     -0.046      0.000
 419  419     -0.155     -0.441      0.000
 421  417     -0.155      0.198      0.000
 416  423     -0.154      0.833      0.000
 423  418     -0.153      0.178      0.000
 417  424     -0.152      0.744      0.000
 418  426     -0.151      0.963      0.000
 420  425     -0.150     -0.894      0.000
 424  422     -0.148     -0.224      0.000
 426  427     -0.143     -0.194      0.000
 428  428     -0.142      0.159      0.000
 429  429     -0.141     -0.281      0.000
 425  432     -0.140     -0.823      0.000
 427  430     -0.141      0.404      0.000
 430  431     -0.138     -0.260      0.000
 431  433     -0.130      0.583      0.000
 432  435     -0.128      0.764      0.000
 433  434     -0.126     -0.330      0.000
 434  436     -0.120      0.266      0.000
 435  437     -0.116      0.726      0.000
 436  438     -0.113     -0.599      0.000
 437  439     -0.111     -0.254      0.000
 438  441     -0.108     -0.531      0.000
 441  440     -0.108     -0.168      0.000
 439  443     -0.107      0.525      0.000
  -1   -2     -0.106      0.514      0.000
 442  444     -0.105      0.197      0.000
 443  445     -0.100      0.407      0.000
 444  447     -0.099     -0.470      0.000
 445  446     -0.097      0.006      0.000
 446  448     -0.097     -0.053      0.000
 448  449     -0.086     -0.311      0.000
 447  450     -0.084      0.923      0.000
 449  451     -0.082     -0.586      0.000
 450  452     -0.080      0.831      0.000
 451  453     -0.076     -0.513      0.000
 452  454     -0.075      0.610      0.000
 453  456     -0.073     -0.631      0.000
 455  455     -0.072     -0.016      0.000
 454  457     -0.071      0.976      0.000
 456  458     -0.067     -0.413      0.000
 458  460     -0.065      0.244      0.000
 459  459     -0.065     -0.220      0.000
 457  461     -0.064     -0.908      0.000
 461  463     -0.063      0.407      0.000
 460  462     -0.063      0.492      0.000
 462  464     -0.060     -0.924      0.000
 463  466     -0.058     -0.982      0.000
 464  465     -0.056     -0.755      0.000
 465  468     -0.054     -0.776      0.000
 466  467     -0.054     -0.441      0.000
 468  469     -0.052     -0.054      0.000
 467  470     -0.051      0.755      0.000
 469  471     -0.050      0.474      0.000
 470   -2     -0.049     -0.988      0.000
 471  472     -0.049     -0.577      0.000
 474  473     -0.048      0.065      0.000
 472  475     -0.048     -0.476      0.000
 473  474     -0.048      0.047      0.000
 475  476     -0.047     -0.088      0.000
 476  477     -0.046      0.337      0.000
 477  478     -0.044     -0.659      0.000
 478  479     -0.041     -0.896      0.000
 479  481     -0.039      0.913      0.000
 480  480     -0.039      0.220      0.000
 481  482     -0.038      0.551      0.000
 482  483     -0.036      0.379      0.000
 483  484     -0.035      0.756      0.000
 484  485     -0.034      0.086      0.000
 485  486     -0.034     -0.473      0.000
 486  487     -0.033     -0.829      0.000
 487  488     -0.032      0.251      0.000
 488  489     -0.031      0.830      0.000
 489  490     -0.031     -0.275      0.000
 490  491     -0.031     -0.556      0.000
 491  492     -0.030      0.943      0.000
 492  493     -0.029      0.124      0.000
 493  494     -0.026      0.157      0.000
 494  495     -0.024      0.020      0.000
 495  496     -0.023     -0.665      0.000
 496  497     -0.023     -0.441      0.000
 497  498     -0.022     -0.529      0.000
 498  499     -0.021      0.653      0.000
 499  500     -0.019     -0.475      0.000
 500  501     -0.016     -0.717      0.000
  -1   -2     -0.015     -0.524      0.000
 502  503     -0.015      0.265      0.000
 503  504     -0.014     -0.627      0.000
 504  505     -0.013     -0.653      0.000
 505  506     -0.013      0.977      0.000
 506  507     -0.001      0.051      0.000
 507  508      0.002     -0.405      0.000
 508  509      0.003     -0.240      0.000
 509  510      0.007      0.248      0.000
 510  511      0.011      0.541      0.000
 511  512      0.014     -0.722      0.000
 513  513      0.014      0.792      0.000
 515  514      0.016      0.733      0.000
 514  515      0.016     -0.352      0.000
 512  516      0.016      0.065      0.000
 516  518      0.019     -0.116      0.000
 517  520      0.020     -0.094      0.000
 519  517      0.021     -0.704      0.000
 518  521      0.022     -0.203      0.000
 520  519      0.022      0.722      0.000
 521  522      0.027      0.138      0.000
 522  523      0.029      0.559      0.000
 523  525      0.034      0.097      0.000
 524  524      0.034     -0.205      0.000
 525  526      0.040      0.360      0.000
 527  527      0.042     -0.507      0.000
 526  528      0.043      0.177      0.000
 530  529      0.048     -0.967      0.000
 528  531      0.050     -0.417      0.000
 532  530      0.051     -0.797      0.000
 529  532      0.051      0.319      0.000
 533  533      0.054     -0.697      0.000
 531  534      0.054      0.004      0.000
 534  536      0.067      0.387      0.000
 535  535      0.068      0.875      0.000
 536  537      0.071     -0.925      0.000
 538  538      0.073      0.754      0.000
 541  539      0.076     -0.861      0.000
 542  540      0.077      0.695      0.000
 539  541      0.077     -0.617      0.000
 537  544      0.077      0.057      0.000
 540  546      0.080     -0.299      0.000
 544  542      0.081     -0.971      0.000
 545  543      0.082      0.940      0.000
 543  547      0.083     -0.402      0.000
 546  545      0.084      0.679      0.000
 547  548      0.089      0.220      0.000
 548  551      0.093      0.192      0.000
 549  550      0.093     -0.424      0.000
 551  549      0.095     -0.905      0.000
  -1   -2      0.098      0.216      0.000
 554  554      0.108     -0.530      0.000
 552  557      0.109      0.055      0.000
 553  558      0.109     -0.053      0.000
 558  553      0.111     -0.967      0.000
 555  560      0.113     -0.178      0.000
 562  555      0.114      0.845      0.000
 563  556      0.115     -0.881      0.000
 560  559      0.115      0.532      0.000
 556  561      0.116      0.295      0.000
 557  568      0.119      0.084      0.000
 559  566      0.119     -0.203      0.000
 564  562      0.120     -0.503      0.000
 565  563      0.121     -0.571      0.000
 561  572      0.122     -0.050      0.000
 567  570      0.125     -0.488      0.000
 571  564      0.125     -0.973      0.000
 570  565      0.126     -0.875      0.000
 572  567      0.127      0.948      0.000
 569  569      0.127     -0.659      0.000
 566  575      0.128      0.018      0.000
 573  571      0.129      0.757      0.000
 568  576      0.130     -0.189      0.000
 575  573      0.131     -0.979      0.000
 577  574      0.135     -0.926      0.000
 574  578      0.137      0.064      0.000
 578  577      0.139      0.792      0.000
 576  579      0.139      0.277      0.000
 581  580      0.150      0.882      0.000
 579  582      0.151      0.349      0.000
  -1   -2      0.157     -0.502      0.000
 589  581      0.158      0.873      0.000
 583  586      0.158      0.386      0.000
 580  588      0.158     -0.212      0.000
 586  585      0.159      0.537      0.000
 582  589      0.160      0.121      0.000
 587  587      0.161     -0.512      0.000
 593  584      0.163     -0.938      0.000
 585  593      0.163      0.058      0.000
 590  590      0.164     -0.457      0.000
 588  594      0.166     -0.032      0.000
 591  592      0.167      0.464      0.000
 594  591      0.170     -0.670      0.000
 592  597      0.173     -0.014      0.000
 600  595      0.178     -0.931      0.000
 596  598      0.178     -0.460      0.000
 597  599      0.179     -0.479      0.000
 595  602      0.181     -0.161      0.000
 602  596      0.181      0.843      0.000
 598  601      0.182      0.286      0.000
 599  603      0.185      0.081      0.000
 605  600      0.189      0.954      0.000
 601  606      0.190     -0.307      0.000
 603  605      0.191     -0.520      0.000
 608  604      0.195      0.674      0.000
 604  607      0.195     -0.358      0.000
 607  608      0.198      0.383      0.000
 606  611      0.200      0.155      0.000
 609  609      0.201     -0.987      0.000
 611  610      0.205      0.561      0.000
 610  615      0.207     -0.221      0.000
 615  612      0.212     -0.597      0.000
 617  614      0.213     -0.629      0.000
 612  617      0.215      0.184      0.000
 618  613      0.215      0.704      0.000
 614  619      0.219      0.167      0.000
 613  620      0.219     -0.151      0.000
 616  621      0.221      0.083      0.000
 620  616      0.223      0.643      0.000
 619  623      0.227      0.075      0.000
 625  618      0.228      0.978      0.000
 623  622      0.230      0.553      0.000
 622  625      0.235      0.314      0.000
 621  626      0.235     -0.090      0.000
 626  624      0.237     -0.543      0.000
 624  631      0.238      0.043      0.000
 629  628      0.240      0.390      0.000
 628  634      0.244      0.128      0.000
 631  629      0.244     -0.608      0.000
 627  635      0.245     -0.111      0.000
 630  636      0.246     -0.208      0.000
 634  630      0.248      0.679      0.000
 635  627      0.248     -0.830      0.000
 636  632      0.251      0.743      0.000
 633  638      0.253     -0.359      0.000
 632  639      0.254      0.191      0.000
 638  633      0.256      0.788      0.000
 641  637      0.259     -0.862      0.000
 637  645      0.267     -0.104      0.000
 640  643      0.267     -0.410      0.000
 644  642      0.268     -0.818      0.000
 645  640      0.269      0.887      0.000
 646  641      0.269     -0.969      0.000
 639  647      0.272      0.005      0.000
 643  644      0.272     -0.546      0.000
 642  649      0.275     -0.019      0.000
 648  646      0.281     -0.809      0.000
 650   -2      0.283     -0.863      0.000
 647  652      0.285     -0.243      0.000
 649  650      0.288      0.516      0.000
 654  648      0.290     -0.864      0.000
 652  653      0.294      0.455      0.000
 655  651      0.294     -0.733      0.000
 653  655      0.298      0.377      0.000
 651  657      0.298     -0.272      0.000
 659  654      0.301      0.577      0.000
 656  660      0.302     -0.415      0.000
 660  659      0.304      0.469      0.000
 657  661      0.304     -0.457      0.000
 658  662      0.308      0.277      0.000
 663  656      0.308     -0.665      0.000
 664  658      0.308      0.633      0.000
 661  665      0.313     -0.318      0.000
 662  669      0.318     -0.082      0.000
 668  663      0.325     -0.822      0.000
 670  664      0.326      0.871      0.000
 669  666      0.327      0.716      0.000
 667  668      0.327      0.496      0.000
 665  672      0.330      0.107      0.000
 673  667      0.331      0.808      0.000
 666  673      0.331      0.159      0.000
 671  670      0.333     -0.623      0.000
 677  674      0.343      0.588      0.000
 684  671      0.344     -0.813      0.000
 674  681      0.345      0.233      0.000
 679  675      0.345     -0.577      0.000
 672  684      0.345      0.043      0.000
 676  682      0.348      0.353      0.000
 683  679      0.349      0.489      0.000
 685  677      0.349     -0.594      0.000
 675  689      0.352      0.029      0.000
 686  683      0.352      0.474      0.000
 680  687      0.353     -0.290      0.000
 678  692      0.354     -0.174      0.000
 689  680      0.355      0.637      0.000
 681  690      0.355      0.184      0.000
 682  693      0.355      0.159      0.000
  -1   -2      0.355      0.821      0.000
 694  678      0.357      0.874      0.000
 688  691      0.360     -0.457      0.000
 696  686      0.362     -0.758      0.000
 691  694      0.362      0.440      0.000
 687  696      0.363      0.105      0.000
 698  685      0.364     -0.958      0.000
 699  688      0.369      0.822      0.000
 690  697      0.369      0.142      0.000
 693  700      0.373      0.077      0.000
 695  702      0.375      0.006      0.000
 702  695      0.378     -0.984      0.000
 697  704      0.378      0.086      0.000
 700  703      0.381     -0.400      0.000
 703  698      0.383     -0.683      0.000
 701  705      0.386      0.393      0.000
 705  701      0.388     -0.714      0.000
 707  699      0.390      0.854      0.000
 704  706      0.393      0.478      0.000
 706  707      0.394      0.516      0.000
 711  708      0.401     -0.756      0.000
 713  710      0.402     -0.772      0.000
 714  709      0.402      0.777      0.000
 708  712      0.404      0.427      0.000
 709  715      0.408      0.314      0.000
 712  714      0.410     -0.464      0.000
 717  711      0.411     -0.735      0.000
 710  719      0.415      0.139      0.000
 721  713      0.419     -0.899      0.000
 718  717      0.421      0.445      0.000
 715  724      0.421     -0.198      0.000
 722  716      0.421     -0.832      0.000
 716  725      0.423      0.046      0.000
 719  728      0.429     -0.118      0.000
 723  718      0.429     -0.780      0.000
 720  730      0.432     -0.172      0.000
 726  720      0.433      0.834      0.000
 727  721      0.434      0.995      0.000
 728  722      0.434     -0.976      0.000
 730  723      0.437      0.949      0.000
 725  729      0.440     -0.546      0.000
 732  727      0.444      0.698      0.000
 737  726      0.445      0.872      0.000
 724  733      0.447     -0.165      0.000
 733  732      0.450     -0.987      0.000
 729  734      0.452      0.186      0.000
 739  731      0.453      0.635      0.000
 734  735      0.456      0.311      0.000
 731  737      0.458     -0.077      0.000
 735  741      0.461      0.038      0.000
 736  743      0.461      0.048      0.000
 740  742      0.464     -0.272      0.000
 738  744      0.464      0.136      0.000
 745  736      0.470      0.807      0.000
 742  738      0.471      0.530      0.000
 748  739      0.475     -0.708      0.000
 749  740      0.476     -0.719      0.000
 743  745      0.476      0.406      0.000
 744  746      0.478     -0.430      0.000
 741  749      0.479     -0.082      0.000
 746  750      0.484     -0.332      0.000
 750  748      0.486      0.430      0.000
 751  747      0.487     -0.590      0.000
 747  752      0.488     -0.129      0.000
 752  753      0.495      0.309      0.000
 753  756      0.502      0.025      0.000
 756  751      0.502      0.750      0.000
 757  754      0.507      0.569      0.000
 754  760      0.508     -0.139      0.000
 755  765      0.510      0.068      0.000
 759  755      0.511     -0.542      0.000
 758  763      0.515     -0.406      0.000
 761  759      0.518     -0.585      0.000
 762  757      0.519      0.595      0.000
 763  758      0.520      0.664      0.000
 764  764      0.524     -0.690      0.000
 771  761      0.526     -0.838      0.000
 760  771      0.527      0.002      0.000
 772  762      0.527     -0.993      0.000
 769  766      0.530     -0.654      0.000
 773  769      0.535      0.618      0.000
 775  767      0.538      0.934      0.000
 777  768      0.539      0.920      0.000
 765  777      0.539     -0.140      0.000
 766  776      0.540     -0.193      0.000
 770  775      0.540      0.253      0.000
 767  779      0.541     -0.128      0.000
 768  780      0.541      0.017      0.000
 781  770      0.544     -0.912      0.000
 774  774      0.545     -0.497      0.000
 776  773      0.546     -0.565      0.000
 783  772      0.548     -0.800      0.000
 779  781      0.552      0.441      0.000
 789  778      0.557      0.871      0.000
 778  786      0.557      0.221      0.000
 785  782      0.559     -0.560      0.000
 784  785      0.560     -0.552      0.000
 780  789      0.561      0.120      0.000
 782  788      0.562      0.230      0.000
 791  783      0.567      0.853      0.000
 792  784      0.567     -0.992      0.000
 787  791      0.569      0.307      0.000
 788  790      0.570      0.356      0.000
 793  787      0.572     -0.787      0.000
 786  793      0.573     -0.104      0.000
 794  792      0.580     -0.593      0.000
 790  795      0.581      0.089      0.000
 795  794      0.584      0.466      0.000
 796  797      0.591      0.477      0.000
 797  798      0.594     -0.618      0.000
 798  796      0.595      0.645      0.000
 800  800      0.602     -0.641      0.000
 801  799      0.602      0.670      0.000
 799  801      0.603     -0.390      0.000
 803  803      0.613     -0.595      0.000
 808  802      0.619     -0.904      0.000
 802  809      0.620      0.199      0.000
 807  804      0.622      0.739      0.000
 804  812      0.626      0.044      0.000
 809  807      0.627      0.615      0.000
 812  805      0.628      0.892      0.000
 814  806      0.629     -0.910      0.000
 805  814      0.630     -0.109      0.000
 813  808      0.633      0.744      0.000
 806  815      0.633     -0.219      0.000
 817  810      0.636     -0.896      0.000
 810  818      0.638     -0.253      0.000
 818  811      0.642      0.810      0.000
 811  819      0.642      0.053      0.000
 816  817      0.643      0.446      0.000
 821  813      0.646      0.944      0.000
 815  821      0.646     -0.197      0.000
 820  816      0.648     -0.735      0.000
 819  823      0.654     -0.322      0.000
 823  820      0.656      0.696      0.000
 825  824      0.661     -0.612      0.000
  -1   -2      0.662     -0.324      0.000
 828  822      0.663      0.958      0.000
 824  830      0.668     -0.078      0.000
 827  827      0.672     -0.471      0.000
 826  831      0.673      0.287      0.000
 831  826      0.678      0.747      0.000
 829  829      0.679     -0.686      0.000
 835  828      0.682     -0.911      0.000
 833  832      0.684      0.673      0.000
 830  835      0.687     -0.359      0.000
 838  833      0.691      0.787      0.000
 832  838      0.692      0.054      0.000
 839  834      0.693     -0.755      0.000
 834  843      0.696     -0.062      0.000
 844  836      0.700      0.841      0.000
 836  845      0.699     -0.136      0.000
 841  837      0.700      0.640      0.000
 840  839      0.700     -0.987      0.000
  -1   -2      0.701      0.468      0.000
 837  846      0.701     -0.185      0.000
 842  841      0.704      0.508      0.000
 843  844      0.706      0.470      0.000
 850  840      0.709     -0.929      0.000
 851  842      0.710     -0.869      0.000
 845  849      0.711      0.503      0.000
 849  853      0.714      0.531      0.000
 852  847      0.714     -0.712      0.000
 853  848      0.715      0.747      0.000
 848  856      0.716      0.354      0.000
 854  850      0.717      0.789      0.000
 846  857      0.719      0.060      0.000
 858  851      0.719     -0.882      0.000
 847  858      0.719      0.045      0.000
 856  852      0.720      0.870      0.000
 857  854      0.721     -0.724      0.000
 859  855      0.724     -0.843      0.000
 855  860      0.731      0.179      0.000
 863  859      0.735      0.895      0.000
 862  862      0.741     -0.480      0.000
 860  863      0.742      0.248      0.000
 861  869      0.746      0.029      0.000
 866  861      0.746     -0.879      0.000
 864  865      0.748     -0.549      0.000
 870  864      0.753     -0.943      0.000
 868  866      0.754     -0.821      0.000
 865  870      0.755     -0.230      0.000
 869  868      0.756      0.743      0.000
 871  867      0.756     -0.881      0.000
 867  873      0.765      0.148      0.000
 872  875      0.769     -0.165      0.000
 874  877      0.770     -0.259      0.000
 873  880      0.771     -0.200      0.000
 879  871      0.772     -0.807      0.000
 877  879      0.773      0.289      0.000
 880  872      0.773      0.833      0.000
 875  882      0.773      0.112      0.000
 876  883      0.774      0.136      0.000
 878  881      0.775     -0.489      0.000
  -1   -2      0.776     -0.688      0.000
 882  878      0.778     -0.676      0.000
 883  876      0.779      0.709      0.000
 886  884      0.787      0.970      0.000
 884  888      0.788     -0.390      0.000
 892  885      0.790     -0.949      0.000
 893  886      0.792     -0.993      0.000
 885  892      0.793      0.086      0.000
 894  887      0.795      0.884      0.000
 891  889      0.796      0.490      0.000
 890  893      0.798     -0.435      0.000
 889  895      0.798      0.267      0.000
 895  891      0.799      0.536      0.000
 887  897      0.799     -0.212      0.000
 888  899      0.800     -0.125      0.000
 896  890      0.802      0.916      0.000
 899  894      0.805      0.806      0.000
 897  898      0.807      0.557      0.000
 901  896      0.807     -0.805      0.000
 900  901      0.811     -0.565      0.000
 903  900      0.812      0.632      0.000
 898  904      0.813      0.144      0.000
 905  902      0.814     -0.541      0.000
 902  905      0.816      0.319      0.000
  -1   -2      0.819      0.332      0.000
 908  903      0.820      0.899      0.000
 904  909      0.819      0.099      0.000
 909  906      0.824      0.655      0.000
 907  914      0.824     -0.088      0.000
 913  908      0.826     -0.994      0.000
 911  911      0.827      0.586      0.000
 910  912      0.827      0.456      0.000
 915  910      0.829      0.953      0.000
 916  913      0.832      0.711      0.000
 914  916      0.833      0.422      0.000
 912  918      0.834      0.052      0.000
 918  915      0.836      0.763      0.000
 917  921      0.840     -0.238      0.000
 922  917      0.842      0.859      0.000
 919  920      0.842     -0.477      0.000
 925  919      0.846      0.903      0.000
 920  924      0.845     -0.308      0.000
 924  922      0.848     -0.553      0.000
 921  926      0.848     -0.074      0.000
 923  927      0.851      0.034      0.000
 927  923      0.851     -0.822      0.000
  -1   -2      0.855      0.734      0.000
 926  928      0.855      0.264      0.000
 929  929      0.861      0.725      0.000
 932  930      0.867      0.433      0.000
 931  931      0.868      0.322      0.000
 930  934      0.869     -0.027      0.000
 933  936      0.871      0.022      0.000
 934  935      0.871     -0.323      0.000
 936  933      0.873      0.655      0.000
 937  932      0.873     -0.750      0.000
 935  940      0.877      0.036      0.000
 938  937      0.880     -0.736      0.000
 939  938      0.882      0.708      0.000
 941  939      0.883      0.881      0.000
 943  941      0.886      0.625      0.000
 942  942      0.886     -0.577      0.000
 940  946      0.888     -0.015      0.000
 944  943      0.889      0.365      0.000
 945  944      0.891      0.507      0.000
 947  945      0.892     -0.741      0.000
  -1   -2      0.893      0.376      0.000
 948  948      0.896     -0.683      0.000
 951  949      0.906     -0.568      0.000
 949  951      0.907      0.209      0.000
 952  952      0.909      0.351      0.000
 950  955      0.909     -0.043      0.000
 953  950      0.910     -0.947      0.000
 954  954      0.912     -0.759      0.000
 956  953      0.912     -0.959      0.000
 959  956      0.914     -0.918      0.000
 955  959      0.916     -0.131      0.000
 957  958      0.917     -0.296      0.000
 958  957      0.917     -0.459      0.000
 960  962      0.921      0.045      0.000
 965  960      0.922     -0.977      0.000
 964  961      0.923      0.572      0.000
 961  963      0.923      0.354      0.000
 962  964      0.925     -0.055      0.000
 963  965      0.925      0.088      0.000
 966  966      0.929     -0.643      0.000
 967  967      0.936     -0.423      0.000
 968  968      0.939     -0.379      0.000
 969  969      0.941     -0.231      0.000
 970  970      0.944      0.559      0.000
 971  973      0.948     -0.180      0.000
 972  971      0.949      0.936      0.000
 973  972      0.949      0.892      0.000
 974  974      0.949     -0.987      0.000
 975  975      0.953      0.796      0.000
 976  976      0.952     -0.877      0.000
 978  977      0.955     -0.618      0.000
 977  978      0.957      0.298      0.000
 979  979      0.963     -0.758      0.000
 980  980      0.966      0.858      0.000
 981  981      0.968     -0.702      0.000
 982  982      0.970      0.528      0.000
 984  983      0.980      0.492      0.000
 985  984      0.979     -0.536      0.000
 983  987      0.980     -0.239      0.000
 986  985      0.980     -0.894      0.000
 987  986      0.982      0.749      0.000
 988  988      0.984      0.974      0.000
 990  989      0.984     -0.830      0.000
 991  991      0.985      0.675      0.000
 989  990      0.986      0.778      0.000
 992  992      0.988     -0.378      0.000
  -1   -2      0.990      0.433      0.000
 994  994      0.992      0.422      0.000
 995   -2      0.994      0.034      0.000
