995
  -1    0     -0.998      0.199      0.000
   0    1     -0.994     -0.123      0.000
   2    2     -0.992      0.733      0.000
   3    3     -0.991     -0.739      0.000
  -1   -2     -0.992      0.741      0.000
   4    5     -0.989     -0.211      0.000
   5    6     -0.989     -0.049      0.000
  -1    7     -0.989      0.952      0.000
   7    9     -0.988     -0.549      0.000
   6    8     -0.989      0.452      0.000
   8   10     -0.987     -0.799      0.000
   9   11     -0.988     -0.299      0.000
  11   12     -0.988      0.701      0.000
  10   -2     -0.987      0.201      0.000
  12   13     -0.985     -0.266      0.000
  13   14     -0.981      0.240      0.000
  14   15     -0.976     -0.177      0.000
  -1   17     -0.975      0.955      0.000
  16   16     -0.974      0.550      0.000
  15   18     -0.972     -0.977      0.000
  17   20     -0.971      0.665      0.000
  18   19     -0.970     -0.019      0.000
  19   21     -0.970      0.349      0.000
  20   22     -0.969     -0.184      0.000
  21   23     -0.968      0.324      0.000
  22   24     -0.964     -0.431      0.000
  24   25     -0.960     -0.104      0.000
  23   27     -0.960      0.566      0.000
  25   26     -0.959     -0.204      0.000
  26   29     -0.958      0.815      0.000
  27   28     -0.956     -0.400      0.000
  29   30     -0.952      0.170      0.000
  28   31     -0.951     -0.625      0.000
  30   33     -0.947     -0.927      0.000
  31   32     -0.948      0.695      0.000
  32   34     -0.945     -0.672      0.000
  33   35     -0.944      0.544      0.000
  34   36     -0.942      0.087      0.000
  37   37     -0.939      0.164      0.000
  35   40     -0.938     -0.706      0.000
  39   38     -0.937     -0.261      0.000
  36   41     -0.936     -0.928      0.000
  38   39     -0.937      0.392      0.000
  42   42     -0.934      0.451      0.000
  40   44     -0.933      0.743      0.000
  41   46     -0.931      0.934      0.000
  44   43     -0.930      0.183      0.000
  43   45     -0.930      0.289      0.000
  45   47     -0.926      0.345      0.000
  46   49     -0.920      0.634      0.000
  47   48     -0.917     -0.160      0.000
  50   50     -0.905     -0.200      0.000
  48   52     -0.904     -0.913      0.000
  49   51     -0.904     -0.489      0.000
  51   54     -0.899     -0.658      0.000
  53   56     -0.898      0.621      0.000
  56   53     -0.896     -0.225      0.000
  55   55     -0.896      0.404      0.000
  52   58     -0.896      0.913      0.000
  54   57     -0.895      0.604      0.000
  57   61     -0.891     -0.620      0.000
  58   64     -0.888      0.463      0.000
  59   63     -0.887     -0.457      0.000
  61   59     -0.888     -0.033      0.000
  62   60     -0.888      0.071      0.000
  60   62     -0.888      0.159      0.000
  63   65     -0.883     -0.308      0.000
  66   66     -0.881     -0.166      0.000
  70   67     -0.879     -0.248      0.000
  65   68     -0.879      0.534      0.000
  69   70     -0.876      0.576      0.000
  64   72     -0.876      0.793      0.000
  67   71     -0.874     -0.702      0.000
  68   76     -0.872     -0.863      0.000
  72   69     -0.872      0.033      0.000
  71   79     -0.868     -0.822      0.000
  73   73     -0.868     -0.126      0.000
  75   74     -0.867     -0.007      0.000
  78   75     -0.865      0.188      0.000
  79   77     -0.862     -0.088      0.000
  80   78     -0.861      0.121      0.000
  76   83     -0.860      0.837      0.000
  74   84     -0.858     -0.917      0.000
  77   85     -0.857     -0.987      0.000
  85   80     -0.854     -0.063      0.000
  84   82     -0.853      0.262      0.000
  86   81     -0.852     -0.167      0.000
  81   87     -0.851     -0.699      0.000
  82   91     -0.849     -0.859      0.000
  83   92     -0.850      0.875      0.000
  89   86     -0.847     -0.314      0.000
  87   90     -0.847      0.608      0.000
  -1   -2     -0.847      0.676      0.000
  91   88     -0.845      0.135      0.000
  90   93     -0.844     -0.525      0.000
  88   95     -0.844      0.671      0.000
  92   89     -0.842      0.221      0.000
  95   96     -0.831     -0.174      0.000
  93   98     -0.830     -0.932      0.000
  94   97     -0.831      0.247      0.000
  96  100     -0.823      0.639      0.000
  98   99     -0.819     -0.325      0.000
  97  104     -0.818      0.511      0.000
  99  102     -0.817      0.353      0.000
 100  101     -0.814     -0.004      0.000
 101  103     -0.813      0.106      0.000
 102  105     -0.804      0.476      0.000
 106  107     -0.799     -0.391      0.000
 105  108     -0.798     -0.988      0.000
 108  106     -0.798     -0.234      0.000
 103  110     -0.798     -0.830      0.000
 104  112     -0.796     -0.961      0.000
 107  109     -0.795      0.540      0.000
 109  111     -0.789     -0.400      0.000
 112  113     -0.784     -0.048      0.000
 115  114     -0.781     -0.172      0.000
 110  118     -0.779     -0.866      0.000
 111  119     -0.778      0.700      0.000
 113  116     -0.776      0.527      0.000
 114  117     -0.774     -0.585      0.000
 117  115     -0.772     -0.279      0.000
 120  120     -0.767     -0.247      0.000
 116  124     -0.767      0.783      0.000
 118  122     -0.767      0.551      0.000
  -1  125     -0.764     -0.995      0.000
 121  121     -0.761      0.114      0.000
 119  127     -0.758     -0.808      0.000
 124  123     -0.757      0.081      0.000
 122  128     -0.753      0.510      0.000
 129  126     -0.750     -0.168      0.000
 123  132     -0.750      0.546      0.000
 125  130     -0.750      0.438      0.000
 126  129     -0.749     -0.428      0.000
 127  131     -0.748     -0.460      0.000
 132  133     -0.743     -0.482      0.000
 133  134     -0.742      0.483      0.000
 134  136     -0.739     -0.514      0.000
 128  140     -0.737     -0.889      0.000
 135  137     -0.737      0.327      0.000
 130  142     -0.736     -0.837      0.000
 137  135     -0.736      0.194      0.000
 131  143     -0.736      0.921      0.000
 136  139     -0.733      0.432      0.000
 138  138     -0.732     -0.229      0.000
 142  141     -0.725     -0.286      0.000
 141  145     -0.720      0.669      0.000
 140  148     -0.718     -0.734      0.000
 139  151     -0.719      0.964      0.000
 143  146     -0.714     -0.532      0.000
 147  144     -0.713     -0.210      0.000
 145  147     -0.711     -0.416      0.000
 144  149     -0.712      0.488      0.000
 148  150     -0.707      0.286      0.000
 146  153     -0.704     -0.689      0.000
 152  152     -0.696     -0.176      0.000
 149  159     -0.692      0.871      0.000
 153  154     -0.689     -0.330      0.000
 151  157     -0.689      0.514      0.000
 150  162     -0.688     -0.981      0.000
 157  155     -0.684      0.032      0.000
 156  156     -0.683      0.174      0.000
 161  158     -0.679     -0.223      0.000
 154  163     -0.678     -0.490      0.000
 158  161     -0.677     -0.400      0.000
 155  167     -0.675      0.596      0.000
 166  160     -0.674      0.055      0.000
 165  165     -0.673      0.235      0.000
 167  164     -0.672      0.145      0.000
 159  169     -0.671      0.616      0.000
 160  171     -0.670      0.663      0.000
 163  170     -0.669      0.564      0.000
 169  166     -0.667     -0.198      0.000
 162  173     -0.664      0.887      0.000
 172  168     -0.663      0.033      0.000
 164  174     -0.663      0.813      0.000
 168  172     -0.660      0.596      0.000
 170  176     -0.652      0.783      0.000
 171  177     -0.649      0.702      0.000
 174  179     -0.646     -0.805      0.000
 173  180     -0.647      0.847      0.000
 176  175     -0.646      0.206      0.000
 175  182     -0.642     -0.730      0.000
 178  184     -0.637      0.488      0.000
  -1   -2     -0.633     -0.729      0.000
 183  178     -0.633     -0.084      0.000
 179  189     -0.630      0.571      0.000
 184  181     -0.629      0.024      0.000
 182  186     -0.628     -0.431      0.000
 180  190     -0.627     -0.574      0.000
 186  183     -0.628      0.060      0.000
 185  187     -0.625      0.254      0.000
 189  185     -0.624     -0.056      0.000
 190  191     -0.620      0.313      0.000
 181  194     -0.620      0.930      0.000
 188  193     -0.615      0.563      0.000
 187  196     -0.612      0.729      0.000
 193  192     -0.610     -0.142      0.000
 191  199     -0.602      0.820      0.000
 192  198     -0.601     -0.759      0.000
 196  195     -0.601     -0.193      0.000
 195  197     -0.597      0.530      0.000
 194  200     -0.595     -0.719      0.000
 197  201     -0.591      0.524      0.000
 205  204     -0.579      0.484      0.000
 198  211     -0.579      0.828      0.000
 201  208     -0.579      0.696      0.000
 199  210     -0.578      0.791      0.000
 204  207     -0.576     -0.619      0.000
 200  212     -0.577      0.869      0.000
 206  205     -0.576      0.517      0.000
 202  214     -0.574     -0.789      0.000
 203  213     -0.573     -0.746      0.000
 212  202     -0.573     -0.028      0.000
 207  209     -0.572      0.478      0.000
 213  203     -0.571     -0.172      0.000
 218  206     -0.566      0.013      0.000
 210  215     -0.566      0.455      0.000
 208  217     -0.564      0.657      0.000
 209  219     -0.560     -0.660      0.000
 214  221     -0.559      0.642      0.000
 216  224     -0.556     -0.618      0.000
 211  226     -0.556      0.840      0.000
 220  218     -0.556     -0.482      0.000
 224  216     -0.555     -0.078      0.000
 221  222     -0.554     -0.526      0.000
 215  227     -0.554      0.805      0.000
 225  220     -0.551      0.276      0.000
 223  225     -0.549     -0.988      0.000
 219  228     -0.549      0.782      0.000
 217  229     -0.549      0.916      0.000
  -1  230     -0.544     -0.042      0.000
 222  233     -0.541      0.907      0.000
 227  232     -0.538      0.591      0.000
 228  231     -0.536     -0.494      0.000
 226  237     -0.534     -0.912      0.000
 230  235     -0.531      0.601      0.000
 229  248     -0.529     -0.042      0.000
 234  239     -0.527     -0.720      0.000
 235  240     -0.526      0.723      0.000
 231  244     -0.525     -0.845      0.000
 232  245     -0.525      0.992      0.000
 233  247     -0.523     -0.981      0.000
 241  234     -0.522     -0.171      0.000
 237  238     -0.522      0.418      0.000
 244  236     -0.517     -0.182      0.000
 239  242     -0.517     -0.469      0.000
 246  243     -0.514      0.306      0.000
 238  252     -0.511      0.717      0.000
 240  251     -0.511      0.656      0.000
 247  246     -0.509     -0.217      0.000
 236   -2     -0.505     -0.039      0.000
 253  249     -0.503      0.177      0.000
 245  255     -0.503      0.710      0.000
 254  250     -0.503     -0.169      0.000
 243  259     -0.502     -0.896      0.000
 242  258     -0.503      0.990      0.000
 255  253     -0.497     -0.382      0.000
 249  256     -0.496     -0.599      0.000
 250  260     -0.495      0.619      0.000
  -1   -2     -0.493      0.711      0.000
 261  254     -0.491     -0.034      0.000
 259  257     -0.490      0.347      0.000
 257  261     -0.488      0.427      0.000
 256  265     -0.488      0.722      0.000
 260  267     -0.481      0.580      0.000
 265  263     -0.478      0.085      0.000
 258  273     -0.477      0.946      0.000
 263  268     -0.476      0.447      0.000
 268  264     -0.473      0.159      0.000
 271  266     -0.470     -0.058      0.000
 264  275     -0.468     -0.729      0.000
 262  277     -0.468      0.927      0.000
  -1   -2     -0.465      0.013      0.000
 274  270     -0.465     -0.147      0.000
 266  276     -0.465      0.574      0.000
 273  271     -0.464      0.142      0.000
 276  272     -0.459      0.018      0.000
 267  279     -0.459     -0.845      0.000
 277  274     -0.456     -0.248      0.000
 269  281     -0.455      0.803      0.000
 270  284     -0.452      0.956      0.000
 281  278     -0.448     -0.309      0.000
 280  280     -0.447      0.382      0.000
 275  286     -0.445      0.739      0.000
 278  288     -0.441      0.759      0.000
 279  287     -0.440     -0.728      0.000
 286  282     -0.438     -0.106      0.000
 288  283     -0.437     -0.098      0.000
 289  285     -0.434     -0.235      0.000
 282  291     -0.433      0.952      0.000
 283  292     -0.430      0.765      0.000
 287  290     -0.427     -0.636      0.000
 284  294     -0.426      0.818      0.000
 291  289     -0.423     -0.316      0.000
 285  297     -0.422     -0.994      0.000
 294  293     -0.416     -0.383      0.000
 290  298     -0.416      0.574      0.000
 292  296     -0.415      0.482      0.000
 296  295     -0.414     -0.423      0.000
 297  299     -0.412     -0.515      0.000
 299  300     -0.409     -0.463      0.000
 293  303     -0.408     -0.773      0.000
 298  302     -0.408      0.487      0.000
 300  301     -0.404      0.266      0.000
 295  309     -0.404      0.928      0.000
 306  305     -0.396      0.317      0.000
 311  304     -0.394     -0.250      0.000
 301  310     -0.395      0.617      0.000
 303  311     -0.392     -0.596      0.000
 314  306     -0.391     -0.101      0.000
 316  307     -0.391     -0.062      0.000
 315  308     -0.390      0.131      0.000
 302  313     -0.389     -0.692      0.000
 305  312     -0.389      0.603      0.000
 304  316     -0.386      0.797      0.000
 309  315     -0.385      0.703      0.000
 307  317     -0.385      0.763      0.000
 308  318     -0.384     -0.800      0.000
 310  319     -0.382      0.870      0.000
 312  320     -0.378     -0.901      0.000
 313  322     -0.378      0.982      0.000
 319  314     -0.375      0.130      0.000
 317  324     -0.372     -0.822      0.000
 320  321     -0.367      0.364      0.000
 318  331     -0.362     -0.851      0.000
 321  323     -0.360      0.183      0.000
 322  325     -0.358      0.138      0.000
 323  329     -0.354      0.274      0.000
 328  326     -0.353     -0.015      0.000
 329  327     -0.352      0.089      0.000
 326  328     -0.352      0.155      0.000
 327  330     -0.350     -0.256      0.000
 324  335     -0.346     -0.574      0.000
 331  332     -0.342     -0.050      0.000
 325  337     -0.340      0.883      0.000
 332  333     -0.339      0.142      0.000
 333  334     -0.338     -0.127      0.000
 334  336     -0.334      0.319      0.000
 330  338     -0.333      0.722      0.000
 335  342     -0.320      0.840      0.000
 336  340     -0.319      0.511      0.000
 338  341     -0.315      0.443      0.000
 342  339     -0.314     -0.218      0.000
 337  343     -0.313      0.666      0.000
 344  344     -0.307      0.496      0.000
 341  345     -0.306     -0.600      0.000
 345  346     -0.303     -0.643      0.000
 340  349     -0.302     -0.890      0.000
 339  351     -0.302      0.940      0.000
 343  352     -0.301     -0.915      0.000
 346  347     -0.298     -0.988      0.000
 347  348     -0.297      0.533      0.000
 349  350     -0.294     -0.461      0.000
 348  358     -0.291      0.991      0.000
 350  354     -0.290     -0.591      0.000
 351  355     -0.288      0.536      0.000
 352  357     -0.286     -0.631      0.000
 355  353     -0.286      0.051      0.000
 354  360     -0.282     -0.659      0.000
 353  361     -0.282      0.675      0.000
 359  356     -0.278     -0.052      0.000
 358  362     -0.276      0.406      0.000
 361  359     -0.275     -0.234      0.000
 356  366     -0.273     -0.865      0.000
 360  363     -0.273      0.336      0.000
 357  365     -0.272      0.594      0.000
 363  364     -0.267      0.160      0.000
 362  367     -0.264     -0.419      0.000
 365  368     -0.261     -0.304      0.000
 366  369     -0.260     -0.323      0.000
 368  375     -0.252     -0.585      0.000
 369  371     -0.252     -0.386      0.000
 367  377     -0.252      0.725      0.000
 364  378     -0.252      0.971      0.000
 371  370     -0.250     -0.058      0.000
 372  372     -0.248     -0.135      0.000
 373  373     -0.247     -0.038      0.000
 374  374     -0.247     -0.107      0.000
 375  376     -0.245     -0.250      0.000
 370  381     -0.243      0.660      0.000
 376  379     -0.239     -0.404      0.000
 379  380     -0.235     -0.126      0.000
 377  384     -0.233      0.598      0.000
 378  383     -0.232     -0.555      0.000
 380  382     -0.231     -0.250      0.000
 381  386     -0.226      0.504      0.000
 385  385     -0.224      0.351      0.000
 386  387     -0.223      0.373      0.000
 382  390     -0.222      0.712      0.000
 384  388     -0.222     -0.556      0.000
 383  393     -0.220      0.970      0.000
 388  391     -0.215     -0.363      0.000
 390  389     -0.214     -0.034      0.000
 387  394     -0.214      0.582      0.000
 392  392     -0.211      0.126      0.000
 394  395     -0.206     -0.522      0.000
 389  398     -0.205      0.777      0.000
 391  399     -0.204      0.912      0.000
  -1   -2     -0.203     -0.456      0.000
 396  397     -0.203     -0.465      0.000
 393  400     -0.202      0.855      0.000
 397  401     -0.197      0.646      0.000
 399  403     -0.196     -0.740      0.000
 401  402     -0.195     -0.657      0.000
 398  404     -0.195      0.805      0.000
 400  405     -0.194     -0.987      0.000
 402  407     -0.181     -0.692      0.000
 403  409     -0.179      0.619      0.000
 404  408     -0.178      0.462      0.000
 407  406     -0.177      0.133      0.000
 405  412     -0.174      0.671      0.000
 406  414     -0.172     -0.641      0.000
  -1  413     -0.172      0.381      0.000
 409  411     -0.171     -0.454      0.000
 408   -2     -0.171      0.389      0.000
 411  415     -0.166     -0.571      0.000
 414  416     -0.159     -0.045      0.000
 416  417     -0.157      0.192      0.000
 418  418     -0.156      0.173      0.000
 415  419     -0.155     -0.432      0.000
 412  421     -0.154     -0.811      0.000
 413  422     -0.153      0.810      0.000
 422  420     -0.151     -0.219      0.000
 417  424     -0.151      0.829      0.000
 419  426     -0.149      0.738      0.000
 421  428     -0.147     -0.890      0.000
 420  429     -0.147      0.963      0.000
 423  423     -0.146     -0.190      0.000
 424  425     -0.144      0.154      0.000
 425  427     -0.143     -0.275      0.000
 427  430     -0.141      0.396      0.000
 428  431     -0.140     -0.255      0.000
 426  432     -0.138     -0.818      0.000
 429  434     -0.129      0.575      0.000
 431  433     -0.128     -0.323      0.000
 430  435     -0.126      0.759      0.000
 432  436     -0.121      0.259      0.000
 433  438     -0.114      0.719      0.000
 434  439     -0.113     -0.590      0.000
 435  437     -0.113     -0.248      0.000
 437  440     -0.109     -0.164      0.000
 436  442     -0.108     -0.522      0.000
  -1   -2     -0.106      0.505      0.000
 438  444     -0.106      0.516      0.000
 440  441     -0.106      0.191      0.000
 441  446     -0.101      0.398      0.000
 443  445     -0.099      0.006      0.000
 442  448     -0.099     -0.461      0.000
 444  447     -0.099     -0.052      0.000
 445  449     -0.087     -0.303      0.000
 446  451     -0.082      0.922      0.000
 447  450     -0.082     -0.577      0.000
 448  452     -0.078      0.827      0.000
 449  453     -0.076     -0.504      0.000
 450  455     -0.074      0.601      0.000
 452  454     -0.073     -0.016      0.000
 451  456     -0.072     -0.622      0.000
 453  457     -0.069      0.975      0.000
 454  458     -0.067     -0.404      0.000
 456  459     -0.065     -0.215      0.000
 455  460     -0.065      0.237      0.000
 457  463     -0.063     -0.905      0.000
 459  462     -0.063      0.482      0.000
 458  461     -0.063      0.398      0.000
 460  464     -0.059     -0.921      0.000
 462  465     -0.056     -0.748      0.000
 461   -2     -0.055     -0.982      0.000
 464  466     -0.054     -0.432      0.000
 463  468     -0.053     -0.769      0.000
 465  467     -0.052     -0.053      0.000
 466  469     -0.051      0.749      0.000
 467  470     -0.050      0.465      0.000
 469  473     -0.049     -0.568      0.000
 470  472     -0.049      0.062      0.000
 472  471     -0.049      0.045      0.000
 471  474     -0.048     -0.466      0.000
 473  475     -0.047     -0.086      0.000
 474  476     -0.046      0.328      0.000
 475  477     -0.044     -0.650      0.000
 476  478     -0.040     -0.893      0.000
 478  479     -0.039      0.214      0.000
 477  480     -0.039      0.911      0.000
 479  481     -0.038      0.542      0.000
 480  482     -0.036      0.370      0.000
 481  484     -0.035      0.749      0.000
 482  483     -0.035      0.083      0.000
 483  485     -0.034     -0.464      0.000
 484  486     -0.033     -0.823      0.000
 485  487     -0.032      0.244      0.000
 486  489     -0.031      0.826      0.000
 487  488     -0.031     -0.268      0.000
 488  490     -0.031     -0.546      0.000
 489  491     -0.030      0.943      0.000
 490  492     -0.029      0.120      0.000
 491  493     -0.026      0.152      0.000
 492  494     -0.024      0.018      0.000
 493  495     -0.023     -0.656      0.000
 494  496     -0.023     -0.431      0.000
 495  497     -0.022     -0.520      0.000
 496  498     -0.021      0.645      0.000
 497  499     -0.019     -0.466      0.000
 498  500     -0.016     -0.710      0.000
  -1   -2     -0.016     -0.515      0.000
 500  502     -0.015      0.258      0.000
 501  503     -0.014     -0.617      0.000
 502  505     -0.013     -0.645      0.000
 503  504     -0.013      0.976      0.000
 504  506     -0.000      0.049      0.000
 505  507      0.003     -0.396      0.000
 506  508      0.004     -0.234      0.000
 507  509      0.007      0.242      0.000
 508  510      0.011      0.531      0.000
 509  512      0.013     -0.714      0.000
 510  511      0.014      0.787      0.000
 511  513      0.015      0.726      0.000
 512  514      0.017     -0.344      0.000
 513  515      0.018      0.062      0.000
 516  516      0.020     -0.696      0.000
 514  518      0.020     -0.113      0.000
 518  517      0.021      0.715      0.000
 515  519      0.022     -0.092      0.000
 517  520      0.023     -0.198      0.000
 519  522      0.028      0.133      0.000
 520  521      0.029      0.550      0.000
 522  524      0.036     -0.200      0.000
 521  523      0.036      0.094      0.000
 523  525      0.041      0.351      0.000
 524  526      0.043     -0.498      0.000
 525  528      0.045      0.172      0.000
 526  527      0.046     -0.966      0.000
 528  529      0.049     -0.791      0.000
 527  530      0.051     -0.409      0.000
 529  532      0.053      0.312      0.000
 530  531      0.053     -0.689      0.000
 531  533      0.057      0.003      0.000
 533  534      0.066      0.872      0.000
 532  536      0.068      0.378      0.000
 534  535      0.068     -0.923      0.000
 535  537      0.071      0.749      0.000
 536  538      0.074     -0.856      0.000
 537  539      0.075      0.688      0.000
 538  541      0.076     -0.608      0.000
 541  540      0.078     -0.970      0.000
 542  542      0.080      0.939      0.000
 539  544      0.080      0.054      0.000
 544  543      0.082      0.672      0.000
 540  545      0.082     -0.292      0.000
 543  546      0.085     -0.394      0.000
 545  548      0.092      0.214      0.000
 548  547      0.092     -0.901      0.000
 547  549      0.095     -0.416      0.000
 546  550      0.096      0.187      0.000
  -1   -2      0.100      0.211      0.000
 553  551      0.107     -0.965      0.000
 550  555      0.108     -0.522      0.000
 555  553      0.111      0.841      0.000
 556  554      0.112     -0.877      0.000
 551  557      0.113      0.053      0.000
 552  559      0.114     -0.052      0.000
 557  556      0.115      0.524      0.000
 554  563      0.117     -0.174      0.000
 558  565      0.119      0.288      0.000
 561  564      0.120     -0.495      0.000
 562  562      0.121     -0.562      0.000
 565  558      0.121     -0.971      0.000
 566  561      0.122     -0.871      0.000
 560  571      0.123     -0.199      0.000
 567  560      0.123      0.947      0.000
 559  572      0.123      0.081      0.000
 568  568      0.126     -0.651      0.000
 564  569      0.126     -0.479      0.000
 570  567      0.126      0.752      0.000
 563  573      0.127     -0.050      0.000
 572  566      0.127     -0.977      0.000
 573  570      0.130     -0.924      0.000
 569  575      0.133      0.017      0.000
 571  576      0.134     -0.185      0.000
 575  574      0.135      0.787      0.000
 574  579      0.142      0.062      0.000
 576  578      0.142      0.270      0.000
 577  577      0.145      0.880      0.000
 580  580      0.153      0.870      0.000
 578  582      0.153      0.342      0.000
  -1   -2      0.158     -0.494      0.000
 586  581      0.158     -0.936      0.000
 583  583      0.158      0.529      0.000
 581  585      0.160      0.378      0.000
 585  586      0.161     -0.504      0.000
 582  589      0.163     -0.207      0.000
 584  592      0.165      0.117      0.000
 588  588      0.166     -0.449      0.000
 591  587      0.168     -0.663      0.000
 590  591      0.168      0.456      0.000
 587  594      0.169      0.056      0.000
 589  596      0.171     -0.032      0.000
 593  590      0.173     -0.930      0.000
 597  593      0.176      0.840      0.000
 592  599      0.178     -0.014      0.000
 594  597      0.180     -0.453      0.000
 595  598      0.180     -0.471      0.000
 600  595      0.183      0.953      0.000
 598  601      0.186      0.280      0.000
 596  603      0.187     -0.157      0.000
 599  604      0.191      0.079      0.000
 603  600      0.192      0.668      0.000
 602  602      0.192     -0.512      0.000
 601  605      0.193     -0.301      0.000
 604  607      0.198     -0.352      0.000
 605  608      0.200      0.376      0.000
 607  606      0.201     -0.987      0.000
 608  609      0.204      0.554      0.000
 606  613      0.205      0.151      0.000
 610  612      0.211     -0.590      0.000
 613  610      0.211      0.698      0.000
 611  611      0.211     -0.622      0.000
 609  616      0.212     -0.216      0.000
 617  615      0.220      0.638      0.000
 612  617      0.220      0.180      0.000
 619  614      0.222      0.977      0.000
 614  619      0.225      0.164      0.000
 615  620      0.225     -0.148      0.000
 616  621      0.227      0.081      0.000
 620  618      0.229      0.546      0.000
 618  625      0.234      0.073      0.000
 623  623      0.237     -0.536      0.000
 621  628      0.238      0.309      0.000
 622  632      0.242     -0.088      0.000
 631  622      0.242     -0.826      0.000
 625  630      0.243      0.384      0.000
 627  627      0.243     -0.602      0.000
 630  624      0.244      0.673      0.000
 624  633      0.245      0.042      0.000
 632  626      0.246      0.739      0.000
 635  629      0.249      0.785      0.000
 626  637      0.251      0.125      0.000
 628  639      0.252     -0.109      0.000
 629  638      0.252     -0.205      0.000
 636  631      0.253     -0.860      0.000
 633  640      0.256     -0.354      0.000
 634  641      0.260      0.188      0.000
 640  635      0.262      0.885      0.000
 641  634      0.262     -0.968      0.000
 639  636      0.263     -0.815      0.000
 638  645      0.270     -0.405      0.000
 643  644      0.271     -0.540      0.000
 637  647      0.274     -0.102      0.000
 645  642      0.274     -0.805      0.000
 642  650      0.279      0.005      0.000
 649  643      0.280     -0.861      0.000
 644  651      0.283     -0.019      0.000
 648  649      0.287      0.510      0.000
 651  648      0.290     -0.729      0.000
 647  654      0.292     -0.240      0.000
 650  652      0.295      0.449      0.000
 654  653      0.299      0.573      0.000
 652  657      0.300      0.372      0.000
 659  655      0.304     -0.661      0.000
 653  661      0.304     -0.268      0.000
 660  656      0.305      0.629      0.000
 656  658      0.305      0.464      0.000
 655  660      0.305     -0.410      0.000
 657  659      0.306     -0.452      0.000
 658  666      0.313      0.273      0.000
 663  663      0.318     -0.819      0.000
 664  662      0.318      0.870      0.000
 661  667      0.319     -0.315      0.000
 665  664      0.321      0.712      0.000
 668  665      0.324      0.805      0.000
 666  668      0.327      0.492      0.000
 662  671      0.327     -0.082      0.000
 670  669      0.330     -0.619      0.000
 672  670      0.337     -0.811      0.000
 667  676      0.338      0.106      0.000
 669  678      0.339      0.157      0.000
 671  672      0.340      0.584      0.000
 674  675      0.344     -0.573      0.000
  -1   -2      0.348      0.819      0.000
 678  677      0.348     -0.590      0.000
 687  674      0.348      0.872      0.000
 677  681      0.349      0.485      0.000
 683  680      0.351      0.634      0.000
 673  686      0.351      0.231      0.000
 676  685      0.352      0.349      0.000
 680  684      0.353      0.470      0.000
 675  688      0.354      0.043      0.000
 692  679      0.356     -0.958      0.000
 689  682      0.356     -0.756      0.000
 681  690      0.358     -0.287      0.000
 693  683      0.361      0.820      0.000
 679  693      0.361      0.029      0.000
 684  692      0.362      0.182      0.000
 688  689      0.362     -0.453      0.000
 682  695      0.362     -0.172      0.000
 685  694      0.363      0.157      0.000
 690  691      0.364      0.437      0.000
 697  687      0.368     -0.984      0.000
 691  699      0.371      0.103      0.000
 694  700      0.377      0.140      0.000
 700  697      0.379     -0.680      0.000
 703  696      0.381      0.852      0.000
 695  705      0.382      0.076      0.000
 702  698      0.383     -0.712      0.000
 696  708      0.384      0.006      0.000
 699  704      0.385     -0.397      0.000
 698  710      0.387      0.085      0.000
 701  706      0.389      0.390      0.000
 704  709      0.393      0.476      0.000
 705  707      0.393      0.513      0.000
 706  702      0.395     -0.754      0.000
 708  701      0.395      0.775      0.000
 707  703      0.395     -0.770      0.000
 712  711      0.405     -0.733      0.000
 709  714      0.406      0.425      0.000
 714  712      0.410     -0.899      0.000
 711  715      0.412     -0.461      0.000
 710  720      0.413      0.313      0.000
 717  713      0.413     -0.831      0.000
 715  722      0.422      0.444      0.000
 720  717      0.422     -0.779      0.000
 713  724      0.424      0.138      0.000
 722  719      0.425      0.833      0.000
 723  716      0.425      0.994      0.000
 724  718      0.425     -0.976      0.000
 725  721      0.427      0.949      0.000
 716  726      0.429     -0.196      0.000
 718  728      0.432      0.046      0.000
 728  723      0.436      0.871      0.000
 727  725      0.438      0.697      0.000
 719  730      0.439     -0.117      0.000
 726  727      0.439     -0.545      0.000
 721  731      0.441     -0.171      0.000
 732  729      0.448      0.634      0.000
 730  732      0.450     -0.987      0.000
 729  734      0.456     -0.165      0.000
 731  738      0.460      0.186      0.000
 733  737      0.461      0.311      0.000
 739  733      0.462      0.806      0.000
 734  740      0.468     -0.077      0.000
 740  739      0.470      0.530      0.000
 741  735      0.470     -0.708      0.000
 742  736      0.470     -0.718      0.000
 735  742      0.471      0.038      0.000
 737  741      0.471     -0.272      0.000
 736  743      0.471      0.048      0.000
 738  745      0.473      0.136      0.000
 743  744      0.479      0.406      0.000
 744  747      0.481     -0.429      0.000
 748  746      0.485     -0.590      0.000
 747  749      0.487      0.430      0.000
 745  751      0.489     -0.081      0.000
 746  750      0.489     -0.332      0.000
 752  748      0.495      0.751      0.000
 749  754      0.498     -0.129      0.000
 750  753      0.500      0.309      0.000
 753  752      0.504      0.570      0.000
 756  757      0.510     -0.543      0.000
 751  763      0.511      0.025      0.000
 759  759      0.515      0.596      0.000
 760  758      0.516      0.665      0.000
 758  761      0.517     -0.586      0.000
 754  768      0.517     -0.139      0.000
 762  756      0.518     -0.839      0.000
 764  755      0.518     -0.993      0.000
 757  766      0.518     -0.407      0.000
 761  760      0.519     -0.690      0.000
 755  770      0.519      0.068      0.000
 765  765      0.526     -0.655      0.000
 767  762      0.529      0.934      0.000
 768  764      0.530      0.920      0.000
 766  769      0.532      0.620      0.000
 774  767      0.535     -0.912      0.000
 763  774      0.536      0.002      0.000
 777  771      0.540     -0.801      0.000
 776  773      0.544     -0.566      0.000
 775  775      0.546     -0.499      0.000
 771  778      0.546      0.255      0.000
 770  780      0.548     -0.194      0.000
 769  781      0.549     -0.141      0.000
 779  772      0.549      0.872      0.000
 772  785      0.549     -0.128      0.000
 773  786      0.551      0.017      0.000
 778  779      0.554      0.443      0.000
 781  782      0.559     -0.562      0.000
 785  777      0.559      0.854      0.000
 786  776      0.559     -0.993      0.000
 782  783      0.559     -0.554      0.000
 780  787      0.564      0.223      0.000
 789  784      0.565     -0.789      0.000
 784  788      0.569      0.231      0.000
 783  791      0.569      0.121      0.000
 788  790      0.573      0.359      0.000
 787  792      0.574      0.309      0.000
 791  789      0.578     -0.595      0.000
 790  796      0.582     -0.104      0.000
 793  793      0.584      0.469      0.000
 792  800      0.589      0.090      0.000
 796  794      0.590      0.648      0.000
 794  797      0.591      0.480      0.000
 795  795      0.591     -0.621      0.000
 798  798      0.598      0.673      0.000
 797  799      0.599     -0.644      0.000
 799  804      0.607     -0.393      0.000
 801  801      0.610     -0.905      0.000
 800  802      0.611     -0.599      0.000
 803  803      0.617      0.742      0.000
 806  805      0.620      0.893      0.000
 807  806      0.620     -0.912      0.000
 805  808      0.624      0.618      0.000
 809  809      0.627      0.747      0.000
 802  812      0.627      0.201      0.000
 811  807      0.627     -0.897      0.000
 813  810      0.635      0.812      0.000
 804  814      0.635      0.045      0.000
 816  811      0.639      0.944      0.000
 808  817      0.638     -0.110      0.000
 810  819      0.641     -0.221      0.000
 818  813      0.642     -0.738      0.000
 815  815      0.644      0.451      0.000
 812  820      0.644     -0.256      0.000
 814  822      0.650      0.055      0.000
 820  816      0.650      0.700      0.000
 817  823      0.654     -0.200      0.000
 823  818      0.655      0.959      0.000
 819  824      0.659     -0.326      0.000
 821  821      0.659     -0.616      0.000
  -1   -2      0.666     -0.328      0.000
 827  826      0.673      0.751      0.000
 825  829      0.673     -0.476      0.000
 829  825      0.674     -0.912      0.000
 828  828      0.675     -0.690      0.000
 824  834      0.677     -0.079      0.000
 826  832      0.678      0.291      0.000
 830  830      0.680      0.677      0.000
 832  831      0.685      0.790      0.000
 834  833      0.688     -0.758      0.000
 831  838      0.691     -0.363      0.000
 836  835      0.693      0.844      0.000
 838  836      0.697      0.646      0.000
 833  848      0.700      0.056      0.000
 839  840      0.700     -0.987      0.000
 844  837      0.701     -0.931      0.000
 842  841      0.703      0.514      0.000
 845  839      0.703     -0.872      0.000
 835  850      0.704     -0.062      0.000
 843  842      0.705      0.476      0.000
 837  854      0.706     -0.138      0.000
 841  855      0.707     -0.188      0.000
 848  846      0.710     -0.717      0.000
 849  844      0.710      0.752      0.000
 846  849      0.710      0.510      0.000
 851  845      0.711      0.793      0.000
 853  843      0.711     -0.884      0.000
 855  847      0.713      0.873      0.000
 847  851      0.713      0.537      0.000
 856  853      0.717     -0.729      0.000
 857  852      0.718     -0.846      0.000
 850  856      0.719      0.360      0.000
 852  858      0.725      0.062      0.000
 854  860      0.726      0.047      0.000
 859  857      0.729      0.897      0.000
 858  862      0.737      0.183      0.000
 863  859      0.739     -0.882      0.000
 860  863      0.742     -0.486      0.000
 861  868      0.746      0.253      0.000
 865  861      0.746     -0.944      0.000
 864  866      0.747     -0.556      0.000
 866  864      0.749     -0.824      0.000
 869  865      0.750     -0.884      0.000
 868  867      0.752      0.748      0.000
 862  869      0.752      0.030      0.000
 867  872      0.760     -0.234      0.000
 874  871      0.767     -0.811      0.000
 876  870      0.768      0.837      0.000
 870  877      0.771      0.152      0.000
  -1   -2      0.774     -0.694      0.000
 871  882      0.775     -0.168      0.000
 882  874      0.775      0.715      0.000
 872  881      0.775     -0.264      0.000
 881  875      0.775     -0.683      0.000
 875  880      0.776      0.295      0.000
 873  883      0.776     -0.204      0.000
 879  878      0.776     -0.496      0.000
 877  885      0.779      0.115      0.000
 878  886      0.779      0.140      0.000
 883  876      0.782      0.971      0.000
 885  879      0.784     -0.950      0.000
 886  884      0.787     -0.993      0.000
 888  887      0.790      0.887      0.000
 884  889      0.790     -0.397      0.000
 889  890      0.796      0.498      0.000
 895  888      0.797      0.918      0.000
 892  892      0.798      0.544      0.000
 887  896      0.798      0.088      0.000
 890  894      0.799     -0.442      0.000
 896  891      0.801      0.810      0.000
 891  897      0.802      0.274      0.000
 898  893      0.803     -0.809      0.000
 893  899      0.804     -0.216      0.000
 897  895      0.805      0.565      0.000
 894  902      0.805     -0.128      0.000
 900  898      0.810      0.640      0.000
 899  900      0.810     -0.572      0.000
 902  903      0.814     -0.549      0.000
 905  901      0.815      0.902      0.000
 901  908      0.817      0.148      0.000
 903  907      0.818      0.326      0.000
 907  905      0.821      0.663      0.000
  -1   -2      0.821      0.339      0.000
 909  904      0.821     -0.994      0.000
 906  913      0.824      0.102      0.000
 912  906      0.825      0.954      0.000
 910  910      0.825      0.594      0.000
 911  912      0.828      0.465      0.000
 913  911      0.829      0.718      0.000
 908  915      0.829     -0.089      0.000
 916  914      0.833      0.769      0.000
 914  916      0.834      0.430      0.000
 918  917      0.839      0.863      0.000
 915  920      0.838      0.054      0.000
 920  918      0.843      0.905      0.000
 919  919      0.842     -0.485      0.000
 917  923      0.844     -0.243      0.000
 922  922      0.847     -0.561      0.000
 925  921      0.848     -0.827      0.000
 921  925      0.848     -0.314      0.000
  -1   -2      0.852      0.740      0.000
 923  927      0.853     -0.075      0.000
 924  928      0.855      0.036      0.000
 927  929      0.858      0.271      0.000
 928  926      0.859      0.732      0.000
 929  930      0.868      0.442      0.000
 930  933      0.870      0.330      0.000
 935  931      0.871     -0.757      0.000
 934  932      0.872      0.663      0.000
 931  936      0.873     -0.027      0.000
 933  934      0.873     -0.329      0.000
 932  939      0.875      0.023      0.000
 937  935      0.878     -0.742      0.000
 938  938      0.880      0.715      0.000
 939  937      0.880      0.885      0.000
 936  941      0.880      0.038      0.000
 940  940      0.885      0.634      0.000
 941  942      0.885     -0.586      0.000
 943  945      0.890      0.374      0.000
 944  944      0.891      0.516      0.000
 945  943      0.890     -0.748      0.000
 942  948      0.891     -0.014      0.000
  -1   -2      0.894      0.384      0.000
 947  946      0.894     -0.691      0.000
 948  949      0.905     -0.577      0.000
 952  950      0.908     -0.948      0.000
 949  955      0.909      0.215      0.000
 950  953      0.910      0.360      0.000
 954  951      0.910     -0.960      0.000
 953  952      0.910     -0.766      0.000
 951  956      0.912     -0.043      0.000
 955  954      0.912     -0.920      0.000
 958  957      0.917     -0.468      0.000
 957  959      0.918     -0.302      0.000
 956  961      0.919     -0.134      0.000
 960  958      0.920     -0.977      0.000
 961  960      0.923      0.581      0.000
 959  963      0.923      0.048      0.000
 962  962      0.924      0.362      0.000
 963  966      0.927     -0.055      0.000
 964  965      0.928      0.091      0.000
 965  964      0.929     -0.652      0.000
 966  967      0.937     -0.431      0.000
 967  968      0.940     -0.387      0.000
 968  970      0.943     -0.236      0.000
 969  969      0.944      0.569      0.000
 971  971      0.947      0.938      0.000
 972  972      0.948      0.895      0.000
 970  974      0.949     -0.183      0.000
 973  973      0.949     -0.987      0.000
 974  975      0.952      0.803      0.000
 975  976      0.951     -0.881      0.000
 976  977      0.955     -0.627      0.000
 977  978      0.957      0.306      0.000
 978  979      0.963     -0.765      0.000
 979  980      0.965      0.863      0.000
 980  981      0.967     -0.709      0.000
 981  982      0.970      0.538      0.000
 982  983      0.979      0.501      0.000
 983  984      0.979     -0.545      0.000
 985  985      0.980     -0.896      0.000
 986  986      0.981      0.756      0.000
 984  988      0.981     -0.244      0.000
 987  987      0.982      0.975      0.000
 988  989      0.983     -0.835      0.000
 990  990      0.985      0.784      0.000
 989  991      0.985      0.683      0.000
 991  992      0.989     -0.386      0.000
  -1   -2      0.990      0.443      0.000
 993  994      0.992      0.432      0.000
