996
   0   -2     -0.998      0.690      0.000
   1   -2     -0.997      0.280      0.000
   2   -2     -0.995      0.065      0.000
   3   -2     -0.993     -0.156      0.000
   4   -2     -0.989     -0.275      0.000
   5   -2     -0.989      0.452      0.000
   6   -2     -0.988     -0.549      0.000
   7   -2     -0.989     -0.049      0.000
   8   -2     -0.989      0.952      0.000
   9   -2     -0.988      0.201      0.000
  10   -2     -0.987     -0.799      0.000
  11   -2     -0.988     -0.299      0.000
  12   -2     -0.988      0.701      0.000
  13   -2     -0.986     -0.348      0.000
  17   -2     -0.983      0.337      0.000
  16   -2     -0.983      0.809      0.000
  15   -2     -0.982     -0.814      0.000
  -1   -2     -0.983      0.815      0.000
  18   -2     -0.980     -0.232      0.000
  19   -2     -0.977     -0.012      0.000
  20   -2     -0.975     -0.243      0.000
  21   -2     -0.974      0.465      0.000
  22   -2     -0.973      0.438      0.000
  23   -2     -0.970      0.660      0.000
  24   -2     -0.968     -0.543      0.000
  25   -2     -0.968     -0.135      0.000
  26   -2     -0.967     -0.273      0.000
  27   -2     -0.962     -0.513      0.000
  28   -2     -0.961      0.254      0.000
  29   -2     -0.959      0.756      0.000
  33   -2     -0.954      0.142      0.000
  30   -2     -0.955      0.975      0.000
  31   -2     -0.954      0.673      0.000
  32   -2     -0.951     -0.981      0.000
  34   -2     -0.951      0.249      0.000
  35   -2     -0.949     -0.351      0.000
  36   -2     -0.944      0.272      0.000
  38   -2     -0.943      0.514      0.000
  37   -2     -0.940     -0.721      0.000
  39   -2     -0.940      0.402      0.000
  41   -2     -0.937     -0.216      0.000
  40   -2     -0.937      0.652      0.000
  43   -2     -0.935      0.569      0.000
  44   -2     -0.934      0.464      0.000
  42   -2     -0.934      0.869      0.000
  45   -2     -0.928     -0.758      0.000
  47   -2     -0.927     -0.268      0.000
  46   -2     -0.928      0.778      0.000
  50   -2     -0.920     -0.032      0.000
  49   -2     -0.919     -0.302      0.000
  52   -2     -0.917      0.118      0.000
  48   -2     -0.916     -0.785      0.000
  51   -2     -0.913     -0.946      0.000
  53   -2     -0.913      0.237      0.000
  54   -2     -0.911     -0.222      0.000
  57   -2     -0.907      0.063      0.000
  55   -2     -0.906      0.814      0.000
  59   -2     -0.905      0.005      0.000
  56   -2     -0.904     -0.597      0.000
  58   -2     -0.904     -0.329      0.000
  62   -2     -0.903     -0.166      0.000
  61   -2     -0.902     -0.403      0.000
  65   -2     -0.900     -0.112      0.000
  64   -2     -0.900      0.519      0.000
  63   -2     -0.899      0.726      0.000
  60   -2     -0.898     -0.946      0.000
  67   -2     -0.896     -0.077      0.000
  68   -2     -0.895      0.184      0.000
  66   -2     -0.895      0.956      0.000
  69   -2     -0.894      0.271      0.000
  70   -2     -0.891     -0.563      0.000
  71   -2     -0.890     -0.220      0.000
  72   -2     -0.885      0.574      0.000
  73   -2     -0.883      0.200      0.000
  76   -2     -0.877      0.359      0.000
  74   -2     -0.874     -0.742      0.000
  75   -2     -0.874      0.712      0.000
  79   -2     -0.873     -0.228      0.000
  77   -2     -0.873      0.698      0.000
  80   -2     -0.872      0.309      0.000
  81   -2     -0.871     -0.403      0.000
  78   -2     -0.870     -0.710      0.000
  83   -2     -0.867      0.008      0.000
  82   -2     -0.864      0.636      0.000
  85   -2     -0.861      0.159      0.000
  84   -2     -0.860      0.338      0.000
  86   -2     -0.855      0.671      0.000
  87   -2     -0.851     -0.934      0.000
  88   -2     -0.847      0.938      0.000
  89   -2     -0.846     -0.410      0.000
  90   -2     -0.845     -0.053      0.000
  92   -2     -0.842     -0.298      0.000
  91   -2     -0.837     -0.774      0.000
  94   -2     -0.835     -0.217      0.000
  93   -2     -0.835     -0.619      0.000
  96   -2     -0.831      0.451      0.000
  95   -2     -0.828      0.846      0.000
 100   -2     -0.821      0.161      0.000
 102   -2     -0.820      0.119      0.000
  98   -2     -0.817     -0.477      0.000
  97   -2     -0.816      0.693      0.000
 104   -2     -0.815     -0.308      0.000
 105   -2     -0.814     -0.347      0.000
 108   -2     -0.812     -0.208      0.000
  99   -2     -0.810     -0.897      0.000
 101   -2     -0.809     -0.866      0.000
 103   -2     -0.809     -0.768      0.000
 109   -2     -0.807     -0.484      0.000
 106   -2     -0.804      0.748      0.000
 107   -2     -0.803      0.878      0.000
 110   -2     -0.802      0.603      0.000
 111   -2     -0.794     -0.988      0.000
 112   -2     -0.795      0.568      0.000
 118   -2     -0.789     -0.280      0.000
 117   -2     -0.790      0.254      0.000
 113   -2     -0.788     -0.936      0.000
 114   -2     -0.788      0.906      0.000
 115   -2     -0.783      0.715      0.000
 116   -2     -0.780     -0.892      0.000
 120   -2     -0.777     -0.253      0.000
 121   -2     -0.774     -0.344      0.000
 119   -2     -0.771      0.624      0.000
 122   -2     -0.768     -0.209      0.000
 125   -2     -0.767      0.049      0.000
 124   -2     -0.764      0.404      0.000
 123   -2     -0.763     -0.502      0.000
 129   -2     -0.757      0.076      0.000
 128   -2     -0.754     -0.534      0.000
 127   -2     -0.754      0.607      0.000
 126   -2     -0.750     -0.946      0.000
 135   -2     -0.750      0.049      0.000
 132   -2     -0.750      0.219      0.000
 131   -2     -0.749      0.519      0.000
 130   -2     -0.748     -0.656      0.000
 136   -2     -0.747     -0.262      0.000
 134   -2     -0.747      0.351      0.000
 138   -2     -0.745      0.183      0.000
 133   -2     -0.743     -0.554      0.000
 140   -2     -0.741     -0.231      0.000
 137   -2     -0.739      0.627      0.000
 139   -2     -0.735      0.586      0.000
 141   -2     -0.735      0.507      0.000
 144   -2     -0.734     -0.383      0.000
 145   -2     -0.731     -0.479      0.000
 142   -2     -0.731     -0.583      0.000
 143   -2     -0.731      0.558      0.000
 147   -2     -0.729      0.287      0.000
 150   -2     -0.725     -0.092      0.000
 152   -2     -0.722      0.036      0.000
 148   -2     -0.722      0.617      0.000
 146   -2     -0.719     -0.864      0.000
 153   -2     -0.719     -0.059      0.000
 149   -2     -0.719      0.756      0.000
 154   -2     -0.719      0.078      0.000
 155   -2     -0.712      0.248      0.000
 151   -2     -0.708     -0.967      0.000
 156   -2     -0.705     -0.453      0.000
 157   -2     -0.701     -0.591      0.000
 161   -2     -0.700     -0.157      0.000
 158   -2     -0.699      0.554      0.000
 159   -2     -0.694      0.823      0.000
 160   -2     -0.691     -0.892      0.000
 166   -2     -0.685     -0.213      0.000
 165   -2     -0.683      0.294      0.000
 164   -2     -0.679     -0.541      0.000
 162   -2     -0.676     -0.994      0.000
 163   -2     -0.676     -0.842      0.000
 168   -2     -0.675     -0.026      0.000
 167   -2     -0.669      0.570      0.000
 170   -2     -0.668      0.020      0.000
 171   -2     -0.663      0.354      0.000
 173   -2     -0.662     -0.185      0.000
 169   -2     -0.661      0.717      0.000
 178   -2     -0.657     -0.080      0.000
 177   -2     -0.651     -0.468      0.000
  -1   -2     -0.649     -0.041      0.000
 172   -2     -0.648     -0.771      0.000
 176   -2     -0.645     -0.729      0.000
 174   -2     -0.644     -0.863      0.000
 175   -2     -0.644      0.934      0.000
 179   -2     -0.637     -0.906      0.000
 180   -2     -0.635     -0.040      0.000
 181   -2     -0.635      0.609      0.000
 182   -2     -0.631      0.640      0.000
 186   -2     -0.625      0.529      0.000
 183   -2     -0.623      0.972      0.000
 184   -2     -0.623      0.656      0.000
 189   -2     -0.616     -0.175      0.000
 187   -2     -0.616      0.636      0.000
 185   -2     -0.612     -0.037      0.000
 190   -2     -0.611      0.295      0.000
 194   -2     -0.611     -0.186      0.000
 188   -2     -0.609      0.698      0.000
 191   -2     -0.603     -0.602      0.000
 198   -2     -0.599     -0.032      0.000
 197   -2     -0.598     -0.170      0.000
 199   -2     -0.597     -0.219      0.000
 192   -2     -0.596      0.886      0.000
 195   -2     -0.594      0.603      0.000
 202   -2     -0.589      0.183      0.000
 196   -2     -0.583     -0.983      0.000
 201   -2     -0.581      0.590      0.000
 210   -2     -0.578      0.087      0.000
 200   -2     -0.578      0.728      0.000
 213   -2     -0.577     -0.056      0.000
 204   -2     -0.574      0.554      0.000
  -1   -2     -0.572      0.014      0.000
 206   -2     -0.572      0.505      0.000
 203   -2     -0.571      0.830      0.000
 207   -2     -0.570      0.546      0.000
 211   -2     -0.569      0.473      0.000
 214   -2     -0.568     -0.749      0.000
 212   -2     -0.568      0.497      0.000
 217   -2     -0.568      0.313      0.000
 215   -2     -0.567     -0.493      0.000
 222   -2     -0.566      0.019      0.000
 221   -2     -0.565     -0.143      0.000
 208   -2     -0.564      0.801      0.000
 223   -2     -0.563      0.160      0.000
 209   -2     -0.563      0.897      0.000
  -1   -2     -0.560     -0.746      0.000
 219   -2     -0.559      0.534      0.000
 225   -2     -0.558      0.141      0.000
 218   -2     -0.554     -0.820      0.000
 224   -2     -0.550     -0.533      0.000
 226   -2     -0.549     -0.988      0.000
 220   -2     -0.550      0.858      0.000
 227   -2     -0.545     -0.497      0.000
 229   -2     -0.545     -0.378      0.000
 233   -2     -0.542     -0.100      0.000
 234   -2     -0.541     -0.093      0.000
 231   -2     -0.541      0.422      0.000
 235   -2     -0.539     -0.239      0.000
 228   -2     -0.538     -0.627      0.000
 232   -2     -0.535     -0.466      0.000
 237   -2     -0.533      0.344      0.000
 230   -2     -0.533      0.742      0.000
 236   -2     -0.525     -0.727      0.000
 239   -2     -0.520     -0.619      0.000
 238   -2     -0.519     -0.765      0.000
 244   -2     -0.519     -0.223      0.000
 245   -2     -0.517     -0.295      0.000
 240   -2     -0.513      0.932      0.000
 241   -2     -0.510     -0.661      0.000
 243   -2     -0.508      0.702      0.000
 248   -2     -0.506      0.418      0.000
 242   -2     -0.506      0.825      0.000
 246   -2     -0.504      0.661      0.000
 247   -2     -0.504      0.645      0.000
 250   -2     -0.499      0.590      0.000
 249   -2     -0.496     -0.747      0.000
 256   -2     -0.493     -0.057      0.000
 258   -2     -0.492     -0.093      0.000
 257   -2     -0.490     -0.294      0.000
 253   -2     -0.489      0.597      0.000
 255   -2     -0.488      0.432      0.000
 251   -2     -0.487      0.793      0.000
 252   -2     -0.486     -0.789      0.000
 261   -2     -0.482      0.118      0.000
 254   -2     -0.482      0.828      0.000
 260   -2     -0.481      0.362      0.000
 263   -2     -0.474     -0.228      0.000
 259   -2     -0.474      0.869      0.000
 262   -2     -0.471     -0.582      0.000
 268   -2     -0.470      0.244      0.000
 270   -2     -0.466      0.115      0.000
 269   -2     -0.465     -0.354      0.000
 266   -2     -0.460     -0.708      0.000
 264   -2     -0.460      0.802      0.000
 265   -2     -0.460      0.778      0.000
 267   -2     -0.458      0.837      0.000
 271   -2     -0.454      0.643      0.000
 279   -2     -0.452     -0.015      0.000
 276   -2     -0.451     -0.390      0.000
 272   -2     -0.451      0.714      0.000
 273   -2     -0.450      0.602      0.000
 277   -2     -0.449      0.287      0.000
 274   -2     -0.448      0.560      0.000
 283   -2     -0.445      0.119      0.000
 284   -2     -0.445      0.076      0.000
 287   -2     -0.441      0.159      0.000
 275   -2     -0.441      0.912      0.000
 289   -2     -0.439     -0.045      0.000
 278   -2     -0.438      0.704      0.000
 290   -2     -0.436      0.133      0.000
 282   -2     -0.436      0.549      0.000
 280   -2     -0.434      0.902      0.000
 288   -2     -0.433     -0.425      0.000
 291   -2     -0.433      0.694      0.000
 293   -2     -0.430     -0.111      0.000
 285   -2     -0.427     -0.836      0.000
 296   -2     -0.426     -0.225      0.000
 286   -2     -0.425     -0.909      0.000
 299   -2     -0.424      0.120      0.000
  -1   -2     -0.422      0.692      0.000
 297   -2     -0.419     -0.475      0.000
 298   -2     -0.419      0.445      0.000
 295   -2     -0.415      0.703      0.000
 300   -2     -0.415      0.238      0.000
 292   -2     -0.415      0.988      0.000
 294   -2     -0.413     -0.985      0.000
 301   -2     -0.410      0.446      0.000
 304   -2     -0.406      0.321      0.000
 302   -2     -0.404     -0.702      0.000
 303   -2     -0.398     -0.887      0.000
 306   -2     -0.394     -0.595      0.000
 305   -2     -0.393      0.985      0.000
 309   -2     -0.391     -0.186      0.000
 307   -2     -0.390      0.533      0.000
 311   -2     -0.384      0.272      0.000
 310   -2     -0.379     -0.693      0.000
 308   -2     -0.378      0.995      0.000
 314   -2     -0.375     -0.545      0.000
 312   -2     -0.373      0.710      0.000
 319   -2     -0.370      0.038      0.000
 313   -2     -0.370      0.939      0.000
 315   -2     -0.369     -0.824      0.000
 316   -2     -0.369      0.781      0.000
 318   -2     -0.365      0.730      0.000
 317   -2     -0.364      0.918      0.000
 324   -2     -0.363     -0.046      0.000
 320   -2     -0.359      0.569      0.000
 322   -2     -0.357      0.554      0.000
 321   -2     -0.354      0.734      0.000
 323   -2     -0.347      0.950      0.000
 325   -2     -0.344     -0.642      0.000
 330   -2     -0.343     -0.194      0.000
 326   -2     -0.341      0.792      0.000
 327   -2     -0.340     -0.733      0.000
 329   -2     -0.338     -0.512      0.000
 332   -2     -0.337      0.125      0.000
 333   -2     -0.332      0.378      0.000
 328   -2     -0.331      0.945      0.000
 331   -2     -0.328      0.656      0.000
 335   -2     -0.327     -0.050      0.000
 339   -2     -0.324     -0.035      0.000
 334   -2     -0.321     -0.991      0.000
 343   -2     -0.321     -0.111      0.000
 344   -2     -0.321     -0.088      0.000
 338   -2     -0.318      0.443      0.000
 342   -2     -0.317     -0.392      0.000
 345   -2     -0.315     -0.249      0.000
 336   -2     -0.315      0.722      0.000
 337   -2     -0.313     -0.759      0.000
 346   -2     -0.313      0.272      0.000
 348   -2     -0.311     -0.265      0.000
 347   -2     -0.310      0.425      0.000
 340   -2     -0.310      0.762      0.000
 341   -2     -0.308      0.916      0.000
 352   -2     -0.305     -0.103      0.000
 351   -2     -0.304     -0.203      0.000
 355   -2     -0.300      0.335      0.000
 349   -2     -0.299     -0.782      0.000
 353   -2     -0.298     -0.988      0.000
 357   -2     -0.296     -0.347      0.000
 350   -2     -0.296      0.845      0.000
 356   -2     -0.294     -0.526      0.000
 354   -2     -0.292     -0.876      0.000
 360   -2     -0.291      0.458      0.000
 361   -2     -0.289     -0.317      0.000
 363   -2     -0.287     -0.200      0.000
 358   -2     -0.286     -0.814      0.000
 359   -2     -0.285      0.975      0.000
 368   -2     -0.281     -0.031      0.000
 366   -2     -0.281      0.460      0.000
 365   -2     -0.281     -0.513      0.000
 364   -2     -0.279     -0.569      0.000
 362   -2     -0.279      0.666      0.000
 367   -2     -0.274      0.600      0.000
 370   -2     -0.271     -0.330      0.000
 372   -2     -0.271      0.092      0.000
 369   -2     -0.267     -0.553      0.000
 371   -2     -0.260      0.857      0.000
 373   -2     -0.257     -0.581      0.000
 376   -2     -0.255      0.276      0.000
 374   -2     -0.253      0.515      0.000
 378   -2     -0.251     -0.291      0.000
 379   -2     -0.251      0.295      0.000
 375   -2     -0.249      0.802      0.000
 380   -2     -0.246     -0.500      0.000
 377   -2     -0.245      0.603      0.000
 383   -2     -0.233     -0.466      0.000
 381   -2     -0.232     -0.853      0.000
 382   -2     -0.229     -0.885      0.000
 385   -2     -0.228      0.415      0.000
 387   -2     -0.227      0.095      0.000
 384   -2     -0.225      0.928      0.000
 386   -2     -0.223     -0.465      0.000
  -1   -2     -0.221     -0.369      0.000
 389   -2     -0.219     -0.377      0.000
 392   -2     -0.216      0.511      0.000
 388   -2     -0.216      0.983      0.000
 393   -2     -0.214      0.579      0.000
 395   -2     -0.213     -0.430      0.000
 391   -2     -0.212     -0.819      0.000
 394   -2     -0.210      0.655      0.000
 396   -2     -0.208     -0.039      0.000
 397   -2     -0.201      0.490      0.000
 398   -2     -0.196      0.138      0.000
 399   -2     -0.195      0.123      0.000
 402   -2     -0.190      0.297      0.000
 404   -2     -0.189     -0.168      0.000
 401   -2     -0.188      0.635      0.000
 405   -2     -0.187     -0.362      0.000
 400   -2     -0.186      0.963      0.000
 406   -2     -0.186      0.367      0.000
 407   -2     -0.184     -0.146      0.000
 409   -2     -0.182      0.108      0.000
 408   -2     -0.179     -0.563      0.000
 410   -2     -0.176      0.557      0.000
 411   -2     -0.174     -0.211      0.000
 412   -2     -0.172     -0.341      0.000
 414   -2     -0.172     -0.195      0.000
 413   -2     -0.167     -0.657      0.000
 415   -2     -0.165      0.712      0.000
 417   -2     -0.164     -0.470      0.000
 418   -2     -0.164      0.523      0.000
 416   -2     -0.162      0.961      0.000
 419   -2     -0.161     -0.600      0.000
 420   -2     -0.160     -0.543      0.000
 421   -2     -0.155      0.811      0.000
 425   -2     -0.155      0.302      0.000
 422   -2     -0.154      0.746      0.000
 424   -2     -0.153      0.581      0.000
 423   -2     -0.153      0.886      0.000
 426   -2     -0.151     -0.247      0.000
 428   -2     -0.145      0.187      0.000
 427   -2     -0.144     -0.974      0.000
 429   -2     -0.137     -0.125      0.000
 430   -2     -0.137     -0.188      0.000
 432   -2     -0.129      0.134      0.000
 435   -2     -0.126     -0.003      0.000
 436   -2     -0.125     -0.043      0.000
 431   -2     -0.125     -0.738      0.000
 433   -2     -0.124      0.657      0.000
 437   -2     -0.122      0.471      0.000
 434   -2     -0.122      0.748      0.000
 438   -2     -0.119      0.774      0.000
 439   -2     -0.114     -0.841      0.000
 440   -2     -0.112     -0.746      0.000
 442   -2     -0.111     -0.416      0.000
 441   -2     -0.110      0.953      0.000
 443   -2     -0.109     -0.484      0.000
 444   -2     -0.109      0.300      0.000
  -1   -2     -0.106      0.399      0.000
 448   -2     -0.106     -0.361      0.000
 445   -2     -0.105      0.410      0.000
 446   -2     -0.104      0.681      0.000
 449   -2     -0.101     -0.229      0.000
 450   -2     -0.097      0.632      0.000
 451   -2     -0.089     -0.018      0.000
 452   -2     -0.080     -0.469      0.000
 453   -2     -0.077     -0.398      0.000
 454   -2     -0.075     -0.161      0.000
 455   -2     -0.074      0.167      0.000
 456   -2     -0.072     -0.310      0.000
 457   -2     -0.068      0.495      0.000
 458   -2     -0.068     -0.514      0.000
 460   -2     -0.065      0.298      0.000
 459   -2     -0.065      0.898      0.000
 461   -2     -0.064      0.767      0.000
 462   -2     -0.062      0.375      0.000
 463   -2     -0.059     -0.044      0.000
 465   -2     -0.056     -0.333      0.000
 464   -2     -0.055      0.965      0.000
 466   -2     -0.054      0.037      0.000
 467   -2     -0.054      0.025      0.000
 468   -2     -0.052     -0.857      0.000
 469   -2     -0.051     -0.067      0.000
 472   -2     -0.049     -0.988      0.000
 473   -2     -0.049      0.357      0.000
 470   -2     -0.049     -0.655      0.000
 471   -2     -0.049     -0.880      0.000
 474   -2     -0.048     -0.363      0.000
 475   -2     -0.048      0.239      0.000
 477   -2     -0.047     -0.458      0.000
 478   -2     -0.046     -0.680      0.000
 476   -2     -0.046     -0.964      0.000
 479   -2     -0.044      0.665      0.000
 480   -2     -0.041     -0.543      0.000
 481   -2     -0.040      0.148      0.000
 483   -2     -0.035     -0.840      0.000
 482   -2     -0.035      0.432      0.000
 484   -2     -0.035      0.273      0.000
 486   -2     -0.034      0.053      0.000
 485   -2     -0.034      0.881      0.000
 487   -2     -0.033     -0.361      0.000
 488   -2     -0.032      0.666      0.000
 489   -2     -0.031      0.171      0.000
 490   -2     -0.030     -0.748      0.000
 491   -2     -0.029     -0.200      0.000
 493   -2     -0.029      0.766      0.000
 492   -2     -0.028     -0.437      0.000
 494   -2     -0.028      0.927      0.000
 495   -2     -0.026      0.078      0.000
 496   -2     -0.023      0.102      0.000
 497   -2     -0.021     -0.549      0.000
 498   -2     -0.020      0.006      0.000
 499   -2     -0.020      0.541      0.000
 500   -2     -0.019     -0.412      0.000
 501   -2     -0.019     -0.332      0.000
 503   -2     -0.016     -0.609      0.000
 502   -2     -0.016     -0.363      0.000
 504   -2     -0.016      0.966      0.000
 506   -2     -0.012     -0.509      0.000
 507   -2     -0.012     -0.537      0.000
  -1   -2     -0.012     -0.407      0.000
 508   -2     -0.008      0.182      0.000
 509   -2      0.006      0.714      0.000
 510   -2      0.009      0.637      0.000
 511   -2      0.010     -0.615      0.000
 512   -2      0.012     -0.303      0.000
 514   -2      0.013      0.422      0.000
 513   -2      0.014      0.028      0.000
 515   -2      0.015      0.624      0.000
 516   -2      0.016     -0.594      0.000
 517   -2      0.018     -0.175      0.000
 518   -2      0.021      0.170      0.000
 519   -2      0.026     -0.942      0.000
 521   -2      0.030      0.441      0.000
 520   -2      0.031     -0.261      0.000
 522   -2      0.036     -0.709      0.000
 523   -2      0.040      0.037      0.000
 527   -2      0.042      0.830      0.000
 524   -2      0.043     -0.087      0.000
 528   -2      0.044     -0.883      0.000
 525   -2      0.045     -0.149      0.000
 526   -2      0.045     -0.072      0.000
 529   -2      0.046     -0.588      0.000
 532   -2      0.049     -0.949      0.000
 533   -2      0.049      0.923      0.000
 534   -2      0.050     -0.794      0.000
 531   -2      0.051     -0.394      0.000
 530   -2      0.052      0.089      0.000
 535   -2      0.053      0.668      0.000
 536   -2      0.057      0.260      0.000
 540   -2      0.062     -0.855      0.000
 539   -2      0.061      0.596      0.000
 537   -2      0.062     -0.151      0.000
 538   -2      0.064      0.061      0.000
 541   -2      0.068     -0.316      0.000
 542   -2      0.069      0.578      0.000
 545   -2      0.069     -0.944      0.000
 543   -2      0.073      0.119      0.000
 544   -2      0.074      0.228      0.000
 546   -2      0.075     -0.504      0.000
 547   -2      0.077      0.790      0.000
 548   -2      0.078     -0.824      0.000
 549   -2      0.080     -0.952      0.000
 550   -2      0.080      0.934      0.000
 552   -2      0.084     -0.961      0.000
 551   -2      0.086      0.285      0.000
 553   -2      0.087     -0.817      0.000
 554   -2      0.088     -0.888      0.000
 555   -2      0.095     -0.004      0.000
 556   -2      0.097      0.677      0.000
 558   -2      0.100      0.844      0.000
 557   -2      0.100      0.722      0.000
 560   -2      0.106      0.831      0.000
 561   -2      0.108     -0.906      0.000
 559   -2      0.109     -0.307      0.000
 564   -2      0.115     -0.555      0.000
 562   -2      0.117     -0.223      0.000
 563   -2      0.118     -0.326      0.000
 566   -2      0.118      0.424      0.000
 565   -2      0.119     -0.422      0.000
 568   -2      0.120     -0.898      0.000
 571   -2      0.124      0.944      0.000
 569   -2      0.125     -0.463      0.000
 567   -2      0.126      0.034      0.000
 572   -2      0.127      0.793      0.000
 570   -2      0.131      0.154      0.000
 573   -2      0.135     -0.399      0.000
 574   -2      0.139      0.134      0.000
 575   -2      0.143      0.152      0.000
 576   -2      0.143     -0.386      0.000
 577   -2      0.152     -0.573      0.000
 579   -2      0.153      0.969      0.000
 578   -2      0.157      0.216      0.000
 580   -2      0.160      0.436      0.000
 582   -2      0.164      0.588      0.000
 581   -2      0.170      0.034      0.000
 583   -2      0.172     -0.136      0.000
 584   -2      0.173     -0.045      0.000
  -1   -2      0.175     -0.404      0.000
 589   -2      0.175      0.626      0.000
 587   -2      0.177     -0.414      0.000
 585   -2      0.177     -0.155      0.000
 588   -2      0.182      0.056      0.000
 590   -2      0.184      0.368      0.000
 598   -2      0.185     -0.954      0.000
 596   -2      0.185     -0.773      0.000
 591   -2      0.188      0.204      0.000
 601   -2      0.188      0.859      0.000
 600   -2      0.189     -0.816      0.000
 593   -2      0.190      0.265      0.000
 592   -2      0.190     -0.043      0.000
 594   -2      0.190      0.298      0.000
 602   -2      0.192      0.733      0.000
 597   -2      0.193     -0.366      0.000
 595   -2      0.193     -0.146      0.000
 603   -2      0.195      0.560      0.000
 605   -2      0.196      0.679      0.000
 599   -2      0.197      0.007      0.000
 604   -2      0.199      0.470      0.000
 606   -2      0.200     -0.538      0.000
 608   -2      0.201     -0.987      0.000
 607   -2      0.203     -0.388      0.000
 613   -2      0.203     -0.763      0.000
 611   -2      0.206     -0.427      0.000
 610   -2      0.207     -0.371      0.000
 612   -2      0.208     -0.507      0.000
 614   -2      0.208      0.604      0.000
 609   -2      0.209      0.042      0.000
 615   -2      0.210     -0.821      0.000
 616   -2      0.215     -0.754      0.000
 618   -2      0.224      0.467      0.000
 617   -2      0.227     -0.165      0.000
 619   -2      0.234      0.086      0.000
 622   -2      0.235     -0.525      0.000
 620   -2      0.235      0.303      0.000
 624   -2      0.236      0.844      0.000
 621   -2      0.238      0.219      0.000
 630   -2      0.242     -0.992      0.000
 623   -2      0.244      0.038      0.000
 629   -2      0.244     -0.669      0.000
 627   -2      0.246     -0.460      0.000
 632   -2      0.248     -0.777      0.000
 626   -2      0.248     -0.288      0.000
 625   -2      0.249     -0.029      0.000
 633   -2      0.250      0.769      0.000
 628   -2      0.252     -0.245      0.000
 631   -2      0.258     -0.015      0.000
 636   -2      0.260      0.850      0.000
 637   -2      0.261     -0.947      0.000
 634   -2      0.262     -0.128      0.000
 638   -2      0.266      0.663      0.000
 639   -2      0.266     -0.771      0.000
  -1   -2      0.268      0.788      0.000
 645   -2      0.270     -0.979      0.000
 635   -2      0.271      0.058      0.000
 641   -2      0.272      0.571      0.000
 644   -2      0.275     -0.600      0.000
 649   -2      0.278      0.792      0.000
 646   -2      0.279     -0.472      0.000
 643   -2      0.280      0.320      0.000
 642   -2      0.281      0.117      0.000
 648   -2      0.283      0.511      0.000
 647   -2      0.287     -0.178      0.000
 652   -2      0.290      0.447      0.000
 654   -2      0.291      0.831      0.000
 650   -2      0.292      0.253      0.000
 655   -2      0.294     -0.714      0.000
 651   -2      0.295      0.142      0.000
 653   -2      0.303      0.130      0.000
 660   -2      0.311     -0.564      0.000
 656   -2      0.311     -0.124      0.000
 662   -2      0.313      0.588      0.000
 666   -2      0.312     -0.885      0.000
 658   -2      0.313     -0.301      0.000
 657   -2      0.315      0.062      0.000
 661   -2      0.316      0.392      0.000
 659   -2      0.316     -0.348      0.000
 667   -2      0.317      0.748      0.000
 664   -2      0.318      0.535      0.000
 668   -2      0.318      0.989      0.000
 670   -2      0.319     -0.975      0.000
 665   -2      0.321      0.408      0.000
 672   -2      0.321      0.943      0.000
 663   -2      0.323      0.056      0.000
 673   -2      0.325     -0.738      0.000
 679   -2      0.327     -0.809      0.000
 678   -2      0.329     -0.721      0.000
 680   -2      0.330     -0.674      0.000
 687   -2      0.333      0.816      0.000
 676   -2      0.334      0.442      0.000
 669   -2      0.335     -0.076      0.000
 685   -2      0.336     -0.640      0.000
 682   -2      0.336     -0.541      0.000
 671   -2      0.336     -0.174      0.000
 688   -2      0.337      0.859      0.000
 684   -2      0.338     -0.523      0.000
 674   -2      0.339      0.101      0.000
 675   -2      0.339      0.032      0.000
 681   -2      0.340     -0.400      0.000
 677   -2      0.341      0.155      0.000
 686   -2      0.343      0.323      0.000
 690   -2      0.344     -0.702      0.000
 683   -2      0.346     -0.094      0.000
 691   -2      0.347     -0.755      0.000
 689   -2      0.351     -0.362      0.000
 692   -2      0.357      0.442      0.000
 693   -2      0.366      0.429      0.000
 700   -2      0.371      0.794      0.000
 694   -2      0.373     -0.090      0.000
 701   -2      0.374      0.676      0.000
 695   -2      0.376     -0.210      0.000
 696   -2      0.382      0.002      0.000
 697   -2      0.382      0.239      0.000
 699   -2      0.385     -0.237      0.000
 698   -2      0.386     -0.019      0.000
 703   -2      0.387      0.401      0.000
 704   -2      0.390      0.482      0.000
 702   -2      0.390     -0.280      0.000
 705   -2      0.395     -0.417      0.000
 708   -2      0.401      0.617      0.000
 706   -2      0.402      0.318      0.000
 707   -2      0.403      0.447      0.000
 709   -2      0.407     -0.704      0.000
 710   -2      0.410     -0.693      0.000
 711   -2      0.414      0.745      0.000
 716   -2      0.420     -0.836      0.000
 718   -2      0.421      0.932      0.000
 722   -2      0.422     -0.914      0.000
 721   -2      0.423      0.918      0.000
 712   -2      0.426      0.367      0.000
 717   -2      0.432      0.404      0.000
 714   -2      0.432      0.210      0.000
 715   -2      0.434      0.142      0.000
 713   -2      0.435     -0.075      0.000
 720   -2      0.436     -0.372      0.000
 724   -2      0.437     -0.527      0.000
 723   -2      0.439     -0.265      0.000
 719   -2      0.440      0.095      0.000
 726   -2      0.441      0.427      0.000
 725   -2      0.441     -0.440      0.000
 731   -2      0.447      0.874      0.000
 728   -2      0.450     -0.987      0.000
 734   -2      0.450     -0.803      0.000
 727   -2      0.454      0.169      0.000
 733   -2      0.455      0.525      0.000
 735   -2      0.456      0.667      0.000
 729   -2      0.459      0.146      0.000
 741   -2      0.459      0.858      0.000
 738   -2      0.461     -0.691      0.000
 737   -2      0.464     -0.584      0.000
 730   -2      0.464      0.039      0.000
 732   -2      0.464     -0.160      0.000
 736   -2      0.472      0.027      0.000
 742   -2      0.474      0.303      0.000
 743   -2      0.474      0.574      0.000
 744   -2      0.476      0.602      0.000
 739   -2      0.476      0.097      0.000
 740   -2      0.476      0.133      0.000
 747   -2      0.478     -0.796      0.000
 746   -2      0.479     -0.659      0.000
 749   -2      0.484      0.630      0.000
 745   -2      0.490      0.073      0.000
 751   -2      0.494     -0.591      0.000
 748   -2      0.495      0.082      0.000
 750   -2      0.498      0.007      0.000
 755   -2      0.499     -0.914      0.000
 752   -2      0.504     -0.549      0.000
 754   -2      0.507      0.437      0.000
 753   -2      0.507      0.412      0.000
 759   -2      0.509     -0.921      0.000
 756   -2      0.518     -0.432      0.000
 761   -2      0.519      0.902      0.000
 762   -2      0.519     -0.908      0.000
 757   -2      0.521      0.315      0.000
 758   -2      0.524      0.138      0.000
 763   -2      0.528     -0.582      0.000
 760   -2      0.529     -0.193      0.000
 766   -2      0.534      0.674      0.000
 768   -2      0.535      0.698      0.000
 771   -2      0.538      0.766      0.000
 773   -2      0.539      0.950      0.000
 770   -2      0.543     -0.583      0.000
 765   -2      0.544     -0.169      0.000
 764   -2      0.544      0.048      0.000
 779   -2      0.546      0.832      0.000
 774   -2      0.546     -0.575      0.000
 781   -2      0.548      0.772      0.000
 767   -2      0.549     -0.116      0.000
 777   -2      0.550     -0.619      0.000
 769   -2      0.551      0.192      0.000
 772   -2      0.554     -0.276      0.000
 784   -2      0.554     -0.670      0.000
 783   -2      0.554     -0.647      0.000
 780   -2      0.554     -0.519      0.000
 775   -2      0.555     -0.340      0.000
 778   -2      0.557      0.325      0.000
 787   -2      0.558      0.965      0.000
 776   -2      0.560     -0.166      0.000
 782   -2      0.560     -0.422      0.000
 785   -2      0.564      0.472      0.000
 792   -2      0.568     -0.924      0.000
 791   -2      0.570     -0.767      0.000
 786   -2      0.572      0.144      0.000
 793   -2      0.576      0.657      0.000
 788   -2      0.580     -0.076      0.000
 794   -2      0.580     -0.633      0.000
 790   -2      0.582      0.043      0.000
 789   -2      0.582      0.054      0.000
 797   -2      0.584      0.736      0.000
 795   -2      0.584      0.507      0.000
 796   -2      0.587      0.520      0.000
 800   -2      0.598      0.786      0.000
 802   -2      0.598     -0.942      0.000
 798   -2      0.600     -0.082      0.000
 799   -2      0.604     -0.134      0.000
 804   -2      0.605      0.822      0.000
 807   -2      0.607      0.868      0.000
 808   -2      0.607     -0.892      0.000
 801   -2      0.610      0.397      0.000
 810   -2      0.614     -0.794      0.000
 803   -2      0.615      0.284      0.000
 813   -2      0.616     -0.904      0.000
 812   -2      0.618     -0.732      0.000
 814   -2      0.620      0.724      0.000
 806   -2      0.621     -0.147      0.000
 805   -2      0.621      0.032      0.000
 815   -2      0.623     -0.662      0.000
 809   -2      0.625      0.080      0.000
 811   -2      0.625      0.347      0.000
 819   -2      0.628      0.896      0.000
 821   -2      0.630     -0.873      0.000
 822   -2      0.635      0.828      0.000
 816   -2      0.639      0.254      0.000
 826   -2      0.640      0.794      0.000
 818   -2      0.641      0.265      0.000
 817   -2      0.641     -0.211      0.000
 820   -2      0.645      0.008      0.000
 824   -2      0.645     -0.435      0.000
 830   -2      0.645      0.917      0.000
 829   -2      0.646      0.700      0.000
 827   -2      0.646      0.509      0.000
 831   -2      0.649     -0.763      0.000
 823   -2      0.649     -0.152      0.000
 833   -2      0.649     -0.904      0.000
 825   -2      0.651     -0.138      0.000
 835   -2      0.653     -0.954      0.000
 834   -2      0.654     -0.775      0.000
 828   -2      0.657      0.025      0.000
 832   -2      0.663      0.144      0.000
 836   -2      0.663     -0.906      0.000
 839   -2      0.670     -0.859      0.000
 840   -2      0.680     -0.536      0.000
 837   -2      0.682     -0.114      0.000
 838   -2      0.685      0.112      0.000
 841   -2      0.685      0.585      0.000
 844   -2      0.690      0.798      0.000
 842   -2      0.690      0.609      0.000
 845   -2      0.694      0.583      0.000
 849   -2      0.695     -0.851      0.000
 846   -2      0.698      0.549      0.000
 850   -2      0.698      0.873      0.000
 843   -2      0.698      0.245      0.000
 847   -2      0.700     -0.987      0.000
 855   -2      0.704     -0.959      0.000
 856   -2      0.710      0.985      0.000
 854   -2      0.710     -0.377      0.000
 852   -2      0.713     -0.297      0.000
  -1   -2      0.715     -0.381      0.000
 853   -2      0.716     -0.257      0.000
 860   -2      0.717     -0.991      0.000
 857   -2      0.722      0.356      0.000
 864   -2      0.722      0.914      0.000
 863   -2      0.722      0.776      0.000
  -1   -2      0.726     -0.757      0.000
 858   -2      0.727      0.063      0.000
 862   -2      0.728     -0.426      0.000
 859   -2      0.729     -0.125      0.000
 869   -2      0.731      0.939      0.000
 867   -2      0.731     -0.631      0.000
 861   -2      0.731     -0.234      0.000
 865   -2      0.731     -0.748      0.000
 866   -2      0.739      0.076      0.000
 870   -2      0.741      0.438      0.000
 872   -2      0.741     -0.853      0.000
 873   -2      0.742      0.855      0.000
 871   -2      0.743     -0.563      0.000
 875   -2      0.755      0.927      0.000
 874   -2      0.762     -0.088      0.000
 876   -2      0.762     -0.992      0.000
 877   -2      0.767      0.970      0.000
 880   -2      0.773     -0.580      0.000
 882   -2      0.775      0.719      0.000
 878   -2      0.777     -0.227      0.000
 884   -2      0.777      0.634      0.000
 879   -2      0.779      0.081      0.000
 885   -2      0.781      0.654      0.000
 881   -2      0.781     -0.165      0.000
 886   -2      0.784      0.591      0.000
 883   -2      0.784     -0.069      0.000
 888   -2      0.785      0.740      0.000
 890   -2      0.787      0.786      0.000
 891   -2      0.787      0.827      0.000
 892   -2      0.788      0.899      0.000
 887   -2      0.788      0.327      0.000
 896   -2      0.791      0.932      0.000
 889   -2      0.792      0.243      0.000
 895   -2      0.792     -0.659      0.000
 898   -2      0.797     -0.871      0.000
 893   -2      0.798      0.091      0.000
 897   -2      0.799      0.684      0.000
 894   -2      0.800      0.071      0.000
 899   -2      0.801     -0.638      0.000
 900   -2      0.806      0.380      0.000
 901   -2      0.807     -0.531      0.000
 902   -2      0.808     -0.482      0.000
 903   -2      0.812     -0.290      0.000
  -1   -2      0.814      0.807      0.000
 905   -2      0.820     -0.327      0.000
 904   -2      0.821      0.052      0.000
 908   -2      0.822      0.565      0.000
 906   -2      0.823      0.801      0.000
 907   -2      0.825      0.209      0.000
 909   -2      0.829     -0.254      0.000
 913   -2      0.832      0.359      0.000
 911   -2      0.832     -0.208      0.000
 912   -2      0.833      0.195      0.000
 915   -2      0.834      0.532      0.000
 916   -2      0.834     -0.654      0.000
 914   -2      0.835      0.163      0.000
 919   -2      0.835     -0.820      0.000
 918   -2      0.838      0.421      0.000
  -1   -2      0.838      0.435      0.000
 920   -2      0.841     -0.581      0.000
 921   -2      0.843      0.918      0.000
 923   -2      0.845      0.748      0.000
 925   -2      0.846     -0.811      0.000
 922   -2      0.849     -0.273      0.000
 926   -2      0.851      0.790      0.000
 924   -2      0.852      0.130      0.000
 927   -2      0.858     -0.158      0.000
 929   -2      0.861     -0.816      0.000
 928   -2      0.861      0.209      0.000
 930   -2      0.864      0.725      0.000
 931   -2      0.865      0.549      0.000
 932   -2      0.871      0.150      0.000
 935   -2      0.872     -0.772      0.000
 934   -2      0.872     -0.682      0.000
 933   -2      0.873     -0.396      0.000
 939   -2      0.877     -0.960      0.000
 937   -2      0.878     -0.310      0.000
 936   -2      0.878     -0.108      0.000
 938   -2      0.880      0.364      0.000
 943   -2      0.880     -0.967      0.000
 941   -2      0.881      0.623      0.000
 942   -2      0.883      0.432      0.000
 944   -2      0.883     -0.940      0.000
 940   -2      0.885      0.087      0.000
 945   -2      0.886     -0.831      0.000
 946   -2      0.892     -0.417      0.000
 950   -2      0.894     -0.677      0.000
 951   -2      0.896      0.482      0.000
 952   -2      0.895     -0.981      0.000
 947   -2      0.896     -0.090      0.000
  -1   -2      0.898      0.494      0.000
 948   -2      0.898      0.063      0.000
 955   -2      0.912      0.684      0.000
 953   -2      0.912     -0.024      0.000
 954   -2      0.913      0.046      0.000
 957   -2      0.915      0.468      0.000
 956   -2      0.916      0.066      0.000
 958   -2      0.916     -0.572      0.000
 959   -2      0.917     -0.743      0.000
 960   -2      0.925     -0.005      0.000
 961   -2      0.927      0.299      0.000
 962   -2      0.928      0.471      0.000
 963   -2      0.932     -0.387      0.000
 964   -2      0.933      0.959      0.000
 965   -2      0.936      0.928      0.000
 966   -2      0.937      0.676      0.000
 968   -2      0.938     -0.534      0.000
 970   -2      0.939     -0.915      0.000
 967   -2      0.940     -0.046      0.000
 971   -2      0.942      0.861      0.000
 969   -2      0.943     -0.171      0.000
 972   -2      0.944     -0.485      0.000
 973   -2      0.947      0.081      0.000
 975   -2      0.948     -0.725      0.000
 974   -2      0.949      0.139      0.000
 976   -2      0.949     -0.987      0.000
 977   -2      0.951     -0.064      0.000
 978   -2      0.953     -0.833      0.000
 980   -2      0.956      0.905      0.000
 979   -2      0.957     -0.307      0.000
 981   -2      0.959     -0.791      0.000
 982   -2      0.963      0.409      0.000
 984   -2      0.964      0.649      0.000
 983   -2      0.965     -0.239      0.000
 985   -2      0.969     -0.926      0.000
 986   -2      0.972      0.995      0.000
 987   -2      0.973      0.827      0.000
 989   -2      0.973     -0.883      0.000
 988   -2      0.974      0.615      0.000
 990   -2      0.974     -0.651      0.000
 991   -2      0.976      0.848      0.000
 992   -2      0.977      0.771      0.000
  -1   -2      0.988      0.557      0.000
 993   -2      0.990      0.545      0.000
 995   -2      0.991     -0.714      0.000
 996   -2      0.992     -0.484      0.000
 997   -2      0.994     -0.317      0.000
