1000
   0    0     -0.998      0.666      0.000
   1    1     -0.997      0.258      0.000
   2    2     -0.996      0.057      0.000
   3    3     -0.993     -0.147      0.000
   4    5     -0.989     -0.258      0.000
   6    6     -0.989      0.452      0.000
   5    7     -0.989     -0.049      0.000
   7    8     -0.988     -0.549      0.000
   8    9     -0.989      0.952      0.000
  11   10     -0.988      0.201      0.000
  10   11     -0.987     -0.299      0.000
  12   12     -0.988      0.701      0.000
  16   13     -0.986     -0.326      0.000
   9   16     -0.985     -0.798      0.000
  13   14     -0.986      0.792      0.000
  -1   -2     -0.986      0.799      0.000
  17   17     -0.982      0.311      0.000
  18   18     -0.979     -0.217      0.000
  19   19     -0.975     -0.014      0.000
  20   20     -0.973     -0.227      0.000
  21   21     -0.973      0.436      0.000
  22   23     -0.972      0.634      0.000
  23   22     -0.972      0.409      0.000
  24   24     -0.968     -0.515      0.000
  25   25     -0.966     -0.127      0.000
  26   26     -0.965     -0.255      0.000
  27   28     -0.963      0.735      0.000
  29   27     -0.961     -0.485      0.000
  28   30     -0.961      0.970      0.000
  31   29     -0.959      0.232      0.000
  30   31     -0.957     -0.980      0.000
  32   32     -0.956      0.648      0.000
  33   33     -0.952      0.127      0.000
  34   34     -0.949      0.226      0.000
  36   35     -0.947     -0.327      0.000
  35   36     -0.944     -0.699      0.000
  38   38     -0.942      0.484      0.000
  39   37     -0.941      0.247      0.000
  37   41     -0.941      0.858      0.000
  40   40     -0.940      0.627      0.000
  41   39     -0.938      0.373      0.000
  43   42     -0.936      0.541      0.000
  42   45     -0.933     -0.739      0.000
  44   46     -0.934      0.759      0.000
  46   43     -0.933     -0.200      0.000
  45   44     -0.933      0.434      0.000
  48   48     -0.922     -0.768      0.000
  47   49     -0.922     -0.942      0.000
  49   47     -0.922     -0.250      0.000
  51   50     -0.914     -0.281      0.000
  50   53     -0.914      0.798      0.000
  53   51     -0.913     -0.033      0.000
  54   52     -0.911      0.105      0.000
  52   56     -0.908     -0.942      0.000
  58   54     -0.908      0.215      0.000
  57   57     -0.905     -0.571      0.000
  59   55     -0.905     -0.206      0.000
  56   58     -0.905      0.705      0.000
  55   61     -0.905      0.951      0.000
  60   62     -0.901      0.491      0.000
  63   59     -0.900      0.055      0.000
  61   60     -0.899     -0.307      0.000
  62   63     -0.898     -0.378      0.000
  64   64     -0.897      0.001      0.000
  65   65     -0.896     -0.154      0.000
  67   66     -0.892     -0.105      0.000
  66   67     -0.892     -0.537      0.000
  69   69     -0.888      0.248      0.000
  70   68     -0.888      0.166      0.000
  68   71     -0.888      0.548      0.000
  72   70     -0.887     -0.073      0.000
  71   73     -0.882     -0.723      0.000
  76   72     -0.882     -0.205      0.000
  73   74     -0.882      0.691      0.000
  74   75     -0.880      0.677      0.000
  75   77     -0.877     -0.689      0.000
  77   76     -0.875      0.182      0.000
  80   78     -0.872      0.333      0.000
  79   81     -0.870      0.612      0.000
  81   79     -0.867     -0.379      0.000
  78   83     -0.866     -0.930      0.000
  83   80     -0.867      0.285      0.000
  85   82     -0.864     -0.212      0.000
  84   85     -0.862      0.649      0.000
  82   87     -0.861      0.933      0.000
  88   84     -0.856      0.005      0.000
  86   86     -0.855      0.314      0.000
  89   88     -0.850      0.144      0.000
  87   89     -0.848     -0.758      0.000
  92   90     -0.841     -0.387      0.000
  90   93     -0.841      0.835      0.000
  91   91     -0.839     -0.597      0.000
  95   94     -0.833     -0.280      0.000
  98   92     -0.832     -0.052      0.000
  97   95     -0.830      0.426      0.000
  93   98     -0.827     -0.890      0.000
  94   99     -0.826     -0.857      0.000
  96   97     -0.826      0.674      0.000
 102   96     -0.824     -0.204      0.000
  99  100     -0.822     -0.753      0.000
 100  102     -0.819      0.869      0.000
  -1  104     -0.818      0.734      0.000
 106  101     -0.815     -0.455      0.000
 103   -2     -0.815      0.729      0.000
 104  108     -0.811     -0.987      0.000
 105  112     -0.807     -0.932      0.000
 111  103     -0.808      0.147      0.000
 108  110     -0.807      0.581      0.000
 113  105     -0.807      0.108      0.000
 112  106     -0.806     -0.328      0.000
 114  107     -0.805     -0.291      0.000
 110  109     -0.804     -0.462      0.000
 107  114     -0.805      0.900      0.000
 109  116     -0.799     -0.886      0.000
 115  115     -0.800      0.546      0.000
 116  113     -0.798     -0.988      0.000
 118  111     -0.798     -0.196      0.000
 117  117     -0.795      0.698      0.000
 119  120     -0.779      0.605      0.000
 121  118     -0.778      0.237      0.000
 122  119     -0.777     -0.265      0.000
 120  123     -0.772     -0.943      0.000
 125  122     -0.763     -0.328      0.000
 127  121     -0.763     -0.241      0.000
 123  126     -0.762      0.588      0.000
 124  124     -0.761     -0.484      0.000
 128  125     -0.759      0.384      0.000
 126  130     -0.756     -0.640      0.000
 129  129     -0.754     -0.516      0.000
 133  127     -0.752     -0.200      0.000
 130  131     -0.751      0.499      0.000
 136  128     -0.748      0.043      0.000
 131  134     -0.748      0.609      0.000
 134  133     -0.745     -0.537      0.000
 135  137     -0.742      0.568      0.000
 132  143     -0.741     -0.858      0.000
 144  132     -0.739      0.070      0.000
 142  135     -0.739      0.333      0.000
 139  140     -0.737      0.489      0.000
 141  141     -0.735     -0.566      0.000
 137  146     -0.735      0.744      0.000
 140  144     -0.735      0.540      0.000
 145  136     -0.735      0.206      0.000
 138  150     -0.732     -0.966      0.000
 147  139     -0.732     -0.250      0.000
 143  149     -0.731      0.601      0.000
 148  138     -0.731      0.044      0.000
 146  147     -0.728     -0.462      0.000
 150  142     -0.729      0.172      0.000
 151  148     -0.724     -0.369      0.000
 153  145     -0.724     -0.221      0.000
 154  151     -0.717      0.272      0.000
 149  154     -0.715     -0.887      0.000
 152  155     -0.713      0.815      0.000
 156  156     -0.706     -0.577      0.000
 160  152     -0.704     -0.090      0.000
 158  161     -0.704      0.538      0.000
 161  153     -0.701      0.032      0.000
 155  162     -0.700     -0.995      0.000
 159  160     -0.700     -0.439      0.000
 157  163     -0.699     -0.835      0.000
 163  158     -0.698      0.072      0.000
 162  159     -0.697      0.235      0.000
 164  157     -0.697     -0.058      0.000
 166  165     -0.680     -0.528      0.000
 172  164     -0.679     -0.152      0.000
 165  169     -0.677      0.707      0.000
 167  167     -0.675      0.557      0.000
 174  166     -0.671      0.282      0.000
 168  171     -0.669     -0.858      0.000
 169  172     -0.668      0.932      0.000
 170  170     -0.667     -0.764      0.000
 175  168     -0.665     -0.206      0.000
 171  176     -0.663     -0.903      0.000
 173  175     -0.661     -0.721      0.000
 177  174     -0.654      0.342      0.000
 181  173     -0.651     -0.027      0.000
 176  183     -0.648      0.970      0.000
 180  178     -0.647     -0.458      0.000
 179  180     -0.645      0.599      0.000
 178  182     -0.644      0.631      0.000
 183  177     -0.644      0.018      0.000
 184  179     -0.640     -0.180      0.000
 182  185     -0.636      0.648      0.000
 189  181     -0.633     -0.079      0.000
 186  186     -0.629      0.520      0.000
 185  187     -0.629      0.627      0.000
 187  188     -0.625      0.691      0.000
  -1  189     -0.624     -0.041      0.000
 188  190     -0.621      0.884      0.000
 190  193     -0.610     -0.982      0.000
 192  191     -0.610     -0.596      0.000
 191  197     -0.609     -0.040      0.000
 193  195     -0.604      0.596      0.000
 201  192     -0.597      0.289      0.000
 194  198     -0.597      0.723      0.000
 195  200     -0.594      0.827      0.000
 204  194     -0.593     -0.173      0.000
 200  199     -0.590      0.585      0.000
 197  205     -0.589      0.895      0.000
 207  196     -0.588     -0.184      0.000
 198  203     -0.588     -0.747      0.000
 199  206     -0.587      0.798      0.000
 196   -2     -0.586     -0.037      0.000
 205  207     -0.581      0.549      0.000
  -1   -2     -0.579     -0.744      0.000
 202  212     -0.578     -0.818      0.000
 212   -2     -0.577     -0.220      0.000
 208  209     -0.576      0.541      0.000
 214  201     -0.575     -0.169      0.000
 210  210     -0.575      0.500      0.000
 215  202     -0.574     -0.215      0.000
 206  215     -0.574      0.857      0.000
 218  204     -0.572     -0.033      0.000
 211  214     -0.570      0.493      0.000
 213  213     -0.569      0.468      0.000
 219  208     -0.568      0.180      0.000
 217  216     -0.564     -0.490      0.000
 216  218     -0.564      0.530      0.000
 223  220     -0.555      0.310      0.000
 228  217     -0.554      0.085      0.000
 220  227     -0.553      0.741      0.000
 221  222     -0.551     -0.532      0.000
 230  219     -0.550     -0.056      0.000
 224  223     -0.549     -0.988      0.000
 222  228     -0.548     -0.627      0.000
  -1   -2     -0.546      0.014      0.000
 225  233     -0.543     -0.727      0.000
 229  229     -0.543     -0.496      0.000
 234  224     -0.541      0.158      0.000
 227  234     -0.540     -0.766      0.000
 237  225     -0.539     -0.143      0.000
 226  236     -0.540      0.932      0.000
 238  226     -0.539      0.019      0.000
 233  231     -0.536      0.420      0.000
 242  230     -0.534      0.140      0.000
 239  232     -0.533     -0.378      0.000
 240  235     -0.531     -0.466      0.000
 231  242     -0.530      0.825      0.000
 235  238     -0.529     -0.620      0.000
 236  243     -0.526      0.703      0.000
 241  244     -0.523     -0.662      0.000
 246  237     -0.523      0.343      0.000
 243  245     -0.519      0.662      0.000
 251  239     -0.518     -0.240      0.000
 244  246     -0.518      0.645      0.000
 253  240     -0.516     -0.101      0.000
 254  241     -0.516     -0.094      0.000
 245  247     -0.515     -0.748      0.000
 247  252     -0.510      0.794      0.000
 250  249     -0.509      0.592      0.000
 248  253     -0.507     -0.791      0.000
 249  254     -0.506      0.830      0.000
 256  251     -0.501      0.420      0.000
 257  248     -0.499     -0.296      0.000
 255  255     -0.499      0.599      0.000
 252  256     -0.499      0.870      0.000
 259  250     -0.497     -0.224      0.000
 262  257     -0.485      0.435      0.000
 258  260     -0.483      0.805      0.000
 260  265     -0.482      0.840      0.000
 261  264     -0.481      0.780      0.000
 264  262     -0.477     -0.587      0.000
 263  266     -0.476     -0.713      0.000
 270  258     -0.473     -0.298      0.000
 269  263     -0.472      0.366      0.000
 266  268     -0.469      0.718      0.000
 267  269     -0.467      0.648      0.000
 275  259     -0.467     -0.058      0.000
 265  272     -0.467      0.914      0.000
 277  261     -0.466     -0.094      0.000
 271  273     -0.461      0.607      0.000
 268  276     -0.461      0.903      0.000
 280  267     -0.458      0.120      0.000
 272  278     -0.456      0.709      0.000
 276  275     -0.456      0.566      0.000
 284  270     -0.453     -0.232      0.000
 283  271     -0.453      0.247      0.000
 282  274     -0.452     -0.359      0.000
 273  282     -0.451     -0.911      0.000
 274  281     -0.450     -0.840      0.000
 278  280     -0.449      0.700      0.000
 289  277     -0.443      0.117      0.000
 286  283     -0.442      0.556      0.000
 279  287     -0.442      0.989      0.000
 288  279     -0.440     -0.397      0.000
 281  288     -0.439     -0.985      0.000
  -1   -2     -0.439      0.699      0.000
 291  284     -0.435      0.293      0.000
 287  292     -0.432      0.709      0.000
 294  291     -0.426     -0.434      0.000
 295  285     -0.426     -0.015      0.000
 290  298     -0.422     -0.891      0.000
 298  289     -0.423      0.123      0.000
 300  290     -0.420      0.078      0.000
 299  293     -0.420      0.163      0.000
 292  302     -0.420      0.986      0.000
 293  300     -0.418     -0.711      0.000
 296  296     -0.417      0.454      0.000
 297  297     -0.416     -0.485      0.000
 303  295     -0.414      0.137      0.000
 304  294     -0.414     -0.046      0.000
 302  303     -0.409      0.456      0.000
 308  299     -0.406     -0.114      0.000
 307  301     -0.406     -0.231      0.000
 301  308     -0.403      0.997      0.000
 315  304     -0.402      0.124      0.000
 306  307     -0.401     -0.607      0.000
 316  305     -0.399      0.245      0.000
 310  309     -0.395      0.543      0.000
 317  306     -0.395      0.330      0.000
 305  311     -0.395      0.941      0.000
 309  310     -0.392     -0.703      0.000
 311  313     -0.389     -0.831      0.000
 314  312     -0.390      0.719      0.000
 313  314     -0.389      0.788      0.000
 312  315     -0.388      0.921      0.000
 318  318     -0.383      0.739      0.000
 320  317     -0.377     -0.558      0.000
 319  322     -0.372      0.951      0.000
 321  320     -0.372      0.744      0.000
 326  316     -0.370     -0.193      0.000
 325  319     -0.370      0.282      0.000
 322  321     -0.366      0.582      0.000
 324  323     -0.364      0.567      0.000
 323  325     -0.361      0.800      0.000
 328  327     -0.355     -0.745      0.000
 327  329     -0.355      0.946      0.000
 329  326     -0.354     -0.655      0.000
 332  324     -0.347      0.041      0.000
 330  331     -0.344     -0.993      0.000
 331  332     -0.341      0.669      0.000
 337  328     -0.340     -0.047      0.000
 333  330     -0.338     -0.527      0.000
 335  335     -0.331      0.734      0.000
 334  338     -0.330      0.919      0.000
 336  337     -0.329     -0.771      0.000
 338  339     -0.327      0.772      0.000
 339  334     -0.326      0.393      0.000
 342  333     -0.324     -0.203      0.000
 346  336     -0.318      0.132      0.000
 344  340     -0.317      0.460      0.000
 341  343     -0.315     -0.794      0.000
 340  345     -0.315      0.852      0.000
 343  351     -0.311     -0.884      0.000
 348  342     -0.310     -0.408      0.000
 349  346     -0.308      0.442      0.000
 350  341     -0.307     -0.052      0.000
 345  354     -0.306      0.977      0.000
 347  355     -0.303     -0.825      0.000
 353  344     -0.303     -0.035      0.000
 352  349     -0.302      0.287      0.000
 356  347     -0.301     -0.116      0.000
 358  348     -0.301     -0.092      0.000
 355  350     -0.300     -0.261      0.000
 351  353     -0.298     -0.988      0.000
 359  352     -0.297     -0.278      0.000
 354  357     -0.295     -0.545      0.000
 361  356     -0.293      0.352      0.000
 360  360     -0.291      0.477      0.000
 357  362     -0.290      0.681      0.000
 366  358     -0.288     -0.213      0.000
 369  359     -0.286     -0.108      0.000
 365  361     -0.286     -0.364      0.000
 362  363     -0.284     -0.589      0.000
 363  367     -0.281      0.618      0.000
 367  365     -0.281     -0.533      0.000
 368  366     -0.281      0.479      0.000
 370  364     -0.278     -0.333      0.000
 364  369     -0.278      0.865      0.000
 373  368     -0.271     -0.211      0.000
 371  370     -0.270     -0.573      0.000
 372  375     -0.264      0.813      0.000
 377  371     -0.263     -0.032      0.000
 374  373     -0.262     -0.602      0.000
 375  372     -0.261     -0.347      0.000
 376  376     -0.256      0.535      0.000
 381  374     -0.254      0.099      0.000
 378  377     -0.253      0.622      0.000
 379  382     -0.248     -0.864      0.000
 383  379     -0.246     -0.521      0.000
 384  378     -0.246      0.293      0.000
 380  383     -0.245     -0.894      0.000
 382  384     -0.242      0.931      0.000
 385  380     -0.242      0.313      0.000
 387  381     -0.241     -0.308      0.000
 386  387     -0.232      0.985      0.000
 388  385     -0.231     -0.487      0.000
 390  386     -0.226      0.436      0.000
 389  389     -0.226     -0.832      0.000
 393  388     -0.221     -0.488      0.000
 392  392     -0.219      0.601      0.000
 391  394     -0.219      0.674      0.000
 394  391     -0.219      0.533      0.000
  -1   -2     -0.215     -0.389      0.000
 395  395     -0.214     -0.398      0.000
 397  390     -0.213      0.103      0.000
 398  396     -0.209     -0.452      0.000
 400  397     -0.203      0.513      0.000
 399  399     -0.200      0.965      0.000
 402  398     -0.194     -0.040      0.000
 401  400     -0.195      0.656      0.000
  -1  404     -0.185      0.314      0.000
 407  401     -0.185      0.150      0.000
 409  402     -0.184      0.134      0.000
 403   -2     -0.183      0.321      0.000
 406  405     -0.183      0.389      0.000
 410  406     -0.182     -0.383      0.000
 404  408     -0.181     -0.587      0.000
 408  409     -0.180      0.580      0.000
 413  407     -0.179     -0.179      0.000
 411  413     -0.175      0.963      0.000
 415  410     -0.174     -0.155      0.000
 412  414     -0.173      0.730      0.000
 414  412     -0.172     -0.679      0.000
 417  411     -0.171      0.118      0.000
 422  415     -0.167     -0.362      0.000
 419  418     -0.166      0.548      0.000
 425  416     -0.165     -0.225      0.000
 416  421     -0.165      0.823      0.000
 421  420     -0.164     -0.624      0.000
 423  419     -0.164     -0.495      0.000
 418  424     -0.164      0.893      0.000
 426  417     -0.163     -0.208      0.000
 420  423     -0.163      0.762      0.000
 424  422     -0.162     -0.568      0.000
 428  425     -0.157      0.605      0.000
 427  427     -0.155     -0.978      0.000
 429  426     -0.150      0.324      0.000
 430  428     -0.144     -0.264      0.000
 431  429     -0.138      0.203      0.000
 432  432     -0.131     -0.758      0.000
 436  430     -0.130     -0.201      0.000
 433  433     -0.129      0.679      0.000
 437  431     -0.129     -0.133      0.000
 434  434     -0.128      0.765      0.000
 435  436     -0.126      0.788      0.000
 439  437     -0.123      0.497      0.000
 440  435     -0.123      0.146      0.000
 438  440     -0.121     -0.854      0.000
 443  438     -0.118     -0.001      0.000
 444  439     -0.118     -0.045      0.000
 441  442     -0.118      0.955      0.000
 442  441     -0.117     -0.766      0.000
 446  444     -0.109     -0.510      0.000
 447  443     -0.109     -0.442      0.000
 445  445     -0.108      0.702      0.000
 449  446     -0.106      0.323      0.000
  -1   -2     -0.105      0.425      0.000
 450  448     -0.105      0.436      0.000
 451  449     -0.103     -0.384      0.000
 452  450     -0.101      0.655      0.000
 453  451     -0.097     -0.246      0.000
 454  452     -0.085     -0.018      0.000
 455  453     -0.079     -0.495      0.000
 456  454     -0.076     -0.423      0.000
 457  455     -0.072     -0.173      0.000
 458  456     -0.071      0.183      0.000
 460  457     -0.070     -0.331      0.000
 459  458     -0.069      0.522      0.000
 462  459     -0.069     -0.541      0.000
 461  460     -0.068      0.905      0.000
 463  461     -0.067      0.784      0.000
 464  462     -0.065      0.321      0.000
 465  463     -0.062      0.401      0.000
 466  465     -0.058      0.967      0.000
 467  464     -0.058     -0.046      0.000
 469  466     -0.055     -0.356      0.000
 468  467     -0.054     -0.870      0.000
 470  469     -0.053      0.043      0.000
 471  468     -0.053      0.029      0.000
 472  472     -0.051     -0.891      0.000
 474  470     -0.051     -0.072      0.000
 473  471     -0.051     -0.679      0.000
 476  473     -0.049     -0.988      0.000
 477  474     -0.049      0.383      0.000
 475  476     -0.049     -0.969      0.000
 479  475     -0.048     -0.387      0.000
 478  477     -0.048     -0.704      0.000
 481  478     -0.047      0.259      0.000
 480  479     -0.047     -0.485      0.000
 482  480     -0.046      0.687      0.000
 483  481     -0.041     -0.570      0.000
 484  482     -0.040      0.163      0.000
 485  483     -0.036     -0.855      0.000
 486  484     -0.036      0.459      0.000
 487  485     -0.035      0.296      0.000
 488  486     -0.035      0.890      0.000
 489  487     -0.034      0.059      0.000
 490  488     -0.033     -0.384      0.000
 491  489     -0.033      0.688      0.000
 492  491     -0.031     -0.769      0.000
 493  490     -0.031      0.187      0.000
 494  492     -0.030     -0.215      0.000
 496  494     -0.029     -0.464      0.000
 495  493     -0.029      0.782      0.000
 497  495     -0.028      0.931      0.000
 498  496     -0.027      0.087      0.000
 499  497     -0.024      0.113      0.000
 500  498     -0.022     -0.576      0.000
 501  499     -0.021      0.009      0.000
 502  500     -0.020     -0.355      0.000
 503  502     -0.020     -0.438      0.000
 504  501     -0.020      0.568      0.000
 505  503     -0.017     -0.387      0.000
 506  504     -0.016     -0.635      0.000
 507  505     -0.015      0.969      0.000
  -1   -2     -0.013     -0.433      0.000
 509  507     -0.013     -0.536      0.000
 510  508     -0.013     -0.564      0.000
 511  509     -0.010      0.199      0.000
 513  510      0.008      0.734      0.000
 512  511      0.009     -0.324      0.000
 514  514      0.010      0.033      0.000
 515  512      0.010     -0.641      0.000
 516  513      0.010      0.661      0.000
 517  515      0.012      0.449      0.000
 518  517      0.014     -0.188      0.000
 520  516      0.016      0.648      0.000
 519  519      0.017      0.186      0.000
 521  518      0.017     -0.620      0.000
 522  520      0.027     -0.280      0.000
 523  522      0.029      0.468      0.000
 525  521      0.031     -0.949      0.000
 524  523      0.033      0.043      0.000
 526  525      0.037     -0.093      0.000
 529  524      0.038     -0.731      0.000
 527  526      0.039     -0.160      0.000
 528  527      0.039     -0.076      0.000
 530  531      0.045      0.099      0.000
 531  529      0.047     -0.614      0.000
 533  528      0.047      0.841      0.000
 532  532      0.048     -0.419      0.000
 534  530      0.048     -0.895      0.000
 535  536      0.052      0.281      0.000
 536  538      0.054     -0.161      0.000
 538  533      0.055     -0.956      0.000
 539  534      0.055     -0.811      0.000
 537  539      0.056      0.068      0.000
 541  535      0.056      0.928      0.000
 540  537      0.056      0.690      0.000
 542  541      0.063     -0.337      0.000
 544  540      0.064      0.620      0.000
 543  543      0.065      0.130      0.000
 545  544      0.067      0.247      0.000
 546  542      0.068     -0.868      0.000
 547  545      0.072      0.602      0.000
 548  546      0.074     -0.530      0.000
 550  547      0.077     -0.950      0.000
 549  549      0.080      0.307      0.000
 552  548      0.084      0.804      0.000
 551  553      0.084     -0.002      0.000
 553  550      0.085     -0.838      0.000
 554  551      0.089     -0.958      0.000
 555  552      0.089      0.938      0.000
 556  554      0.093     -0.966      0.000
 557  555      0.094     -0.832      0.000
 559  556      0.098     -0.898      0.000
 558  558      0.101     -0.327      0.000
 561  557      0.102      0.697      0.000
 560  561      0.107     -0.239      0.000
 564  559      0.108      0.739      0.000
 565  560      0.110      0.854      0.000
 562  563      0.110     -0.347      0.000
 563  568      0.113      0.038      0.000
 566  565      0.115     -0.446      0.000
 567  567      0.116      0.449      0.000
 570  562      0.116      0.842      0.000
 569  566      0.117     -0.580      0.000
 573  564      0.119     -0.915      0.000
 568  570      0.120      0.168      0.000
 571  569      0.123     -0.487      0.000
 572  572      0.126      0.146      0.000
 575  573      0.130     -0.422      0.000
 574  576      0.131      0.165      0.000
 576  571      0.131     -0.906      0.000
 579  574      0.137      0.946      0.000
 577  577      0.137     -0.408      0.000
 578  575      0.137      0.806      0.000
 580  578      0.146      0.232      0.000
 581  581      0.154      0.038      0.000
 584  579      0.154     -0.596      0.000
 582  582      0.156     -0.144      0.000
 583  583      0.156     -0.046      0.000
 586  580      0.158      0.459      0.000
 585  585      0.161     -0.165      0.000
 587  588      0.165      0.061      0.000
 594  584      0.168      0.971      0.000
  -1   -2      0.169     -0.426      0.000
 592  586      0.169      0.609      0.000
 590  589      0.171     -0.436      0.000
 588  590      0.173     -0.045      0.000
 591  591      0.175      0.218      0.000
 593  594      0.177     -0.154      0.000
 597  593      0.178      0.389      0.000
 596  595      0.179      0.282      0.000
 595  597      0.180      0.010      0.000
 598  596      0.181      0.316      0.000
 601  592      0.182      0.645      0.000
 599  598      0.184     -0.385      0.000
 600  601      0.190      0.046      0.000
 602  604      0.196     -0.407      0.000
 608  599      0.197     -0.788      0.000
 603  609      0.198     -0.390      0.000
 604  605      0.199      0.491      0.000
 606  602      0.199      0.580      0.000
 605  611      0.201     -0.448      0.000
 609  608      0.201     -0.560      0.000
 607  610      0.201     -0.987      0.000
 613  600      0.202     -0.958      0.000
 612  603      0.203     -0.828      0.000
 614  607      0.204      0.748      0.000
 616  606      0.205      0.867      0.000
 611  613      0.207     -0.527      0.000
 617  612      0.207      0.695      0.000
 610  616      0.210     -0.174      0.000
 615  618      0.215      0.092      0.000
 619  615      0.215      0.622      0.000
 621  614      0.216     -0.778      0.000
 620  621      0.223      0.232      0.000
 618  623      0.223      0.042      0.000
 624  619      0.223      0.487      0.000
 623  622      0.225      0.320      0.000
 625  617      0.226     -0.833      0.000
 629  620      0.228     -0.768      0.000
 622  625      0.228     -0.030      0.000
 627  626      0.234     -0.301      0.000
 631  624      0.235     -0.544      0.000
 628  627      0.235     -0.257      0.000
 626  629      0.237     -0.015      0.000
 632  631      0.242     -0.134      0.000
 633  628      0.242     -0.478      0.000
 634  634      0.249      0.062      0.000
 636  632      0.254     -0.686      0.000
 638  630      0.254      0.852      0.000
 635  637      0.261      0.124      0.000
 642  633      0.263     -0.993      0.000
 641  635      0.264     -0.790      0.000
 644  636      0.266      0.780      0.000
 637  639      0.267     -0.186      0.000
 639  638      0.268      0.334      0.000
 640  648      0.275      0.150      0.000
 646  644      0.275     -0.489      0.000
 643  649      0.277      0.265      0.000
 649  641      0.278      0.677      0.000
 648  643      0.279      0.586      0.000
 650  646      0.280     -0.616      0.000
 654  640      0.281      0.857      0.000
 645  653      0.281      0.136      0.000
 655  645      0.282     -0.783      0.000
 656  642      0.282     -0.951      0.000
 652  650      0.285      0.527      0.000
  -1   -2      0.286      0.797      0.000
 653  652      0.288      0.463      0.000
 647  655      0.288     -0.128      0.000
 651  656      0.291      0.066      0.000
 661  651      0.293     -0.980      0.000
 658  657      0.297     -0.312      0.000
 663  654      0.297      0.800      0.000
 657  661      0.300      0.059      0.000
 660  660      0.302     -0.361      0.000
 669  658      0.308     -0.726      0.000
 666  662      0.309      0.406      0.000
 662  666      0.310     -0.079      0.000
 673  659      0.312      0.838      0.000
 665  668      0.313     -0.180      0.000
 672  663      0.314     -0.579      0.000
 664  669      0.314      0.033      0.000
 667  670      0.315      0.105      0.000
 671  664      0.316      0.421      0.000
 668  671      0.319      0.161      0.000
 675  665      0.321      0.601      0.000
 670  674      0.321     -0.097      0.000
 674  667      0.322      0.548      0.000
 676  676      0.330     -0.412      0.000
 678  675      0.330      0.454      0.000
 677  677      0.331      0.334      0.000
 683  673      0.335      0.757      0.000
 684  672      0.335     -0.890      0.000
 680  681      0.337     -0.554      0.000
 679  687      0.338     -0.372      0.000
 681  684      0.338     -0.536      0.000
 688  679      0.341     -0.748      0.000
 685  683      0.342     -0.685      0.000
 692  678      0.344      0.990      0.000
 690  685      0.344     -0.731      0.000
 694  680      0.344     -0.977      0.000
 689  688      0.345     -0.651      0.000
 696  682      0.346      0.944      0.000
 695  686      0.347     -0.816      0.000
 682  693      0.347     -0.092      0.000
 693  692      0.354      0.452      0.000
 687  695      0.354     -0.216      0.000
 700  689      0.354      0.822      0.000
 686  697      0.355      0.002      0.000
 701  691      0.358     -0.712      0.000
 691  698      0.359     -0.019      0.000
 703  690      0.361      0.863      0.000
 699  696      0.361      0.439      0.000
 697  700      0.363     -0.243      0.000
 698  699      0.363      0.246      0.000
 704  694      0.364     -0.762      0.000
 702  701      0.371     -0.287      0.000
 705  702      0.380      0.409      0.000
 706  705      0.386     -0.425      0.000
 709  703      0.389      0.683      0.000
 707  707      0.389      0.324      0.000
 708  706      0.389      0.490      0.000
 712  704      0.393      0.799      0.000
 711  708      0.399      0.454      0.000
 710  710      0.407     -0.076      0.000
 713  712      0.409      0.144      0.000
 714  713      0.411      0.214      0.000
 718  709      0.412      0.623      0.000
 715  716      0.414      0.096      0.000
 717  715      0.416      0.371      0.000
 716  717      0.418     -0.269      0.000
 719  718      0.422     -0.377      0.000
 724  711      0.422     -0.709      0.000
 725  714      0.424     -0.699      0.000
 721  720      0.425      0.408      0.000
 720  725      0.430      0.170      0.000
 727  722      0.433     -0.444      0.000
 732  719      0.434      0.748      0.000
 722  729      0.434      0.147      0.000
 728  724      0.435      0.431      0.000
 723  730      0.436      0.039      0.000
 730  723      0.437     -0.531      0.000
 726  731      0.438     -0.161      0.000
 735  721      0.443     -0.839      0.000
 729  733      0.444      0.026      0.000
 738  726      0.448      0.933      0.000
 740  727      0.450      0.919      0.000
 731  735      0.449      0.098      0.000
 741  728      0.449     -0.915      0.000
 734  732      0.450     -0.986      0.000
 733  736      0.451      0.133      0.000
 736  737      0.458      0.303      0.000
 743  734      0.459      0.527      0.000
 737  744      0.463      0.073      0.000
 739  746      0.468      0.081      0.000
 744  741      0.469     -0.587      0.000
 742  747      0.469      0.006      0.000
 745  740      0.471      0.668      0.000
 748  738      0.472      0.874      0.000
 746  739      0.472     -0.804      0.000
 747  743      0.475     -0.692      0.000
 750  742      0.477     -0.994      0.000
 749  748      0.482      0.573      0.000
 753  745      0.484      0.858      0.000
 751  749      0.486      0.602      0.000
 754  750      0.491     -0.659      0.000
 757  751      0.496      0.628      0.000
 752  757      0.500      0.137      0.000
 763  752      0.499     -0.796      0.000
 760  753      0.500     -0.591      0.000
 756  754      0.501      0.410      0.000
 758  755      0.502      0.434      0.000
 755  760      0.504     -0.193      0.000
 762  756      0.506     -0.548      0.000
 759  758      0.506      0.312      0.000
 761  759      0.509     -0.431      0.000
 764  762      0.517      0.046      0.000
 765  763      0.519     -0.168      0.000
 766  765      0.521     -0.115      0.000
 772  761      0.527     -0.913      0.000
 767  768      0.529      0.189      0.000
 770  766      0.533     -0.579      0.000
 769  770      0.533     -0.273      0.000
 768  771      0.534     -0.164      0.000
 779  764      0.537     -0.919      0.000
 771  773      0.540     -0.336      0.000
 773  776      0.544      0.319      0.000
 783  767      0.545      0.901      0.000
 785  769      0.546     -0.906      0.000
 780  775      0.547     -0.578      0.000
 774  783      0.549      0.140      0.000
 784  772      0.549      0.669      0.000
 781  777      0.550     -0.570      0.000
 778  780      0.550     -0.417      0.000
 786  774      0.551      0.693      0.000
 782  779      0.552     -0.514      0.000
 775  788      0.553     -0.076      0.000
 776  790      0.555      0.051      0.000
 777  791      0.555      0.041      0.000
 787  781      0.558     -0.614      0.000
 790  778      0.559      0.762      0.000
 788  789      0.563      0.465      0.000
 791  784      0.564     -0.642      0.000
 794  782      0.565      0.949      0.000
 793  786      0.565     -0.665      0.000
 796  785      0.569      0.829      0.000
 795  787      0.569      0.768      0.000
 789  793      0.573     -0.082      0.000
 792  798      0.579     -0.131      0.000
 802  792      0.583      0.964      0.000
 797  795      0.585      0.497      0.000
 804  796      0.589      0.649      0.000
 800  800      0.589      0.510      0.000
 803  797      0.589     -0.626      0.000
 806  794      0.589     -0.762      0.000
 798  802      0.595      0.029      0.000
 799  805      0.596     -0.144      0.000
 808  799      0.596     -0.922      0.000
 805  803      0.599      0.275      0.000
 801  806      0.600      0.076      0.000
 809  801      0.602      0.729      0.000
 807  804      0.602      0.386      0.000
 810  809      0.614      0.336      0.000
 818  807      0.618      0.779      0.000
 812  813      0.619     -0.205      0.000
 811  816      0.619      0.006      0.000
 813  814      0.622      0.244      0.000
 815  819      0.624      0.254      0.000
 814  822      0.625     -0.148      0.000
 822  808      0.625     -0.940      0.000
 819  810      0.626      0.816      0.000
 816  823      0.627     -0.134      0.000
 824  811      0.630      0.864      0.000
 817  825      0.632      0.023      0.000
 827  812      0.633     -0.888      0.000
 823  818      0.633     -0.652      0.000
 825  817      0.634     -0.723      0.000
 826  815      0.634     -0.787      0.000
 828  820      0.637      0.714      0.000
 820  824      0.637     -0.424      0.000
 830  821      0.641     -0.900      0.000
 821  830      0.642      0.136      0.000
 829  828      0.647      0.494      0.000
 833  826      0.651      0.891      0.000
 835  827      0.653     -0.868      0.000
 834  829      0.655      0.821      0.000
 831  837      0.659     -0.111      0.000
 837  831      0.659      0.786      0.000
 836  832      0.660      0.689      0.000
 832  838      0.662      0.105      0.000
 838  834      0.666     -0.754      0.000
 839  833      0.668      0.914      0.000
 841  836      0.671     -0.765      0.000
 843  835      0.674     -0.899      0.000
 844  839      0.678     -0.952      0.000
 842  841      0.679     -0.521      0.000
 840  843      0.682      0.232      0.000
 848  840      0.686     -0.902      0.000
 847  844      0.692      0.568      0.000
 851  842      0.692     -0.852      0.000
 852  845      0.697      0.592      0.000
 845  851      0.697     -0.285      0.000
 849  850      0.698     -0.363      0.000
 846  852      0.699     -0.246      0.000
 856  846      0.700      0.565      0.000
 853  848      0.700     -0.987      0.000
 857  847      0.701      0.531      0.000
  -1   -2      0.704     -0.366      0.000
 850  856      0.706      0.058      0.000
 861  849      0.707      0.787      0.000
 855  857      0.708     -0.120      0.000
 859  858      0.713      0.338      0.000
 858  860      0.713     -0.223      0.000
 863  854      0.715     -0.843      0.000
 864  855      0.717      0.865      0.000
 860  863      0.719      0.070      0.000
 862  862      0.721     -0.409      0.000
 865  859      0.726     -0.957      0.000
 866  861      0.729      0.982      0.000
 869  867      0.736     -0.613      0.000
 870  865      0.737      0.762      0.000
 871  864      0.736     -0.992      0.000
 867  869      0.738      0.418      0.000
  -1   -2      0.740     -0.743      0.000
 874  866      0.741      0.908      0.000
 868  873      0.743     -0.086      0.000
 872  870      0.743     -0.733      0.000
 873  872      0.745     -0.544      0.000
 876  871      0.749      0.934      0.000
 881  875      0.759      0.846      0.000
 882  874      0.759     -0.845      0.000
 877  878      0.761      0.074      0.000
 878  877      0.761     -0.215      0.000
 879  879      0.765     -0.157      0.000
 880  880      0.766     -0.067      0.000
 883  876      0.772      0.922      0.000
 887  882      0.776     -0.560      0.000
 889  881      0.779     -0.993      0.000
 886  886      0.780      0.307      0.000
 884  887      0.781      0.226      0.000
 891  883      0.782      0.967      0.000
 885  890      0.782      0.082      0.000
 888  891      0.783      0.064      0.000
 890  885      0.784      0.613      0.000
 892  884      0.785      0.701      0.000
 893  889      0.789      0.569      0.000
 894  888      0.789      0.633      0.000
 897  892      0.795      0.723      0.000
 900  893      0.799      0.771      0.000
 898  896      0.798     -0.638      0.000
 901  894      0.800      0.815      0.000
 896  898      0.800      0.358      0.000
 903  895      0.802      0.891      0.000
 895  901      0.801     -0.274      0.000
 908  897      0.805      0.926      0.000
 899  905      0.806      0.045      0.000
 906  900      0.806     -0.617      0.000
 902  902      0.806     -0.460      0.000
 909  899      0.807      0.663      0.000
 905  904      0.807     -0.509      0.000
 904  906      0.810     -0.310      0.000
 912  903      0.812     -0.862      0.000
 907  907      0.813      0.193      0.000
 910  909      0.817     -0.240      0.000
 911  911      0.819     -0.197      0.000
 913  912      0.821      0.180      0.000
 914  913      0.823      0.149      0.000
  -1   -2      0.825      0.792      0.000
 916  910      0.825      0.541      0.000
 915  914      0.826      0.337      0.000
 922  915      0.833      0.786      0.000
 918  917      0.835      0.396      0.000
  -1   -2      0.835      0.410      0.000
 920  916      0.836      0.507      0.000
 924  919      0.838     -0.632      0.000
 921  922      0.839     -0.257      0.000
 923  923      0.840      0.118      0.000
 926  921      0.843     -0.557      0.000
 928  920      0.845     -0.807      0.000
 925  926      0.847     -0.150      0.000
 927  928      0.852      0.192      0.000
 929  925      0.853      0.728      0.000
 930  924      0.853      0.911      0.000
 932  927      0.855     -0.796      0.000
 933  929      0.860      0.773      0.000
 931  930      0.861      0.136      0.000
 936  931      0.868      0.523      0.000
 934  935      0.868     -0.102      0.000
 935  934      0.868     -0.375      0.000
 939  933      0.870      0.705      0.000
 940  932      0.869     -0.801      0.000
 937  936      0.870     -0.291      0.000
 938  940      0.875      0.077      0.000
 941  938      0.875      0.339      0.000
 942  937      0.877     -0.659      0.000
 944  939      0.878     -0.754      0.000
 943  941      0.881      0.406      0.000
 946  942      0.884      0.598      0.000
 949  943      0.885     -0.957      0.000
 945  947      0.887     -0.086      0.000
 947  949      0.888      0.055      0.000
 950  944      0.888     -0.965      0.000
 948  946      0.888     -0.394      0.000
 951  945      0.890     -0.936      0.000
 953  948      0.893     -0.817      0.000
 952  950      0.896      0.455      0.000
  -1   -2      0.898      0.466      0.000
 955  951      0.898     -0.653      0.000
 958  953      0.902     -0.980      0.000
 956  954      0.904     -0.025      0.000
 957  955      0.904      0.039      0.000
 959  956      0.908      0.058      0.000
 960  958      0.914      0.440      0.000
 962  957      0.915      0.661      0.000
 963  959      0.917     -0.546      0.000
 961  961      0.918     -0.008      0.000
 964  960      0.920     -0.722      0.000
 965  962      0.924      0.277      0.000
 966  963      0.928      0.444      0.000
 967  964      0.930     -0.364      0.000
 968  966      0.934     -0.045      0.000
 970  965      0.938      0.954      0.000
 969  970      0.938     -0.161      0.000
 972  968      0.939      0.651      0.000
 971  969      0.938     -0.508      0.000
 973  967      0.939      0.921      0.000
 974  972      0.942      0.071      0.000
 978  971      0.943     -0.908      0.000
 976  974      0.944     -0.460      0.000
 975  975      0.944      0.126      0.000
 979  973      0.945      0.848      0.000
 977  976      0.946     -0.062      0.000
 980  977      0.949     -0.987      0.000
 981  978      0.950     -0.702      0.000
 982  979      0.954     -0.288      0.000
 983  980      0.956     -0.818      0.000
 984  981      0.958      0.896      0.000
 985  984      0.961     -0.223      0.000
 987  982      0.961     -0.773      0.000
 986  983      0.962      0.382      0.000
 988  985      0.966      0.623      0.000
 989  986      0.972     -0.920      0.000
 990  987      0.975      0.990      0.000
 991  988      0.975      0.811      0.000
 992  989      0.976      0.587      0.000
 993  990      0.975     -0.626      0.000
 994  991      0.976     -0.873      0.000
 995  992      0.978      0.834      0.000
 996  993      0.979      0.751      0.000
  -1   -2      0.989      0.528      0.000
 999  995      0.991      0.517      0.000
 998  997      0.991     -0.297      0.000
1000  996      0.992     -0.459      0.000
1001  998      0.992     -0.692      0.000
