994
  -1    1     -0.998      0.614      0.000
   0   -2     -0.998      0.604      0.000
   2    2     -0.996     -0.611      0.000
   4    3     -0.995     -0.089      0.000
   3    4     -0.995     -0.473      0.000
   5    5     -0.994      0.434      0.000
   6    7     -0.991     -0.967      0.000
   7    6     -0.993      0.927      0.000
   8    8     -0.988     -0.549      0.000
  16    9     -0.988     -0.148      0.000
   9   10     -0.989      0.952      0.000
  10   -2     -0.989      0.452      0.000
  11   12     -0.989      0.701      0.000
  12   13     -0.988     -0.049      0.000
  13   15     -0.987     -0.799      0.000
  15   11     -0.988      0.201      0.000
  14   14     -0.988     -0.299      0.000
  17   16     -0.981     -0.185      0.000
  19   18     -0.976      0.717      0.000
  20   17     -0.976      0.524      0.000
  21   19     -0.974      0.146      0.000
  18   21     -0.973     -0.885      0.000
  23   23     -0.967      0.399      0.000
  25   22     -0.966     -0.123      0.000
  24   24     -0.964      0.896      0.000
  26   26     -0.959      0.561      0.000
  27   25     -0.958      0.222      0.000
  29   27     -0.956      0.203      0.000
  28   30     -0.955      0.414      0.000
  31   28     -0.954     -0.126      0.000
  32   29     -0.954     -0.023      0.000
  33   31     -0.952     -0.300      0.000
  30   32     -0.953      0.623      0.000
  36   33     -0.949     -0.535      0.000
  35   35     -0.949     -0.577      0.000
  37   34     -0.948     -0.481      0.000
  34   36     -0.948     -0.863      0.000
  39   37     -0.941     -0.274      0.000
  38   41     -0.940      0.866      0.000
  40   38     -0.939     -0.139      0.000
  41   39     -0.938     -0.076      0.000
  42   40     -0.937      0.391      0.000
  44   42     -0.928      0.095      0.000
  43   43     -0.928      0.493      0.000
  45   46     -0.921     -0.790      0.000
  46   47     -0.919     -0.872      0.000
  47   48     -0.917     -0.986      0.000
  49   45     -0.918      0.306      0.000
  50   44     -0.918      0.256      0.000
  48   49     -0.917      0.697      0.000
  51   52     -0.912     -0.733      0.000
  57   50     -0.910      0.044      0.000
  52   55     -0.910      0.759      0.000
  59   51     -0.908      0.093      0.000
  55   54     -0.908     -0.525      0.000
  60   53     -0.907     -0.177      0.000
  -1   56     -0.906      0.482      0.000
  53   59     -0.906      0.814      0.000
  54   58     -0.905     -0.788      0.000
  56   62     -0.903     -0.897      0.000
  62   57     -0.901      0.179      0.000
  61   61     -0.901      0.464      0.000
  63   60     -0.900      0.222      0.000
  64   64     -0.895     -0.580      0.000
  66   63     -0.895      0.106      0.000
  65   65     -0.894     -0.486      0.000
  68   66     -0.886     -0.358      0.000
  67   68     -0.882     -0.944      0.000
  69   67     -0.878      0.438      0.000
  70   69     -0.876     -0.581      0.000
  72   71     -0.873      0.396      0.000
  73   72     -0.873      0.553      0.000
  77   70     -0.871     -0.113      0.000
  74   74     -0.870      0.327      0.000
  76   73     -0.870      0.275      0.000
  75   77     -0.864     -0.755      0.000
  79   76     -0.862     -0.333      0.000
  80   79     -0.859      0.479      0.000
  78   80     -0.858     -0.807      0.000
  81   78     -0.856     -0.140      0.000
  83   81     -0.845     -0.158      0.000
  82   82     -0.846      0.519      0.000
  88   83     -0.835     -0.219      0.000
  85   87     -0.834      0.704      0.000
  84   90     -0.832     -0.844      0.000
  90   84     -0.831      0.095      0.000
  87   91     -0.830     -0.734      0.000
  86   92     -0.831      0.892      0.000
  89   86     -0.828     -0.404      0.000
  94   85     -0.825      0.037      0.000
  95   89     -0.823     -0.177      0.000
  96   88     -0.823     -0.032      0.000
  92   94     -0.823      0.600      0.000
  91   95     -0.820     -0.775      0.000
  97   93     -0.819     -0.120      0.000
  93   96     -0.819      0.951      0.000
  99   97     -0.807      0.390      0.000
 102   98     -0.802      0.118      0.000
  98  105     -0.801     -0.975      0.000
 103   99     -0.799      0.013      0.000
 100  102     -0.798     -0.988      0.000
 105  100     -0.796     -0.095      0.000
 106  101     -0.795      0.174      0.000
 104  104     -0.794      0.426      0.000
 107  103     -0.792     -0.014      0.000
 101  110     -0.792      0.831      0.000
 108  107     -0.789     -0.231      0.000
 110  106     -0.788      0.073      0.000
 113  108     -0.786     -0.070      0.000
 109  109     -0.785      0.362      0.000
 111  115     -0.777     -0.655      0.000
 114  114     -0.777     -0.482      0.000
 116  111     -0.777     -0.124      0.000
 119  112     -0.775      0.147      0.000
 120  113     -0.773     -0.053      0.000
 112  121     -0.773      0.856      0.000
 115  117     -0.772      0.418      0.000
 117  119     -0.771      0.445      0.000
 123  116     -0.768      0.084      0.000
 122  118     -0.768      0.254      0.000
 118  122     -0.768      0.582      0.000
 125  120     -0.764      0.168      0.000
 121  126     -0.760      0.765      0.000
 129  123     -0.755     -0.246      0.000
 127  124     -0.754      0.446      0.000
 124  129     -0.754      0.810      0.000
 126  128     -0.751     -0.611      0.000
 134  125     -0.747     -0.133      0.000
 133  127     -0.747     -0.303      0.000
 132  130     -0.745      0.410      0.000
 128  132     -0.745      0.732      0.000
 131  133     -0.742     -0.757      0.000
 130  134     -0.742      0.917      0.000
 135  131     -0.738     -0.313      0.000
 138  136     -0.726      0.390      0.000
 136  140     -0.724      0.593      0.000
 140  137     -0.720     -0.428      0.000
 143  135     -0.720      0.068      0.000
 137  143     -0.720      0.642      0.000
 142  139     -0.719      0.348      0.000
 149  138     -0.715     -0.011      0.000
 141  145     -0.714     -0.675      0.000
 144  142     -0.713     -0.399      0.000
 151  141     -0.712     -0.182      0.000
 139  148     -0.712      0.787      0.000
 148  144     -0.711     -0.378      0.000
 145  146     -0.709      0.544      0.000
  -1   -2     -0.706     -0.677      0.000
 150  150     -0.705      0.524      0.000
 154  149     -0.702     -0.454      0.000
 155  147     -0.701     -0.350      0.000
 147  155     -0.700      0.850      0.000
 156  151     -0.700      0.348      0.000
 157  153     -0.699      0.407      0.000
 153  156     -0.697      0.684      0.000
 152  161     -0.695      0.802      0.000
 159  157     -0.692      0.529      0.000
 158  162     -0.689     -0.719      0.000
 168  154     -0.688     -0.222      0.000
 162  160     -0.688      0.494      0.000
 163  159     -0.687      0.439      0.000
 160  165     -0.686      0.762      0.000
 161  167     -0.682      0.908      0.000
 172  158     -0.681     -0.138      0.000
 164  169     -0.678      0.822      0.000
 167  168     -0.676     -0.759      0.000
 174  163     -0.676     -0.198      0.000
 165  170     -0.676      0.898      0.000
 166  172     -0.674     -0.898      0.000
 177  164     -0.674     -0.045      0.000
 176  166     -0.671      0.258      0.000
 171  171     -0.669     -0.680      0.000
 170  175     -0.669      0.784      0.000
 169  176     -0.666     -0.975      0.000
 173  181     -0.663      0.992      0.000
 175  177     -0.661     -0.714      0.000
 182  173     -0.658     -0.353      0.000
 179  180     -0.659      0.661      0.000
 178  183     -0.657      0.760      0.000
 181  179     -0.657      0.516      0.000
 186  174     -0.654      0.081      0.000
 184  178     -0.652     -0.430      0.000
 180  186     -0.650     -0.829      0.000
 191  182     -0.644      0.057      0.000
 183  191     -0.643      0.991      0.000
 192  184     -0.641     -0.140      0.000
 185  193     -0.639     -0.886      0.000
 188  188     -0.639     -0.527      0.000
 187  189     -0.639      0.516      0.000
 194  185     -0.636      0.150      0.000
 195  187     -0.634     -0.241      0.000
 190  195     -0.631      0.627      0.000
 199  190     -0.630     -0.192      0.000
 189  197     -0.628     -0.994      0.000
 196  194     -0.629      0.437      0.000
 201  192     -0.626      0.234      0.000
 198  198     -0.622      0.614      0.000
 197  199     -0.621      0.707      0.000
 193  205     -0.619      0.948      0.000
 205  196     -0.618     -0.352      0.000
 200  201     -0.617     -0.635      0.000
 203  203     -0.613     -0.590      0.000
 204  206     -0.610     -0.705      0.000
 207  204     -0.611      0.493      0.000
 202  208     -0.610      0.929      0.000
 211  200     -0.608     -0.288      0.000
 206  209     -0.606      0.706      0.000
 213  202     -0.604     -0.181      0.000
 209  207     -0.603      0.490      0.000
 208  213     -0.596      0.959      0.000
 210  211     -0.596      0.702      0.000
 212  210     -0.594     -0.598      0.000
 214  221     -0.587     -0.845      0.000
  -1   -2     -0.587      0.707      0.000
 219  214     -0.586      0.490      0.000
 216  222     -0.585      0.719      0.000
 217  220     -0.584      0.647      0.000
 220  217     -0.584      0.575      0.000
 224  215     -0.581     -0.398      0.000
 222  223     -0.581      0.587      0.000
 226  212     -0.578     -0.156      0.000
  -1   -2     -0.578      0.956      0.000
 221  226     -0.577      0.807      0.000
 227  216     -0.575      0.202      0.000
 225  225     -0.575      0.459      0.000
 230  218     -0.572      0.146      0.000
 231  224     -0.568     -0.200      0.000
 223  232     -0.567     -0.989      0.000
 228  228     -0.567      0.457      0.000
 229  234     -0.559     -0.735      0.000
 233  237     -0.556      0.619      0.000
 241  229     -0.553      0.124      0.000
 237  233     -0.553     -0.515      0.000
 242  230     -0.553      0.023      0.000
 234  241     -0.552      0.769      0.000
 232  243     -0.552      0.827      0.000
 240  236     -0.551      0.439      0.000
 235  242     -0.551      0.748      0.000
 243  231     -0.550     -0.181      0.000
 239  239     -0.549     -0.988      0.000
 236  247     -0.546      0.934      0.000
 244  238     -0.545      0.289      0.000
 248  235     -0.543      0.044      0.000
 238  248     -0.543      0.777      0.000
 249  240     -0.540      0.184      0.000
 247  246     -0.535     -0.475      0.000
 246  249     -0.533     -0.606      0.000
 252  245     -0.531      0.234      0.000
 245  250     -0.531     -0.743      0.000
 257  244     -0.530      0.026      0.000
 251  252     -0.527      0.590      0.000
 254  251     -0.523     -0.494      0.000
 250  253     -0.521      0.989      0.000
 253  257     -0.515      0.883      0.000
 256  256     -0.514     -0.793      0.000
 255  259     -0.511     -0.912      0.000
 259  255     -0.510      0.591      0.000
 258  263     -0.505      0.818      0.000
 266  254     -0.497     -0.082      0.000
 260  266     -0.496     -0.824      0.000
 263  261     -0.496      0.425      0.000
 261  268     -0.495      0.787      0.000
 264  262     -0.495     -0.480      0.000
 269  258     -0.494      0.054      0.000
 270  260     -0.492      0.020      0.000
 262  269     -0.489     -0.845      0.000
 272  264     -0.486     -0.057      0.000
 265  271     -0.484     -0.872      0.000
 267  270     -0.483     -0.667      0.000
 275  265     -0.480     -0.140      0.000
 274  267     -0.480     -0.192      0.000
 268  273     -0.478      0.735      0.000
 271  278     -0.470      0.899      0.000
 276  274     -0.469      0.448      0.000
 280  272     -0.468      0.281      0.000
 273  276     -0.467     -0.729      0.000
 278  275     -0.467      0.471      0.000
 277  277     -0.464      0.611      0.000
 279  280     -0.460      0.657      0.000
 281  283     -0.449      0.647      0.000
 285  279     -0.447     -0.177      0.000
 284  281     -0.444      0.324      0.000
 286  282     -0.442     -0.407      0.000
 282  288     -0.439      0.866      0.000
 289  285     -0.438      0.372      0.000
 293  284     -0.435     -0.030      0.000
 287  287     -0.434     -0.645      0.000
 283  291     -0.431      0.950      0.000
 296  286     -0.428      0.013      0.000
 288  292     -0.428      0.766      0.000
 292  290     -0.427      0.529      0.000
 290  297     -0.422     -0.935      0.000
 294  293     -0.422      0.537      0.000
 291  298     -0.420     -0.915      0.000
 295  294     -0.420     -0.567      0.000
 298  289     -0.420     -0.082      0.000
 297  296     -0.414      0.423      0.000
  -1   -2     -0.407     -0.045      0.000
 302  299     -0.401     -0.186      0.000
 303  301     -0.399     -0.237      0.000
 304  300     -0.399     -0.199      0.000
 301  304     -0.396     -0.520      0.000
 305  302     -0.396      0.197      0.000
 307  303     -0.393     -0.045      0.000
 300  307     -0.390      0.726      0.000
 309  306     -0.384     -0.480      0.000
 310  305     -0.383     -0.188      0.000
 308  309     -0.380     -0.644      0.000
 306  313     -0.380     -0.901      0.000
 313  310     -0.372     -0.353      0.000
  -1   -2     -0.372     -0.042      0.000
 312  311     -0.370     -0.439      0.000
 311  319     -0.367      0.981      0.000
 317  312     -0.365      0.185      0.000
 318  315     -0.362     -0.284      0.000
 314  320     -0.359     -0.717      0.000
 320  314     -0.360     -0.037      0.000
 315  322     -0.358      0.741      0.000
 323  316     -0.355      0.101      0.000
 324  317     -0.354      0.168      0.000
 321  318     -0.354     -0.367      0.000
 319  327     -0.349     -0.679      0.000
 329  321     -0.347     -0.170      0.000
 322  328     -0.346      0.591      0.000
 326  324     -0.346      0.379      0.000
 325  332     -0.342     -0.736      0.000
 332  323     -0.342     -0.065      0.000
 333  326     -0.339     -0.277      0.000
  -1   -2     -0.338      0.018      0.000
 327  333     -0.337     -0.712      0.000
 330  331     -0.337      0.436      0.000
 335  330     -0.336      0.322      0.000
 341  329     -0.333      0.025      0.000
 328  335     -0.334      0.788      0.000
 331  334     -0.331      0.618      0.000
 334  338     -0.329     -0.677      0.000
 336  337     -0.328      0.582      0.000
 339  341     -0.323      0.678      0.000
 337  344     -0.323      0.980      0.000
 340  340     -0.322      0.624      0.000
 344  336     -0.320     -0.125      0.000
 345  339     -0.318     -0.115      0.000
 342  342     -0.317      0.531      0.000
 346  343     -0.310     -0.303      0.000
 343  345     -0.308      0.739      0.000
 349  347     -0.298     -0.988      0.000
 347  350     -0.297      0.932      0.000
 351  346     -0.297      0.346      0.000
 348  352     -0.294      0.784      0.000
 352  349     -0.294      0.401      0.000
  -1   -2     -0.291      0.171      0.000
 354  351     -0.290     -0.558      0.000
 350  358     -0.290      0.892      0.000
 353  356     -0.287     -0.683      0.000
 355  360     -0.284      0.835      0.000
 359  353     -0.281     -0.125      0.000
 357  361     -0.280      0.692      0.000
 360  355     -0.279      0.172      0.000
 363  354     -0.278     -0.074      0.000
 361  357     -0.278      0.240      0.000
 362  359     -0.277     -0.322      0.000
 358  365     -0.274      0.857      0.000
 364  364     -0.269      0.508      0.000
 366  362     -0.267      0.186      0.000
 367  363     -0.266      0.207      0.000
 365  370     -0.258     -0.820      0.000
 368  368     -0.257     -0.662      0.000
 374  366     -0.255      0.124      0.000
 369  371     -0.254      0.683      0.000
 375  367     -0.253      0.194      0.000
 373  372     -0.249     -0.525      0.000
 370  377     -0.249      0.739      0.000
 371  376     -0.249      0.613      0.000
 378  369     -0.248     -0.012      0.000
 372  378     -0.247     -0.666      0.000
 376  374     -0.246      0.437      0.000
 379  373     -0.243     -0.163      0.000
 381  375     -0.240     -0.060      0.000
 377  380     -0.240     -0.756      0.000
 380  379     -0.240     -0.284      0.000
 384  381     -0.229     -0.494      0.000
 382  382     -0.229     -0.786      0.000
 383  385     -0.226      0.761      0.000
 388  383     -0.222     -0.516      0.000
 386  387     -0.221     -0.640      0.000
 391  384     -0.221     -0.422      0.000
 385  388     -0.221      0.720      0.000
 394  386     -0.217     -0.399      0.000
 387  391     -0.217      0.974      0.000
 389  392     -0.216      0.865      0.000
 390  393     -0.215      0.878      0.000
 397  389     -0.213     -0.312      0.000
 392  394     -0.212     -0.878      0.000
 396  390     -0.212      0.489      0.000
 393  398     -0.210     -0.933      0.000
 395  397     -0.210     -0.748      0.000
 398  395     -0.207      0.465      0.000
 400  400     -0.204     -0.586      0.000
 403  396     -0.202      0.081      0.000
  -1   -2     -0.202     -0.578      0.000
 402  399     -0.202      0.230      0.000
 399  403     -0.202      0.814      0.000
 409  402     -0.194     -0.065      0.000
 407  404     -0.193     -0.338      0.000
 405  405     -0.192     -0.478      0.000
 404  406     -0.191     -0.885      0.000
 406  407     -0.189     -0.690      0.000
 408  408     -0.188      0.586      0.000
 410  409     -0.182     -0.340      0.000
 412  410     -0.179     -0.184      0.000
 415  411     -0.175     -0.074      0.000
 414  412     -0.175     -0.144      0.000
 416  413     -0.172     -0.045      0.000
 411  416     -0.172      0.831      0.000
 413  415     -0.171     -0.581      0.000
 419  414     -0.169     -0.172      0.000
 417  417     -0.167      0.517      0.000
  -1   -2     -0.166      0.508      0.000
 422  419     -0.156      0.192      0.000
 420  422     -0.153      0.693      0.000
 421  423     -0.152      0.805      0.000
 423  421     -0.152     -0.563      0.000
 424  420     -0.150     -0.040      0.000
 425  424     -0.139      0.528      0.000
 427  425     -0.134      0.206      0.000
 426  426     -0.131     -0.715      0.000
 428  427     -0.125      0.289      0.000
 430  428     -0.122      0.262      0.000
 429  431     -0.120      0.646      0.000
 435  429     -0.119     -0.310      0.000
 434  430     -0.118     -0.384      0.000
  -1   -2     -0.118      0.636      0.000
 433  434     -0.117     -0.655      0.000
 432  437     -0.117      0.943      0.000
 436  435     -0.113     -0.358      0.000
 438  433     -0.113     -0.057      0.000
 441  436     -0.112     -0.270      0.000
 440  438     -0.112      0.238      0.000
 437  439     -0.112     -0.445      0.000
 439  441     -0.108      0.881      0.000
 442  440     -0.105      0.377      0.000
 443  442     -0.101     -0.599      0.000
 444  443     -0.101      0.536      0.000
 445  444     -0.097      0.988      0.000
 446  446     -0.093     -0.707      0.000
 447  445     -0.092     -0.353      0.000
 448  448     -0.088      0.719      0.000
 451  447     -0.087      0.292      0.000
 449  451     -0.085     -0.947      0.000
 450  450     -0.085     -0.745      0.000
 452  449     -0.085     -0.236      0.000
 453  452     -0.081     -0.642      0.000
 454  453     -0.079     -0.958      0.000
 455  454     -0.076     -0.425      0.000
 456  455     -0.074      0.021      0.000
 457  456     -0.074     -0.068      0.000
 458  458     -0.069     -0.842      0.000
 459  459     -0.068      0.619      0.000
 460  460     -0.067     -0.856      0.000
 461  461     -0.066     -0.542      0.000
 463  462     -0.063      0.538      0.000
 462  463     -0.063      0.829      0.000
 464  465     -0.058      0.355      0.000
 465  464     -0.058     -0.013      0.000
 466  466     -0.056     -0.310      0.000
 467  467     -0.054     -0.572      0.000
 468  468     -0.054     -0.702      0.000
 469  469     -0.053      0.604      0.000
 470  470     -0.051     -0.769      0.000
 471  471     -0.050     -0.608      0.000
 472  473     -0.049     -0.940      0.000
 473  472     -0.049     -0.987      0.000
 474  474     -0.048      0.935      0.000
 475  475     -0.046      0.465      0.000
 476  476     -0.044     -0.070      0.000
 477  477     -0.042      0.109      0.000
 479  478     -0.042      0.083      0.000
 478  480     -0.041      0.673      0.000
 481  479     -0.041     -0.121      0.000
 480  481     -0.041      0.830      0.000
 482  482     -0.039     -0.894      0.000
 483  484     -0.037      0.510      0.000
 484  483     -0.037      0.325      0.000
 485  485     -0.036     -0.605      0.000
 486  486     -0.036      0.881      0.000
 487  487     -0.034      0.956      0.000
 488  489     -0.033     -0.682      0.000
 489  488     -0.033      0.141      0.000
 490  490     -0.032      0.364      0.000
 491  491     -0.031     -0.382      0.000
 492  492     -0.030      0.194      0.000
 493  493     -0.028      0.241      0.000
 494  494     -0.026      0.041      0.000
 496  496     -0.024     -0.773      0.000
 495  495     -0.024     -0.572      0.000
 497  497     -0.023     -0.659      0.000
 498  499     -0.021     -0.607      0.000
 499  498     -0.021      0.754      0.000
 500  500     -0.019      0.382      0.000
  -1   -2     -0.016     -0.654      0.000
 502  502     -0.015     -0.814      0.000
 503  503     -0.013     -0.743      0.000
 504  504     -0.011     -0.764      0.000
 505  505     -0.011      0.089      0.000
 506  506     -0.007      0.989      0.000
 507  507     -0.005     -0.337      0.000
 508  509     -0.001      0.361      0.000
 509  508     -0.001     -0.535      0.000
 510  510      0.002      0.108      0.000
 511  511      0.003     -0.163      0.000
 512  512      0.004     -0.129      0.000
 513  513      0.007     -0.287      0.000
 514  514      0.009     -0.476      0.000
 515  515      0.011      0.213      0.000
 516  517      0.014      0.156      0.000
 518  516      0.015      0.663      0.000
 517  518      0.017     -0.289      0.000
 519  520      0.024      0.266      0.000
 521  519      0.026     -0.816      0.000
 520  521      0.026      0.018      0.000
 523  523      0.031      0.813      0.000
 522  522      0.031      0.854      0.000
 525  524      0.034     -0.803      0.000
 524  525      0.034      0.488      0.000
 526  526      0.038      0.677      0.000
 529  527      0.039      0.805      0.000
 527  528      0.040      0.443      0.000
 528  531      0.043      0.095      0.000
 530  529      0.044     -0.545      0.000
 531  530      0.045     -0.636      0.000
 532  532      0.059     -0.407      0.000
 537  533      0.062      0.514      0.000
 534  535      0.062      0.283      0.000
 535  534      0.062      0.320      0.000
 533  536      0.063     -0.067      0.000
 536  537      0.064      0.092      0.000
  -1   -2      0.069      0.314      0.000
 539  540      0.071     -0.064      0.000
 541  541      0.072     -0.247      0.000
 540  543      0.072      0.133      0.000
 543  539      0.073     -0.526      0.000
 542  545      0.076      0.037      0.000
 545  542      0.077     -0.795      0.000
 544  546      0.078     -0.281      0.000
 548  544      0.081     -0.869      0.000
 546  549      0.084      0.103      0.000
 547  550      0.085     -0.261      0.000
 549  548      0.086     -0.548      0.000
 550  547      0.086     -0.985      0.000
 551  552      0.094      0.407      0.000
 553  551      0.096     -0.729      0.000
 552  553      0.101     -0.037      0.000
 554  554      0.102      0.093      0.000
 555  557      0.105      0.181      0.000
 556  558      0.106     -0.010      0.000
 557  560      0.109     -0.288      0.000
 558  561      0.110      0.382      0.000
 559  555      0.111      0.781      0.000
 560  556      0.111      0.825      0.000
 563  559      0.114      0.909      0.000
 566  562      0.118     -0.957      0.000
 564  564      0.118     -0.649      0.000
 565  563      0.118      0.768      0.000
 562  566      0.119     -0.217      0.000
 561  567      0.119      0.124      0.000
 567  565      0.121     -0.912      0.000
 569   -2      0.125     -0.622      0.000
  -1  568      0.127     -0.607      0.000
 570  573      0.133      0.461      0.000
 572  571      0.134      0.645      0.000
 573  570      0.135     -0.988      0.000
 577  572      0.138      0.953      0.000
 571  575      0.138      0.222      0.000
 575  574      0.140     -0.683      0.000
 574  579      0.145      0.123      0.000
 576  581      0.146     -0.199      0.000
 578  580      0.146     -0.293      0.000
 580  578      0.148      0.385      0.000
 583  577      0.148      0.499      0.000
 579  583      0.149      0.111      0.000
 581  582      0.149     -0.402      0.000
 588  576      0.152     -0.941      0.000
 582  584      0.152     -0.116      0.000
 586  585      0.154      0.257      0.000
 584  589      0.155      0.068      0.000
 585  586      0.155      0.234      0.000
 589  587      0.160     -0.569      0.000
 587  592      0.161     -0.143      0.000
  -1   -2      0.163     -0.614      0.000
 593  588      0.163     -0.756      0.000
 590  591      0.164     -0.459      0.000
 591  596      0.168      0.180      0.000
 595  593      0.169     -0.623      0.000
 599  597      0.173     -0.569      0.000
 594  601      0.175     -0.271      0.000
 600  599      0.175      0.573      0.000
 596  603      0.177     -0.133      0.000
 597  605      0.177      0.015      0.000
 603  594      0.178      0.886      0.000
 604  595      0.178     -0.983      0.000
 605  598      0.178     -0.923      0.000
 601  600      0.179     -0.587      0.000
 598  607      0.180     -0.018      0.000
 607  602      0.183      0.641      0.000
 606  606      0.184      0.487      0.000
 602  609      0.186      0.259      0.000
 608  604      0.188      0.821      0.000
 610  608      0.193     -0.918      0.000
 609  614      0.199      0.406      0.000
 611   -2      0.200     -0.987      0.000
 612  612      0.202     -0.623      0.000
 616  611      0.203      0.958      0.000
 618  613      0.206      0.845      0.000
 619  615      0.208     -0.991      0.000
 620  616      0.210     -0.954      0.000
 614  619      0.212     -0.307      0.000
 617  618      0.214     -0.447      0.000
 615  620      0.214     -0.101      0.000
 621  617      0.216     -0.757      0.000
 623  622      0.225      0.483      0.000
 624  623      0.229     -0.337      0.000
 622  626      0.231      0.141      0.000
 628  621      0.231      0.910      0.000
 625  628      0.236      0.060      0.000
 630  625      0.240      0.651      0.000
 626  632      0.240      0.042      0.000
 633  624      0.241      0.903      0.000
 627  631      0.241      0.204      0.000
 629  629      0.242     -0.496      0.000
 634  627      0.246     -0.686      0.000
 631  636      0.250      0.344      0.000
 641  630      0.250     -0.960      0.000
 632  638      0.254     -0.210      0.000
 637  637      0.254     -0.386      0.000
 640  635      0.255     -0.632      0.000
 642  634      0.255     -0.713      0.000
 645  633      0.256      0.747      0.000
 636  642      0.257      0.133      0.000
 635  643      0.258      0.012      0.000
 638  644      0.260      0.199      0.000
 639  645      0.262      0.099      0.000
 648  639      0.263      0.637      0.000
 644  646      0.265      0.229      0.000
 643  649      0.267      0.108      0.000
 646  650      0.268      0.176      0.000
 652  640      0.269      0.879      0.000
 647  648      0.269      0.286      0.000
 653  641      0.270     -0.955      0.000
 649  647      0.272      0.452      0.000
 650  651      0.275     -0.490      0.000
 651  656      0.279     -0.344      0.000
 654  652      0.281      0.715      0.000
 655  653      0.283     -0.687      0.000
 658  655      0.287      0.766      0.000
 661  654      0.289      0.963      0.000
 656  658      0.291     -0.531      0.000
 659  657      0.291     -0.624      0.000
 660  659      0.296      0.529      0.000
 657  660      0.300      0.056      0.000
 662  665      0.306      0.164      0.000
 663  666      0.308     -0.133      0.000
 665  663      0.310      0.412      0.000
 667  662      0.311      0.538      0.000
 668  661      0.311      0.587      0.000
 664  667      0.314     -0.225      0.000
 666  668      0.318     -0.194      0.000
 672  664      0.319      0.738      0.000
 669  673      0.330     -0.084      0.000
 670  672      0.330     -0.184      0.000
 671  676      0.333      0.044      0.000
 673  678      0.334      0.055      0.000
 680  669      0.338      0.790      0.000
 674  677      0.340     -0.449      0.000
 683  670      0.341      0.986      0.000
 677  679      0.342     -0.512      0.000
 679  674      0.342      0.556      0.000
 684  671      0.345     -0.868      0.000
 682  675      0.345      0.637      0.000
 681  681      0.349      0.353      0.000
 676  685      0.349      0.150      0.000
 675  687      0.349     -0.088      0.000
 678  683      0.349      0.207      0.000
 690  680      0.353      0.826      0.000
 686  682      0.354      0.491      0.000
 687  689      0.358      0.437      0.000
 688  686      0.358      0.526      0.000
 691  688      0.361      0.541      0.000
 685  694      0.362     -0.139      0.000
 696  684      0.365     -0.892      0.000
 697  690      0.367     -0.854      0.000
 694  691      0.368     -0.717      0.000
 689  700      0.369      0.027      0.000
 692  699      0.370     -0.294      0.000
 698  692      0.371      0.683      0.000
 699  696      0.374     -0.627      0.000
 700  693      0.375     -0.778      0.000
 705  695      0.379     -0.844      0.000
 702  697      0.379     -0.672      0.000
 693  706      0.381      0.071      0.000
 695  707      0.382     -0.146      0.000
 706  702      0.385     -0.641      0.000
 708  698      0.386      0.905      0.000
 704  705      0.387      0.462      0.000
 703  710      0.390      0.332      0.000
 707  708      0.390     -0.499      0.000
 712  701      0.390     -0.977      0.000
 701  712      0.391      0.001      0.000
 709  704      0.391      0.632      0.000
  -1   -2      0.394     -0.888      0.000
 711  711      0.397      0.515      0.000
 718  709      0.401     -0.888      0.000
 710  718      0.407      0.016      0.000
 713  716      0.407     -0.347      0.000
 717  714      0.409      0.474      0.000
 715  719      0.412     -0.130      0.000
 716  720      0.413     -0.143      0.000
 720  715      0.414      0.548      0.000
 722  713      0.416      0.749      0.000
 723  717      0.421      0.671      0.000
 719  723      0.422     -0.196      0.000
 721  722      0.424      0.316      0.000
 727  721      0.432     -0.845      0.000
 724  728      0.438      0.115      0.000
 726  726      0.438     -0.441      0.000
 725  733      0.441     -0.103      0.000
 733  724      0.443      0.828      0.000
 729  729      0.445      0.415      0.000
 728  735      0.449      0.249      0.000
 737  725      0.449      0.885      0.000
 732  732      0.450     -0.987      0.000
 739  727      0.451     -0.833      0.000
 734  734      0.451     -0.564      0.000
 736  730      0.451     -0.707      0.000
 730  737      0.453      0.083      0.000
 741  731      0.455     -0.780      0.000
 731  740      0.457      0.213      0.000
 740  739      0.462      0.432      0.000
 738  741      0.463     -0.406      0.000
 735  743      0.464      0.220      0.000
 742  736      0.467     -0.733      0.000
  -1   -2      0.472      0.835      0.000
 746  742      0.478     -0.993      0.000
 748  744      0.482      0.883      0.000
 750  745      0.485      0.834      0.000
 747  748      0.490      0.531      0.000
 751  746      0.494     -0.767      0.000
 745  751      0.494      0.289      0.000
 744  755      0.497      0.036      0.000
 752  749      0.497     -0.745      0.000
 757  747      0.499     -0.958      0.000
 755  750      0.499     -0.781      0.000
 749  758      0.502     -0.103      0.000
 761  752      0.510      0.784      0.000
 756  760      0.512      0.333      0.000
 763  754      0.513      0.860      0.000
 759  757      0.513     -0.584      0.000
 762  756      0.514      0.634      0.000
 764  753      0.513     -0.980      0.000
 758  759      0.514     -0.531      0.000
 753  764      0.515      0.043      0.000
 754  763      0.515      0.176      0.000
 760  768      0.524     -0.200      0.000
 766  766      0.527     -0.477      0.000
 769  761      0.528      0.696      0.000
 767  767      0.529      0.416      0.000
 771  762      0.529     -0.781      0.000
 765  772      0.534     -0.178      0.000
 775  765      0.536     -0.832      0.000
 768  775      0.536     -0.229      0.000
 773  769      0.538      0.551      0.000
 774  770      0.539     -0.568      0.000
 772  776      0.541     -0.360      0.000
 770  778      0.544     -0.072      0.000
 776  774      0.548     -0.699      0.000
 779  771      0.549     -0.897      0.000
 780  773      0.552      0.833      0.000
 778  777      0.553     -0.708      0.000
 777  779      0.556     -0.538      0.000
 781  780      0.559      0.571      0.000
 782  785      0.563     -0.520      0.000
 785  787      0.567      0.426      0.000
 787  786      0.567     -0.529      0.000
 790  781      0.567      0.996      0.000
 793  782      0.570      0.951      0.000
 792  783      0.570      0.870      0.000
 784  790      0.572     -0.284      0.000
 795  784      0.571     -0.970      0.000
 783  795      0.573      0.039      0.000
 786  796      0.575     -0.057      0.000
 794  789      0.578     -0.627      0.000
 791  791      0.579      0.433      0.000
  -1   -2      0.580     -0.283      0.000
 799  788      0.582      0.796      0.000
 797  792      0.583      0.587      0.000
 789  799      0.585     -0.118      0.000
 800  793      0.586      0.637      0.000
 801  794      0.586     -0.664      0.000
 796  802      0.594     -0.159      0.000
 798  801      0.595      0.238      0.000
 805  798      0.596      0.730      0.000
 804  800      0.598     -0.550      0.000
 802  803      0.605      0.030      0.000
 803  804      0.605      0.042      0.000
 807  805      0.616      0.386      0.000
 806  807      0.619     -0.306      0.000
 808  806      0.621     -0.569      0.000
 811  808      0.629     -0.541      0.000
 814  809      0.636     -0.814      0.000
 809  814      0.636      0.135      0.000
 813  810      0.637     -0.588      0.000
 810  816      0.638      0.015      0.000
 812  813      0.639     -0.407      0.000
 816  811      0.644     -0.769      0.000
 815  812      0.645      0.592      0.000
 820  815      0.652     -0.989      0.000
 825  817      0.659      0.927      0.000
 821  819      0.659      0.614      0.000
 826  818      0.660      0.910      0.000
 817  824      0.661      0.282      0.000
 823  820      0.661     -0.748      0.000
 822  821      0.662      0.549      0.000
 818  826      0.664      0.189      0.000
 819  827      0.668     -0.185      0.000
 831  822      0.669     -0.893      0.000
 832  823      0.670      0.850      0.000
 824  830      0.675      0.106      0.000
 834  825      0.675      0.827      0.000
 827  831      0.676     -0.133      0.000
 828  832      0.679      0.077      0.000
 833  829      0.679     -0.540      0.000
 829  834      0.682     -0.160      0.000
 830  835      0.683      0.096      0.000
 835  833      0.685      0.385      0.000
 837  828      0.686     -0.990      0.000
 836  838      0.692     -0.205      0.000
 840  836      0.697      0.683      0.000
 838  837      0.697      0.421      0.000
 841  841      0.703      0.414      0.000
 839  844      0.703      0.055      0.000
 844  840      0.706      0.686      0.000
 846  842      0.709     -0.671      0.000
 842  845      0.710      0.215      0.000
 849  843      0.712      0.626      0.000
 843  849      0.712     -0.100      0.000
 845  847      0.713     -0.394      0.000
 847  846      0.714      0.439      0.000
 850  848      0.720     -0.609      0.000
 848  854      0.720     -0.165      0.000
 854  850      0.728      0.761      0.000
 857  851      0.729     -0.875      0.000
 853  853      0.730      0.592      0.000
 858  852      0.730      0.865      0.000
 856  856      0.734      0.553      0.000
 851  861      0.736      0.096      0.000
 852  860      0.736      0.192      0.000
 862  855      0.738     -0.882      0.000
 855  864      0.740      0.063      0.000
 863  857      0.741     -0.863      0.000
 861  862      0.741     -0.454      0.000
 860  863      0.741     -0.306      0.000
 859  866      0.743     -0.072      0.000
 864  859      0.744      0.678      0.000
 867  858      0.747      0.929      0.000
 865  868      0.752     -0.393      0.000
 868  865      0.752     -0.681      0.000
 866  871      0.757      0.028      0.000
 870  869      0.758     -0.628      0.000
 872  867      0.760      0.946      0.000
 873  870      0.762      0.722      0.000
 869  873      0.763     -0.341      0.000
 874  872      0.767     -0.639      0.000
 871  875      0.768      0.229      0.000
 879  874      0.774      0.669      0.000
  -1   -2      0.774      0.239      0.000
 876  880      0.776     -0.062      0.000
 880  876      0.778      0.788      0.000
 877  881      0.778     -0.179      0.000
 882  877      0.778     -0.877      0.000
 878  882      0.780      0.015      0.000
 883  879      0.783      0.719      0.000
 881  883      0.784      0.378      0.000
 885  884      0.792     -0.819      0.000
 884  890      0.796     -0.230      0.000
 888  885      0.797      0.824      0.000
 889  886      0.797     -0.783      0.000
 886  889      0.798      0.421      0.000
 894  888      0.800     -0.836      0.000
 895  887      0.800     -0.901      0.000
 892  891      0.803     -0.573      0.000
  -1   -2      0.805     -0.586      0.000
 900  892      0.805      0.654      0.000
 887  898      0.806     -0.029      0.000
 893  895      0.806     -0.430      0.000
 890  900      0.808      0.181      0.000
 898  896      0.808     -0.452      0.000
 891  903      0.809      0.006      0.000
 897  899      0.809      0.310      0.000
 899  901      0.810      0.341      0.000
 901  897      0.810      0.439      0.000
 903  894      0.810      0.856      0.000
 905  902      0.815     -0.749      0.000
 902  906      0.817      0.015      0.000
 904  904      0.817      0.609      0.000
 907  905      0.819     -0.828      0.000
 906  909      0.822     -0.368      0.000
 910  907      0.826     -0.729      0.000
 913  908      0.827     -0.830      0.000
 912  912      0.831      0.515      0.000
 908  913      0.831     -0.239      0.000
 914  910      0.832      0.767      0.000
 909  916      0.833     -0.020      0.000
 911  915      0.833      0.224      0.000
 916  911      0.833     -0.918      0.000
 915  914      0.835      0.464      0.000
 917  918      0.843     -0.435      0.000
 918  917      0.845      0.539      0.000
 920  919      0.850      0.952      0.000
 919  923      0.850      0.314      0.000
 923  920      0.852      0.834      0.000
 921  921      0.853      0.725      0.000
 922  922      0.852     -0.720      0.000
 927  924      0.858     -0.926      0.000
 926  925      0.859      0.878      0.000
 925  926      0.861      0.602      0.000
 924  928      0.863     -0.039      0.000
 928  929      0.866      0.255      0.000
 932  927      0.871      0.853      0.000
 931  930      0.871      0.666      0.000
 929  932      0.871      0.135      0.000
  -1   -2      0.871      0.262      0.000
 935  933      0.878      0.993      0.000
 933  936      0.877     -0.098      0.000
 936  934      0.879      0.930      0.000
  -1   -2      0.882      0.626      0.000
 934  939      0.882      0.021      0.000
 941  937      0.884      0.794      0.000
 944  938      0.886      0.615      0.000
 943  942      0.887     -0.451      0.000
 942  944      0.887      0.376      0.000
 947  940      0.887     -0.737      0.000
 939  945      0.888      0.241      0.000
 938  946      0.888     -0.047      0.000
 946  943      0.888      0.529      0.000
 940  947      0.888     -0.214      0.000
 948  941      0.889      0.857      0.000
 945  948      0.890      0.049      0.000
 949  949      0.895     -0.642      0.000
 950  950      0.897      0.495      0.000
 951  951      0.900     -0.623      0.000
 952  952      0.901      0.590      0.000
 953  954      0.905     -0.343      0.000
 955  953      0.906     -0.440      0.000
 954  956      0.906      0.242      0.000
 956  955      0.908     -0.559      0.000
 957  957      0.910     -0.628      0.000
 958  958      0.913      0.823      0.000
 959  959      0.918     -0.167      0.000
 960  960      0.924     -0.131      0.000
 961  961      0.925     -0.276      0.000
 962  962      0.925     -0.312      0.000
 963  964      0.927      0.435      0.000
 964  963      0.927     -0.649      0.000
 966  965      0.935     -0.919      0.000
 965  967      0.936     -0.513      0.000
 967  966      0.936     -0.938      0.000
 968  968      0.937     -0.873      0.000
 969  969      0.942     -0.969      0.000
 970  970      0.944      0.199      0.000
 971  971      0.948      0.421      0.000
 972  972      0.949     -0.987      0.000
 974  974      0.960      0.834      0.000
 975  973      0.960      0.901      0.000
 973  976      0.960     -0.486      0.000
 976  975      0.961      0.982      0.000
 977  977      0.962      0.698      0.000
 978  979      0.963     -0.172      0.000
 979  978      0.964     -0.809      0.000
 980  980      0.971      0.392      0.000
 981  981      0.971     -0.644      0.000
 983  982      0.974     -0.575      0.000
 982  984      0.975      0.012      0.000
 984  983      0.976      0.786      0.000
 985  985      0.978     -0.275      0.000
 986  986      0.979      0.358      0.000
 987  987      0.979     -0.409      0.000
 988  988      0.985      0.121      0.000
  -1   -2      0.986      0.307      0.000
 990  990      0.987      0.298      0.000
 991  991      0.990      0.635      0.000
 992  992      0.992      0.543      0.000
 993  993      0.992     -0.834      0.000
 994  994      0.994      0.673      0.000
 996  995      0.995      0.952      0.000
 995  996      0.994     -0.740      0.000
