993
   0   -2     -0.998      0.555      0.000
   1    0     -0.994     -0.115      0.000
  -1   -2     -0.994      0.718      0.000
   4    1     -0.994      0.709      0.000
   3    3     -0.992     -0.717      0.000
   5    4     -0.989     -0.197      0.000
   6    5     -0.989     -0.049      0.000
   7    7     -0.989      0.452      0.000
   9    9     -0.987     -0.799      0.000
  11    8     -0.987     -0.549      0.000
  10   10     -0.988     -0.299      0.000
   8   11     -0.987      0.201      0.000
  -1   12     -0.987      0.701      0.000
  12   13     -0.984     -0.248      0.000
  13   14     -0.980      0.219      0.000
  14   15     -0.979      0.950      0.000
  15   17     -0.977     -0.976      0.000
  16   16     -0.975     -0.165      0.000
  17   19     -0.973      0.639      0.000
  18   18     -0.972      0.521      0.000
  39   -2     -0.968     -0.020      0.000
  20   21     -0.968      0.321      0.000
  21   22     -0.968     -0.171      0.000
  22   23     -0.966      0.297      0.000
  24   24     -0.962     -0.403      0.000
  23   25     -0.962      0.798      0.000
  25   26     -0.960      0.537      0.000
  27   27     -0.957     -0.098      0.000
  28   28     -0.957     -0.189      0.000
  29   29     -0.954     -0.373      0.000
  26   31     -0.954     -0.922      0.000
  30   30     -0.952     -0.598      0.000
  31   33     -0.951      0.670      0.000
  33   32     -0.949      0.152      0.000
  32   34     -0.947     -0.647      0.000
  34   36     -0.944     -0.922      0.000
  36   35     -0.944      0.514      0.000
  35   37     -0.942     -0.683      0.000
  37   41     -0.939      0.927      0.000
  38   40     -0.938      0.722      0.000
  -1   38     -0.938      0.077      0.000
  41   39     -0.935      0.147      0.000
  40   42     -0.935      0.362      0.000
  42   43     -0.933     -0.241      0.000
  43   44     -0.931      0.420      0.000
  44   45     -0.926      0.263      0.000
  46   46     -0.926      0.164      0.000
  45   48     -0.923      0.608      0.000
  47   47     -0.922      0.317      0.000
  48   50     -0.915     -0.905      0.000
  50   49     -0.910     -0.149      0.000
  49   53     -0.906      0.905      0.000
  51   52     -0.902     -0.633      0.000
  53   51     -0.902     -0.462      0.000
  52   55     -0.901      0.594      0.000
  54   56     -0.898      0.577      0.000
  55   54     -0.898     -0.185      0.000
  56   58     -0.894     -0.595      0.000
  57   57     -0.893      0.376      0.000
  60   59     -0.889     -0.209      0.000
  61   60     -0.887      0.435      0.000
  59   62     -0.886      0.777      0.000
  62   61     -0.885     -0.430      0.000
  58   66     -0.884     -0.851      0.000
  63   68     -0.881     -0.680      0.000
  65   67     -0.880      0.507      0.000
  64   71     -0.879     -0.808      0.000
  69   63     -0.879      0.143      0.000
  66   70     -0.878      0.549      0.000
  71   64     -0.878      0.063      0.000
  72   65     -0.878     -0.033      0.000
  73   69     -0.875     -0.287      0.000
  67   74     -0.873     -0.911      0.000
  74   72     -0.872     -0.155      0.000
  68   76     -0.871     -0.988      0.000
  70   75     -0.871      0.823      0.000
  76   73     -0.870     -0.231      0.000
  75   80     -0.862     -0.848      0.000
  77   82     -0.863      0.865      0.000
  80   77     -0.860      0.028      0.000
  78   83     -0.858     -0.678      0.000
  84   78     -0.857     -0.119      0.000
  85   81     -0.856      0.170      0.000
  86   79     -0.855     -0.009      0.000
  79   -2     -0.855      0.654      0.000
  83   87     -0.852      0.583      0.000
  82   86     -0.852      0.649      0.000
  87   84     -0.850     -0.084      0.000
  88   85     -0.849      0.109      0.000
  81   92     -0.848     -0.927      0.000
  90   88     -0.844      0.241      0.000
  89   91     -0.843     -0.501      0.000
  91   89     -0.841     -0.061      0.000
  92   90     -0.840     -0.156      0.000
  93   93     -0.838     -0.294      0.000
  95   94     -0.833      0.122      0.000
  96   95     -0.832      0.203      0.000
  94   96     -0.830      0.616      0.000
 100   97     -0.821      0.228      0.000
  99   99     -0.818      0.486      0.000
 101   98     -0.817     -0.164      0.000
  97  102     -0.816     -0.959      0.000
  98  103     -0.814     -0.818      0.000
 102  101     -0.810      0.330      0.000
 103  100     -0.809     -0.306      0.000
 105  104     -0.803      0.452      0.000
 106  107     -0.798     -0.988      0.000
 104  110     -0.798     -0.857      0.000
 108  105     -0.798      0.097      0.000
 110  106     -0.797     -0.006      0.000
 107  108     -0.797      0.518      0.000
 111  109     -0.792     -0.371      0.000
 109  112     -0.789      0.682      0.000
 115  111     -0.784     -0.221      0.000
 114  113     -0.782     -0.380      0.000
 112  114     -0.782      0.770      0.000
 116  116     -0.777     -0.565      0.000
 117  115     -0.778      0.505      0.000
 113  118     -0.776     -0.797      0.000
 118  120     -0.770      0.531      0.000
 123  117     -0.765     -0.047      0.000
 122  119     -0.764     -0.163      0.000
 119  124     -0.759     -0.883      0.000
 126  121     -0.759     -0.265      0.000
 120  126     -0.756     -0.828      0.000
 121  127     -0.757      0.916      0.000
 124  123     -0.755      0.489      0.000
 125  125     -0.753      0.526      0.000
 127  122     -0.752     -0.234      0.000
 129  129     -0.746      0.418      0.000
 130  130     -0.743     -0.442      0.000
 136  128     -0.743      0.105      0.000
 132  131     -0.742     -0.411      0.000
 131  133     -0.742      0.463      0.000
 133  134     -0.740     -0.465      0.000
 128  137     -0.740      0.962      0.000
 134  135     -0.738     -0.496      0.000
 138  132     -0.737      0.074      0.000
 135  140     -0.733     -0.721      0.000
 137  141     -0.732      0.653      0.000
 140  136     -0.731     -0.160      0.000
 139  138     -0.729      0.413      0.000
 141  139     -0.726      0.311      0.000
 146  142     -0.719      0.182      0.000
 143  146     -0.716     -0.676      0.000
 145  145     -0.714     -0.516      0.000
 148  143     -0.714     -0.219      0.000
 144  149     -0.714      0.865      0.000
 142  150     -0.712     -0.980      0.000
 147  147     -0.711      0.471      0.000
 149  144     -0.709     -0.274      0.000
 150  148     -0.703     -0.401      0.000
 155  151     -0.694     -0.202      0.000
 154  152     -0.693      0.273      0.000
 152  153     -0.691      0.499      0.000
 151  157     -0.688      0.883      0.000
 153  161     -0.684      0.806      0.000
 157  155     -0.683      0.583      0.000
 156  158     -0.683      0.651      0.000
 158  159     -0.681      0.603      0.000
 163  160     -0.675     -0.477      0.000
 165  156     -0.675     -0.319      0.000
 167  154     -0.675     -0.170      0.000
 161  162     -0.675      0.550      0.000
 159  168     -0.672      0.775      0.000
 160  169     -0.670      0.842      0.000
 164  167     -0.669      0.584      0.000
 162  170     -0.668     -0.799      0.000
 168  163     -0.668     -0.388      0.000
 166  172     -0.666      0.693      0.000
 170  164     -0.663      0.165      0.000
 174  165     -0.659      0.029      0.000
 173  166     -0.659     -0.216      0.000
 169  175     -0.658     -0.722      0.000
 175  171     -0.655      0.226      0.000
  -1   -2     -0.650     -0.721      0.000
 176  174     -0.650      0.138      0.000
 177  173     -0.650      0.051      0.000
 179  176     -0.645     -0.193      0.000
 172  180     -0.645      0.929      0.000
 184  177     -0.638      0.030      0.000
 178  181     -0.637      0.561      0.000
 180  179     -0.637      0.478      0.000
 182  183     -0.631     -0.565      0.000
 181  185     -0.630      0.722      0.000
 187  182     -0.626      0.199      0.000
 183  187     -0.626      0.815      0.000
 186  186     -0.621      0.554      0.000
 188  184     -0.621     -0.422      0.000
 185  189     -0.620     -0.753      0.000
 189  194     -0.611     -0.714      0.000
 195  190     -0.608      0.247      0.000
 199  188     -0.607     -0.083      0.000
 196  193     -0.606      0.305      0.000
 201  191     -0.603      0.022      0.000
 190  197     -0.603      0.825      0.000
 202  192     -0.602      0.058      0.000
 191  198     -0.603      0.868      0.000
 194  196     -0.601      0.523      0.000
 192  200     -0.601      0.788      0.000
 204  195     -0.597     -0.056      0.000
 193  203     -0.595     -0.786      0.000
 197  202     -0.596      0.692      0.000
 200  201     -0.594      0.518      0.000
 198  204     -0.593     -0.743      0.000
 205  206     -0.585     -0.615      0.000
 214  199     -0.585     -0.140      0.000
 203  210     -0.581      0.839      0.000
 209  208     -0.579      0.511      0.000
 210  207     -0.579      0.479      0.000
 208  209     -0.578      0.653      0.000
 206  212     -0.578      0.804      0.000
 218  205     -0.577     -0.191      0.000
 207  215     -0.576      0.916      0.000
 213  213     -0.573     -0.657      0.000
 215  214     -0.572      0.638      0.000
 217  211     -0.572      0.474      0.000
 211  217     -0.571      0.780      0.000
 212  219     -0.569      0.906      0.000
 219  218     -0.564     -0.615      0.000
 216  223     -0.563     -0.911      0.000
 220  216     -0.564      0.451      0.000
 224  222     -0.555     -0.524      0.000
 226  224     -0.552     -0.480      0.000
 222  229     -0.552      0.993      0.000
 223  230     -0.551     -0.844      0.000
 227  227     -0.548      0.589      0.000
 233  220     -0.547     -0.171      0.000
 234  221     -0.546     -0.029      0.000
 225  232     -0.545      0.722      0.000
 228  233     -0.544     -0.720      0.000
 230  234     -0.541      0.600      0.000
 238  226     -0.539      0.013      0.000
 239  231     -0.535      0.274      0.000
 236  236     -0.534     -0.494      0.000
 231  239     -0.531      0.991      0.000
 235  238     -0.530      0.717      0.000
 232  240     -0.529     -0.896      0.000
 241  235     -0.528     -0.078      0.000
 237  241     -0.525      0.656      0.000
 240  243     -0.522      0.711      0.000
  -1  245     -0.517     -0.043      0.000
 243  242     -0.516      0.418      0.000
 246  244     -0.513     -0.470      0.000
  -1   -2     -0.511      0.712      0.000
 247  249     -0.507      0.621      0.000
 245  252     -0.507      0.724      0.000
 244  254     -0.505      0.947      0.000
 249  250     -0.504     -0.602      0.000
 248  258     -0.502     -0.042      0.000
 251  248     -0.499      0.307      0.000
 257  246     -0.497     -0.172      0.000
 250  261     -0.496      0.928      0.000
 259  251     -0.493     -0.183      0.000
 255  260     -0.489      0.584      0.000
 254  264     -0.486     -0.733      0.000
 262  255     -0.486     -0.218      0.000
 260  256     -0.486     -0.386      0.000
 253  265     -0.484     -0.848      0.000
 261  262     -0.484      0.430      0.000
 265  257     -0.481      0.178      0.000
 256  268     -0.481      0.958      0.000
 264  263     -0.479      0.350      0.000
 258  270     -0.479      0.806      0.000
 269  259     -0.478     -0.171      0.000
 252   -2     -0.478     -0.040      0.000
 266  266     -0.473      0.451      0.000
 263  269     -0.473      0.579      0.000
 267  273     -0.465      0.743      0.000
 276  267     -0.464     -0.035      0.000
 270  274     -0.462      0.763      0.000
 268  277     -0.461      0.953      0.000
 272  276     -0.457     -0.734      0.000
 278  271     -0.453      0.086      0.000
 274  281     -0.452      0.770      0.000
 277  272     -0.451      0.162      0.000
 273  286     -0.450     -0.993      0.000
 275  283     -0.450      0.822      0.000
 283  275     -0.443     -0.059      0.000
 284  278     -0.441      0.145      0.000
 285  279     -0.440     -0.150      0.000
  -1   -2     -0.439      0.014      0.000
 281  285     -0.439      0.389      0.000
 279  288     -0.437     -0.644      0.000
 287  282     -0.436     -0.253      0.000
 290  284     -0.433      0.019      0.000
 289  287     -0.432     -0.316      0.000
 280  290     -0.431      0.930      0.000
 282  291     -0.428     -0.779      0.000
 288  292     -0.424      0.583      0.000
 291  295     -0.416      0.492      0.000
 303  294     -0.414     -0.241      0.000
 304  289     -0.413     -0.108      0.000
 306  293     -0.412     -0.100      0.000
 295  297     -0.412     -0.526      0.000
 300  300     -0.409      0.497      0.000
 308  296     -0.408     -0.324      0.000
 292  303     -0.408      0.803      0.000
 305  299     -0.406     -0.433      0.000
 293  305     -0.407      0.874      0.000
 310  298     -0.405     -0.392      0.000
 299  302     -0.406      0.627      0.000
 307  301     -0.405     -0.474      0.000
 296  307     -0.405     -0.808      0.000
 297  306     -0.405      0.770      0.000
 294  311     -0.405      0.984      0.000
 301  304     -0.403     -0.702      0.000
 298  312     -0.402     -0.905      0.000
 302  309     -0.402      0.711      0.000
 311  308     -0.399     -0.607      0.000
 309  310     -0.399      0.614      0.000
 312  315     -0.394     -0.829      0.000
 314  313     -0.389      0.275      0.000
 313  317     -0.384     -0.857      0.000
 315  314     -0.384      0.327      0.000
 317  316     -0.375     -0.258      0.000
 318  319     -0.368      0.137      0.000
 319  318     -0.367     -0.105      0.000
 320  320     -0.367     -0.064      0.000
 316  323     -0.363      0.887      0.000
 321  322     -0.359      0.376      0.000
 325  321     -0.355      0.136      0.000
 323  324     -0.350     -0.590      0.000
 322  328     -0.350      0.733      0.000
 326  325     -0.342      0.191      0.000
 324  333     -0.341      0.847      0.000
 327  326     -0.340      0.286      0.000
 329  327     -0.338      0.145      0.000
 333  329     -0.334     -0.267      0.000
 334  330     -0.333      0.163      0.000
 335  331     -0.331      0.094      0.000
 337  332     -0.330     -0.014      0.000
 332  338     -0.326      0.681      0.000
 328  340     -0.325      0.943      0.000
 338  334     -0.324      0.333      0.000
 330  341     -0.323     -0.897      0.000
 331  342     -0.322     -0.921      0.000
 336  339     -0.322      0.527      0.000
 342  336     -0.320      0.150      0.000
 343  335     -0.320     -0.051      0.000
 345  337     -0.317     -0.132      0.000
 339  347     -0.314      0.993      0.000
 344  343     -0.313      0.460      0.000
 341  344     -0.312     -0.617      0.000
 340  345     -0.312     -0.660      0.000
 346  346     -0.309      0.513      0.000
 347  349     -0.301      0.551      0.000
 349  350     -0.298     -0.988      0.000
 355  348     -0.297     -0.229      0.000
 351  351     -0.295     -0.609      0.000
 348  354     -0.295      0.690      0.000
 352  353     -0.294     -0.649      0.000
 354  355     -0.292      0.555      0.000
 353  356     -0.292     -0.677      0.000
 350  357     -0.291     -0.874      0.000
 356  352     -0.290     -0.480      0.000
 357  358     -0.280      0.613      0.000
 359  360     -0.272      0.425      0.000
 358  364     -0.272      0.973      0.000
 362  359     -0.267      0.056      0.000
 361  361     -0.266      0.354      0.000
 360  365     -0.265      0.740      0.000
 366  363     -0.260     -0.248      0.000
 367  362     -0.260     -0.054      0.000
 364  366     -0.259     -0.439      0.000
 363  368     -0.257     -0.606      0.000
 365  371     -0.253      0.678      0.000
 369  367     -0.252      0.171      0.000
 368  369     -0.251     -0.340      0.000
 370  370     -0.250     -0.320      0.000
 371  372     -0.245     -0.406      0.000
 373  375     -0.240      0.619      0.000
 372  381     -0.237      0.972      0.000
 375  380     -0.235     -0.577      0.000
 374  382     -0.234      0.729      0.000
 376  379     -0.233     -0.425      0.000
 379  373     -0.233     -0.060      0.000
 378  376     -0.233     -0.265      0.000
 380  374     -0.232     -0.143      0.000
 382  378     -0.230     -0.113      0.000
 383  377     -0.230     -0.040      0.000
 377  383     -0.228      0.526      0.000
 381  385     -0.225     -0.579      0.000
 391  384     -0.220     -0.133      0.000
 386  389     -0.219      0.604      0.000
 384  390     -0.219      0.916      0.000
 390  386     -0.219     -0.265      0.000
 388  387     -0.219      0.395      0.000
 389  388     -0.218      0.372      0.000
 385  391     -0.218      0.791      0.000
 387  392     -0.217      0.864      0.000
 392  396     -0.209     -0.989      0.000
 397  393     -0.209     -0.384      0.000
 393  397     -0.208      0.817      0.000
 396  394     -0.207     -0.547      0.000
 394  399     -0.206     -0.758      0.000
 395  398     -0.205      0.667      0.000
 398  403     -0.201     -0.678      0.000
  -1   -2     -0.201     -0.480      0.000
 399  401     -0.201     -0.489      0.000
 401  395     -0.199     -0.035      0.000
 402  400     -0.198      0.137      0.000
 403  404     -0.188     -0.713      0.000
 404  405     -0.185      0.641      0.000
 405  406     -0.182      0.691      0.000
 407  407     -0.178      0.487      0.000
 406  408     -0.178     -0.664      0.000
 409  410     -0.169     -0.478      0.000
  -1   -2     -0.169      0.405      0.000
 408  413     -0.169     -0.596      0.000
 410  412     -0.168      0.413      0.000
 415  409     -0.168      0.146      0.000
 412  415     -0.164      0.822      0.000
 413  414     -0.163     -0.826      0.000
 414  416     -0.162      0.841      0.000
 416  418     -0.158      0.965      0.000
 418  417     -0.158      0.755      0.000
 417  420     -0.157     -0.900      0.000
 419  419     -0.153     -0.457      0.000
 421  421     -0.150      0.209      0.000
 422  422     -0.149     -0.047      0.000
 423  423     -0.148      0.188      0.000
 420  425     -0.146     -0.833      0.000
 424  424     -0.143     -0.235      0.000
 425  427     -0.139      0.421      0.000
 427  426     -0.138     -0.203      0.000
 428  429     -0.137     -0.294      0.000
 429  428     -0.137      0.168      0.000
 431  430     -0.133     -0.273      0.000
 426  432     -0.133      0.775      0.000
 430  431     -0.132      0.600      0.000
 433  433     -0.123     -0.345      0.000
 432  435     -0.121      0.739      0.000
 434  434     -0.117      0.280      0.000
 435  436     -0.115     -0.617      0.000
 436  438     -0.108     -0.549      0.000
 437  439     -0.108      0.543      0.000
 439  437     -0.107     -0.266      0.000
  -1   -2     -0.107      0.532      0.000
 440  441     -0.104     -0.176      0.000
 441  442     -0.102      0.209      0.000
 442  443     -0.100      0.424      0.000
 443  444     -0.098     -0.488      0.000
 444  445     -0.094      0.008      0.000
 445  446     -0.093     -0.055      0.000
 446  447     -0.088      0.927      0.000
 449  448     -0.084     -0.326      0.000
 447  450     -0.083      0.840      0.000
 448  449     -0.083     -0.604      0.000
 451  451     -0.076     -0.532      0.000
 450  452     -0.076      0.627      0.000
 453  453     -0.074     -0.648      0.000
 452  454     -0.074      0.977      0.000
 454  455     -0.070     -0.016      0.000
 455  457     -0.066     -0.915      0.000
 456  456     -0.066     -0.430      0.000
 459  458     -0.063      0.258      0.000
 458  460     -0.063      0.510      0.000
 460  459     -0.063     -0.231      0.000
 461  461     -0.062      0.425      0.000
 457  462     -0.062     -0.930      0.000
 462  463     -0.060     -0.984      0.000
 463  464     -0.058     -0.769      0.000
 464  465     -0.055     -0.789      0.000
 465  466     -0.054     -0.459      0.000
 466  467     -0.053      0.767      0.000
 468  468     -0.051     -0.056      0.000
 467  469     -0.050      0.493      0.000
 469  471     -0.049     -0.596      0.000
 470  470     -0.049     -0.988      0.000
 471  472     -0.048     -0.494      0.000
 472  474     -0.048      0.069      0.000
 473  473     -0.047      0.051      0.000
 475  475     -0.046     -0.092      0.000
 474  476     -0.046      0.354      0.000
 476  477     -0.045     -0.676      0.000
 477  478     -0.041     -0.903      0.000
 478  479     -0.040      0.916      0.000
 479  480     -0.039      0.234      0.000
 480  481     -0.038      0.569      0.000
 481  482     -0.036      0.397      0.000
 482  483     -0.036      0.768      0.000
 483  485     -0.035     -0.492      0.000
 484  484     -0.034      0.093      0.000
 485  486     -0.034     -0.840      0.000
 486  487     -0.032      0.265      0.000
 487  488     -0.032      0.839      0.000
 488  489     -0.031     -0.288      0.000
 489  490     -0.031     -0.574      0.000
 490  491     -0.031      0.945      0.000
 491  492     -0.029      0.132      0.000
 492  493     -0.027      0.167      0.000
 493  494     -0.025      0.022      0.000
 494  495     -0.023     -0.681      0.000
 495  496     -0.023     -0.459      0.000
 496  497     -0.023     -0.548      0.000
 497  498     -0.021      0.669      0.000
 498  499     -0.020     -0.494      0.000
 499  500     -0.016     -0.732      0.000
 500  502     -0.016      0.280      0.000
  -1   -2     -0.016     -0.543      0.000
 502  503     -0.014     -0.645      0.000
 503  504     -0.013     -0.670      0.000
 504  505     -0.012      0.979      0.000
 505  506     -0.003      0.056      0.000
 506  507      0.001     -0.423      0.000
 507  508      0.002     -0.252      0.000
 508  509      0.005      0.262      0.000
 509  510      0.011      0.559      0.000
 510  512      0.014      0.069      0.000
 511  514      0.015     -0.369      0.000
 513  511      0.015     -0.737      0.000
 515  513      0.016      0.802      0.000
 512  516      0.016     -0.121      0.000
 514  517      0.017     -0.098      0.000
 517  515      0.018      0.745      0.000
 516  518      0.019     -0.214      0.000
 519  519      0.022     -0.719      0.000
 518  521      0.024      0.147      0.000
 520  520      0.024      0.735      0.000
 523  522      0.030      0.576      0.000
 521  523      0.030      0.104      0.000
 522  524      0.031     -0.215      0.000
 524  525      0.039      0.377      0.000
 525  526      0.040      0.188      0.000
 526  527      0.042     -0.526      0.000
 528  528      0.048     -0.435      0.000
 529  529      0.049      0.336      0.000
 527  531      0.050      0.006      0.000
 530  530      0.053     -0.970      0.000
 531  532      0.054     -0.809      0.000
 532  533      0.056     -0.712      0.000
 533  534      0.065      0.405      0.000
 534  537      0.071      0.061      0.000
 536  535      0.073      0.881      0.000
 535  540      0.076     -0.313      0.000
 537  536      0.076     -0.931      0.000
 538  538      0.077      0.766      0.000
 540  539      0.079     -0.634      0.000
 542  542      0.080      0.709      0.000
 539  543      0.081     -0.419      0.000
 543  541      0.081     -0.869      0.000
 541  547      0.084      0.233      0.000
 544  548      0.087      0.204      0.000
 548  544      0.087     -0.974      0.000
 545  546      0.088      0.693      0.000
 549  545      0.089      0.942      0.000
 546  549      0.091     -0.441      0.000
  -1   -2      0.092      0.228      0.000
 550  552      0.101      0.059      0.000
 551  553      0.102     -0.055      0.000
 553  551      0.102     -0.910      0.000
 552  555      0.106     -0.186      0.000
 556  554      0.108     -0.547      0.000
 554  557      0.111      0.090      0.000
 558  556      0.112      0.309      0.000
 555  559      0.112     -0.213      0.000
 557  561      0.113     -0.052      0.000
 560  560      0.116      0.549      0.000
 563  558      0.119     -0.970      0.000
 559  566      0.119      0.021      0.000
  -1  564      0.119     -0.520      0.000
 567  562      0.122      0.852      0.000
 561  568      0.122     -0.198      0.000
 564  565      0.123     -0.587      0.000
 568  563      0.123     -0.888      0.000
 565  567      0.124     -0.505      0.000
 566  574      0.128      0.069      0.000
 570  569      0.131     -0.675      0.000
 569  576      0.134      0.290      0.000
 571  570      0.134     -0.882      0.000
 572  571      0.134     -0.975      0.000
 574  572      0.136      0.950      0.000
 573  573      0.136      0.768      0.000
 576  575      0.140     -0.981      0.000
 579  577      0.143     -0.931      0.000
 582  578      0.147      0.801      0.000
 575  579      0.147      0.364      0.000
 577  580      0.150     -0.221      0.000
 578  582      0.150      0.128      0.000
 580  585      0.153      0.062      0.000
 583  583      0.155      0.401      0.000
 581  588      0.155     -0.032      0.000
  -1   -2      0.156     -0.518      0.000
 589  581      0.160      0.887      0.000
 586  587      0.160     -0.528      0.000
 588  586      0.161      0.552      0.000
 585  592      0.162     -0.013      0.000
 587  590      0.162     -0.473      0.000
 591  591      0.167      0.479      0.000
 594  589      0.168      0.878      0.000
 590  595      0.171     -0.167      0.000
 599  593      0.173     -0.942      0.000
 592  599      0.174      0.086      0.000
 597  594      0.175     -0.683      0.000
 593  598      0.176      0.298      0.000
 595  596      0.176     -0.475      0.000
 596  597      0.178     -0.494      0.000
 598  601      0.182     -0.319      0.000
 601  604      0.189     -0.371      0.000
 605  600      0.189     -0.935      0.000
 600  606      0.190      0.163      0.000
 602  603      0.191     -0.535      0.000
 606  602      0.192      0.850      0.000
 604  607      0.194      0.397      0.000
 603  610      0.197     -0.229      0.000
 613  605      0.201      0.955      0.000
 609  609      0.201     -0.987      0.000
 612  608      0.202      0.686      0.000
 607  612      0.205      0.192      0.000
 608  613      0.207     -0.156      0.000
 611  614      0.208      0.175      0.000
 610  616      0.208      0.087      0.000
 615  611      0.209      0.574      0.000
 614  619      0.214      0.079      0.000
 617  615      0.215     -0.611      0.000
 619  617      0.217     -0.642      0.000
 616  621      0.221     -0.093      0.000
 624  618      0.223      0.714      0.000
 618  624      0.225      0.046      0.000
 620  622      0.228      0.326      0.000
 625  620      0.229      0.655      0.000
 621  627      0.231     -0.115      0.000
 622  628      0.232      0.133      0.000
 626  623      0.233      0.565      0.000
 623  630      0.234     -0.216      0.000
 627  629      0.236      0.403      0.000
 629  626      0.238     -0.556      0.000
 633  625      0.243      0.980      0.000
 628  632      0.243      0.199      0.000
 630  633      0.245     -0.370      0.000
 634  631      0.248     -0.620      0.000
 631  637      0.252     -0.107      0.000
 637  634      0.256      0.689      0.000
 632  639      0.257      0.007      0.000
 638  635      0.260     -0.836      0.000
 635  642      0.260     -0.019      0.000
 639  636      0.261      0.751      0.000
 636  640      0.262     -0.422      0.000
 642  638      0.268      0.795      0.000
 643  641      0.273     -0.868      0.000
 641  643      0.273     -0.558      0.000
 640  647      0.273     -0.251      0.000
 645  644      0.281     -0.825      0.000
 648  645      0.284      0.891      0.000
 651  646      0.285     -0.971      0.000
 644  651      0.287     -0.280      0.000
 647  649      0.290      0.526      0.000
 646  653      0.292      0.386      0.000
 649  652      0.292      0.465      0.000
 656  648      0.293     -0.815      0.000
 652  656      0.297     -0.425      0.000
 650  658      0.298      0.285      0.000
 658  650      0.298     -0.868      0.000
 655  657      0.301     -0.467      0.000
 653  662      0.302     -0.085      0.000
 657  660      0.303      0.478      0.000
 654  661      0.303     -0.326      0.000
 661  655      0.304     -0.741      0.000
 663  654      0.304     -0.869      0.000
 660  659      0.306      0.587      0.000
 659  665      0.314      0.111      0.000
 664  663      0.314     -0.674      0.000
 665  664      0.315      0.642      0.000
 662  666      0.317      0.164      0.000
 669  667      0.328      0.505      0.000
 666  672      0.328      0.045      0.000
 668  674      0.333      0.239      0.000
 667  675      0.335      0.030      0.000
 677  669      0.338      0.722      0.000
 676  671      0.338     -0.632      0.000
 670  678      0.338     -0.178      0.000
 679  668      0.338     -0.827      0.000
 671  682      0.340      0.163      0.000
 672  681      0.340      0.189      0.000
 673  680      0.341     -0.296      0.000
 674  676      0.341      0.360      0.000
 684  670      0.342      0.874      0.000
 688  673      0.346      0.812      0.000
 675  687      0.346      0.107      0.000
 683  679      0.348     -0.585      0.000
 685  677      0.348      0.596      0.000
 682  683      0.349      0.497      0.000
 686  686      0.352      0.482      0.000
 678  690      0.353      0.146      0.000
 690  685      0.353     -0.602      0.000
 680  693      0.356      0.079      0.000
 689  688      0.356     -0.464      0.000
 681  695      0.357      0.007      0.000
 692  684      0.358     -0.818      0.000
 691  691      0.360      0.447      0.000
 687  697      0.361      0.087      0.000
 693  689      0.363      0.643      0.000
  -1   -2      0.371      0.824      0.000
 698  694      0.374      0.876      0.000
 697  696      0.374     -0.763      0.000
 694  700      0.374     -0.406      0.000
 695  701      0.381      0.398      0.000
 700  698      0.382     -0.959      0.000
 701  699      0.384      0.825      0.000
 702  704      0.392      0.483      0.000
 706  703      0.392     -0.688      0.000
 707  706      0.396      0.520      0.000
 712  702      0.396     -0.983      0.000
 699  710      0.399      0.141      0.000
 703  709      0.399      0.318      0.000
 710  705      0.399     -0.719      0.000
 708  708      0.401      0.431      0.000
 704  716      0.404      0.047      0.000
 705  715      0.405     -0.200      0.000
 711  712      0.406     -0.468      0.000
 714  707      0.406      0.856      0.000
 709  719      0.411     -0.119      0.000
 716  711      0.414     -0.759      0.000
 713  720      0.415     -0.173      0.000
 718  713      0.415     -0.775      0.000
 719  714      0.417      0.779      0.000
 715  718      0.418      0.449      0.000
 720  717      0.423     -0.738      0.000
 717  724      0.429     -0.167      0.000
 721  729      0.437      0.187      0.000
 730  721      0.437     -0.900      0.000
 729  722      0.437     -0.834      0.000
 722  731      0.439     -0.077      0.000
 727  725      0.441     -0.549      0.000
 723  735      0.442      0.038      0.000
 724  736      0.443      0.049      0.000
 731  723      0.443     -0.782      0.000
 726  734      0.446      0.312      0.000
 725  738      0.447      0.136      0.000
 734  726      0.450      0.836      0.000
 728  740      0.449     -0.274      0.000
 732  733      0.450     -0.987      0.000
 737  727      0.453      0.995      0.000
 738  728      0.454     -0.975      0.000
 736  732      0.455      0.699      0.000
 739  730      0.456      0.950      0.000
 733  741      0.460     -0.082      0.000
 740  739      0.461      0.636      0.000
 744  737      0.462      0.873      0.000
 735  747      0.470     -0.130      0.000
 742  743      0.472      0.407      0.000
 743  744      0.472     -0.431      0.000
 741  746      0.473     -0.333      0.000
 746  742      0.474      0.531      0.000
 748  750      0.482      0.429      0.000
 745  753      0.483      0.024      0.000
 747  752      0.485      0.308      0.000
 751  748      0.486     -0.709      0.000
 754  745      0.486      0.806      0.000
 752  749      0.487     -0.719      0.000
 749  754      0.490     -0.139      0.000
 753  751      0.491     -0.590      0.000
 750  755      0.492      0.067      0.000
 755  760      0.507      0.001      0.000
 756  758      0.507     -0.405      0.000
 761  757      0.512      0.567      0.000
 757  759      0.511     -0.541      0.000
 764  756      0.516      0.749      0.000
 765  761      0.521     -0.583      0.000
 759  765      0.521     -0.140      0.000
 760  767      0.522     -0.127      0.000
 758  768      0.522      0.016      0.000
 762  766      0.523     -0.192      0.000
 766  762      0.525      0.592      0.000
 763  770      0.527      0.251      0.000
 767  763      0.530      0.661      0.000
 770  764      0.533     -0.688      0.000
 771  769      0.537     -0.652      0.000
 775  773      0.543      0.615      0.000
 778  771      0.543     -0.836      0.000
 773  774      0.543     -0.494      0.000
 769  778      0.544      0.218      0.000
 768  780      0.544      0.117      0.000
 781  772      0.545     -0.992      0.000
 777  776      0.548     -0.561      0.000
 772  782      0.548      0.226      0.000
 776  779      0.550      0.437      0.000
 774  786      0.554     -0.103      0.000
 785  775      0.556      0.934      0.000
 786  777      0.557      0.919      0.000
 779  787      0.559      0.303      0.000
 783  784      0.561     -0.548      0.000
 784  785      0.561     -0.556      0.000
 782  788      0.562      0.351      0.000
 787  783      0.563     -0.798      0.000
 780  790      0.563      0.086      0.000
 788  781      0.563     -0.910      0.000
 790  789      0.575      0.869      0.000
 789  795      0.582      0.460      0.000
 794  791      0.583      0.851      0.000
 791  794      0.584     -0.587      0.000
 796  792      0.585     -0.992      0.000
 795  793      0.586     -0.783      0.000
 792  796      0.590      0.470      0.000
 793  799      0.595     -0.385      0.000
 799  797      0.599     -0.612      0.000
 801  798      0.603      0.639      0.000
 797  802      0.606      0.194      0.000
 802  800      0.608     -0.634      0.000
 798  804      0.609      0.042      0.000
 804  801      0.612      0.663      0.000
 800  805      0.613     -0.108      0.000
 807  803      0.616     -0.588      0.000
 803  806      0.619     -0.215      0.000
 805  811      0.625      0.051      0.000
 806  810      0.624     -0.248      0.000
 808  815      0.631     -0.193      0.000
 809  809      0.633      0.606      0.000
 812  807      0.634      0.733      0.000
 814  808      0.637     -0.901      0.000
 811  816      0.641      0.437      0.000
 810  819      0.643     -0.315      0.000
 817  812      0.644      0.889      0.000
 816  813      0.644      0.737      0.000
 818  814      0.647     -0.908      0.000
  -1   -2      0.651     -0.317      0.000
 813  824      0.652     -0.077      0.000
 821  817      0.653     -0.892      0.000
 820  818      0.655      0.805      0.000
 822  820      0.659     -0.728      0.000
 826  821      0.662      0.942      0.000
 819  826      0.663      0.278      0.000
 827  823      0.665      0.688      0.000
 824  825      0.665     -0.602      0.000
 823  827      0.668     -0.462      0.000
 825  832      0.677      0.051      0.000
 832  828      0.678      0.957      0.000
 829  830      0.679     -0.350      0.000
 828  834      0.680     -0.061      0.000
 830  836      0.684     -0.133      0.000
 833  829      0.686     -0.676      0.000
 831  837      0.687     -0.180      0.000
 834  831      0.689      0.739      0.000
 835  833      0.692      0.663      0.000
 842  835      0.698     -0.907      0.000
 838  840      0.700     -0.987      0.000
 843  838      0.702      0.779      0.000
 839  843      0.703      0.457      0.000
 836  846      0.704      0.056      0.000
 844  839      0.704     -0.746      0.000
 840  842      0.704      0.495      0.000
 837  847      0.704      0.042      0.000
 845  841      0.706      0.629      0.000
 841  848      0.710      0.343      0.000
 846  845      0.711      0.490      0.000
 849  844      0.712      0.835      0.000
 848  849      0.716      0.518      0.000
 847  855      0.719      0.171      0.000
 851  852      0.722     -0.702      0.000
 854  851      0.724     -0.864      0.000
 855  850      0.724     -0.927      0.000
 853  853      0.725      0.738      0.000
 856  854      0.728      0.780      0.000
 857  857      0.730     -0.714      0.000
 858  856      0.732      0.865      0.000
 850  861      0.732      0.026      0.000
 852  860      0.732      0.238      0.000
 861  858      0.732     -0.877      0.000
 862  859      0.737     -0.836      0.000
 859  862      0.739     -0.467      0.000
 860  865      0.745     -0.223      0.000
 866  863      0.747      0.891      0.000
 864  864      0.749     -0.536      0.000
 863  867      0.754      0.141      0.000
 865  872      0.757     -0.159      0.000
 872  866      0.758     -0.874      0.000
 867  873      0.760     -0.193      0.000
 869  874      0.761     -0.250      0.000
 868  875      0.761      0.106      0.000
 870  876      0.762      0.129      0.000
 873  869      0.765      0.732      0.000
 874  868      0.765     -0.813      0.000
 871  877      0.765      0.277      0.000
 876  870      0.767     -0.941      0.000
 877  871      0.768     -0.876      0.000
 875  878      0.774     -0.475      0.000
 884  879      0.781     -0.798      0.000
 878  885      0.782      0.080      0.000
  -1   -2      0.782     -0.675      0.000
 885  880      0.783      0.826      0.000
 879  884      0.783     -0.377      0.000
 883  882      0.783     -0.663      0.000
 887  883      0.786      0.696      0.000
 880  888      0.789     -0.121      0.000
 881  887      0.789     -0.204      0.000
 886  889      0.791      0.255      0.000
 888  890      0.795     -0.421      0.000
 889  891      0.796      0.473      0.000
 892  886      0.797      0.967      0.000
 891  895      0.800      0.520      0.000
 894  893      0.802     -0.994      0.000
 897  892      0.802     -0.947      0.000
 896  894      0.804      0.878      0.000
 890  898      0.803      0.136      0.000
 899  897      0.808      0.541      0.000
 893  904      0.809      0.093      0.000
 895  902      0.811      0.305      0.000
 903  896      0.811      0.911      0.000
 901  900      0.812     -0.549      0.000
 904  899      0.813      0.796      0.000
  -1   -2      0.814      0.317      0.000
 898  907      0.814     -0.085      0.000
 902  905      0.815     -0.526      0.000
 905  903      0.816      0.617      0.000
 907  901      0.816     -0.795      0.000
 906  912      0.824      0.048      0.000
 908  910      0.826      0.439      0.000
 913  908      0.828      0.894      0.000
 911  909      0.828      0.640      0.000
 912  911      0.830      0.570      0.000
 910  914      0.831      0.405      0.000
 909  917      0.833     -0.228      0.000
 917  916      0.837      0.698      0.000
 919  915      0.837      0.949      0.000
 914  921      0.839     -0.072      0.000
 915  920      0.840     -0.295      0.000
 918  919      0.840     -0.461      0.000
 916  923      0.842      0.031      0.000
 920  918      0.843      0.751      0.000
 922  924      0.848     -0.536      0.000
 923  922      0.849      0.851      0.000
 921  926      0.850      0.251      0.000
 924  925      0.853      0.897      0.000
 927  927      0.858     -0.812      0.000
  -1   -2      0.860      0.720      0.000
 925  930      0.862     -0.028      0.000
 926  933      0.863      0.019      0.000
 929  931      0.865      0.307      0.000
 933  929      0.866      0.711      0.000
 931  932      0.866      0.415      0.000
 930  934      0.867     -0.309      0.000
 932  935      0.869      0.033      0.000
 934  936      0.876      0.638      0.000
 936  937      0.877     -0.737      0.000
 935  940      0.881     -0.016      0.000
 938  938      0.884     -0.722      0.000
 939  939      0.886      0.693      0.000
 937  944      0.887      0.348      0.000
 943  941      0.888      0.874      0.000
 940  942      0.887     -0.560      0.000
 942  943      0.888      0.608      0.000
  -1   -2      0.891      0.358      0.000
 944  945      0.891      0.488      0.000
 945  947      0.895     -0.727      0.000
 946  948      0.898     -0.667      0.000
 947  949      0.903      0.197      0.000
 948  950      0.903     -0.042      0.000
 949  952      0.906      0.334      0.000
 950  951      0.907     -0.550      0.000
 951  955      0.912     -0.126      0.000
 952  957      0.913     -0.283      0.000
 955  954      0.915     -0.746      0.000
 956  953      0.915     -0.945      0.000
 953  960      0.916      0.041      0.000
 954  958      0.916     -0.442      0.000
 958  956      0.916     -0.957      0.000
 960  959      0.918     -0.913      0.000
 957  962      0.920     -0.054      0.000
 959  963      0.921      0.081      0.000
 961  961      0.922      0.337      0.000
 962  964      0.924      0.553      0.000
 963  965      0.925     -0.977      0.000
 964  966      0.931     -0.625      0.000
 965  967      0.935     -0.406      0.000
 967  968      0.938     -0.363      0.000
 966  969      0.938     -0.221      0.000
 968  971      0.945     -0.172      0.000
 969  970      0.946      0.540      0.000
 971  972      0.950      0.932      0.000
 970  974      0.949     -0.987      0.000
 972  973      0.950      0.884      0.000
 974  975      0.955      0.784      0.000
 975  976      0.954     -0.870      0.000
 973  977      0.955      0.283      0.000
 976  978      0.956     -0.600      0.000
 977  979      0.965     -0.744      0.000
 978  980      0.968      0.849      0.000
 979  981      0.969     -0.685      0.000
 980  982      0.971      0.509      0.000
 981  983      0.977     -0.229      0.000
 982  984      0.980      0.472      0.000
 983  985      0.980     -0.518      0.000
 984  987      0.983      0.735      0.000
 985  986      0.982     -0.887      0.000
 986  988      0.985      0.970      0.000
 988  991      0.986      0.657      0.000
 989  989      0.987      0.765      0.000
 990  990      0.986     -0.819      0.000
 987  992      0.986     -0.363      0.000
  -1   -2      0.990      0.414      0.000
 993  994      0.991      0.404      0.000
 992  995      0.992      0.030      0.000
