997
  -1    1     -0.998      0.604      0.000
   1   -2     -0.998      0.594      0.000
   2    2     -0.996     -0.601      0.000
   4    4     -0.995     -0.463      0.000
   3    3     -0.995     -0.087      0.000
   7    5     -0.994      0.424      0.000
   6    6     -0.992     -0.966      0.000
   5    7     -0.994      0.926      0.000
  10    8     -0.988     -0.549      0.000
  11   10     -0.989      0.952      0.000
   8   11     -0.989      0.452      0.000
  15   12     -0.989      0.701      0.000
   9   13     -0.988     -0.049      0.000
  14   14     -0.987     -0.799      0.000
  13   16     -0.988     -0.299      0.000
  12   15     -0.988      0.201      0.000
  16    9     -0.988     -0.144      0.000
  17   17     -0.981     -0.180      0.000
  18   21     -0.977     -0.880      0.000
  19   18     -0.977      0.710      0.000
  20   19     -0.976      0.514      0.000
  22   20     -0.973      0.141      0.000
  21   -2     -0.971     -0.881      0.000
  24   22     -0.967      0.389      0.000
  23   24     -0.966      0.893      0.000
  25   23     -0.965     -0.120      0.000
  26   25     -0.960      0.551      0.000
  27   26     -0.957      0.215      0.000
  29   28     -0.955      0.404      0.000
  30   27     -0.954      0.197      0.000
  28   32     -0.954      0.614      0.000
  32   29     -0.953     -0.123      0.000
  33   30     -0.952     -0.023      0.000
  36   31     -0.951     -0.293      0.000
  31   36     -0.950     -0.858      0.000
  34   34     -0.949     -0.567      0.000
  35   33     -0.949     -0.525      0.000
  37   35     -0.948     -0.471      0.000
  38   38     -0.943      0.862      0.000
  39   37     -0.939     -0.268      0.000
  41   39     -0.936     -0.135      0.000
  42   40     -0.936     -0.074      0.000
  40   41     -0.936      0.382      0.000
  43   43     -0.928      0.484      0.000
  47   42     -0.926      0.092      0.000
  44   44     -0.924     -0.784      0.000
  45   45     -0.922     -0.868      0.000
  46   46     -0.921     -0.986      0.000
  48   49     -0.919      0.689      0.000
  51   47     -0.916      0.297      0.000
  52   48     -0.916      0.248      0.000
  49   50     -0.915     -0.725      0.000
  50   52     -0.913      0.753      0.000
  53   57     -0.910      0.809      0.000
  54   58     -0.908     -0.781      0.000
  56   54     -0.907     -0.516      0.000
  55   59     -0.906     -0.893      0.000
  58   51     -0.906      0.042      0.000
  -1   -2     -0.906      0.472      0.000
  59   53     -0.905      0.090      0.000
  60   55     -0.904     -0.173      0.000
  61   61     -0.901      0.455      0.000
  63   60     -0.898      0.173      0.000
  64   62     -0.898      0.215      0.000
  62   63     -0.896     -0.571      0.000
  65   65     -0.893     -0.477      0.000
  67   64     -0.892      0.102      0.000
  66   67     -0.886     -0.941      0.000
  68   66     -0.884     -0.350      0.000
  70   68     -0.878      0.430      0.000
  69   69     -0.876     -0.573      0.000
  -1   -2     -0.875      0.546      0.000
  74   70     -0.872      0.388      0.000
  72   71     -0.871      0.541      0.000
  76   73     -0.868      0.320      0.000
  73   75     -0.867     -0.748      0.000
  77   74     -0.867      0.268      0.000
  78   72     -0.867     -0.111      0.000
  75   78     -0.862     -0.801      0.000
  80   76     -0.859     -0.326      0.000
  79   77     -0.859      0.470      0.000
  81   79     -0.851     -0.137      0.000
  82   81     -0.846      0.510      0.000
  87   80     -0.841     -0.155      0.000
  83   84     -0.837     -0.839      0.000
  85   83     -0.837      0.697      0.000
  84   87     -0.836      0.890      0.000
  86   86     -0.833     -0.728      0.000
  91   82     -0.830     -0.214      0.000
  92   88     -0.826     -0.397      0.000
  93   85     -0.825      0.092      0.000
  89   93     -0.824     -0.770      0.000
  90   92     -0.825      0.592      0.000
  88   95     -0.825      0.950      0.000
  95   89     -0.819      0.035      0.000
  96   90     -0.817     -0.173      0.000
  97   91     -0.817     -0.032      0.000
  98   94     -0.813     -0.118      0.000
  94   98     -0.807     -0.974      0.000
 100   96     -0.806      0.383      0.000
 101  100     -0.798     -0.988      0.000
  99  105     -0.798      0.828      0.000
 103   97     -0.796      0.115      0.000
 104   99     -0.793      0.011      0.000
 102  103     -0.793      0.418      0.000
 107  101     -0.790     -0.093      0.000
 106  102     -0.790      0.170      0.000
 110  104     -0.785     -0.015      0.000
 111  106     -0.783     -0.226      0.000
 109  109     -0.783      0.355      0.000
 112  107     -0.782      0.071      0.000
 108  110     -0.780     -0.649      0.000
 105  115     -0.780      0.853      0.000
 114  108     -0.779     -0.069      0.000
 113  111     -0.776     -0.475      0.000
 118  116     -0.771      0.412      0.000
 120  112     -0.770     -0.122      0.000
 117  117     -0.770      0.438      0.000
 115  120     -0.770      0.576      0.000
 121  113     -0.769      0.143      0.000
 122  114     -0.766     -0.052      0.000
 116  122     -0.766      0.761      0.000
 123  119     -0.763      0.249      0.000
 127  118     -0.761      0.082      0.000
 119  125     -0.760      0.807      0.000
 129  121     -0.758      0.165      0.000
 125  126     -0.753     -0.605      0.000
 130  124     -0.753      0.439      0.000
 126  130     -0.750      0.727      0.000
 131  123     -0.749     -0.241      0.000
 124  132     -0.750      0.916      0.000
 128  131     -0.747     -0.752      0.000
 132  129     -0.744      0.404      0.000
 133  128     -0.742     -0.298      0.000
 134  127     -0.740     -0.130      0.000
 136  133     -0.733     -0.308      0.000
 135  135     -0.727      0.588      0.000
 137  138     -0.724      0.637      0.000
 139  134     -0.723      0.384      0.000
 138  144     -0.719      0.784      0.000
 142  136     -0.718     -0.423      0.000
 140  141     -0.717     -0.670      0.000
 145  139     -0.715      0.342      0.000
 150  137     -0.713      0.067      0.000
 148  142     -0.710     -0.394      0.000
 144  146     -0.710      0.539      0.000
  -1   -2     -0.709     -0.672      0.000
 141  151     -0.708      0.848      0.000
 151  145     -0.707     -0.373      0.000
 156  140     -0.707     -0.012      0.000
 147  148     -0.706      0.518      0.000
 157  143     -0.705     -0.179      0.000
 146  155     -0.702      0.799      0.000
 149  154     -0.702      0.680      0.000
 155  149     -0.700     -0.449      0.000
 160  150     -0.697     -0.346      0.000
 162  152     -0.697      0.343      0.000
 159  153     -0.696      0.401      0.000
 153  157     -0.694     -0.715      0.000
 158  156     -0.694      0.524      0.000
 154  161     -0.693      0.759      0.000
 152  162     -0.691      0.907      0.000
 166  159     -0.688      0.489      0.000
 168  160     -0.686      0.434      0.000
 161  164     -0.686      0.820      0.000
 163  167     -0.684      0.897      0.000
 164  168     -0.682     -0.896      0.000
 165  165     -0.682     -0.756      0.000
 172  158     -0.681     -0.220      0.000
 167  173     -0.676     -0.974      0.000
 169  172     -0.676      0.781      0.000
 171  171     -0.674     -0.676      0.000
 177  163     -0.672     -0.136      0.000
 170  174     -0.672      0.991      0.000
 179  166     -0.668     -0.196      0.000
 173  175     -0.666     -0.711      0.000
 180  170     -0.665      0.255      0.000
 183  169     -0.665     -0.044      0.000
 174  178     -0.664      0.757      0.000
 175  177     -0.663      0.658      0.000
 176  182     -0.657     -0.827      0.000
 181  179     -0.657      0.513      0.000
 184  176     -0.654     -0.349      0.000
 178  184     -0.652      0.990      0.000
 186  181     -0.649     -0.426      0.000
 182  186     -0.648     -0.885      0.000
 191  180     -0.645      0.080      0.000
 187  188     -0.640      0.513      0.000
 189  187     -0.639     -0.523      0.000
 185  193     -0.638     -0.994      0.000
 188  191     -0.636      0.624      0.000
 195  183     -0.635      0.056      0.000
 197  185     -0.632     -0.139      0.000
 190  198     -0.629      0.948      0.000
 201  189     -0.628      0.148      0.000
 199  190     -0.628     -0.238      0.000
 196  194     -0.627      0.435      0.000
 192  197     -0.627      0.704      0.000
 193  196     -0.626      0.611      0.000
 205  192     -0.622     -0.191      0.000
 198  200     -0.620     -0.632      0.000
 206  195     -0.619      0.232      0.000
 194  204     -0.619      0.929      0.000
 203  201     -0.615     -0.588      0.000
 200  202     -0.615     -0.703      0.000
 208  199     -0.613     -0.349      0.000
 202  206     -0.612      0.704      0.000
 207  203     -0.611      0.491      0.000
 204  209     -0.607      0.959      0.000
 211  208     -0.603      0.488      0.000
 209  210     -0.602      0.700      0.000
 216  205     -0.601     -0.286      0.000
 212  211     -0.596     -0.596      0.000
 221  207     -0.596     -0.180      0.000
 210  212     -0.595     -0.844      0.000
  -1   -2     -0.593      0.705      0.000
 214  215     -0.592      0.718      0.000
 218  216     -0.589      0.646      0.000
  -1   -2     -0.588      0.956      0.000
 223  214     -0.587      0.488      0.000
 219  217     -0.586      0.574      0.000
 217  222     -0.586      0.806      0.000
 222  219     -0.584      0.586      0.000
 220  227     -0.577     -0.989      0.000
 224  218     -0.578     -0.397      0.000
 225  224     -0.574      0.458      0.000
 233  220     -0.570     -0.155      0.000
 234  223     -0.568      0.201      0.000
 231  228     -0.566      0.455      0.000
 226  229     -0.565     -0.734      0.000
 236  225     -0.563      0.146      0.000
 238  226     -0.560     -0.200      0.000
 227  235     -0.561      0.827      0.000
 232  230     -0.560      0.618      0.000
 228  234     -0.560      0.768      0.000
 230  237     -0.558      0.748      0.000
 229  240     -0.556      0.934      0.000
 237  232     -0.553     -0.514      0.000
 235  243     -0.551      0.777      0.000
 239  239     -0.549     -0.988      0.000
 240  236     -0.549      0.438      0.000
 244  231     -0.545      0.123      0.000
 247  233     -0.543      0.023      0.000
 249  238     -0.541     -0.181      0.000
 245  241     -0.540      0.288      0.000
 241  248     -0.537     -0.743      0.000
 243  246     -0.535     -0.606      0.000
 250  245     -0.534     -0.475      0.000
 253  242     -0.534      0.044      0.000
 254  244     -0.532      0.184      0.000
 242  252     -0.531      0.989      0.000
 248  250     -0.530      0.590      0.000
 257  247     -0.525      0.234      0.000
 246  253     -0.525      0.883      0.000
 256  251     -0.522     -0.494      0.000
 251  255     -0.521     -0.912      0.000
 252  254     -0.521     -0.793      0.000
 261  249     -0.520      0.026      0.000
 255  257     -0.514      0.818      0.000
 258  256     -0.514      0.591      0.000
 259  259     -0.504     -0.825      0.000
 260  261     -0.503      0.788      0.000
 262  265     -0.497     -0.846      0.000
 267  260     -0.494      0.426      0.000
 265  262     -0.493     -0.481      0.000
 263  267     -0.493     -0.873      0.000
 270  258     -0.488     -0.082      0.000
 266  268     -0.488     -0.668      0.000
 264  271     -0.486      0.735      0.000
 271  263     -0.485      0.055      0.000
 272  264     -0.483      0.020      0.000
 268  272     -0.480      0.900      0.000
 276  266     -0.477     -0.057      0.000
 269  275     -0.473     -0.731      0.000
 278  270     -0.471     -0.192      0.000
 279  269     -0.471     -0.141      0.000
 275  273     -0.468      0.450      0.000
 273  277     -0.468      0.613      0.000
 277  276     -0.467      0.473      0.000
 274  278     -0.465      0.659      0.000
 282  274     -0.463      0.282      0.000
 280  279     -0.453      0.649      0.000
 281  283     -0.448      0.867      0.000
 283  287     -0.441      0.950      0.000
 288  281     -0.440      0.326      0.000
 291  280     -0.439     -0.178      0.000
 289  282     -0.438     -0.410      0.000
 286  286     -0.437     -0.648      0.000
 284  289     -0.436      0.768      0.000
 290  284     -0.435      0.375      0.000
 285  291     -0.432     -0.936      0.000
 287  293     -0.430     -0.916      0.000
 292  290     -0.428      0.532      0.000
 295  285     -0.425     -0.030      0.000
 293  292     -0.423      0.540      0.000
 294  294     -0.420     -0.570      0.000
 297  288     -0.419      0.014      0.000
 296  296     -0.412      0.427      0.000
 299  295     -0.410     -0.083      0.000
  -1   -2     -0.398     -0.045      0.000
 298  304     -0.396      0.729      0.000
 301  301     -0.395     -0.524      0.000
 305  298     -0.393     -0.188      0.000
 304  299     -0.392     -0.239      0.000
 307  300     -0.391     -0.201      0.000
 308  302     -0.389      0.199      0.000
 300  308     -0.388     -0.902      0.000
 310  303     -0.385     -0.045      0.000
 303  307     -0.383     -0.648      0.000
 309  305     -0.383     -0.484      0.000
 313  306     -0.376     -0.190      0.000
 306  312     -0.376      0.981      0.000
 314  311     -0.368     -0.443      0.000
 315  309     -0.368     -0.356      0.000
 312  315     -0.364     -0.721      0.000
 311  317     -0.365      0.744      0.000
  -1   -2     -0.364     -0.043      0.000
 318  313     -0.359      0.188      0.000
 321  314     -0.356     -0.288      0.000
 316  321     -0.352     -0.684      0.000
 325  316     -0.351     -0.037      0.000
 324  320     -0.349     -0.372      0.000
 320  323     -0.349      0.596      0.000
 328  318     -0.348      0.102      0.000
 327  319     -0.347      0.171      0.000
 319  325     -0.347     -0.740      0.000
 326  324     -0.343      0.384      0.000
 323  329     -0.342     -0.716      0.000
 322  333     -0.340      0.791      0.000
 335  322     -0.340     -0.173      0.000
 332  330     -0.336      0.442      0.000
 330  334     -0.334      0.623      0.000
 339  326     -0.334     -0.066      0.000
 338  327     -0.334     -0.281      0.000
 331  335     -0.332     -0.682      0.000
 337  331     -0.332      0.327      0.000
 333  336     -0.331      0.587      0.000
 329  338     -0.331      0.980      0.000
  -1   -2     -0.330      0.019      0.000
 334  337     -0.328      0.683      0.000
 336  339     -0.326      0.629      0.000
 343  332     -0.326      0.025      0.000
 341  342     -0.319      0.537      0.000
 342  344     -0.313      0.743      0.000
 346  340     -0.312     -0.127      0.000
 348  341     -0.310     -0.117      0.000
 349  343     -0.305     -0.308      0.000
 344  346     -0.305      0.933      0.000
 345  348     -0.300      0.788      0.000
 350  345     -0.298     -0.989      0.000
 347  352     -0.297      0.894      0.000
 354  347     -0.294      0.352      0.000
 355  349     -0.292      0.407      0.000
 352  353     -0.290     -0.689      0.000
 353  351     -0.290     -0.565      0.000
 351  354     -0.290      0.839      0.000
  -1   -2     -0.285      0.174      0.000
 356  356     -0.285      0.697      0.000
 357  361     -0.281      0.860      0.000
 363  355     -0.275     -0.126      0.000
 364  357     -0.274      0.176      0.000
 362  359     -0.273      0.245      0.000
 360  360     -0.273     -0.328      0.000
 365  358     -0.271     -0.075      0.000
 359  362     -0.270      0.515      0.000
 361  365     -0.263     -0.825      0.000
 369  363     -0.262      0.190      0.000
 370  364     -0.261      0.212      0.000
 366  366     -0.260     -0.669      0.000
 367  368     -0.258      0.689      0.000
 368  371     -0.254      0.744      0.000
 371  372     -0.251      0.620      0.000
 372  374     -0.249     -0.673      0.000
 373  370     -0.249     -0.532      0.000
 376  367     -0.249      0.128      0.000
 377  369     -0.249      0.198      0.000
 375  375     -0.245      0.445      0.000
 374  378     -0.244     -0.762      0.000
 379  373     -0.242     -0.012      0.000
 381  376     -0.238     -0.166      0.000
 382  379     -0.235     -0.290      0.000
 384  377     -0.234     -0.061      0.000
 378  381     -0.234     -0.792      0.000
 380  382     -0.230      0.767      0.000
 386  380     -0.229     -0.502      0.000
 383  386     -0.225      0.726      0.000
 389  384     -0.223     -0.647      0.000
 385  388     -0.223      0.975      0.000
 391  383     -0.222     -0.524      0.000
 387  389     -0.222      0.867      0.000
 388  390     -0.220      0.881      0.000
 393  385     -0.219     -0.429      0.000
 390  392     -0.217     -0.882      0.000
 392  394     -0.216     -0.936      0.000
 395  387     -0.215     -0.407      0.000
 394  395     -0.213     -0.754      0.000
 396  393     -0.212      0.497      0.000
 399  391     -0.210     -0.318      0.000
 398  396     -0.207      0.473      0.000
 397  401     -0.207      0.818      0.000
 400  397     -0.205     -0.595      0.000
  -1   -2     -0.203     -0.586      0.000
 403  400     -0.199      0.236      0.000
 405  398     -0.198      0.083      0.000
 402  405     -0.195     -0.888      0.000
 407  404     -0.191     -0.486      0.000
 404  406     -0.191     -0.697      0.000
 408  403     -0.190     -0.345      0.000
 406  407     -0.190      0.594      0.000
 409  402     -0.190     -0.066      0.000
 411  408     -0.179     -0.346      0.000
 410  413     -0.176      0.835      0.000
 413  409     -0.175     -0.188      0.000
 412  414     -0.171     -0.589      0.000
 415  411     -0.171     -0.147      0.000
 417  410     -0.171     -0.075      0.000
 418  412     -0.168     -0.046      0.000
 416  416     -0.167      0.525      0.000
  -1   -2     -0.167      0.517      0.000
 419  415     -0.165     -0.176      0.000
 421  419     -0.156      0.700      0.000
 420  420     -0.156      0.809      0.000
 423  418     -0.153      0.198      0.000
 422  421     -0.152     -0.571      0.000
 424  422     -0.146     -0.040      0.000
 425  423     -0.140      0.537      0.000
 426  425     -0.133     -0.722      0.000
 427  424     -0.131      0.212      0.000
 430  426     -0.123      0.296      0.000
 428  428     -0.121      0.654      0.000
 433  427     -0.120      0.270      0.000
  -1   -2     -0.119      0.644      0.000
 429  433     -0.119      0.944      0.000
 432  432     -0.118     -0.664      0.000
 434  430     -0.117     -0.393      0.000
 435  429     -0.117     -0.317      0.000
 437  434     -0.112     -0.367      0.000
 438  438     -0.111     -0.454      0.000
 441  435     -0.111     -0.058      0.000
 436  439     -0.110      0.884      0.000
 440  437     -0.110      0.245      0.000
 439  436     -0.110     -0.276      0.000
 442  440     -0.104      0.387      0.000
 443  441     -0.102     -0.608      0.000
 444  442     -0.101      0.545      0.000
 445  443     -0.099      0.988      0.000
 446  444     -0.094     -0.715      0.000
 448  445     -0.091     -0.361      0.000
 447  446     -0.090      0.726      0.000
 449  448     -0.087     -0.949      0.000
 450  449     -0.086     -0.752      0.000
 451  447     -0.086      0.300      0.000
 454  450     -0.083     -0.242      0.000
 453  451     -0.081     -0.651      0.000
 452  452     -0.081     -0.960      0.000
 455  453     -0.076     -0.434      0.000
 458  454     -0.073      0.022      0.000
 457  455     -0.073     -0.069      0.000
 456  456     -0.071     -0.847      0.000
 459  457     -0.069      0.628      0.000
 460  458     -0.068     -0.861      0.000
 461  459     -0.066     -0.552      0.000
 462  461     -0.065      0.833      0.000
 463  460     -0.064      0.548      0.000
 464  462     -0.058      0.364      0.000
 465  463     -0.057     -0.012      0.000
 468  464     -0.055     -0.317      0.000
 467  465     -0.055     -0.582      0.000
 466  466     -0.055     -0.710      0.000
 469  467     -0.054      0.613      0.000
 470  468     -0.051     -0.776      0.000
 472  469     -0.051     -0.617      0.000
 471  470     -0.050     -0.942      0.000
 474  471     -0.049     -0.987      0.000
 473  472     -0.049      0.937      0.000
 475  473     -0.046      0.474      0.000
 476  474     -0.044     -0.071      0.000
 479  475     -0.042      0.113      0.000
 477  477     -0.042      0.680      0.000
 480  476     -0.042      0.086      0.000
 478  479     -0.041      0.834      0.000
 481  478     -0.041     -0.124      0.000
 482  480     -0.039     -0.898      0.000
 483  481     -0.037      0.520      0.000
 484  482     -0.037      0.334      0.000
 486  483     -0.036     -0.615      0.000
 485  484     -0.036      0.884      0.000
 487  485     -0.034      0.957      0.000
 488  486     -0.033     -0.691      0.000
 489  487     -0.033      0.146      0.000
 490  488     -0.032      0.373      0.000
 491  489     -0.031     -0.391      0.000
 492  490     -0.029      0.201      0.000
 493  491     -0.028      0.249      0.000
 494  492     -0.026      0.043      0.000
 495  494     -0.024     -0.582      0.000
 496  493     -0.024     -0.780      0.000
 497  495     -0.023     -0.667      0.000
 498  496     -0.021     -0.617      0.000
 499  497     -0.021      0.761      0.000
 500  498     -0.019      0.391      0.000
  -1   -2     -0.016     -0.663      0.000
 502  500     -0.015     -0.820      0.000
 503  501     -0.012     -0.750      0.000
 505  502     -0.011     -0.771      0.000
 504  503     -0.011      0.093      0.000
 506  504     -0.007      0.990      0.000
 507  505     -0.005     -0.345      0.000
 508  506     -0.001      0.370      0.000
 509  507     -0.001     -0.545      0.000
 510  508      0.001      0.112      0.000
 511  509      0.002     -0.167      0.000
 512  510      0.003     -0.133      0.000
 513  511      0.007     -0.294      0.000
 515  512      0.009     -0.485      0.000
 514  513      0.010      0.219      0.000
 516  514      0.013      0.161      0.000
 517  516      0.016     -0.296      0.000
 518  515      0.016      0.671      0.000
 519  517      0.023      0.274      0.000
 520  519      0.025      0.019      0.000
 521  518      0.027     -0.823      0.000
 524  521      0.033      0.858      0.000
 523  520      0.033      0.817      0.000
 522  523      0.034      0.497      0.000
 525  522      0.035     -0.808      0.000
 528  524      0.039      0.685      0.000
 527  526      0.040      0.452      0.000
 526  527      0.041      0.099      0.000
 529  525      0.041      0.810      0.000
 530  528      0.044     -0.555      0.000
 531  529      0.046     -0.645      0.000
 532  530      0.057     -0.416      0.000
 533  534      0.060     -0.069      0.000
 535  532      0.061      0.291      0.000
 536  533      0.061      0.328      0.000
 534  535      0.062      0.095      0.000
 537  531      0.062      0.524      0.000
  -1   -2      0.067      0.322      0.000
 538  537      0.069     -0.065      0.000
 540  539      0.070      0.138      0.000
 541  538      0.070     -0.253      0.000
 542  541      0.073      0.039      0.000
 543  540      0.073     -0.535      0.000
 544  543      0.076     -0.288      0.000
 547  542      0.079     -0.801      0.000
 545  545      0.081      0.107      0.000
 546  546      0.083     -0.267      0.000
 549  544      0.084     -0.873      0.000
 548  547      0.086     -0.557      0.000
 551  548      0.089     -0.986      0.000
 550  549      0.093      0.416      0.000
 552  551      0.098     -0.037      0.000
 556  550      0.098     -0.736      0.000
 553  552      0.098      0.096      0.000
 555  553      0.102      0.186      0.000
 554  554      0.102     -0.010      0.000
 557  555      0.106     -0.294      0.000
 558  556      0.109      0.390      0.000
 561  557      0.114      0.786      0.000
 562  558      0.115      0.829      0.000
 559  564      0.116      0.128      0.000
 560  563      0.116     -0.222      0.000
 564  559      0.118      0.911      0.000
 563  561      0.120     -0.657      0.000
 565  562      0.121      0.774      0.000
 566  560      0.122     -0.959      0.000
 569  565      0.125     -0.915      0.000
 567   -2      0.127     -0.630      0.000
  -1  566      0.128     -0.615      0.000
 571  568      0.133      0.470      0.000
 570  572      0.135      0.227      0.000
 574  569      0.136      0.652      0.000
 582  570      0.140     -0.988      0.000
 572  574      0.141      0.127      0.000
 578  573      0.142     -0.690      0.000
 573  575      0.142     -0.204      0.000
 584  571      0.143      0.954      0.000
 576  576      0.143     -0.299      0.000
 575  579      0.144      0.115      0.000
 580  577      0.146      0.393      0.000
 581  580      0.147     -0.410      0.000
 577  582      0.147     -0.118      0.000
 586  578      0.148      0.507      0.000
 579  584      0.150      0.070      0.000
 583  585      0.151      0.241      0.000
 585  583      0.151      0.263      0.000
 587  587      0.156     -0.146      0.000
 591  581      0.157     -0.943      0.000
 589  586      0.160     -0.577      0.000
 590  590      0.163     -0.467      0.000
 588  591      0.163      0.184      0.000
  -1   -2      0.164     -0.622      0.000
 597  589      0.167     -0.762      0.000
 595  594      0.170     -0.276      0.000
 598  592      0.171     -0.630      0.000
 593  596      0.171     -0.135      0.000
 594  597      0.172      0.016      0.000
 596  602      0.174     -0.018      0.000
 599  593      0.174     -0.577      0.000
 600  595      0.176      0.580      0.000
 602  601      0.180     -0.595      0.000
 601  605      0.183      0.265      0.000
 605  598      0.183      0.888      0.000
 607  599      0.184     -0.984      0.000
 606  600      0.184     -0.926      0.000
 603  604      0.184      0.495      0.000
 604  603      0.186      0.647      0.000
 609  606      0.193      0.825      0.000
 608  608      0.197      0.413      0.000
 612  607      0.199     -0.921      0.000
  -1  609      0.201     -0.988      0.000
 613  610      0.204     -0.630      0.000
  -1   -2      0.206     -0.988      0.000
 611  615      0.208     -0.313      0.000
 610  617      0.208     -0.103      0.000
 616  611      0.209      0.959      0.000
 614  616      0.212     -0.454      0.000
 617  612      0.212      0.848      0.000
 621  613      0.215     -0.992      0.000
 622  614      0.216     -0.956      0.000
 623  618      0.220     -0.762      0.000
 618  621      0.225      0.145      0.000
 624  619      0.225      0.490      0.000
 619  620      0.225     -0.343      0.000
 620  623      0.229      0.062      0.000
 625  625      0.233      0.043      0.000
 626  627      0.236      0.209      0.000
 632  622      0.238      0.911      0.000
 627  628      0.241     -0.503      0.000
 633  624      0.243      0.656      0.000
 631  630      0.247      0.351      0.000
 628  632      0.248     -0.213      0.000
 640  626      0.248      0.905      0.000
 637  629      0.249     -0.692      0.000
 629  638      0.250      0.013      0.000
 630  637      0.251      0.136      0.000
 635  633      0.251     -0.391      0.000
 636  639      0.254      0.203      0.000
 634  640      0.255      0.101      0.000
 642  634      0.257     -0.638      0.000
 645  631      0.258     -0.962      0.000
 644  635      0.259     -0.718      0.000
 638  643      0.260      0.111      0.000
 639  642      0.260      0.233      0.000
 646  636      0.261      0.751      0.000
 641  644      0.262      0.180      0.000
 643  646      0.265      0.291      0.000
 647  641      0.267      0.642      0.000
 649  648      0.272      0.458      0.000
 650  649      0.274     -0.496      0.000
 648  650      0.275     -0.349      0.000
 651  645      0.277      0.881      0.000
 653  647      0.278     -0.956      0.000
 656  651      0.286      0.719      0.000
 654  652      0.287     -0.692      0.000
 655  655      0.291     -0.537      0.000
 652  658      0.292      0.058      0.000
 661  653      0.293      0.769      0.000
 659  656      0.293     -0.629      0.000
 660  657      0.297      0.534      0.000
 665  654      0.298      0.963      0.000
 657  659      0.300      0.167      0.000
 658  660      0.301     -0.135      0.000
 662  664      0.307     -0.228      0.000
 664  661      0.308      0.417      0.000
 663  665      0.311     -0.196      0.000
 667  662      0.312      0.543      0.000
 670  663      0.314      0.591      0.000
 666  667      0.321     -0.085      0.000
 668  668      0.323     -0.187      0.000
 669  669      0.324      0.045      0.000
 672  666      0.325      0.741      0.000
 671  670      0.325      0.056      0.000
 675  672      0.338     -0.453      0.000
 673  680      0.340     -0.089      0.000
 674  679      0.341      0.153      0.000
 677  674      0.341     -0.516      0.000
 676  681      0.342      0.209      0.000
 680  675      0.345      0.560      0.000
 682  671      0.345      0.792      0.000
 678  678      0.345      0.356      0.000
 683  677      0.350      0.640      0.000
 687  673      0.351      0.986      0.000
 689  676      0.353     -0.869      0.000
 679  687      0.354     -0.140      0.000
 684  683      0.354      0.495      0.000
 685  684      0.357      0.441      0.000
 688  685      0.359      0.530      0.000
 681  691      0.360      0.027      0.000
 693  682      0.361      0.828      0.000
 691  686      0.362      0.545      0.000
 686  692      0.364     -0.296      0.000
 690  698      0.372      0.072      0.000
 695  690      0.373     -0.720      0.000
 692  699      0.373     -0.148      0.000
 699  688      0.373     -0.893      0.000
 700  689      0.375     -0.856      0.000
 698  693      0.377      0.686      0.000
 696  694      0.377     -0.630      0.000
 705  695      0.382     -0.780      0.000
 694  706      0.382      0.002      0.000
 702  697      0.383     -0.675      0.000
 697  703      0.386      0.335      0.000
 701  702      0.386      0.465      0.000
 709  696      0.387     -0.845      0.000
 706  700      0.388     -0.643      0.000
 704  704      0.389     -0.502      0.000
 713  701      0.395      0.905      0.000
 712  707      0.396      0.635      0.000
 703  711      0.397      0.016      0.000
 711  709      0.398      0.517      0.000
 716  705      0.400     -0.977      0.000
 710  712      0.402     -0.349      0.000
  -1   -2      0.402     -0.889      0.000
 707  714      0.403     -0.131      0.000
 708  715      0.404     -0.143      0.000
 715  713      0.409      0.476      0.000
 720  710      0.410     -0.889      0.000
 714  719      0.414     -0.197      0.000
 719  716      0.415      0.550      0.000
 718  720      0.420      0.318      0.000
 723  717      0.423      0.750      0.000
 724  718      0.426      0.672      0.000
 721  722      0.429      0.116      0.000
 722  724      0.432     -0.104      0.000
 725  723      0.436     -0.443      0.000
 730  721      0.440     -0.846      0.000
 727  727      0.442      0.249      0.000
 728  726      0.443      0.416      0.000
 726  733      0.444      0.083      0.000
 729  735      0.449      0.213      0.000
 732  729      0.450     -0.987      0.000
 736  725      0.452      0.829      0.000
 733  731      0.452     -0.565      0.000
 731  738      0.456      0.220      0.000
 737  732      0.457     -0.708      0.000
 739  728      0.459      0.885      0.000
 734  737      0.459     -0.406      0.000
 738  730      0.459     -0.834      0.000
 735  736      0.461      0.433      0.000
 740  734      0.462     -0.781      0.000
 742  739      0.473     -0.733      0.000
  -1   -2      0.481      0.835      0.000
 741  747      0.487      0.036      0.000
 743  746      0.489      0.288      0.000
 749  741      0.488     -0.993      0.000
 746  744      0.492      0.530      0.000
 750  742      0.492      0.884      0.000
 744  751      0.493     -0.102      0.000
 751  743      0.494      0.833      0.000
 754  745      0.501     -0.767      0.000
 755  748      0.503     -0.744      0.000
 747  759      0.505      0.043      0.000
 748  760      0.507      0.176      0.000
 756  750      0.507     -0.781      0.000
 752  753      0.507      0.332      0.000
 760  749      0.509     -0.957      0.000
 757  758      0.514     -0.530      0.000
 759  755      0.515     -0.583      0.000
 753  761      0.515     -0.199      0.000
 766  752      0.518      0.783      0.000
 762  756      0.519      0.633      0.000
 767  754      0.522      0.859      0.000
 769  757      0.523     -0.979      0.000
 758  766      0.525     -0.178      0.000
 763  762      0.526     -0.476      0.000
 764  764      0.527      0.415      0.000
 761  768      0.529     -0.228      0.000
 770  763      0.534      0.695      0.000
 765  772      0.534     -0.072      0.000
 773  765      0.536     -0.780      0.000
 768  771      0.537     -0.358      0.000
 772  769      0.541      0.550      0.000
 771  770      0.540     -0.566      0.000
 774  767      0.544     -0.831      0.000
 779  773      0.554     -0.697      0.000
 777  777      0.556     -0.536      0.000
 781  776      0.558     -0.706      0.000
 786  774      0.558     -0.895      0.000
 788  775      0.561      0.832      0.000
 783  778      0.562      0.569      0.000
 780  779      0.563     -0.518      0.000
 775  787      0.564      0.039      0.000
 778  785      0.565     -0.282      0.000
 782  780      0.565      0.423      0.000
 776  788      0.566     -0.057      0.000
 784  781      0.567     -0.526      0.000
  -1   -2      0.574     -0.281      0.000
 785  794      0.576     -0.118      0.000
 793  782      0.577      0.996      0.000
 789  790      0.577      0.430      0.000
 796  784      0.579      0.869      0.000
 797  783      0.580      0.951      0.000
 792  789      0.581     -0.625      0.000
 799  786      0.581     -0.970      0.000
 790  797      0.586     -0.157      0.000
 798  793      0.586      0.584      0.000
 791  798      0.589      0.235      0.000
 802  792      0.590      0.795      0.000
 801  795      0.590      0.634      0.000
 800  796      0.590     -0.661      0.000
 794  801      0.596      0.029      0.000
 795  802      0.596      0.041      0.000
 803  800      0.599     -0.547      0.000
 805  799      0.603      0.728      0.000
 804  804      0.613     -0.303      0.000
 806  803      0.614      0.382      0.000
 809  805      0.622     -0.565      0.000
 808  808      0.629      0.133      0.000
 807  810      0.629      0.015      0.000
 810  806      0.629     -0.537      0.000
 811  811      0.636     -0.403      0.000
 812  809      0.638     -0.584      0.000
 814  807      0.643     -0.812      0.000
 813  813      0.647      0.588      0.000
 818  812      0.650     -0.765      0.000
 816  818      0.657      0.278      0.000
 815  821      0.657      0.186      0.000
 817  822      0.660     -0.183      0.000
 826  814      0.661     -0.989      0.000
 822  816      0.662      0.610      0.000
 823  820      0.664      0.544      0.000
 827  819      0.667     -0.745      0.000
 819  825      0.667      0.104      0.000
 828  815      0.668      0.926      0.000
 829  817      0.668      0.908      0.000
 820  827      0.668     -0.131      0.000
 821  828      0.672      0.075      0.000
 824  830      0.675     -0.158      0.000
 825  831      0.676      0.093      0.000
 834  823      0.676     -0.890      0.000
 835  824      0.677      0.847      0.000
 832  829      0.679     -0.534      0.000
 837  826      0.682      0.825      0.000
 830  832      0.683      0.379      0.000
 831  834      0.685     -0.203      0.000
 843  833      0.694     -0.990      0.000
 838  836      0.695      0.415      0.000
 836  838      0.696      0.054      0.000
 844  835      0.701      0.678      0.000
 841  837      0.701      0.408      0.000
 840  841      0.704      0.210      0.000
 839  843      0.705     -0.099      0.000
 848  839      0.710      0.681      0.000
 845  844      0.710     -0.388      0.000
 849  840      0.712     -0.665      0.000
 847  845      0.714      0.433      0.000
 846  847      0.714     -0.162      0.000
 850  842      0.715      0.620      0.000
 852  846      0.722     -0.603      0.000
 851  853      0.729      0.094      0.000
 853  854      0.731      0.188      0.000
 857  850      0.732      0.586      0.000
 860  848      0.733      0.757      0.000
 854  856      0.733      0.061      0.000
 858  852      0.736      0.546      0.000
 861  849      0.735     -0.872      0.000
 862  851      0.736      0.862      0.000
 855  860      0.737     -0.070      0.000
 856  859      0.737     -0.301      0.000
 859  858      0.739     -0.448      0.000
 865  855      0.744     -0.879      0.000
 867  857      0.747     -0.860      0.000
 866  861      0.748      0.672      0.000
 864  863      0.749     -0.386      0.000
 863  865      0.750      0.027      0.000
 871  862      0.754      0.928      0.000
 869  864      0.755     -0.675      0.000
 868  869      0.759     -0.335      0.000
 872  866      0.760     -0.621      0.000
 870  871      0.764      0.224      0.000
 879  867      0.767      0.945      0.000
 877  868      0.766      0.716      0.000
 878  870      0.769     -0.632      0.000
  -1   -2      0.770      0.233      0.000
 873  874      0.770     -0.061      0.000
 875  876      0.773     -0.176      0.000
 876  878      0.774      0.014      0.000
 880  872      0.777      0.663      0.000
 883  875      0.783      0.784      0.000
 881  880      0.783      0.370      0.000
 884  877      0.783     -0.874      0.000
 885  879      0.786      0.713      0.000
 882  882      0.791     -0.226      0.000
 890  881      0.796     -0.815      0.000
 887  885      0.797      0.412      0.000
 886  891      0.800     -0.028      0.000
 896  883      0.801      0.820      0.000
 895  884      0.801     -0.777      0.000
 889  893      0.803      0.176      0.000
 888  895      0.804      0.005      0.000
 893  888      0.804     -0.565      0.000
 891  892      0.804     -0.422      0.000
 901  886      0.805     -0.831      0.000
 903  887      0.805     -0.898      0.000
  -1   -2      0.805     -0.578      0.000
 892  896      0.806      0.303      0.000
 897  894      0.807     -0.444      0.000
 894  897      0.807      0.334      0.000
 902  890      0.808      0.647      0.000
 900  898      0.810      0.431      0.000
 899  901      0.812      0.014      0.000
 905  899      0.815      0.853      0.000
 906  902      0.819      0.601      0.000
 907  900      0.818     -0.743      0.000
 904  904      0.819     -0.360      0.000
 911  903      0.824     -0.823      0.000
 909  908      0.827     -0.233      0.000
 908  910      0.828     -0.020      0.000
 913  905      0.829     -0.722      0.000
 910  911      0.830      0.218      0.000
 912  907      0.831      0.507      0.000
 914  906      0.831     -0.825      0.000
 916  909      0.835      0.761      0.000
 915  913      0.835      0.455      0.000
 918  912      0.837     -0.915      0.000
 917  914      0.842     -0.426      0.000
 920  915      0.846      0.530      0.000
 919  917      0.848      0.306      0.000
 924  916      0.854      0.951      0.000
 922  919      0.855      0.718      0.000
 923  920      0.855     -0.713      0.000
 925  918      0.856      0.829      0.000
 921  924      0.860     -0.038      0.000
 928  923      0.862      0.593      0.000
 930  922      0.863      0.875      0.000
 931  921      0.862     -0.923      0.000
 926  925      0.863      0.247      0.000
 929  928      0.868      0.130      0.000
  -1   -2      0.869      0.255      0.000
 934  927      0.873      0.658      0.000
 936  926      0.874      0.849      0.000
 933  931      0.874     -0.096      0.000
 935  934      0.879      0.019      0.000
 940  930      0.881      0.992      0.000
 942  932      0.882      0.928      0.000
  -1   -2      0.883      0.617      0.000
 937  941      0.885     -0.046      0.000
 939  940      0.886      0.234      0.000
 938  943      0.886     -0.209      0.000
 947  935      0.886      0.788      0.000
 944  938      0.886      0.367      0.000
 945  937      0.886     -0.442      0.000
 946  936      0.887      0.605      0.000
 943  945      0.888      0.047      0.000
 948  942      0.889      0.520      0.000
 949  939      0.888     -0.730      0.000
 950  944      0.891      0.853      0.000
 952  946      0.896     -0.632      0.000
 951  947      0.897      0.485      0.000
 953  948      0.900     -0.614      0.000
 954  949      0.902      0.580      0.000
 955  950      0.904     -0.334      0.000
 956  952      0.905      0.235      0.000
 957  951      0.905     -0.431      0.000
 958  953      0.908     -0.550      0.000
 959  954      0.910     -0.619      0.000
 961  955      0.915      0.818      0.000
 960  956      0.916     -0.163      0.000
 962  957      0.923     -0.127      0.000
 963  958      0.924     -0.270      0.000
 964  959      0.924     -0.304      0.000
 965  960      0.927      0.425      0.000
 966  961      0.927     -0.639      0.000
 967  963      0.936     -0.502      0.000
 968  962      0.936     -0.916      0.000
 969  964      0.937     -0.935      0.000
 970  965      0.938     -0.868      0.000
 972  966      0.942     -0.967      0.000
 971  967      0.944      0.192      0.000
 973  968      0.948      0.411      0.000
 974  969      0.949     -0.987      0.000
 975  972      0.960     -0.476      0.000
 976  970      0.961      0.830      0.000
 977  971      0.961      0.899      0.000
 978  973      0.961      0.981      0.000
 980  974      0.963      0.690      0.000
 979  975      0.962     -0.168      0.000
 981  976      0.964     -0.803      0.000
 982  977      0.971      0.382      0.000
 983  978      0.972     -0.634      0.000
 984  980      0.974      0.011      0.000
 985  979      0.975     -0.565      0.000
 987  981      0.977      0.779      0.000
 986  982      0.977     -0.269      0.000
 988  983      0.979      0.349      0.000
 989  984      0.979     -0.399      0.000
 990  985      0.984      0.116      0.000
  -1   -2      0.986      0.298      0.000
 992  987      0.986      0.289      0.000
 993  988      0.990      0.626      0.000
 994  989      0.992      0.532      0.000
 995  990      0.993     -0.828      0.000
 996  991      0.994      0.665      0.000
  -1  993      0.994     -0.732      0.000
  -1  992      0.995      0.951      0.000
