997
   0    1     -0.997      0.045      0.000
   1    0     -0.998      0.224      0.000
   2    2     -0.993     -0.133      0.000
   6    4     -0.989     -0.231      0.000
   3   10     -0.990      0.761      0.000
   4    7     -0.988     -0.767      0.000
  -1   -2     -0.989      0.768      0.000
   7    5     -0.989     -0.049      0.000
   8    6     -0.989      0.952      0.000
  10    9     -0.988     -0.549      0.000
   9    8     -0.989      0.452      0.000
  11   12     -0.989      0.701      0.000
  12   -2     -0.987     -0.299      0.000
  13   13     -0.987     -0.799      0.000
  14   14     -0.987      0.201      0.000
  15   15     -0.985     -0.292      0.000
  16   16     -0.981      0.270      0.000
  17   17     -0.977     -0.194      0.000
  18   18     -0.974      0.589      0.000
  19   19     -0.972     -0.017      0.000
  20   20     -0.971      0.387      0.000
  21   21     -0.971     -0.202      0.000
  23   22     -0.970      0.361      0.000
  22   23     -0.969      0.962      0.000
  24   24     -0.968      0.698      0.000
  25   26     -0.965     -0.978      0.000
  26   25     -0.966     -0.468      0.000
  27   27     -0.963     -0.114      0.000
  28   28     -0.962     -0.226      0.000
  29   30     -0.960      0.604      0.000
  30   29     -0.958     -0.438      0.000
  31   31     -0.956      0.196      0.000
  32   33     -0.951      0.835      0.000
  33   32     -0.949     -0.659      0.000
  34   34     -0.947      0.104      0.000
  37   35     -0.944      0.190      0.000
  36   37     -0.943      0.582      0.000
  39   36     -0.942     -0.289      0.000
  35   38     -0.942      0.725      0.000
  38   39     -0.941     -0.703      0.000
  41   40     -0.940      0.433      0.000
  40   44     -0.937     -0.934      0.000
  42   41     -0.936      0.210      0.000
  44   43     -0.935      0.491      0.000
  45   42     -0.934      0.325      0.000
  43   45     -0.932     -0.735      0.000
  47   46     -0.929      0.384      0.000
  46   49     -0.925     -0.934      0.000
  48   48     -0.926      0.770      0.000
  49   47     -0.924     -0.177      0.000
  50   50     -0.921      0.942      0.000
  51   52     -0.914      0.667      0.000
  52   51     -0.914     -0.221      0.000
  53   54     -0.905     -0.526      0.000
  54   53     -0.905     -0.248      0.000
  56   55     -0.900     -0.033      0.000
  57   56     -0.899      0.085      0.000
  55   58     -0.899      0.443      0.000
  58   57     -0.897      0.182      0.000
  63   59     -0.893     -0.183      0.000
  59   62     -0.892     -0.688      0.000
  60   64     -0.892      0.654      0.000
  66   60     -0.891     -0.338      0.000
  64   63     -0.890     -0.493      0.000
  62   67     -0.890      0.638      0.000
  68   61     -0.889     -0.273      0.000
  65   65     -0.889      0.501      0.000
  61   71     -0.888     -0.921      0.000
  67   68     -0.886     -0.652      0.000
  70   66     -0.885      0.042      0.000
  71   70     -0.882     -0.138      0.000
  72   69     -0.881     -0.004      0.000
  69   75     -0.881      0.923      0.000
  75   72     -0.877     -0.095      0.000
  74   73     -0.877      0.213      0.000
  73   76     -0.876      0.570      0.000
  77   74     -0.874      0.139      0.000
  76   79     -0.871      0.610      0.000
  79   77     -0.870     -0.067      0.000
  81   78     -0.867     -0.183      0.000
  78   82     -0.864     -0.728      0.000
  82   80     -0.863      0.292      0.000
  80   84     -0.862      0.813      0.000
  84   81     -0.860      0.154      0.000
  86   83     -0.857     -0.342      0.000
  87   85     -0.855      0.248      0.000
  83   87     -0.854     -0.876      0.000
  85   88     -0.851     -0.839      0.000
  91   86     -0.847     -0.190      0.000
  89   90     -0.843     -0.557      0.000
  95   89     -0.843      0.275      0.000
  88   92     -0.843      0.853      0.000
  93   93     -0.839     -0.724      0.000
  94   94     -0.839      0.639      0.000
  90   96     -0.838     -0.988      0.000
  92   98     -0.837     -0.924      0.000
  96  100     -0.834      0.701      0.000
 100   91     -0.834     -0.000      0.000
 102   95     -0.831      0.122      0.000
  97  101     -0.831      0.887      0.000
 101   97     -0.830     -0.351      0.000
  99  103     -0.828     -0.872      0.000
 103  102     -0.824      0.385      0.000
 107  104     -0.815     -0.253      0.000
 104  105     -0.815      0.543      0.000
 105  108     -0.812      0.666      0.000
 108  107     -0.808     -0.419      0.000
 106  111     -0.806     -0.937      0.000
 110  106     -0.806     -0.050      0.000
 109  110     -0.804      0.507      0.000
 112  109     -0.801     -0.185      0.000
 111  113     -0.798     -0.988      0.000
 113  112     -0.797     -0.427      0.000
 114  117     -0.789      0.570      0.000
 115  114     -0.788     -0.299      0.000
 116  115     -0.786     -0.265      0.000
 118  116     -0.783      0.127      0.000
 120  118     -0.780      0.092      0.000
 117  121     -0.774     -0.843      0.000
 123  119     -0.773     -0.179      0.000
 121  120     -0.771      0.555      0.000
 119  123     -0.769     -0.964      0.000
 122  122     -0.768     -0.610      0.000
 124  128     -0.760      0.721      0.000
 125  126     -0.760      0.578      0.000
 129  124     -0.756      0.211      0.000
 127  127     -0.755     -0.452      0.000
 133  125     -0.754     -0.244      0.000
 126  135     -0.752     -0.876      0.000
 128  129     -0.752     -0.485      0.000
 130  130     -0.752      0.465      0.000
 131  132     -0.750      0.536      0.000
 134  131     -0.748      0.351      0.000
 135  134     -0.745     -0.506      0.000
 132  140     -0.745      0.799      0.000
 141  133     -0.743     -0.303      0.000
 136  137     -0.743      0.571      0.000
 138  138     -0.741      0.508      0.000
 140  139     -0.739     -0.538      0.000
 137  142     -0.736     -0.995      0.000
 143  136     -0.737     -0.223      0.000
 142  141     -0.736      0.457      0.000
 139  144     -0.733     -0.822      0.000
 146  143     -0.722     -0.185      0.000
 145  145     -0.722      0.306      0.000
 144  146     -0.720     -0.436      0.000
 153  147     -0.714      0.036      0.000
 150  150     -0.712     -0.552      0.000
 151  153     -0.709      0.511      0.000
 147  156     -0.707     -0.848      0.000
 156  148     -0.708      0.187      0.000
 155  151     -0.706     -0.346      0.000
 149  158     -0.707      0.926      0.000
 148  160     -0.706     -0.896      0.000
 158  149     -0.704      0.061      0.000
 157  152     -0.704     -0.234      0.000
 152  161     -0.702      0.687      0.000
 160  154     -0.699      0.155      0.000
 154  162     -0.696     -0.749      0.000
 164  155     -0.694      0.037      0.000
 163  157     -0.694     -0.207      0.000
 162  159     -0.694      0.250      0.000
 165  163     -0.689     -0.416      0.000
 159  167     -0.688      0.967      0.000
 161  165     -0.686     -0.705      0.000
 166  164     -0.684      0.534      0.000
 167  166     -0.680     -0.507      0.000
 170  168     -0.670      0.217      0.000
 174  169     -0.666     -0.086      0.000
 176  170     -0.662      0.027      0.000
 169  173     -0.662      0.613      0.000
 168  175     -0.661      0.877      0.000
 177  171     -0.660      0.065      0.000
 172  174     -0.659      0.580      0.000
 179  172     -0.657     -0.057      0.000
 173  176     -0.657      0.631      0.000
 171  179     -0.654     -0.982      0.000
 175  180     -0.651      0.677      0.000
 178  181     -0.647      0.611      0.000
 180  177     -0.647      0.265      0.000
 185  178     -0.641     -0.145      0.000
 183  182     -0.637     -0.442      0.000
 187  183     -0.636      0.325      0.000
 184  185     -0.634      0.503      0.000
 181  186     -0.633      0.820      0.000
 182  187     -0.631      0.892      0.000
 191  184     -0.630     -0.198      0.000
 186  188     -0.627      0.713      0.000
 188  192     -0.624      0.791      0.000
 193  189     -0.620     -0.584      0.000
 194  191     -0.620      0.583      0.000
 189  193     -0.619     -0.739      0.000
 190  196     -0.616     -0.812      0.000
 192  197     -0.615      0.852      0.000
  -1   -2     -0.610     -0.737      0.000
 197  190     -0.609     -0.027      0.000
 196  199     -0.605      0.574      0.000
 198  194     -0.603     -0.175      0.000
 200  195     -0.601      0.015      0.000
 204  200     -0.590     -0.078      0.000
 202  202     -0.590      0.539      0.000
 201  204     -0.586      0.735      0.000
 203  203     -0.585      0.532      0.000
 199  207     -0.584      0.932      0.000
  -1  208     -0.580     -0.042      0.000
 208  206     -0.578      0.491      0.000
 205  212     -0.574     -0.763      0.000
 207  213     -0.572     -0.724      0.000
 214  205     -0.572      0.280      0.000
 210  209     -0.572      0.485      0.000
 209  210     -0.571      0.523      0.000
 206  214     -0.571      0.823      0.000
 213  211     -0.568      0.461      0.000
 211  220     -0.565     -0.041      0.000
 212  216     -0.564     -0.623      0.000
 216  217     -0.560     -0.485      0.000
 215  222     -0.556      0.701      0.000
 228  215     -0.554     -0.171      0.000
 221  219     -0.553     -0.529      0.000
 224  221     -0.549     -0.988      0.000
 230  218     -0.549     -0.182      0.000
 220  225     -0.548     -0.749      0.000
 218  228     -0.548      0.794      0.000
 219  232     -0.547      0.830      0.000
 222  233     -0.544     -0.791      0.000
 226  229     -0.544     -0.662      0.000
 227  226     -0.544     -0.620      0.000
 225  231     -0.544      0.660      0.000
 223  237     -0.543      0.871      0.000
 217   -2     -0.541     -0.038      0.000
 229  236     -0.541      0.644      0.000
 231  227     -0.539     -0.495      0.000
 233  223     -0.539     -0.216      0.000
 238  224     -0.535     -0.168      0.000
 241  230     -0.533      0.177      0.000
 237  234     -0.532      0.306      0.000
 239  238     -0.528      0.418      0.000
 245  235     -0.527     -0.033      0.000
 236  240     -0.525      0.593      0.000
 242  239     -0.523     -0.467      0.000
 234  243     -0.523      0.841      0.000
 235  245     -0.522      0.806      0.000
 240  248     -0.518      0.782      0.000
 244  246     -0.517      0.601      0.000
 248  242     -0.513     -0.379      0.000
 243  254     -0.512      0.916      0.000
 251  241     -0.512      0.084      0.000
 255  244     -0.506     -0.057      0.000
 246  256     -0.505      0.906      0.000
 252  250     -0.504      0.344      0.000
 247  255     -0.504     -0.719      0.000
 256  247     -0.504      0.158      0.000
  -1   -2     -0.501      0.013      0.000
 249  258     -0.501      0.722      0.000
 263  251     -0.498     -0.145      0.000
 250  260     -0.496     -0.913      0.000
 264  253     -0.496      0.140      0.000
 265  252     -0.495      0.018      0.000
 261  257     -0.494      0.423      0.000
 253  263     -0.491     -0.844      0.000
 257  261     -0.491      0.653      0.000
 262  262     -0.488     -0.594      0.000
 254  268     -0.488      0.991      0.000
 259  267     -0.486      0.715      0.000
 258  269     -0.485     -0.983      0.000
 269  259     -0.484     -0.243      0.000
 268  265     -0.480      0.441      0.000
 267  271     -0.479      0.614      0.000
 266  272     -0.479      0.707      0.000
 276  264     -0.473     -0.103      0.000
 277  266     -0.472     -0.096      0.000
 275  270     -0.470     -0.302      0.000
 273  274     -0.469      0.575      0.000
  -1   -2     -0.468      0.707      0.000
 270  277     -0.465     -0.895      0.000
 271  279     -0.466      0.989      0.000
 274  278     -0.463      0.718      0.000
 279  273     -0.462     -0.229      0.000
 280  276     -0.457      0.374      0.000
 278  280     -0.454      0.567      0.000
 281  282     -0.445     -0.722      0.000
 284  281     -0.445     -0.307      0.000
 282  288     -0.440      0.944      0.000
 283  292     -0.432      0.925      0.000
 287  284     -0.431     -0.371      0.000
 285  293     -0.427     -0.840      0.000
 291  289     -0.425     -0.411      0.000
 293  287     -0.425      0.257      0.000
 286  295     -0.425      0.797      0.000
 295  286     -0.424     -0.098      0.000
 296  285     -0.424     -0.060      0.000
 299  291     -0.420     -0.241      0.000
 301  290     -0.419      0.125      0.000
 288  299     -0.420      0.731      0.000
 290  300     -0.418     -0.718      0.000
 298  294     -0.416     -0.449      0.000
 297  297     -0.415      0.469      0.000
 289  305     -0.415      0.954      0.000
 294  302     -0.414     -0.624      0.000
 292  304     -0.414      0.752      0.000
 300  298     -0.412     -0.502      0.000
 304  296     -0.412      0.305      0.000
 305  303     -0.408      0.473      0.000
 303  306     -0.406      0.561      0.000
 308  301     -0.405      0.123      0.000
 302  307     -0.403      0.757      0.000
 306  313     -0.397      0.949      0.000
 307  312     -0.396      0.811      0.000
 309  322     -0.386     -0.994      0.000
 314  310     -0.386      0.173      0.000
 315  308     -0.386      0.130      0.000
 318  309     -0.385     -0.015      0.000
 311  315     -0.384     -0.580      0.000
 310  320     -0.383     -0.762      0.000
 320  311     -0.382      0.083      0.000
 312  321     -0.381      0.602      0.000
 321  314     -0.379      0.146      0.000
 319  316     -0.379      0.348      0.000
 313  324     -0.376      0.588      0.000
 323  318     -0.374     -0.244      0.000
 326  317     -0.373     -0.048      0.000
 324  319     -0.373      0.260      0.000
 317  326     -0.372     -0.677      0.000
 316  327     -0.370      0.924      0.000
 329  323     -0.367     -0.120      0.000
 330  325     -0.366      0.133      0.000
 322  328     -0.364      0.689      0.000
 325  329     -0.359      0.751      0.000
 328  331     -0.358     -0.789      0.000
 327  332     -0.358      0.787      0.000
 331  334     -0.351      0.863      0.000
 335  330     -0.349      0.301      0.000
 332  337     -0.346     -0.895      0.000
 333  336     -0.346     -0.811      0.000
 334  338     -0.344      0.980      0.000
 336  335     -0.341     -0.554      0.000
 338  333     -0.338     -0.205      0.000
 337  339     -0.334     -0.841      0.000
 341  340     -0.319      0.420      0.000
 342  342     -0.317      0.488      0.000
 340  344     -0.313      0.705      0.000
 344  341     -0.312      0.046      0.000
 339  346     -0.311      0.875      0.000
 343  345     -0.306      0.472      0.000
 349  343     -0.305     -0.050      0.000
 345  349     -0.300     -0.576      0.000
 350  347     -0.299     -0.437      0.000
 348  350     -0.298     -0.988      0.000
 346  352     -0.298      0.646      0.000
 353  348     -0.296     -0.219      0.000
 347  356     -0.293      0.829      0.000
 352  353     -0.293      0.508      0.000
 351  354     -0.293     -0.620      0.000
 356  351     -0.289      0.146      0.000
 354  357     -0.285     -0.565      0.000
 358  355     -0.285      0.313      0.000
 355  359     -0.283      0.511      0.000
 361  358     -0.282      0.381      0.000
 362  365     -0.277     -0.606      0.000
 364  360     -0.277     -0.283      0.000
 357  368     -0.276     -0.880      0.000
 365  362     -0.275     -0.301      0.000
 369  361     -0.274     -0.055      0.000
 359  370     -0.274     -0.906      0.000
 360  372     -0.274      0.936      0.000
 367  367     -0.273     -0.393      0.000
 363  369     -0.272     -0.634      0.000
 372  363     -0.270     -0.037      0.000
 371  364     -0.270     -0.126      0.000
 373  366     -0.269     -0.100      0.000
 366  374     -0.268      0.653      0.000
 370  376     -0.264      0.569      0.000
 375  371     -0.263     -0.232      0.000
 368  377     -0.263      0.988      0.000
 374  373     -0.262     -0.361      0.000
 377  375     -0.257     -0.117      0.000
 376  381     -0.250     -0.852      0.000
 378  380     -0.248     -0.557      0.000
 380  378     -0.248     -0.231      0.000
 379  379     -0.247     -0.377      0.000
 381  386     -0.236      0.703      0.000
 386  382     -0.235     -0.033      0.000
 385  383     -0.232      0.324      0.000
 384  387     -0.231     -0.525      0.000
 382  388     -0.231      0.634      0.000
 387  385     -0.230      0.345      0.000
 390  384     -0.229      0.113      0.000
 383  392     -0.227      0.968      0.000
 388  391     -0.225      0.570      0.000
 391  389     -0.225     -0.337      0.000
 389  390     -0.225      0.473      0.000
 392  393     -0.221     -0.526      0.000
 393  398     -0.209      0.688      0.000
 394  397     -0.208      0.552      0.000
  -1   -2     -0.207     -0.426      0.000
 397  395     -0.206     -0.434      0.000
 396  396     -0.206     -0.491      0.000
 398  400     -0.198      0.967      0.000
 403  399     -0.192      0.119      0.000
 399  403     -0.190      0.757      0.000
 400  401     -0.189      0.618      0.000
 401  402     -0.188     -0.626      0.000
 405  404     -0.184     -0.714      0.000
 402  406     -0.184      0.904      0.000
 404  405     -0.184      0.842      0.000
 406  412     -0.179      0.787      0.000
 408  407     -0.179      0.429      0.000
  -1  410     -0.177      0.350      0.000
 409   -2     -0.175      0.358      0.000
 407  414     -0.175     -0.983      0.000
 412  411     -0.174     -0.421      0.000
 414  409     -0.174     -0.043      0.000
 411  417     -0.172     -0.662      0.000
 413  416     -0.172      0.588      0.000
 417  413     -0.169      0.172      0.000
 418  415     -0.168      0.154      0.000
 415  418     -0.167     -0.609      0.000
 416  421     -0.166      0.643      0.000
 419  420     -0.164     -0.537      0.000
 420  419     -0.163     -0.200      0.000
 421  422     -0.160     -0.400      0.000
 422  423     -0.157     -0.173      0.000
 423  424     -0.156      0.137      0.000
 424  425     -0.152     -0.252      0.000
 425  426     -0.149     -0.232      0.000
 428  427     -0.144      0.363      0.000
 426  428     -0.142     -0.789      0.000
 427  429     -0.141      0.791      0.000
 430  430     -0.139      0.713      0.000
 429  432     -0.139      0.812      0.000
 433  431     -0.134     -0.296      0.000
 431  433     -0.134     -0.875      0.000
 432  435     -0.133      0.959      0.000
 435  434     -0.128      0.233      0.000
 434  436     -0.128     -0.796      0.000
 436  437     -0.126      0.541      0.000
 438  438     -0.120     -0.226      0.000
 439  439     -0.118     -0.149      0.000
 437  440     -0.117      0.735      0.000
 441  441     -0.113      0.170      0.000
 440  442     -0.111     -0.555      0.000
 443  445     -0.108     -0.486      0.000
 442  446     -0.108      0.692      0.000
 446  443     -0.107      0.002      0.000
 447  444     -0.107     -0.048      0.000
  -1  448     -0.105      0.469      0.000
 444   -2     -0.105      0.480      0.000
 448  449     -0.102      0.363      0.000
 449  450     -0.100     -0.426      0.000
 450  451     -0.091     -0.276      0.000
 451  452     -0.080     -0.541      0.000
 452  453     -0.078     -0.017      0.000
 454  454     -0.076     -0.467      0.000
 453  455     -0.076      0.915      0.000
 455  456     -0.073      0.809      0.000
 456  457     -0.071      0.566      0.000
 457  458     -0.070     -0.586      0.000
 458  460     -0.068     -0.370      0.000
 459  459     -0.068     -0.195      0.000
 460  461     -0.068      0.212      0.000
 461  463     -0.064      0.971      0.000
 462  462     -0.063      0.363      0.000
 463  464     -0.062      0.446      0.000
 464  465     -0.058     -0.890      0.000
 465  468     -0.055     -0.909      0.000
 467  466     -0.055     -0.050      0.000
 466  467     -0.054     -0.397      0.000
 468  469     -0.053     -0.719      0.000
  -1  470     -0.053     -0.976      0.000
 469  473     -0.051     -0.741      0.000
 470  472     -0.050      0.053      0.000
 471  471     -0.050      0.038      0.000
 472  475     -0.049      0.428      0.000
  -1  474     -0.049     -0.988      0.000
 475  476     -0.049     -0.079      0.000
 474  477     -0.048     -0.431      0.000
 473  479     -0.048      0.722      0.000
 476  478     -0.048     -0.531      0.000
 477  480     -0.046      0.296      0.000
 478  481     -0.043     -0.615      0.000
 479  482     -0.039      0.190      0.000
 480  483     -0.038     -0.877      0.000
 481  485     -0.037      0.902      0.000
 482  484     -0.037      0.505      0.000
 483  486     -0.036      0.336      0.000
 484  487     -0.034      0.072      0.000
 485  488     -0.034     -0.428      0.000
 486  489     -0.034      0.724      0.000
 487  490     -0.032     -0.800      0.000
 488  491     -0.032      0.217      0.000
 489  492     -0.031     -0.243      0.000
 490  493     -0.030      0.808      0.000
 491  494     -0.030     -0.509      0.000
 492  495     -0.029      0.938      0.000
 493  496     -0.028      0.104      0.000
 494  497     -0.025      0.134      0.000
 495  499     -0.023      0.014      0.000
 496  498     -0.023     -0.621      0.000
 497  500     -0.022     -0.397      0.000
 498  501     -0.021     -0.483      0.000
 499  502     -0.021      0.611      0.000
 500  503     -0.018     -0.430      0.000
 501  504     -0.016     -0.677      0.000
  -1   -2     -0.015     -0.478      0.000
 504  506     -0.014      0.973      0.000
 503  507     -0.013     -0.582      0.000
 506  508     -0.013     -0.609      0.000
 505  509     -0.013      0.231      0.000
 507  510      0.004      0.041      0.000
 508  511      0.005     -0.363      0.000
 509  512      0.008     -0.212      0.000
 512  513      0.010      0.764      0.000
 511  514      0.011      0.495      0.000
 510  516      0.011      0.215      0.000
 513  515      0.012     -0.683      0.000
 514  517      0.013      0.698      0.000
 515  518      0.018     -0.663      0.000
 516  519      0.019      0.686      0.000
 517  520      0.021     -0.314      0.000
 518  521      0.024      0.053      0.000
 519  523      0.027     -0.103      0.000
 522  522      0.029      0.513      0.000
 520  524      0.029     -0.084      0.000
 521  525      0.030     -0.180      0.000
 523  527      0.035      0.117      0.000
 524  526      0.039     -0.958      0.000
 525  530      0.043     -0.182      0.000
 529  528      0.044     -0.765      0.000
 526  531      0.044      0.082      0.000
 527  529      0.045     -0.462      0.000
 528  532      0.045      0.319      0.000
 530  533      0.049     -0.657      0.000
 531  535      0.054      0.152      0.000
 532  537      0.055     -0.376      0.000
 534  534      0.057      0.859      0.000
 533  538      0.058      0.281      0.000
 535  536      0.059     -0.911      0.000
 537  539      0.064      0.723      0.000
 538  540      0.065     -0.837      0.000
 539  541      0.067     -0.964      0.000
 536  544      0.068      0.000      0.000
 541  542      0.068      0.934      0.000
 540  543      0.070      0.659      0.000
 542  545      0.072      0.346      0.000
 543  546      0.075     -0.573      0.000
 544  547      0.077      0.642      0.000
 545  548      0.080     -0.887      0.000
 546  550      0.091     -0.363      0.000
 547  552      0.092     -0.267      0.000
 549  549      0.093     -0.959      0.000
 548  554      0.094      0.046      0.000
 552  551      0.098      0.826      0.000
 553  553      0.099     -0.861      0.000
 550  556      0.101     -0.384      0.000
 551  559      0.103      0.192      0.000
 556  555      0.106     -0.966      0.000
 558  557      0.107      0.943      0.000
 554  564      0.108      0.167      0.000
 559  558      0.109     -0.855      0.000
 555  562      0.110     -0.487      0.000
 561  560      0.111     -0.973      0.000
 557  566      0.113      0.189      0.000
 560  565      0.114      0.490      0.000
 562  563      0.114      0.729      0.000
 563  561      0.115     -0.913      0.000
 564  569      0.120     -0.529      0.000
 565  568      0.121     -0.620      0.000
 567  567      0.122      0.767      0.000
 566  571      0.124     -0.462      0.000
 573  570      0.128      0.869      0.000
 569  574      0.129      0.262      0.000
 571  572      0.130     -0.447      0.000
 568  575      0.130      0.046      0.000
 570  577      0.131     -0.049      0.000
 572  578      0.133     -0.160      0.000
 576  573      0.135      0.859      0.000
 574  579      0.139     -0.182      0.000
 578  576      0.140     -0.927      0.000
 575  580      0.140      0.072      0.000
 577  582      0.146     -0.047      0.000
 580  585      0.152     -0.170      0.000
 579  587      0.152      0.014      0.000
 584  581      0.153     -0.920      0.000
 581  589      0.155      0.246      0.000
 583  586      0.157      0.498      0.000
 587  583      0.158      0.826      0.000
 588  588      0.160     -0.634      0.000
  -1   -2      0.161     -0.463      0.000
 591  584      0.161      0.950      0.000
 582  593      0.162      0.054      0.000
 586  592      0.163      0.314      0.000
 589  591      0.164     -0.473      0.000
 590  594      0.168      0.349      0.000
 592  595      0.171      0.425      0.000
 593  596      0.172     -0.420      0.000
 596  597      0.180      0.643      0.000
 594  599      0.182     -0.192      0.000
 597  598      0.186     -0.442      0.000
 595  602      0.186      0.105      0.000
 598  600      0.186     -0.424      0.000
 599  605      0.192      0.049      0.000
 601  604      0.194     -0.483      0.000
 600  608      0.195     -0.031      0.000
 607  601      0.196      0.975      0.000
 604  603      0.197      0.676      0.000
 605  606      0.200      0.526      0.000
 603  610      0.201      0.257      0.000
 606  607      0.201     -0.987      0.000
 602  613      0.203     -0.015      0.000
 611  609      0.205     -0.595      0.000
 612  612      0.208     -0.563      0.000
 615  611      0.209      0.613      0.000
 610  614      0.210      0.350      0.000
 608  616      0.210     -0.146      0.000
 609  615      0.211     -0.280      0.000
 614  618      0.213     -0.328      0.000
 613  619      0.215      0.071      0.000
 618  617      0.221     -0.810      0.000
 617  623      0.225      0.520      0.000
 620  620      0.227      0.721      0.000
 621  621      0.228      0.769      0.000
 616  627      0.229      0.138      0.000
 623  622      0.229     -0.847      0.000
 622  624      0.230      0.652      0.000
 627  625      0.234     -0.964      0.000
 628  626      0.235      0.878      0.000
 619  631      0.235     -0.202      0.000
 624  630      0.237     -0.510      0.000
 626  629      0.238     -0.576      0.000
 631  628      0.240     -0.800      0.000
 625  634      0.243      0.165      0.000
 629  635      0.248      0.150      0.000
 630  638      0.252     -0.138      0.000
 636  632      0.252     -0.790      0.000
 634  636      0.253      0.361      0.000
 632  639      0.254      0.073      0.000
 637  633      0.254     -0.849      0.000
 633  637      0.254      0.288      0.000
 635  641      0.262      0.066      0.000
 638  644      0.271     -0.083      0.000
 641  642      0.272     -0.517      0.000
 645  640      0.272     -0.711      0.000
 640  643      0.273     -0.334      0.000
 639  646      0.274      0.037      0.000
 643  647      0.278     -0.193      0.000
 642  648      0.278      0.115      0.000
 644  653      0.281     -0.103      0.000
 647  651      0.283     -0.384      0.000
 646  657      0.285      0.175      0.000
 648  649      0.286      0.489      0.000
 652  645      0.288      0.862      0.000
 649  655      0.291      0.553      0.000
 650  652      0.292      0.611      0.000
 651  654      0.292     -0.642      0.000
 655  650      0.292     -0.807      0.000
 657  656      0.297      0.795      0.000
 654  660      0.300      0.429      0.000
 658  659      0.301      0.698      0.000
 662  658      0.301     -0.994      0.000
 653  665      0.306     -0.097      0.000
 659  663      0.308      0.444      0.000
 666  661      0.311     -0.800      0.000
 656  670      0.312      0.004      0.000
 661  667      0.313      0.354      0.000
 664  668      0.315     -0.433      0.000
 660  673      0.316     -0.019      0.000
 669  662      0.317      0.866      0.000
 663  674      0.318     -0.228      0.000
 665  671      0.318     -0.393      0.000
  -1   -2      0.319      0.811      0.000
 673  666      0.322     -0.955      0.000
 668  669      0.322     -0.602      0.000
 671  676      0.327      0.475      0.000
 667  680      0.329     -0.256      0.000
 674  678      0.331      0.569      0.000
 676  672      0.331      0.812      0.000
 677  677      0.333     -0.744      0.000
 680  675      0.334     -0.983      0.000
 672  682      0.334      0.259      0.000
 678  679      0.336      0.620      0.000
 679  681      0.340     -0.557      0.000
 675  685      0.341     -0.301      0.000
 681  683      0.342     -0.574      0.000
 685  684      0.349      0.847      0.000
 682  686      0.350      0.470      0.000
 684  687      0.355      0.456      0.000
 683  694      0.362     -0.079      0.000
 689  688      0.363     -0.668      0.000
 691  689      0.363     -0.701      0.000
 694  690      0.367      0.768      0.000
 688  695      0.368      0.337      0.000
 686  699      0.370      0.150      0.000
 690  696      0.370      0.424      0.000
 695  691      0.370     -0.762      0.000
 687  703      0.371      0.101      0.000
 696  692      0.371     -0.745      0.000
 692  697      0.371     -0.440      0.000
 699  693      0.375     -0.896      0.000
 693  705      0.377      0.221      0.000
 705  698      0.383     -0.826      0.000
 704  700      0.383     -0.725      0.000
 697  709      0.384     -0.278      0.000
 710  701      0.388      0.992      0.000
 712  702      0.388     -0.977      0.000
 698  712      0.390      0.041      0.000
 713  704      0.391      0.947      0.000
 706  708      0.391      0.503      0.000
 700  713      0.392      0.176      0.000
 714  706      0.393      0.829      0.000
 701  714      0.394      0.152      0.000
 707  711      0.395      0.466      0.000
 702  716      0.396     -0.167      0.000
 716  707      0.396     -0.773      0.000
 703  718      0.397      0.027      0.000
 711  715      0.401      0.381      0.000
 708  717      0.401     -0.387      0.000
 718  710      0.402      0.869      0.000
 709  720      0.406      0.100      0.000
 715  722      0.410      0.136      0.000
 719  721      0.414      0.416      0.000
 723  719      0.416      0.691      0.000
 717  725      0.417      0.074      0.000
 722  724      0.421     -0.453      0.000
 720  729      0.422      0.006      0.000
 721  728      0.423      0.083      0.000
 724  727      0.427      0.437      0.000
 728  723      0.431      0.804      0.000
 726  726      0.432      0.630      0.000
 725  731      0.433      0.307      0.000
 727  730      0.438     -0.539      0.000
 731  732      0.449     -0.715      0.000
 733  733      0.449     -0.705      0.000
 730  734      0.450     -0.987      0.000
 729  737      0.457      0.136      0.000
 732  738      0.463     -0.194      0.000
 735  736      0.465      0.529      0.000
 738  735      0.468      0.751      0.000
 734  742      0.470      0.045      0.000
 736  745      0.475     -0.116      0.000
 737  744      0.475     -0.168      0.000
 740  740      0.478     -0.589      0.000
 739  747      0.481      0.310      0.000
 745  739      0.481     -0.994      0.000
 748  741      0.484     -0.840      0.000
 743  750      0.489      0.407      0.000
 741  757      0.491     -0.163      0.000
 742  755      0.491      0.186      0.000
 755  743      0.493      0.934      0.000
 744  754      0.494     -0.429      0.000
 756  746      0.494      0.920      0.000
 747  753      0.494      0.431      0.000
 750  751      0.494      0.572      0.000
 754  749      0.495      0.667      0.000
 759  748      0.496     -0.914      0.000
 746  759      0.498     -0.271      0.000
 757  752      0.499     -0.693      0.000
 758  756      0.502      0.599      0.000
 749  766      0.506     -0.076      0.000
 751  767      0.507      0.136      0.000
 761  763      0.508     -0.545      0.000
 753  770      0.509      0.049      0.000
 752  771      0.509      0.038      0.000
 762  762      0.509     -0.589      0.000
 766  758      0.510     -0.804      0.000
 763  760      0.510     -0.658      0.000
 760  768      0.512     -0.333      0.000
 768  761      0.515      0.874      0.000
 767  764      0.516      0.625      0.000
 764  772      0.520      0.312      0.000
 771  765      0.523     -0.993      0.000
 772  769      0.526      0.857      0.000
 765  774      0.527     -0.081      0.000
 770  775      0.533     -0.410      0.000
 769  777      0.534     -0.129      0.000
 775  773      0.536     -0.793      0.000
 774  776      0.539     -0.572      0.000
 773  781      0.549      0.026      0.000
 778  778      0.549     -0.505      0.000
 776  783      0.553     -0.141      0.000
 779  779      0.554     -0.570      0.000
 780  780      0.555     -0.561      0.000
 777  785      0.556      0.071      0.000
 781  782      0.559      0.452      0.000
 784  786      0.569     -0.605      0.000
 783  790      0.571      0.262      0.000
 788  787      0.573      0.659      0.000
 782  794      0.574      0.003      0.000
 791  784      0.574     -0.909      0.000
 790  788      0.578      0.683      0.000
 792  791      0.580     -0.631      0.000
 785  798      0.580     -0.198      0.000
 786  801      0.584     -0.143      0.000
 800  789      0.584     -0.916      0.000
 798  793      0.584     -0.654      0.000
 787  802      0.585     -0.130      0.000
 795  797      0.586      0.481      0.000
 793  799      0.587      0.370      0.000
 802  792      0.588      0.897      0.000
 789  804      0.588      0.019      0.000
 794  806      0.591      0.231      0.000
 799  800      0.591      0.494      0.000
 803  796      0.591      0.752      0.000
 796  805      0.592      0.320      0.000
 804  795      0.592     -0.902      0.000
 797  810      0.594      0.241      0.000
 806  803      0.602      0.757      0.000
 805  809      0.602     -0.612      0.000
 801  812      0.602      0.126      0.000
 809  808      0.606      0.821      0.000
 810  807      0.606      0.947      0.000
 808  811      0.609      0.633      0.000
 807  817      0.617     -0.107      0.000
 813  813      0.620     -0.750      0.000
 812  816      0.621     -0.406      0.000
 811  818      0.623      0.095      0.000
 814  814      0.624      0.962      0.000
 815  815      0.630      0.714      0.000
 818  819      0.641     -0.917      0.000
 816  822      0.647      0.470      0.000
 819  821      0.649     -0.633      0.000
 820  820      0.650      0.765      0.000
 817  826      0.653      0.214      0.000
 823  824      0.657     -0.707      0.000
 826  823      0.660      0.803      0.000
 827  825      0.662      0.695      0.000
 828  828      0.665     -0.773      0.000
 829  827      0.666      0.854      0.000
 821  834      0.668      0.050      0.000
 822  832      0.668     -0.231      0.000
 834  829      0.669     -0.935      0.000
 825  833      0.669     -0.268      0.000
 824  837      0.671     -0.114      0.000
 836  830      0.673     -0.880      0.000
 833  836      0.677     -0.496      0.000
 830  840      0.677     -0.341      0.000
 837  835      0.681      0.666      0.000
 832  844      0.682     -0.209      0.000
 838  831      0.682     -0.892      0.000
 831  846      0.682      0.061      0.000
  -1   -2      0.685     -0.344      0.000
 840  838      0.686      0.882      0.000
 841  839      0.687      0.806      0.000
 842  841      0.689      0.768      0.000
 844  842      0.691     -0.857      0.000
 843  843      0.692     -0.735      0.000
 839  850      0.695      0.311      0.000
 849  847      0.698     -0.746      0.000
 845  849      0.699      0.539      0.000
 847  851      0.700     -0.987      0.000
 853  848      0.703      0.905      0.000
 850  852      0.705      0.500      0.000
 848  856      0.706     -0.383      0.000
 851  855      0.707      0.535      0.000
 852  854      0.707      0.563      0.000
 846  858      0.707     -0.081      0.000
 854  853      0.711     -0.890      0.000
 856  857      0.717     -0.948      0.000
 861  859      0.723     -0.893      0.000
 862  860      0.725     -0.838      0.000
 857  862      0.729      0.385      0.000
 855  863      0.729      0.063      0.000
 863  861      0.733      0.767      0.000
 859  864      0.733     -0.199      0.000
 858  866      0.733     -0.064      0.000
 860  867      0.733     -0.146      0.000
 865  869      0.744     -0.582      0.000
 864  870      0.745     -0.512      0.000
 868  865      0.745     -0.827      0.000
 869  868      0.747      0.851      0.000
 866  875      0.752      0.070      0.000
 867  877      0.753      0.054      0.000
 870  879      0.758      0.201      0.000
 874  871      0.759      0.976      0.000
 872  873      0.760      0.737      0.000
 876  872      0.760     -0.954      0.000
  -1   -2      0.760     -0.718      0.000
 875  876      0.762     -0.707      0.000
 871  881      0.763      0.276      0.000
 877  878      0.766     -0.993      0.000
 879  880      0.769      0.897      0.000
 882  882      0.777      0.926      0.000
 881  883      0.777     -0.525      0.000
 878  886      0.778      0.036      0.000
 880  887      0.780     -0.251      0.000
 885  884      0.783      0.827      0.000
 887  885      0.785     -0.826      0.000
 883  888      0.788      0.322      0.000
 884  892      0.791      0.169      0.000
 886  893      0.792     -0.283      0.000
 890  889      0.793      0.576      0.000
 893  891      0.794      0.530      0.000
 889  898      0.796     -0.219      0.000
 888  899      0.796     -0.180      0.000
 896  890      0.797      0.912      0.000
 894  897      0.799     -0.424      0.000
 895  894      0.799      0.596      0.000
 891  901      0.799      0.156      0.000
 892  902      0.800      0.129      0.000
 897  895      0.800      0.668      0.000
 900  896      0.803     -0.993      0.000
 898  903      0.804     -0.472      0.000
 899  904      0.806     -0.602      0.000
 902  900      0.807      0.960      0.000
 904  905      0.811      0.691      0.000
 903  906      0.812     -0.580      0.000
 901  910      0.814      0.300      0.000
 907  907      0.817      0.743      0.000
 908  909      0.818      0.626      0.000
 905  913      0.818      0.101      0.000
 910  908      0.820      0.791      0.000
 906  914      0.821     -0.233      0.000
 913  911      0.823      0.876      0.000
 909  918      0.825     -0.137      0.000
 915  912      0.827      0.916      0.000
 911  916      0.827      0.357      0.000
 914  915      0.827      0.499      0.000
  -1   -2      0.828      0.370      0.000
 919  917      0.833     -0.843      0.000
 916  922      0.834      0.166      0.000
 917  920      0.836      0.464      0.000
  -1   -2      0.841      0.765      0.000
 918  926      0.841      0.116      0.000
 922  924      0.844     -0.517      0.000
 923  923      0.844     -0.594      0.000
 920  927      0.847     -0.094      0.000
 924  925      0.849      0.758      0.000
 925  929      0.856      0.064      0.000
 926  930      0.857     -0.263      0.000
 927  931      0.858     -0.340      0.000
 928  928      0.860     -0.781      0.000
 931  932      0.864      0.694      0.000
 929  936      0.867      0.300      0.000
 933  935      0.868      0.478      0.000
 934  933      0.869      0.897      0.000
 930  938      0.869     -0.080      0.000
 935  934      0.869     -0.768      0.000
 932  939      0.871      0.044      0.000
 936  937      0.872      0.743      0.000
 937  940      0.876      0.363      0.000
 939  941      0.879      0.667      0.000
 938  944      0.881     -0.357      0.000
 942  942      0.882     -0.773      0.000
 940  943      0.882     -0.619      0.000
 941  947      0.888     -0.027      0.000
 944  946      0.888      0.553      0.000
 945  945      0.888     -0.720      0.000
 943  948      0.889      0.030      0.000
 947  949      0.894      0.409      0.000
 946  950      0.894      0.047      0.000
  -1   -2      0.896      0.421      0.000
 950  951      0.898     -0.952      0.000
 951  953      0.901     -0.962      0.000
 952  955      0.903     -0.612      0.000
 954  954      0.903     -0.928      0.000
 949  957      0.904     -0.012      0.000
 953  956      0.904     -0.790      0.000
 955  959      0.913      0.395      0.000
 957  958      0.912     -0.978      0.000
 956  960      0.916      0.241      0.000
 958  961      0.918     -0.502      0.000
 960  962      0.920      0.618      0.000
 959  963      0.922     -0.044      0.000
 961  965      0.924     -0.329      0.000
 964  964      0.925     -0.684      0.000
 963  966      0.927      0.398      0.000
 962  967      0.928     -0.145      0.000
 965  968      0.932      0.058      0.000
 966  969      0.936      0.106      0.000
 967  971      0.936     -0.058      0.000
 968  970      0.938     -0.465      0.000
 970  972      0.942      0.607      0.000
 969  974      0.942     -0.419      0.000
 971  973      0.943      0.946      0.000
 972  975      0.945      0.907      0.000
 973  978      0.948     -0.258      0.000
 974  976      0.948     -0.894      0.000
 976  977      0.949      0.824      0.000
 975  979      0.949     -0.987      0.000
 978  980      0.952     -0.662      0.000
 977  981      0.954     -0.200      0.000
 979  983      0.960      0.339      0.000
 980  982      0.960     -0.790      0.000
 981  984      0.962      0.878      0.000
 982  985      0.965     -0.739      0.000
 983  986      0.968      0.577      0.000
 984  987      0.976     -0.908      0.000
 986  988      0.978      0.540      0.000
 985  991      0.977     -0.581      0.000
 987  989      0.979      0.782      0.000
 988  990      0.979      0.982      0.000
 989  992      0.980     -0.853      0.000
 990  993      0.982      0.808      0.000
 991  994      0.982      0.715      0.000
 992  995      0.985     -0.267      0.000
  -1   -2      0.990      0.480      0.000
 994  997      0.990     -0.418      0.000
 995  998      0.992      0.470      0.000
