994
   0    0     -0.998      0.545      0.000
   1    1     -0.994     -0.113      0.000
  -1   -2     -0.994      0.710      0.000
   3    4     -0.993     -0.709      0.000
   2    3     -0.993      0.701      0.000
   5    5     -0.989     -0.193      0.000
   7    6     -0.989     -0.049      0.000
   6    7     -0.989      0.452      0.000
  -1   11     -0.988      0.201      0.000
  10    8     -0.987     -0.799      0.000
   9   10     -0.988     -0.299      0.000
  11    9     -0.987     -0.549      0.000
  12   13     -0.984     -0.243      0.000
  -1   14     -0.980      0.212      0.000
   8   15     -0.980      0.948      0.000
  14   16     -0.978     -0.976      0.000
  15   17     -0.975     -0.161      0.000
  16   18     -0.973      0.630      0.000
  17   19     -0.972      0.510      0.000
  19   -2     -0.968     -0.021      0.000
  18   21     -0.968      0.312      0.000
  20   22     -0.967     -0.167      0.000
  21   23     -0.966      0.288      0.000
  22   25     -0.963      0.792      0.000
  23   24     -0.962     -0.394      0.000
  24   26     -0.960      0.527      0.000
  25   30     -0.956     -0.919      0.000
  26   27     -0.956     -0.096      0.000
  27   28     -0.955     -0.185      0.000
  28   29     -0.953     -0.364      0.000
  30   31     -0.951     -0.589      0.000
  29   32     -0.952      0.662      0.000
  32   34     -0.948     -0.638      0.000
  -1   33     -0.948      0.146      0.000
  31   35     -0.947     -0.920      0.000
  34   37     -0.943     -0.675      0.000
  36   36     -0.943      0.504      0.000
  35   38     -0.941      0.925      0.000
  37   39     -0.940      0.715      0.000
  33   20     -0.936      0.073      0.000
  39   42     -0.934      0.352      0.000
  40   41     -0.933      0.142      0.000
  41   43     -0.931     -0.235      0.000
  42   44     -0.931      0.410      0.000
  44   45     -0.924      0.255      0.000
  43   47     -0.924      0.599      0.000
  46   46     -0.924      0.158      0.000
  47   48     -0.921      0.309      0.000
  45   49     -0.918     -0.903      0.000
  48   51     -0.909      0.902      0.000
  49   50     -0.907     -0.146      0.000
  50   52     -0.904     -0.624      0.000
  51   54     -0.902      0.585      0.000
  52   53     -0.901     -0.453      0.000
  53   55     -0.899      0.568      0.000
  55   56     -0.895     -0.181      0.000
  54   57     -0.894     -0.586      0.000
  58   58     -0.892      0.367      0.000
  56   63     -0.888     -0.847      0.000
  57   61     -0.889      0.771      0.000
  62   59     -0.886     -0.204      0.000
  60   60     -0.886      0.425      0.000
  64   62     -0.883     -0.422      0.000
  61   64     -0.882     -0.673      0.000
  59   66     -0.882     -0.802      0.000
  66   65     -0.880      0.497      0.000
  67   68     -0.879      0.540      0.000
  63   72     -0.877     -0.908      0.000
  65   74     -0.875     -0.987      0.000
  69   67     -0.876      0.138      0.000
  68   75     -0.875      0.819      0.000
  71   69     -0.875      0.060      0.000
  74   70     -0.874     -0.033      0.000
  72   71     -0.873     -0.281      0.000
  75   73     -0.868     -0.151      0.000
  70   77     -0.867     -0.844      0.000
  76   76     -0.867     -0.226      0.000
  73   78     -0.867      0.861      0.000
  77   80     -0.860     -0.670      0.000
  79   84     -0.857      0.646      0.000
  82   79     -0.856      0.026      0.000
  78   89     -0.853     -0.925      0.000
  80   86     -0.854      0.641      0.000
  81   85     -0.853      0.575      0.000
  84   81     -0.852     -0.116      0.000
  83   82     -0.852      0.165      0.000
  85   83     -0.851     -0.009      0.000
  88   87     -0.845     -0.082      0.000
  87   88     -0.845      0.105      0.000
  86   91     -0.842     -0.492      0.000
  89   90     -0.841      0.234      0.000
  93   92     -0.836     -0.060      0.000
  92   93     -0.836     -0.153      0.000
  91   94     -0.835     -0.288      0.000
  90   97     -0.832      0.609      0.000
  97   95     -0.829      0.118      0.000
  96   96     -0.828      0.197      0.000
  94  101     -0.822     -0.958      0.000
  95  102     -0.819     -0.814      0.000
  98   99     -0.818      0.478      0.000
  99   98     -0.817      0.222      0.000
 101  100     -0.813     -0.161      0.000
 102  103     -0.807      0.323      0.000
 104  104     -0.805     -0.300      0.000
 100  107     -0.804     -0.854      0.000
 103  105     -0.803      0.444      0.000
 105  106     -0.798     -0.988      0.000
 106  110     -0.797      0.510      0.000
 110  108     -0.792      0.094      0.000
 107  112     -0.793      0.676      0.000
 112  109     -0.791     -0.007      0.000
 111  111     -0.789     -0.365      0.000
 108  115     -0.788      0.765      0.000
 109  118     -0.781     -0.792      0.000
 115  114     -0.779     -0.374      0.000
 117  113     -0.779     -0.217      0.000
 113  116     -0.778     -0.558      0.000
 114  117     -0.778      0.498      0.000
 118  119     -0.771      0.524      0.000
 116  122     -0.767     -0.880      0.000
 120  124     -0.762     -0.825      0.000
 119  125     -0.763      0.915      0.000
 124  121     -0.758     -0.160      0.000
 125  120     -0.758     -0.047      0.000
 121  126     -0.755      0.483      0.000
 122  127     -0.754      0.520      0.000
 126  123     -0.753     -0.260      0.000
 129  128     -0.747     -0.231      0.000
 123  135     -0.747      0.961      0.000
 127  129     -0.745      0.412      0.000
 131  130     -0.742     -0.436      0.000
 130  133     -0.741      0.457      0.000
 134  132     -0.740     -0.405      0.000
 133  134     -0.738     -0.459      0.000
 135  136     -0.738     -0.490      0.000
 128  138     -0.737     -0.716      0.000
 136  131     -0.736      0.102      0.000
 132  139     -0.736      0.648      0.000
 141  137     -0.730      0.072      0.000
 139  141     -0.728      0.407      0.000
 143  140     -0.724     -0.158      0.000
 142  142     -0.722      0.305      0.000
 137  148     -0.720     -0.980      0.000
 140  144     -0.720     -0.671      0.000
 138  147     -0.721      0.863      0.000
 144  145     -0.714     -0.510      0.000
 146  143     -0.713      0.178      0.000
 145  149     -0.711      0.466      0.000
 148  146     -0.708     -0.216      0.000
 149  150     -0.704     -0.271      0.000
 150  151     -0.700     -0.396      0.000
 147  155     -0.695      0.881      0.000
 152  154     -0.692      0.494      0.000
 151  156     -0.691      0.803      0.000
 158  153     -0.688      0.269      0.000
 160  152     -0.687     -0.200      0.000
 153  158     -0.687      0.647      0.000
 154  157     -0.686      0.578      0.000
 155  159     -0.684      0.598      0.000
 156  164     -0.679      0.773      0.000
 157  165     -0.678      0.840      0.000
 161  163     -0.677      0.546      0.000
 159  167     -0.675     -0.796      0.000
 164  160     -0.674     -0.473      0.000
 163  166     -0.672      0.580      0.000
 166  161     -0.670     -0.316      0.000
 162  169     -0.671      0.689      0.000
 170  162     -0.668     -0.168      0.000
 168  168     -0.664     -0.384      0.000
 165  173     -0.664     -0.719      0.000
 171  170     -0.656      0.163      0.000
  -1   -2     -0.655     -0.719      0.000
 167  179     -0.654      0.928      0.000
 172  172     -0.652     -0.214      0.000
 174  171     -0.651      0.028      0.000
 173  174     -0.649      0.223      0.000
 179  176     -0.643      0.136      0.000
 181  177     -0.641      0.050      0.000
 176  181     -0.639      0.558      0.000
 183  178     -0.638     -0.191      0.000
 178  182     -0.637      0.474      0.000
 175  184     -0.636      0.720      0.000
 180  183     -0.633     -0.562      0.000
 177  186     -0.633      0.814      0.000
 186  180     -0.630      0.030      0.000
 182  189     -0.626     -0.752      0.000
 184  187     -0.623      0.552      0.000
 191  185     -0.620      0.197      0.000
 189  188     -0.618     -0.420      0.000
 185  190     -0.617     -0.712      0.000
 188  195     -0.611      0.824      0.000
 187  197     -0.611      0.867      0.000
 190  199     -0.608      0.786      0.000
 192  201     -0.603     -0.785      0.000
 195  198     -0.602      0.521      0.000
 199  191     -0.602      0.245      0.000
 197  193     -0.602      0.304      0.000
 193  202     -0.602      0.690      0.000
 194  204     -0.599     -0.741      0.000
 203  192     -0.598     -0.083      0.000
 198  203     -0.596      0.516      0.000
 207  194     -0.594      0.022      0.000
 208  196     -0.594      0.057      0.000
 196  207     -0.590      0.838      0.000
 213  200     -0.588     -0.056      0.000
 202  205     -0.588     -0.613      0.000
 201  211     -0.586      0.803      0.000
 200  213     -0.585      0.916      0.000
 204  210     -0.583      0.652      0.000
 211  208     -0.580      0.510      0.000
 214  209     -0.579      0.477      0.000
 206  217     -0.578      0.779      0.000
 205  218     -0.578      0.906      0.000
 210  214     -0.577     -0.656      0.000
 220  206     -0.576     -0.140      0.000
 212  215     -0.577      0.637      0.000
 209  220     -0.573     -0.910      0.000
 216  216     -0.572      0.472      0.000
 222  212     -0.569     -0.190      0.000
 218  219     -0.567     -0.614      0.000
 221  221     -0.563      0.450      0.000
 215   -2     -0.562     -0.980      0.000
 217  224     -0.562      0.993      0.000
 219  225     -0.559     -0.843      0.000
 225  222     -0.555     -0.523      0.000
 223  229     -0.552      0.722      0.000
 227  223     -0.551     -0.480      0.000
 226  226     -0.551      0.589      0.000
 224  230     -0.550     -0.720      0.000
 228   -2     -0.549     -0.988      0.000
 231  231     -0.545      0.599      0.000
 229  235     -0.540      0.991      0.000
 230  237     -0.539     -0.896      0.000
 236  227     -0.539     -0.171      0.000
 237  228     -0.537     -0.029      0.000
 232  236     -0.537      0.717      0.000
 235  234     -0.533     -0.494      0.000
 233  239     -0.530      0.656      0.000
 241  232     -0.530      0.013      0.000
 238  233     -0.530      0.274      0.000
 234  240     -0.528      0.711      0.000
 246  238     -0.519     -0.078      0.000
  -1   -2     -0.517      0.713      0.000
 245  242     -0.515      0.418      0.000
 239  247     -0.514      0.948      0.000
 242  246     -0.513      0.725      0.000
 247  243     -0.511     -0.471      0.000
 243  245     -0.511      0.621      0.000
  -1  249     -0.507     -0.043      0.000
 248  248     -0.506     -0.602      0.000
 244  252     -0.505      0.929      0.000
 255  250     -0.495      0.308      0.000
 252  265     -0.493     -0.042      0.000
 249  258     -0.492     -0.848      0.000
 251  255     -0.492     -0.734      0.000
 253  254     -0.492      0.584      0.000
 250  261     -0.490      0.958      0.000
 257  251     -0.489     -0.173      0.000
 254  263     -0.487      0.807      0.000
 263  253     -0.485     -0.184      0.000
 262  257     -0.482     -0.387      0.000
 258  259     -0.482      0.432      0.000
 265  256     -0.479     -0.219      0.000
 260  267     -0.476      0.580      0.000
 267  262     -0.475      0.351      0.000
 271  260     -0.474      0.179      0.000
 266  266     -0.473      0.452      0.000
 261  268     -0.472      0.744      0.000
 259  271     -0.471      0.953      0.000
 274  264     -0.470     -0.172      0.000
 264  270     -0.469      0.765      0.000
 256   -2     -0.469     -0.040      0.000
 269  272     -0.463     -0.735      0.000
 270  276     -0.459     -0.993      0.000
 272  274     -0.459      0.771      0.000
 273  277     -0.458      0.823      0.000
 277  269     -0.455     -0.035      0.000
 280  275     -0.444      0.163      0.000
 281  273     -0.444      0.086      0.000
 278  283     -0.440     -0.647      0.000
 276  287     -0.440      0.930      0.000
 282  282     -0.436      0.391      0.000
 279  288     -0.435     -0.781      0.000
 285  278     -0.434     -0.059      0.000
 284  279     -0.434      0.146      0.000
 286  280     -0.432     -0.151      0.000
  -1   -2     -0.430      0.014      0.000
 288  284     -0.429     -0.254      0.000
 283  289     -0.427      0.586      0.000
 292  286     -0.426     -0.318      0.000
 297  285     -0.424      0.019      0.000
 296  290     -0.417      0.495      0.000
 290  297     -0.415      0.805      0.000
 287  299     -0.415      0.875      0.000
 289  305     -0.414      0.984      0.000
 301  294     -0.412     -0.530      0.000
 294  303     -0.412     -0.810      0.000
 295  304     -0.412      0.772      0.000
 293  307     -0.411     -0.906      0.000
 298  301     -0.410      0.630      0.000
 302  295     -0.410      0.501      0.000
 300  306     -0.408     -0.704      0.000
 299  308     -0.408      0.714      0.000
 308  291     -0.407     -0.243      0.000
 312  292     -0.405     -0.109      0.000
 307  298     -0.404     -0.437      0.000
 313  293     -0.404     -0.101      0.000
 306  302     -0.403     -0.477      0.000
 311  296     -0.403     -0.326      0.000
 304  310     -0.403      0.617      0.000
 310  300     -0.402     -0.395      0.000
 305  309     -0.401     -0.611      0.000
 303  311     -0.401     -0.831      0.000
 309  313     -0.392     -0.860      0.000
 315  312     -0.384      0.278      0.000
 316  314     -0.380      0.331      0.000
 314  319     -0.371      0.889      0.000
 317  315     -0.370     -0.261      0.000
 321  316     -0.361      0.139      0.000
 323  317     -0.360     -0.106      0.000
 324  318     -0.358     -0.065      0.000
 322  320     -0.357      0.381      0.000
 318  323     -0.356      0.736      0.000
 320  322     -0.352     -0.595      0.000
 319  325     -0.348      0.849      0.000
 325  321     -0.348      0.138      0.000
 331  324     -0.336      0.195      0.000
 330  326     -0.336      0.290      0.000
 326  333     -0.333      0.943      0.000
 333  327     -0.331      0.148      0.000
 327  335     -0.330     -0.899      0.000
 328  336     -0.330     -0.922      0.000
 329  332     -0.330      0.685      0.000
 335  328     -0.329     -0.271      0.000
 336  329     -0.327      0.166      0.000
 340  330     -0.324      0.096      0.000
 334  337     -0.323      0.533      0.000
 341  331     -0.322     -0.014      0.000
 338  334     -0.321      0.338      0.000
 332  341     -0.321      0.993      0.000
 337  344     -0.315     -0.665      0.000
 339  343     -0.314     -0.623      0.000
 344  338     -0.314      0.153      0.000
 345  339     -0.312     -0.052      0.000
 342  342     -0.313      0.466      0.000
 349  340     -0.311     -0.134      0.000
 343  345     -0.310      0.519      0.000
 347  346     -0.303      0.557      0.000
 348  350     -0.300      0.695      0.000
 353  347     -0.298     -0.988      0.000
 346  354     -0.298     -0.877      0.000
 351  349     -0.297     -0.615      0.000
 350  351     -0.297     -0.655      0.000
 352  353     -0.295     -0.682      0.000
 354  352     -0.294      0.561      0.000
 356  348     -0.291     -0.233      0.000
 355  355     -0.290     -0.486      0.000
 357  356     -0.283      0.619      0.000
 358  358     -0.278      0.974      0.000
 360  357     -0.271      0.432      0.000
 359  361     -0.270      0.744      0.000
 361  360     -0.263      0.360      0.000
 365  359     -0.261      0.057      0.000
 363  365     -0.259     -0.613      0.000
 364  364     -0.257     -0.446      0.000
 362  366     -0.257      0.684      0.000
 366  362     -0.256     -0.252      0.000
 368  363     -0.253     -0.055      0.000
 370  368     -0.247     -0.346      0.000
 372  367     -0.248      0.175      0.000
 371  369     -0.247     -0.326      0.000
 374  370     -0.243     -0.413      0.000
 367  372     -0.243      0.973      0.000
 369  371     -0.242      0.626      0.000
 373  374     -0.238      0.734      0.000
 375  373     -0.236     -0.584      0.000
 376  375     -0.232     -0.432      0.000
 378  381     -0.229      0.534      0.000
 382  377     -0.229     -0.270      0.000
 384  376     -0.228     -0.061      0.000
 385  378     -0.227     -0.146      0.000
 380  382     -0.226     -0.587      0.000
 387  379     -0.225     -0.115      0.000
 388  380     -0.225     -0.040      0.000
 377  385     -0.225      0.918      0.000
 379  389     -0.223      0.795      0.000
 383  384     -0.222      0.611      0.000
 381  390     -0.222      0.867      0.000
 390  387     -0.217      0.402      0.000
 391  388     -0.217      0.379      0.000
 393  386     -0.215     -0.271      0.000
 395  383     -0.215     -0.136      0.000
 386  391     -0.214     -0.990      0.000
 389  393     -0.213      0.821      0.000
 392  395     -0.209     -0.764      0.000
 394  396     -0.208      0.674      0.000
 396  394     -0.207     -0.554      0.000
 398  392     -0.207     -0.391      0.000
 397  397     -0.204     -0.685      0.000
 399  399     -0.200     -0.497      0.000
  -1   -2     -0.200     -0.488      0.000
 402  400     -0.195     -0.035      0.000
 403  401     -0.194      0.141      0.000
 401  402     -0.191     -0.720      0.000
 404  403     -0.187      0.647      0.000
 405  404     -0.185      0.698      0.000
 406  406     -0.180     -0.672      0.000
 407  405     -0.178      0.495      0.000
 408  409     -0.170     -0.604      0.000
 412  407     -0.169     -0.487      0.000
  -1  410     -0.168      0.414      0.000
 413   -2     -0.168      0.422      0.000
 409  412     -0.167      0.827      0.000
 410  413     -0.166     -0.832      0.000
 411  414     -0.165      0.844      0.000
 418  411     -0.164      0.150      0.000
 415  415     -0.163      0.966      0.000
 416  417     -0.161     -0.904      0.000
 417  416     -0.161      0.761      0.000
 420  418     -0.152     -0.466      0.000
 419  422     -0.149     -0.838      0.000
 421  419     -0.147      0.214      0.000
 423  420     -0.146     -0.048      0.000
 422  421     -0.145      0.193      0.000
 425  423     -0.141     -0.240      0.000
 424  424     -0.139      0.430      0.000
 426  429     -0.136      0.781      0.000
 429  425     -0.135     -0.208      0.000
 428  426     -0.135     -0.301      0.000
 430  427     -0.134      0.173      0.000
 427  430     -0.133      0.608      0.000
 431  428     -0.131     -0.279      0.000
 432  432     -0.122      0.745      0.000
 433  431     -0.122     -0.353      0.000
 435  433     -0.116      0.287      0.000
 434  434     -0.116     -0.625      0.000
 436  435     -0.109     -0.558      0.000
 437  436     -0.108      0.552      0.000
  -1   -2     -0.108      0.541      0.000
 439  437     -0.106     -0.273      0.000
 440  439     -0.102     -0.180      0.000
 442  440     -0.100      0.215      0.000
 441  441     -0.099      0.433      0.000
 443  442     -0.098     -0.497      0.000
 445  443     -0.092      0.009      0.000
 446  444     -0.091     -0.055      0.000
 444  445     -0.090      0.928      0.000
 447  447     -0.085      0.844      0.000
 448  448     -0.084     -0.613      0.000
 449  446     -0.083     -0.333      0.000
 450  450     -0.077      0.635      0.000
 452  449     -0.076     -0.541      0.000
 451  452     -0.075      0.978      0.000
 453  451     -0.075     -0.657      0.000
 455  453     -0.069     -0.016      0.000
 454  454     -0.068     -0.918      0.000
 456  455     -0.066     -0.439      0.000
 457  460     -0.063     -0.932      0.000
 458  457     -0.063      0.520      0.000
 460  456     -0.063      0.265      0.000
 462  458     -0.063     -0.237      0.000
 459  459     -0.063      0.435      0.000
 461  461     -0.061     -0.985      0.000
 463  462     -0.059     -0.776      0.000
 464  463     -0.056     -0.795      0.000
 466  464     -0.054     -0.468      0.000
 465  465     -0.053      0.773      0.000
 467  467     -0.050      0.502      0.000
 469  466     -0.050     -0.057      0.000
 468  468     -0.050     -0.605      0.000
 470  469     -0.049     -0.988      0.000
 471  470     -0.048     -0.504      0.000
 473  471     -0.047      0.073      0.000
 472  472     -0.047      0.053      0.000
 475  474     -0.046      0.363      0.000
 476  473     -0.046     -0.094      0.000
 474  475     -0.045     -0.684      0.000
 477  476     -0.042     -0.907      0.000
 478  477     -0.041      0.919      0.000
 480  478     -0.039      0.240      0.000
 479  479     -0.038      0.578      0.000
 482  480     -0.036      0.406      0.000
 481  481     -0.036      0.774      0.000
 483  482     -0.035     -0.501      0.000
 485  483     -0.034      0.096      0.000
 484  484     -0.034     -0.845      0.000
 486  485     -0.032      0.272      0.000
 487  486     -0.032      0.843      0.000
 489  487     -0.031     -0.296      0.000
 488  488     -0.031     -0.584      0.000
 490  489     -0.031      0.947      0.000
 491  490     -0.030      0.136      0.000
 492  491     -0.027      0.173      0.000
 493  492     -0.025      0.024      0.000
 494  493     -0.024     -0.690      0.000
 495  494     -0.023     -0.468      0.000
 496  495     -0.023     -0.557      0.000
 497  496     -0.021      0.676      0.000
 498  497     -0.020     -0.503      0.000
 500  498     -0.016     -0.740      0.000
 499  499     -0.016      0.288      0.000
  -1   -2     -0.016     -0.553      0.000
 502  501     -0.014     -0.653      0.000
 503  502     -0.013     -0.679      0.000
 504  503     -0.012      0.980      0.000
 505  504     -0.004      0.058      0.000
 507  505      0.001     -0.431      0.000
 506  506      0.001     -0.258      0.000
 508  507      0.004      0.270      0.000
 510  508      0.011      0.568      0.000
 509  509      0.012      0.072      0.000
 511  510      0.014     -0.377      0.000
 512  513      0.015     -0.125      0.000
 514  511      0.016     -0.744      0.000
 513  514      0.016     -0.100      0.000
 516  512      0.017      0.807      0.000
 515  516      0.018     -0.219      0.000
 517  515      0.019      0.752      0.000
 518  518      0.022      0.151      0.000
 519  517      0.023     -0.727      0.000
 520  519      0.025      0.742      0.000
 521  521      0.029      0.108      0.000
 522  522      0.030     -0.221      0.000
 523  520      0.030      0.585      0.000
 525  523      0.038      0.386      0.000
 524  524      0.038      0.194      0.000
 526  525      0.042     -0.535      0.000
 527  528      0.047      0.006      0.000
 528  526      0.047     -0.444      0.000
 529  527      0.048      0.344      0.000
 530  529      0.055     -0.971      0.000
 531  530      0.056     -0.814      0.000
 532  531      0.057     -0.720      0.000
 533  532      0.064      0.413      0.000
 534  533      0.068      0.063      0.000
 535  535      0.074     -0.320      0.000
 537  534      0.077      0.884      0.000
 541  536      0.079     -0.933      0.000
 540  537      0.079      0.771      0.000
 536  540      0.080     -0.428      0.000
 539  538      0.080     -0.642      0.000
 538  542      0.082      0.239      0.000
 543  539      0.082      0.716      0.000
 544  541      0.084     -0.873      0.000
 542  543      0.085      0.209      0.000
 547  545      0.089      0.700      0.000
 546  547      0.090     -0.450      0.000
  -1   -2      0.090      0.235      0.000
 549  544      0.091     -0.976      0.000
 551  546      0.092      0.944      0.000
 548  549      0.097      0.061      0.000
 550  550      0.098     -0.055      0.000
 552  552      0.103     -0.190      0.000
 558  551      0.105     -0.914      0.000
 553  554      0.107      0.093      0.000
 554  556      0.108     -0.218      0.000
 557  553      0.109     -0.556      0.000
 555  557      0.109     -0.053      0.000
 556  555      0.110      0.317      0.000
 559  560      0.115      0.022      0.000
 561  558      0.117      0.557      0.000
 560  563      0.119     -0.203      0.000
 564   -2      0.119     -0.529      0.000
 566  559      0.123     -0.971      0.000
 565  564      0.123     -0.596      0.000
  -1  566      0.123     -0.513      0.000
 563  567      0.124      0.071      0.000
 568  562      0.126      0.855      0.000
 569  565      0.126     -0.891      0.000
 567  569      0.131      0.297      0.000
 570  568      0.133     -0.682      0.000
 573  570      0.138     -0.886      0.000
  -1  571      0.139     -0.976      0.000
 574  573      0.139      0.773      0.000
 579  572      0.140      0.950      0.000
 575  577      0.145      0.371      0.000
 580  574      0.145     -0.981      0.000
 572  578      0.145     -0.226      0.000
 571  579      0.146      0.131      0.000
 583  575      0.148     -0.933      0.000
 576  580      0.148      0.064      0.000
 578  582      0.150     -0.033      0.000
 584  576      0.151      0.805      0.000
 582  581      0.153      0.409      0.000
  -1   -2      0.156     -0.526      0.000
 581  587      0.156     -0.013      0.000
 587  585      0.160     -0.536      0.000
 586  588      0.161     -0.480      0.000
 589  586      0.162      0.560      0.000
 593  584      0.165      0.890      0.000
 588  591      0.166     -0.171      0.000
 591  589      0.167      0.487      0.000
 590  593      0.169      0.089      0.000
 592  595      0.173      0.305      0.000
 597  590      0.173      0.881      0.000
 594  596      0.175     -0.483      0.000
 596  597      0.177     -0.502      0.000
 599  594      0.177     -0.690      0.000
 595  598      0.178     -0.325      0.000
 601  592      0.179     -0.944      0.000
 598  601      0.185      0.167      0.000
 600  599      0.186     -0.378      0.000
 604  602      0.191     -0.542      0.000
 602  605      0.192     -0.233      0.000
 603  604      0.192      0.404      0.000
 609  600      0.195     -0.937      0.000
 612  603      0.197      0.852      0.000
 605  609      0.200      0.197      0.000
 606  610      0.201     -0.159      0.000
 610  607      0.201     -0.987      0.000
 607  612      0.202      0.090      0.000
 608  611      0.203      0.179      0.000
 614  608      0.205      0.692      0.000
 617  606      0.207      0.956      0.000
 611  614      0.208      0.081      0.000
 616  613      0.210      0.581      0.000
 613  617      0.215     -0.094      0.000
 619  615      0.217     -0.617      0.000
 615  619      0.218      0.047      0.000
 622  616      0.220     -0.648      0.000
 621  620      0.225      0.332      0.000
 618  622      0.225     -0.116      0.000
 620  623      0.226      0.137      0.000
 623  625      0.228     -0.220      0.000
 625  618      0.228      0.719      0.000
 627  621      0.233      0.661      0.000
 628  624      0.234      0.572      0.000
 626  626      0.235      0.409      0.000
 624  629      0.238      0.203      0.000
 631  627      0.238     -0.563      0.000
 630  630      0.241     -0.376      0.000
 629  632      0.245     -0.109      0.000
 632  634      0.249      0.007      0.000
 635  628      0.250      0.980      0.000
 634  631      0.250     -0.626      0.000
 633  636      0.253     -0.019      0.000
 636  638      0.259     -0.427      0.000
 638  633      0.261      0.693      0.000
 640  635      0.266     -0.840      0.000
 639  637      0.267      0.755      0.000
 637  642      0.267     -0.255      0.000
 641  641      0.273     -0.563      0.000
 643  639      0.274      0.799      0.000
 645  640      0.279     -0.870      0.000
 642  646      0.281     -0.283      0.000
 651  643      0.287     -0.828      0.000
 646  648      0.290      0.392      0.000
 649  647      0.290      0.532      0.000
 655  644      0.292      0.892      0.000
 650  649      0.292      0.470      0.000
 647  652      0.293      0.289      0.000
 656  645      0.293     -0.971      0.000
 648  651      0.294     -0.430      0.000
 644  655      0.294     -0.086      0.000
 652  657      0.299     -0.330      0.000
 653  654      0.299     -0.472      0.000
 659  650      0.299     -0.818      0.000
 657  656      0.303      0.483      0.000
 662  653      0.305     -0.870      0.000
 654  661      0.306      0.113      0.000
 660  660      0.308      0.592      0.000
 663  658      0.310     -0.745      0.000
 658  664      0.310      0.167      0.000
 665  659      0.312     -0.871      0.000
 667  662      0.318     -0.678      0.000
 669  663      0.319      0.646      0.000
 661  666      0.320      0.046      0.000
 664  668      0.326      0.031      0.000
 666  667      0.327      0.242      0.000
 672  665      0.328      0.509      0.000
 668  671      0.331     -0.179      0.000
 670  673      0.333      0.165      0.000
 671  674      0.334      0.191      0.000
 673  675      0.335     -0.299      0.000
 675  676      0.338      0.364      0.000
 674  679      0.338      0.108      0.000
 679  670      0.341     -0.635      0.000
 681  669      0.344      0.725      0.000
 676  684      0.345      0.147      0.000
 686  672      0.346     -0.829      0.000
 678  686      0.347      0.080      0.000
 677  688      0.348      0.007      0.000
 682  682      0.350      0.501      0.000
 683  680      0.350     -0.589      0.000
 690  677      0.351      0.876      0.000
 687  681      0.351      0.599      0.000
 684  683      0.352      0.486      0.000
 680  691      0.353      0.089      0.000
 691  678      0.353      0.814      0.000
 685  687      0.354     -0.468      0.000
 688  685      0.355     -0.606      0.000
 689  690      0.359      0.450      0.000
 694  689      0.365     -0.819      0.000
 693  692      0.367      0.646      0.000
 692  696      0.371     -0.409      0.000
 695  697      0.378      0.401      0.000
  -1   -2      0.379      0.826      0.000
 699  695      0.380     -0.765      0.000
 702  694      0.382      0.877      0.000
 696  704      0.390      0.142      0.000
 709  698      0.391     -0.959      0.000
 708  699      0.392      0.826      0.000
 703  700      0.392      0.486      0.000
 701  705      0.394      0.321      0.000
 697  708      0.395      0.047      0.000
 700  709      0.396     -0.201      0.000
 710  701      0.397     -0.690      0.000
 707  702      0.397      0.523      0.000
 705  707      0.399      0.433      0.000
 704  712      0.402     -0.120      0.000
 712  706      0.404     -0.720      0.000
 711  710      0.405     -0.471      0.000
 714  703      0.405     -0.983      0.000
 706  714      0.406     -0.174      0.000
 719  711      0.415      0.857      0.000
 715  717      0.417      0.451      0.000
 721  713      0.420     -0.761      0.000
 713  719      0.421     -0.168      0.000
 722  715      0.422     -0.776      0.000
 724  716      0.424      0.781      0.000
 725  718      0.429     -0.740      0.000
 717  720      0.429      0.188      0.000
 716  723      0.430     -0.078      0.000
 718  725      0.433      0.038      0.000
 720  726      0.433      0.049      0.000
 723  729      0.439      0.137      0.000
 727  728      0.441      0.313      0.000
 729  724      0.442     -0.551      0.000
 726  731      0.443     -0.275      0.000
 732  722      0.446     -0.834      0.000
 733  721      0.446     -0.900      0.000
 734  727      0.450     -0.783      0.000
 730  732      0.450     -0.988      0.000
 728  737      0.450     -0.082      0.000
 737  730      0.458      0.836      0.000
 731  740      0.461     -0.130      0.000
 740  735      0.462      0.699      0.000
 742  733      0.462      0.996      0.000
 745  734      0.463     -0.975      0.000
 746  736      0.465      0.950      0.000
 741  738      0.465      0.637      0.000
 735  743      0.467     -0.333      0.000
 739  741      0.469      0.407      0.000
 738  742      0.470     -0.431      0.000
 750  739      0.471      0.873      0.000
 736  746      0.473      0.024      0.000
 748  744      0.475      0.531      0.000
 747  747      0.479      0.308      0.000
 749  745      0.480      0.429      0.000
 743  751      0.481     -0.139      0.000
 744  753      0.482      0.067      0.000
 753  748      0.491     -0.709      0.000
 754  750      0.493     -0.719      0.000
 752  752      0.493     -0.590      0.000
 756  749      0.494      0.806      0.000
 751  754      0.498      0.001      0.000
 755  755      0.504     -0.404      0.000
 761  757      0.512     -0.540      0.000
 757  762      0.512      0.016      0.000
 758  760      0.513     -0.140      0.000
 759  761      0.513     -0.127      0.000
 763  756      0.514      0.566      0.000
 760  763      0.514     -0.192      0.000
 762  765      0.521      0.250      0.000
 767  758      0.523      0.748      0.000
 764  759      0.523     -0.582      0.000
 768  764      0.528      0.591      0.000
 771  766      0.535      0.660      0.000
 765  773      0.535      0.116      0.000
 766  772      0.536      0.217      0.000
 773  767      0.538     -0.687      0.000
 775  768      0.541     -0.651      0.000
 769  776      0.542      0.225      0.000
 772  771      0.542     -0.492      0.000
 770  778      0.545     -0.103      0.000
 778  769      0.546      0.613      0.000
 776  777      0.548      0.435      0.000
 779  775      0.549     -0.560      0.000
 781  770      0.551     -0.835      0.000
 777  781      0.554      0.301      0.000
 774  786      0.554      0.086      0.000
 784  774      0.554     -0.992      0.000
 780  784      0.558      0.349      0.000
 782  782      0.562     -0.546      0.000
 783  783      0.562     -0.554      0.000
 785  779      0.564      0.934      0.000
 786  780      0.566      0.919      0.000
 787  785      0.570     -0.796      0.000
 789  787      0.573     -0.909      0.000
 788  789      0.581      0.457      0.000
 794  788      0.583      0.868      0.000
 791  791      0.585     -0.585      0.000
 792  794      0.590      0.467      0.000
 790  795      0.591     -0.382      0.000
 797  790      0.592      0.850      0.000
 798  793      0.593     -0.782      0.000
 799  792      0.594     -0.992      0.000
 795  798      0.599      0.191      0.000
 793  800      0.600      0.041      0.000
 800  796      0.601     -0.609      0.000
 796  802      0.604     -0.107      0.000
 803  797      0.607      0.636      0.000
 805  799      0.611     -0.631      0.000
 801  804      0.612     -0.213      0.000
 808  801      0.616      0.660      0.000
 802  805      0.616      0.050      0.000
 804  806      0.617     -0.246      0.000
 807  803      0.618     -0.585      0.000
 806  807      0.624     -0.192      0.000
 812  808      0.637      0.602      0.000
 809  812      0.638     -0.312      0.000
 811  811      0.639      0.432      0.000
 814  809      0.640      0.730      0.000
 810  817      0.643     -0.076      0.000
 816  810      0.645     -0.900      0.000
  -1   -2      0.646     -0.313      0.000
 817  814      0.650      0.734      0.000
 818  813      0.652      0.887      0.000
 821  815      0.656     -0.906      0.000
 815  822      0.659      0.274      0.000
 823  819      0.662      0.802      0.000
 827  818      0.662     -0.891      0.000
 824  820      0.664     -0.724      0.000
 822  825      0.666     -0.457      0.000
 826  824      0.667     -0.598      0.000
 819  826      0.669      0.050      0.000
 831  821      0.670      0.941      0.000
 830  823      0.670      0.683      0.000
 820  829      0.672     -0.061      0.000
 828  828      0.675     -0.346      0.000
 825  830      0.677     -0.131      0.000
 829  832      0.680     -0.178      0.000
 834  827      0.685      0.956      0.000
 835  831      0.690     -0.672      0.000
 837  833      0.695      0.735      0.000
 836  834      0.696      0.658      0.000
 832  839      0.696      0.055      0.000
 833  842      0.697      0.041      0.000
 838  836      0.700     -0.987      0.000
 839  838      0.703      0.450      0.000
 841  841      0.704      0.489      0.000
 840  844      0.706      0.337      0.000
 847  835      0.706     -0.905      0.000
 845  837      0.708      0.776      0.000
 846  840      0.708     -0.742      0.000
 844  843      0.710      0.623      0.000
 843  845      0.711      0.484      0.000
 842  848      0.713      0.167      0.000
 848  847      0.716      0.512      0.000
 851  846      0.718      0.832      0.000
 849  856      0.725      0.025      0.000
 852  849      0.726     -0.696      0.000
 850  857      0.727      0.233      0.000
 854  852      0.730      0.733      0.000
 856  850      0.730     -0.861      0.000
 859  851      0.732     -0.925      0.000
 857  853      0.733      0.776      0.000
 858  854      0.734     -0.708      0.000
 861  855      0.738      0.862      0.000
 855  860      0.737     -0.461      0.000
 853  861      0.739     -0.219      0.000
 863  858      0.739     -0.875      0.000
 867  859      0.743     -0.833      0.000
 860  864      0.748      0.137      0.000
 866  863      0.749     -0.529      0.000
 862  865      0.751     -0.157      0.000
 871  862      0.753      0.888      0.000
 864  867      0.754     -0.190      0.000
 865  869      0.755      0.103      0.000
 869  868      0.756     -0.246      0.000
 868  870      0.756      0.126      0.000
 870  873      0.761      0.271      0.000
 873  866      0.764     -0.871      0.000
 875  871      0.769      0.726      0.000
 876  872      0.770     -0.808      0.000
 874  876      0.773     -0.468      0.000
 880  874      0.774     -0.940      0.000
 881  875      0.774     -0.873      0.000
 872  878      0.776      0.077      0.000
 877  881      0.780     -0.370      0.000
 878  884      0.783     -0.119      0.000
 879  885      0.785     -0.200      0.000
  -1   -2      0.785     -0.669      0.000
 884  882      0.785     -0.657      0.000
 886  877      0.786     -0.793      0.000
 887  880      0.787      0.821      0.000
 882  886      0.787      0.249      0.000
 888  883      0.789      0.690      0.000
 885  887      0.792     -0.414      0.000
 890  888      0.796      0.465      0.000
 889  894      0.799      0.131      0.000
 892  890      0.801      0.512      0.000
 895  889      0.802      0.966      0.000
 891  896      0.804      0.089      0.000
 898  891      0.807     -0.994      0.000
 894  897      0.808      0.298      0.000
 899  893      0.808      0.875      0.000
 901  892      0.808     -0.946      0.000
 893  902      0.809     -0.084      0.000
 897  895      0.809      0.532      0.000
  -1   -2      0.811      0.310      0.000
 900  899      0.812     -0.541      0.000
 903  903      0.815     -0.517      0.000
 905  898      0.816      0.909      0.000
 906  900      0.817      0.791      0.000
 904  904      0.818      0.609      0.000
 902  906      0.819      0.046      0.000
 907  905      0.819     -0.790      0.000
 908  907      0.825      0.431      0.000
 909  912      0.829     -0.224      0.000
 910  911      0.830      0.396      0.000
 913  909      0.830      0.633      0.000
 912  910      0.831      0.561      0.000
 916  908      0.832      0.891      0.000
 911  915      0.835     -0.072      0.000
 915  916      0.837     -0.289      0.000
 914  918      0.837      0.029      0.000
 918  913      0.840      0.691      0.000
 917  917      0.839     -0.453      0.000
 920  914      0.841      0.948      0.000
 921  919      0.845      0.745      0.000
 919  922      0.847      0.244      0.000
 922  920      0.849     -0.528      0.000
 925  921      0.853      0.847      0.000
 926  923      0.856      0.894      0.000
 923  926      0.857     -0.028      0.000
 924  927      0.859      0.018      0.000
 932  924      0.861     -0.807      0.000
  -1   -2      0.862      0.713      0.000
 927  928      0.863      0.299      0.000
 929  931      0.864     -0.303      0.000
 931  930      0.865      0.407      0.000
 928  932      0.865      0.031      0.000
 933  929      0.868      0.704      0.000
 935  933      0.878      0.630      0.000
 934  935      0.878     -0.016      0.000
 936  934      0.879     -0.730      0.000
 937  938      0.886      0.340      0.000
 938  936      0.886     -0.715      0.000
 941  937      0.887      0.685      0.000
 940  940      0.887     -0.551      0.000
  -1   -2      0.890      0.350      0.000
 942  941      0.890      0.599      0.000
 944  939      0.891      0.871      0.000
 943  943      0.892      0.479      0.000
 947  944      0.897     -0.720      0.000
 948  945      0.899     -0.659      0.000
 946  946      0.900      0.191      0.000
 945  947      0.900     -0.042      0.000
 949  948      0.905      0.326      0.000
 951  949      0.907     -0.541      0.000
 950  950      0.909     -0.124      0.000
 952  951      0.912     -0.277      0.000
 953  954      0.913      0.039      0.000
 954  955      0.915     -0.434      0.000
 957  952      0.916     -0.739      0.000
 958  953      0.917     -0.943      0.000
 955  958      0.918     -0.053      0.000
 960  956      0.918     -0.956      0.000
 956  959      0.919      0.078      0.000
 961  957      0.920     -0.911      0.000
 959  960      0.921      0.328      0.000
 962  961      0.925      0.543      0.000
 963  962      0.927     -0.976      0.000
 964  963      0.932     -0.617      0.000
 965  964      0.935     -0.398      0.000
 966  966      0.937     -0.216      0.000
 967  965      0.937     -0.356      0.000
 968  967      0.943     -0.168      0.000
 969  968      0.946      0.530      0.000
 970  970      0.949     -0.987      0.000
 971  969      0.951      0.929      0.000
 972  971      0.951      0.881      0.000
 974  974      0.954      0.275      0.000
 975  972      0.955      0.778      0.000
 976  973      0.955     -0.866      0.000
 977  975      0.957     -0.590      0.000
 978  976      0.965     -0.737      0.000
 979  977      0.968      0.845      0.000
 980  978      0.970     -0.677      0.000
 981  979      0.971      0.499      0.000
 982  980      0.976     -0.223      0.000
 983  981      0.980      0.463      0.000
 984  982      0.980     -0.509      0.000
 985  983      0.984      0.727      0.000
 986  984      0.983     -0.883      0.000
 988  985      0.986      0.968      0.000
 987  989      0.986     -0.355      0.000
 989  986      0.987      0.648      0.000
 990  987      0.988      0.758      0.000
 991  988      0.987     -0.814      0.000
  -1   -2      0.990      0.405      0.000
 992  992      0.991      0.028      0.000
 994  991      0.991      0.395      0.000
