996
   1    0     -0.994     -0.117      0.000
   3    2     -0.993      0.717      0.000
  -1   -2     -0.993      0.726      0.000
   4    3     -0.992     -0.724      0.000
   5    4     -0.989     -0.202      0.000
   6    5     -0.989     -0.049      0.000
  -1   -2     -0.989      0.952      0.000
   7    6     -0.989      0.452      0.000
   9    7     -0.988     -0.549      0.000
   8    8     -0.987     -0.799      0.000
  10    9     -0.988     -0.299      0.000
  11   10     -0.987      0.201      0.000
  12   11     -0.987      0.701      0.000
  13   12     -0.984     -0.255      0.000
  14   13     -0.980      0.226      0.000
  15   -2     -0.978      0.952      0.000
  17   14     -0.976     -0.169      0.000
  16   15     -0.975     -0.976      0.000
  19   16     -0.973      0.531      0.000
  18   17     -0.973      0.648      0.000
  -1   18     -0.969     -0.020      0.000
  21   19     -0.969      0.330      0.000
  22   20     -0.968     -0.175      0.000
  23   21     -0.967      0.306      0.000
  24   22     -0.963     -0.412      0.000
  25   26     -0.961      0.804      0.000
  26   23     -0.960      0.547      0.000
  27   24     -0.958     -0.100      0.000
  28   25     -0.957     -0.194      0.000
  29   27     -0.955     -0.382      0.000
  31   28     -0.952     -0.607      0.000
  30   30     -0.952     -0.924      0.000
  33   29     -0.950      0.158      0.000
  32   31     -0.950      0.679      0.000
  34   32     -0.947     -0.655      0.000
  36   33     -0.944      0.524      0.000
  35   36     -0.942     -0.924      0.000
  37   35     -0.940     -0.691      0.000
  40   34     -0.939      0.080      0.000
  41   37     -0.936      0.153      0.000
  39   40     -0.937      0.729      0.000
  38   41     -0.936      0.930      0.000
  42   38     -0.935      0.371      0.000
  43   39     -0.934     -0.248      0.000
  44   42     -0.932      0.430      0.000
  45   43     -0.928      0.272      0.000
  46   44     -0.927      0.170      0.000
  48   45     -0.924      0.327      0.000
  47   46     -0.922      0.617      0.000
  50   47     -0.912     -0.153      0.000
  49   48     -0.911     -0.908      0.000
  53   49     -0.903     -0.471      0.000
  52   51     -0.902     -0.641      0.000
  51   52     -0.903      0.907      0.000
  56   50     -0.900     -0.190      0.000
  54   53     -0.900      0.603      0.000
  55   54     -0.897      0.586      0.000
  58   55     -0.894      0.385      0.000
  57   57     -0.893     -0.604      0.000
  59   56     -0.891     -0.214      0.000
  60   58     -0.887      0.444      0.000
  62   59     -0.885     -0.439      0.000
  61   64     -0.883      0.782      0.000
  67   60     -0.882      0.148      0.000
  69   62     -0.882      0.065      0.000
  70   61     -0.881     -0.033      0.000
  63   68     -0.880     -0.855      0.000
  65   65     -0.880      0.516      0.000
  64   67     -0.879     -0.688      0.000
  71   63     -0.878     -0.294      0.000
  68   69     -0.878      0.558      0.000
  66   71     -0.875     -0.813      0.000
  73   66     -0.875     -0.159      0.000
  76   70     -0.873     -0.236      0.000
  72   74     -0.868     -0.913      0.000
  75   76     -0.868      0.828      0.000
  74   77     -0.866     -0.987      0.000
  79   72     -0.864      0.030      0.000
  81   73     -0.860     -0.121      0.000
  83   75     -0.859     -0.008      0.000
  77   82     -0.858     -0.852      0.000
  82   78     -0.859      0.176      0.000
  78   83     -0.858      0.868      0.000
  80   81     -0.856     -0.685      0.000
  87   79     -0.854     -0.085      0.000
  88   80     -0.853      0.113      0.000
  86   88     -0.851      0.659      0.000
  85   87     -0.850      0.592      0.000
  90   84     -0.848      0.247      0.000
  92   85     -0.846     -0.062      0.000
  93   86     -0.845     -0.160      0.000
  91   90     -0.843     -0.509      0.000
  89   93     -0.842     -0.929      0.000
  94   89     -0.841     -0.300      0.000
  95   91     -0.837      0.126      0.000
  96   92     -0.836      0.209      0.000
  97   96     -0.828      0.624      0.000
  98   94     -0.824      0.234      0.000
 100   95     -0.822     -0.168      0.000
  99   97     -0.818      0.494      0.000
 104   98     -0.812     -0.312      0.000
 103   99     -0.812      0.338      0.000
 101  104     -0.809     -0.960      0.000
 102  103     -0.809     -0.822      0.000
 105  102     -0.804      0.460      0.000
 108  101     -0.803      0.100      0.000
 109  100     -0.803     -0.005      0.000
 106  105     -0.798     -0.988      0.000
 110  107     -0.796      0.525      0.000
 111  106     -0.795     -0.378      0.000
 107  110     -0.792     -0.860      0.000
 113  108     -0.789     -0.225      0.000
 112  111     -0.785      0.688      0.000
 114  109     -0.784     -0.386      0.000
 115  116     -0.778      0.774      0.000
 117  113     -0.777      0.512      0.000
 116  114     -0.777     -0.572      0.000
 120  112     -0.771     -0.047      0.000
 118  119     -0.770     -0.801      0.000
 121  115     -0.770     -0.166      0.000
 119  118     -0.769      0.537      0.000
 123  117     -0.763     -0.269      0.000
 128  120     -0.757     -0.238      0.000
 126  122     -0.755      0.496      0.000
 122  128     -0.752     -0.885      0.000
 127  123     -0.752      0.533      0.000
 124  130     -0.749     -0.831      0.000
 125  131     -0.750      0.918      0.000
 131  121     -0.749      0.107      0.000
 129  125     -0.747      0.425      0.000
 130  127     -0.745     -0.448      0.000
 132  126     -0.744     -0.416      0.000
 137  124     -0.744      0.077      0.000
 133  133     -0.742      0.470      0.000
 134  132     -0.741     -0.470      0.000
 136  134     -0.739     -0.502      0.000
 140  129     -0.738     -0.163      0.000
 135  139     -0.733      0.963      0.000
 141  136     -0.731      0.420      0.000
 142  135     -0.730      0.316      0.000
 138  140     -0.728     -0.725      0.000
 139  141     -0.728      0.659      0.000
 143  137     -0.725      0.186      0.000
 146  138     -0.720     -0.222      0.000
 150  142     -0.715     -0.278      0.000
 145  143     -0.714     -0.521      0.000
 144  146     -0.712     -0.681      0.000
 149  144     -0.712      0.477      0.000
 151  145     -0.706     -0.406      0.000
 147  149     -0.707      0.867      0.000
 148  150     -0.704     -0.980      0.000
 152  147     -0.700     -0.205      0.000
 153  148     -0.698      0.277      0.000
 154  151     -0.691      0.504      0.000
 162  152     -0.682     -0.172      0.000
 157  155     -0.681      0.587      0.000
 161  153     -0.680     -0.323      0.000
 155  162     -0.680      0.884      0.000
 158  160     -0.679      0.655      0.000
 159  159     -0.678      0.607      0.000
 160  154     -0.676     -0.481      0.000
 156  164     -0.677      0.808      0.000
 163  163     -0.673      0.555      0.000
 168  158     -0.671     -0.392      0.000
 170  156     -0.670      0.168      0.000
 171  157     -0.668      0.029      0.000
 172  161     -0.666     -0.218      0.000
 166  168     -0.666      0.588      0.000
 164  170     -0.666      0.778      0.000
 165  173     -0.662      0.844      0.000
 167  174     -0.661     -0.801      0.000
 174  165     -0.661      0.229      0.000
 169  171     -0.661      0.696      0.000
 177  166     -0.658      0.052      0.000
 176  167     -0.657      0.140      0.000
 173  175     -0.653     -0.724      0.000
 178  169     -0.652     -0.195      0.000
 180  172     -0.646      0.031      0.000
  -1   -2     -0.645     -0.724      0.000
 182  178     -0.637      0.481      0.000
 179  181     -0.637      0.929      0.000
 181  179     -0.635      0.564      0.000
 185  176     -0.633      0.201      0.000
 183  180     -0.630     -0.568      0.000
 188  182     -0.623     -0.426      0.000
 184  187     -0.624      0.725      0.000
 187  188     -0.619      0.558      0.000
 186  191     -0.618      0.817      0.000
 192  183     -0.616     -0.083      0.000
 189  192     -0.613     -0.755      0.000
 191  185     -0.614      0.249      0.000
 194  184     -0.612      0.023      0.000
 196  186     -0.611      0.058      0.000
 193  190     -0.611      0.308      0.000
 190  194     -0.606     -0.716      0.000
 200  189     -0.606     -0.056      0.000
 198  195     -0.599      0.526      0.000
 195  198     -0.595      0.826      0.000
 197  200     -0.594      0.868      0.000
 206  193     -0.593     -0.140      0.000
 199  199     -0.594      0.789      0.000
 203  197     -0.593      0.519      0.000
 202  201     -0.590      0.693      0.000
 201  202     -0.588     -0.787      0.000
 204  203     -0.586     -0.744      0.000
 212  196     -0.585     -0.192      0.000
 205  204     -0.582     -0.617      0.000
 209  205     -0.579      0.481      0.000
 208  206     -0.578      0.513      0.000
 210  208     -0.574      0.655      0.000
 207  211     -0.573      0.840      0.000
 216  207     -0.572      0.475      0.000
 211  215     -0.570      0.805      0.000
 214  209     -0.569     -0.658      0.000
 215  214     -0.568      0.639      0.000
 213  217     -0.567      0.916      0.000
 221  210     -0.564      0.452      0.000
 217  219     -0.563      0.781      0.000
 219  216     -0.562     -0.616      0.000
 218  222     -0.559      0.906      0.000
 227  213     -0.555     -0.171      0.000
 228  212     -0.555     -0.028      0.000
 222  221     -0.554     -0.525      0.000
 220  226     -0.553     -0.911      0.000
 223  220     -0.554     -0.481      0.000
  -1  223     -0.549     -0.988      0.000
 232  218     -0.548      0.013      0.000
 226  227     -0.545      0.590      0.000
  -1  233     -0.543     -0.981      0.000
 224  232     -0.543      0.993      0.000
 225  231     -0.542     -0.844      0.000
 233  225     -0.541      0.275      0.000
 229  235     -0.539      0.723      0.000
 230  234     -0.538     -0.720      0.000
 231  230     -0.538      0.600      0.000
 238  224     -0.537     -0.078      0.000
 234  228     -0.535     -0.494      0.000
  -1  236     -0.526     -0.042      0.000
 236  238     -0.524      0.717      0.000
 235  242     -0.521      0.990      0.000
 237  243     -0.520     -0.896      0.000
 239  240     -0.520      0.656      0.000
 242  237     -0.518      0.418      0.000
 240  245     -0.516      0.710      0.000
 243  239     -0.514     -0.470      0.000
 241  252     -0.511     -0.042      0.000
 251  241     -0.505     -0.172      0.000
  -1   -2     -0.505      0.712      0.000
 250  246     -0.504      0.307      0.000
 245  250     -0.503      0.620      0.000
 248  249     -0.501     -0.601      0.000
 253  244     -0.501     -0.183      0.000
 246  256     -0.500      0.724      0.000
  -1   -2     -0.496     -0.220      0.000
 247  258     -0.496      0.947      0.000
 256  248     -0.492     -0.215      0.000
 257  255     -0.490     -0.384      0.000
 260  253     -0.489      0.178      0.000
 249   -2     -0.487     -0.039      0.000
 264  254     -0.486     -0.170      0.000
 254  260     -0.486      0.582      0.000
 252  262     -0.486      0.928      0.000
 259  257     -0.485      0.429      0.000
 262  259     -0.482      0.349      0.000
 255  264     -0.480     -0.732      0.000
 258  267     -0.475     -0.847      0.000
 266  263     -0.474      0.449      0.000
 269  261     -0.473     -0.035      0.000
 261  270     -0.471      0.957      0.000
 267  266     -0.471      0.577      0.000
 263  269     -0.471      0.805      0.000
 273  265     -0.461      0.085      0.000
 275  268     -0.459      0.161      0.000
 268  275     -0.459      0.742      0.000
 270  278     -0.455      0.762      0.000
 278  271     -0.452     -0.058      0.000
 272  279     -0.451     -0.732      0.000
 271  282     -0.452      0.953      0.000
 279  273     -0.449      0.144      0.000
 280  274     -0.448     -0.149      0.000
  -1   -2     -0.448      0.013      0.000
 274  283     -0.445      0.769      0.000
 284  277     -0.443     -0.251      0.000
 277  284     -0.442      0.821      0.000
 285  276     -0.442      0.018      0.000
 282  280     -0.441      0.386      0.000
 276  285     -0.440     -0.994      0.000
 286  281     -0.437     -0.313      0.000
 283  287     -0.433     -0.642      0.000
 292  286     -0.422     -0.107      0.000
 287  295     -0.422      0.929      0.000
 288  293     -0.421     -0.777      0.000
 289  290     -0.421      0.580      0.000
 293  288     -0.420     -0.099      0.000
 291  289     -0.420     -0.239      0.000
 290  292     -0.416      0.489      0.000
 296  291     -0.413     -0.321      0.000
 294  297     -0.411     -0.523      0.000
 300  294     -0.409     -0.389      0.000
 298  296     -0.409     -0.430      0.000
 295  298     -0.409      0.494      0.000
 302  299     -0.406     -0.470      0.000
 301  301     -0.402      0.624      0.000
 297  304     -0.401      0.802      0.000
 306  302     -0.398     -0.698      0.000
 299  310     -0.398      0.872      0.000
 304  307     -0.398      0.768      0.000
 303  308     -0.397     -0.805      0.000
 309  303     -0.396     -0.603      0.000
 308  309     -0.396      0.709      0.000
 310  305     -0.395      0.611      0.000
 305  313     -0.395      0.983      0.000
 307  312     -0.394     -0.904      0.000
 312  300     -0.393      0.272      0.000
 314  306     -0.388      0.324      0.000
 311  317     -0.386     -0.827      0.000
 315  311     -0.382     -0.255      0.000
 313  318     -0.376     -0.856      0.000
 317  314     -0.375     -0.104      0.000
 316  315     -0.375      0.134      0.000
 318  316     -0.374     -0.064      0.000
 321  319     -0.361      0.134      0.000
 320  320     -0.361      0.372      0.000
 319  325     -0.355      0.886      0.000
 322  324     -0.349     -0.585      0.000
 324  321     -0.348      0.188      0.000
 326  323     -0.345      0.282      0.000
 327  322     -0.344      0.143      0.000
 323  330     -0.344      0.729      0.000
 328  327     -0.340     -0.263      0.000
 329  326     -0.339      0.160      0.000
 330  329     -0.338      0.092      0.000
 331  328     -0.337     -0.014      0.000
 325  335     -0.334      0.844      0.000
 334  334     -0.327      0.328      0.000
 339  331     -0.327     -0.051      0.000
 338  332     -0.327      0.147      0.000
 340  333     -0.324     -0.130      0.000
 332  337     -0.322      0.676      0.000
 337  336     -0.321      0.522      0.000
 333  339     -0.317      0.942      0.000
 335  340     -0.316     -0.895      0.000
 336  343     -0.315     -0.919      0.000
 342  338     -0.313      0.454      0.000
 343  341     -0.310     -0.612      0.000
 344  345     -0.309     -0.654      0.000
 345  344     -0.308      0.508      0.000
 341  348     -0.305      0.992      0.000
 348  342     -0.302     -0.225      0.000
 346  347     -0.300      0.545      0.000
 347  346     -0.298     -0.988      0.000
 349  350     -0.293     -0.603      0.000
 355  349     -0.292     -0.474      0.000
 351  352     -0.291     -0.643      0.000
 350  353     -0.291      0.685      0.000
 352  351     -0.290      0.549      0.000
 353  354     -0.288     -0.670      0.000
 354  356     -0.285     -0.871      0.000
 356  357     -0.277      0.607      0.000
 359  355     -0.273      0.054      0.000
 357  358     -0.273      0.419      0.000
 360  360     -0.268      0.348      0.000
 363  359     -0.266     -0.054      0.000
 362  361     -0.265     -0.243      0.000
 358  364     -0.265      0.973      0.000
 361  367     -0.261      0.735      0.000
 364  362     -0.260     -0.432      0.000
 367  363     -0.257      0.167      0.000
 365  368     -0.255     -0.599      0.000
 368  366     -0.254     -0.334      0.000
 369  365     -0.254     -0.315      0.000
 366  370     -0.250      0.672      0.000
 370  369     -0.247     -0.399      0.000
 376  371     -0.239     -0.060      0.000
 378  372     -0.237     -0.140      0.000
 371  377     -0.237      0.612      0.000
 377  375     -0.236     -0.260      0.000
 380  373     -0.235     -0.039      0.000
 379  374     -0.235     -0.111      0.000
 375  376     -0.235     -0.418      0.000
 373  378     -0.234     -0.570      0.000
 372  383     -0.231      0.971      0.000
 374  382     -0.230      0.723      0.000
 381  381     -0.227      0.519      0.000
 383  379     -0.225     -0.131      0.000
 382  384     -0.224     -0.572      0.000
 386  380     -0.223     -0.260      0.000
 387  386     -0.220      0.388      0.000
 388  385     -0.220      0.365      0.000
 384  387     -0.217      0.597      0.000
 385  391     -0.214      0.915      0.000
 389  389     -0.214      0.787      0.000
 390  393     -0.212      0.861      0.000
 392  388     -0.211     -0.377      0.000
 394  394     -0.206     -0.538      0.000
 400  390     -0.204     -0.035      0.000
 391  400     -0.204     -0.988      0.000
 393  398     -0.204      0.814      0.000
 396  397     -0.202      0.660      0.000
 395  399     -0.202     -0.753      0.000
 401  392     -0.202      0.133      0.000
 399  396     -0.201     -0.481      0.000
  -1   -2     -0.201     -0.472      0.000
 397  401     -0.199     -0.671      0.000
 402  402     -0.185     -0.706      0.000
 403  403     -0.183      0.633      0.000
 404  405     -0.179      0.685      0.000
 405  404     -0.178      0.478      0.000
 406  406     -0.176     -0.657      0.000
 411  407     -0.171      0.141      0.000
 407  409     -0.170     -0.470      0.000
  -1  410     -0.170      0.397      0.000
 410   -2     -0.169      0.406      0.000
 409  411     -0.168     -0.587      0.000
 413  412     -0.160     -0.822      0.000
 412  413     -0.160      0.818      0.000
 414  417     -0.158      0.837      0.000
 416  419     -0.155      0.749      0.000
 415  420     -0.155      0.964      0.000
 418  415     -0.154     -0.449      0.000
 417  421     -0.154     -0.897      0.000
 419  416     -0.152      0.203      0.000
 420  414     -0.152     -0.047      0.000
 421  418     -0.151      0.183      0.000
 423  422     -0.146     -0.229      0.000
 422  426     -0.143     -0.828      0.000
 425  423     -0.141     -0.198      0.000
 424  427     -0.140      0.413      0.000
 427  424     -0.139      0.164      0.000
 426  425     -0.139     -0.288      0.000
 428  428     -0.136     -0.266      0.000
 430  429     -0.131      0.592      0.000
 429  430     -0.130      0.770      0.000
 431  431     -0.125     -0.338      0.000
 433  432     -0.119      0.273      0.000
 432  433     -0.118      0.732      0.000
 434  434     -0.114     -0.608      0.000
 437  435     -0.109     -0.260      0.000
 435  436     -0.108     -0.540      0.000
 436  438     -0.107      0.534      0.000
  -1   -2     -0.107      0.523      0.000
 439  437     -0.106     -0.172      0.000
 440  440     -0.103      0.203      0.000
 441  441     -0.100      0.416      0.000
 442  442     -0.099     -0.479      0.000
 443  443     -0.096      0.007      0.000
 444  444     -0.095     -0.054      0.000
 445  446     -0.086      0.925      0.000
 446  445     -0.085     -0.318      0.000
 448  447     -0.083     -0.596      0.000
 447  448     -0.082      0.835      0.000
 449  449     -0.076     -0.522      0.000
 450  450     -0.075      0.619      0.000
 451  451     -0.073     -0.640      0.000
 452  453     -0.072      0.976      0.000
 453  452     -0.071     -0.016      0.000
 455  454     -0.067     -0.421      0.000
 454  457     -0.065     -0.912      0.000
 456  455     -0.064      0.251      0.000
 458  456     -0.064     -0.225      0.000
 457  459     -0.063      0.501      0.000
 459  458     -0.063      0.416      0.000
 460  460     -0.061     -0.927      0.000
 461  461     -0.059     -0.983      0.000
 462  462     -0.057     -0.762      0.000
 463  463     -0.055     -0.782      0.000
 464  464     -0.054     -0.450      0.000
 465  466     -0.052      0.761      0.000
 466  465     -0.051     -0.055      0.000
 467  467     -0.050      0.483      0.000
 469  468     -0.049     -0.988      0.000
 468  469     -0.049     -0.587      0.000
 470  471     -0.048     -0.485      0.000
 472  472     -0.048      0.049      0.000
 471  470     -0.048      0.067      0.000
 473  473     -0.046     -0.090      0.000
 474  474     -0.046      0.345      0.000
 475  475     -0.045     -0.667      0.000
 476  476     -0.041     -0.900      0.000
 477  477     -0.040      0.915      0.000
 478  478     -0.039      0.227      0.000
 479  479     -0.038      0.560      0.000
 480  480     -0.036      0.388      0.000
 481  481     -0.036      0.762      0.000
 483  482     -0.034      0.090      0.000
 482  483     -0.034     -0.482      0.000
 484  484     -0.034     -0.834      0.000
 485  485     -0.032      0.258      0.000
 486  486     -0.032      0.835      0.000
 487  487     -0.031     -0.281      0.000
 488  488     -0.031     -0.565      0.000
 489  489     -0.030      0.945      0.000
 490  490     -0.029      0.128      0.000
 491  491     -0.027      0.162      0.000
 492  492     -0.025      0.021      0.000
 493  493     -0.023     -0.673      0.000
 494  494     -0.023     -0.450      0.000
 495  495     -0.023     -0.539      0.000
 496  496     -0.021      0.661      0.000
 497  497     -0.020     -0.485      0.000
 498  498     -0.016     -0.725      0.000
  -1   -2     -0.016     -0.534      0.000
 499  500     -0.016      0.273      0.000
 501  501     -0.014     -0.636      0.000
 502  502     -0.013     -0.662      0.000
 503  503     -0.012      0.978      0.000
 504  504     -0.002      0.054      0.000
 505  505      0.002     -0.414      0.000
 506  506      0.002     -0.246      0.000
 507  507      0.006      0.255      0.000
 508  508      0.011      0.550      0.000
 511  509      0.015     -0.729      0.000
 509  513      0.015      0.067      0.000
 512  510      0.015      0.797      0.000
 510  512      0.016     -0.360      0.000
 515  511      0.017      0.739      0.000
 513  514      0.018     -0.119      0.000
 514  515      0.019     -0.095      0.000
 516  517      0.020     -0.208      0.000
 517  516      0.021     -0.711      0.000
 519  518      0.023      0.728      0.000
 518  519      0.025      0.142      0.000
 520  520      0.030      0.567      0.000
 521  521      0.032      0.101      0.000
 522  522      0.033     -0.210      0.000
 523  523      0.039      0.368      0.000
 524  525      0.042      0.182      0.000
 525  524      0.042     -0.517      0.000
 526  527      0.049     -0.426      0.000
 527  529      0.050      0.328      0.000
 529  526      0.051     -0.968      0.000
 528  531      0.052      0.005      0.000
 530  528      0.052     -0.803      0.000
 531  530      0.055     -0.705      0.000
 532  532      0.066      0.396      0.000
 534  533      0.071      0.878      0.000
 536  534      0.074     -0.928      0.000
 533  539      0.074      0.059      0.000
 537  535      0.075      0.760      0.000
 538  538      0.078     -0.625      0.000
 535  540      0.078     -0.306      0.000
 541  536      0.079     -0.865      0.000
 539  537      0.079      0.702      0.000
 540  543      0.082     -0.411      0.000
 544  541      0.084     -0.973      0.000
 546  542      0.086      0.941      0.000
 545  544      0.086      0.686      0.000
 542  545      0.087      0.226      0.000
 543  546      0.090      0.198      0.000
 547  547      0.092     -0.433      0.000
  -1   -2      0.095      0.222      0.000
 551  548      0.098     -0.908      0.000
 549  551      0.105      0.057      0.000
 550  552      0.106     -0.054      0.000
 553  550      0.108     -0.539      0.000
 552  554      0.110     -0.182      0.000
 555  558      0.114      0.302      0.000
 554  559      0.114      0.087      0.000
 559  553      0.115     -0.968      0.000
 556  560      0.115     -0.208      0.000
 558  557      0.116      0.541      0.000
 557  563      0.117     -0.051      0.000
 562  555      0.118      0.848      0.000
 565  556      0.119     -0.885      0.000
 561  561      0.120     -0.512      0.000
 564  562      0.122     -0.579      0.000
 560  569      0.123      0.019      0.000
 566  564      0.124     -0.496      0.000
 563  571      0.126     -0.194      0.000
 568  568      0.129     -0.667      0.000
 570  566      0.130     -0.879      0.000
 571  565      0.130     -0.974      0.000
 572  567      0.131      0.948      0.000
 573  570      0.132      0.763      0.000
 567  574      0.133      0.066      0.000
 574  572      0.136     -0.980      0.000
 569  576      0.136      0.283      0.000
 575  573      0.139     -0.929      0.000
 576  575      0.143      0.796      0.000
 577  578      0.149      0.356      0.000
 578  582      0.154     -0.216      0.000
 584  577      0.155      0.885      0.000
 579  584      0.155      0.124      0.000
 581  581      0.156      0.394      0.000
  -1   -2      0.156     -0.510      0.000
 580  587      0.158      0.059      0.000
 586  583      0.160      0.545      0.000
 585  585      0.160     -0.520      0.000
 582  589      0.160     -0.032      0.000
 590  580      0.163      0.876      0.000
 588  588      0.163     -0.465      0.000
 589  590      0.167      0.471      0.000
 587  592      0.167     -0.013      0.000
 592  586      0.168     -0.940      0.000
 594  591      0.172     -0.677      0.000
 591  596      0.176     -0.164      0.000
 596  594      0.177     -0.468      0.000
 597  595      0.178     -0.486      0.000
 595  598      0.179      0.292      0.000
 593  599      0.180      0.084      0.000
 600  593      0.183     -0.933      0.000
 598  601      0.185     -0.313      0.000
 603  597      0.187      0.846      0.000
 602  602      0.191     -0.527      0.000
 599  604      0.192     -0.365      0.000
 606  600      0.195      0.955      0.000
 601  606      0.195      0.159      0.000
 604  605      0.196      0.390      0.000
 608  603      0.198      0.680      0.000
 607  607      0.201     -0.987      0.000
 605  609      0.202     -0.225      0.000
 613  608      0.207      0.568      0.000
 609  612      0.210      0.188      0.000
 610  615      0.213     -0.153      0.000
 611  614      0.213      0.171      0.000
 615  610      0.214     -0.604      0.000
 612  616      0.214      0.085      0.000
 616  611      0.215     -0.635      0.000
 618  613      0.219      0.709      0.000
 614  618      0.220      0.077      0.000
 621  617      0.226      0.649      0.000
 617  622      0.228     -0.091      0.000
 620  621      0.231      0.320      0.000
 624  620      0.231      0.559      0.000
 619  624      0.231      0.044      0.000
 628  619      0.235      0.979      0.000
 627  623      0.237     -0.549      0.000
 622  628      0.238     -0.113      0.000
 623  626      0.238      0.130      0.000
 626  625      0.238      0.396      0.000
 625  629      0.240     -0.212      0.000
 631  627      0.246     -0.614      0.000
 629  634      0.248      0.195      0.000
 630  633      0.249     -0.365      0.000
 633  630      0.252      0.684      0.000
 635  631      0.254     -0.833      0.000
 637  632      0.256      0.747      0.000
 632  637      0.259     -0.106      0.000
 639  635      0.261      0.792      0.000
 634  642      0.264      0.006      0.000
 638  638      0.265     -0.416      0.000
 640  636      0.266     -0.865      0.000
 636  644      0.268     -0.019      0.000
 641  643      0.272     -0.552      0.000
 643  639      0.274     -0.822      0.000
 644  640      0.276      0.889      0.000
 645  641      0.277     -0.970      0.000
 642  647      0.279     -0.247      0.000
 650  645      0.287     -0.812      0.000
 647  648      0.288      0.521      0.000
 653  646      0.291     -0.865      0.000
 646  653      0.292     -0.276      0.000
 649  650      0.293      0.460      0.000
 648  652      0.295      0.382      0.000
 659  649      0.297     -0.867      0.000
 658  651      0.299     -0.737      0.000
 651  655      0.299     -0.420      0.000
 654  657      0.302     -0.462      0.000
 652  658      0.303      0.280      0.000
 660  654      0.303      0.582      0.000
 656  656      0.304      0.473      0.000
 657  661      0.308     -0.322      0.000
 655  662      0.310     -0.084      0.000
 662  659      0.311     -0.670      0.000
 663  660      0.312      0.638      0.000
 661  667      0.322      0.109      0.000
 664  669      0.324      0.162      0.000
 665  666      0.327      0.501      0.000
 672  663      0.331     -0.824      0.000
 669  665      0.332      0.719      0.000
 677  664      0.334      0.873      0.000
 670  670      0.335     -0.627      0.000
 666  675      0.337      0.044      0.000
 678  668      0.339      0.810      0.000
 667  673      0.339      0.236      0.000
 668  679      0.343      0.030      0.000
 676  676      0.345      0.356      0.000
 681  671      0.345      0.592      0.000
 671  682      0.346     -0.175      0.000
 680  674      0.346     -0.581      0.000
 675  681      0.347     -0.293      0.000
 674  684      0.348      0.186      0.000
 673  685      0.348      0.161      0.000
 682  677      0.349      0.493      0.000
 689  672      0.351     -0.815      0.000
 685  678      0.351     -0.598      0.000
 683  680      0.352      0.478      0.000
 679  691      0.354      0.106      0.000
 687  688      0.358     -0.461      0.000
 692  683      0.359      0.640      0.000
 684  694      0.361      0.144      0.000
 690  690      0.361      0.443      0.000
  -1   -2      0.363      0.823      0.000
 686  695      0.364      0.078      0.000
 694  687      0.365      0.875      0.000
 688  696      0.366      0.006      0.000
 695  689      0.368     -0.761      0.000
 691  698      0.370      0.086      0.000
 698  692      0.373     -0.959      0.000
 699  693      0.376      0.823      0.000
 696  699      0.378     -0.403      0.000
 697  701      0.383      0.396      0.000
 703  697      0.387     -0.984      0.000
 701  700      0.388     -0.686      0.000
 700  704      0.392      0.481      0.000
 706  702      0.393     -0.716      0.000
 702  705      0.395      0.518      0.000
 711  703      0.398      0.855      0.000
 707  709      0.403      0.429      0.000
 705  710      0.403      0.316      0.000
 704  713      0.407      0.140      0.000
 713  706      0.407     -0.758      0.000
 710  711      0.408     -0.466      0.000
 715  707      0.408     -0.773      0.000
 716  708      0.409      0.778      0.000
 709  716      0.413     -0.199      0.000
 708  718      0.414      0.046      0.000
 718  712      0.417     -0.737      0.000
 717  715      0.419      0.447      0.000
 712  719      0.420     -0.118      0.000
 714  721      0.423     -0.172      0.000
 721  714      0.428     -0.900      0.000
 722  717      0.429     -0.833      0.000
 727  720      0.436     -0.781      0.000
 719  729      0.438     -0.166      0.000
 724  726      0.441     -0.548      0.000
 730  722      0.441      0.835      0.000
 733  723      0.444      0.995      0.000
 734  724      0.444     -0.975      0.000
 720  731      0.444      0.187      0.000
 736  725      0.446      0.950      0.000
 723  734      0.448     -0.077      0.000
 735  727      0.450      0.698      0.000
 732  730      0.450     -0.987      0.000
 728  733      0.451      0.312      0.000
 725  735      0.451      0.038      0.000
 726  736      0.452      0.048      0.000
 739  728      0.454      0.873      0.000
 729  738      0.456      0.136      0.000
 738  732      0.457      0.636      0.000
 731  737      0.456     -0.273      0.000
 737  745      0.469     -0.082      0.000
 744  740      0.472      0.531      0.000
 741  743      0.474      0.406      0.000
 742  744      0.475     -0.430      0.000
 749  739      0.478      0.806      0.000
 743  746      0.478     -0.332      0.000
 740  749      0.479     -0.129      0.000
 748  741      0.481     -0.708      0.000
 750  742      0.482     -0.719      0.000
 745  747      0.484      0.429      0.000
 752  748      0.489     -0.590      0.000
 747  750      0.490      0.308      0.000
 746  751      0.492      0.024      0.000
 751  754      0.499     -0.139      0.000
 753  755      0.501      0.068      0.000
 758  752      0.509      0.750      0.000
 756  753      0.509      0.568      0.000
 755  757      0.511     -0.406      0.000
 757  756      0.511     -0.542      0.000
 754  763      0.517      0.001      0.000
 759  758      0.520     -0.584      0.000
 764  759      0.522      0.594      0.000
 766  760      0.526      0.663      0.000
 767  761      0.528     -0.689      0.000
 760  769      0.531     -0.140      0.000
 763  770      0.531     -0.193      0.000
 761  772      0.532     -0.127      0.000
 762  773      0.532      0.016      0.000
 768  765      0.533     -0.653      0.000
 765  771      0.534      0.252      0.000
 770  762      0.534     -0.837      0.000
 774  764      0.536     -0.992      0.000
 769  766      0.539      0.617      0.000
 771  775      0.544     -0.496      0.000
 779  767      0.547      0.934      0.000
 775  776      0.547     -0.563      0.000
 780  768      0.548      0.920      0.000
 772  780      0.551      0.219      0.000
 777  778      0.551      0.439      0.000
 773  783      0.553      0.118      0.000
 787  774      0.554     -0.911      0.000
 776  784      0.555      0.228      0.000
 785  777      0.555     -0.799      0.000
 782  782      0.560     -0.550      0.000
 783  781      0.560     -0.558      0.000
 778  790      0.564     -0.104      0.000
 781  787      0.564      0.305      0.000
 784  788      0.566      0.354      0.000
 788  779      0.566      0.870      0.000
 786  792      0.572      0.088      0.000
 790  785      0.575      0.852      0.000
 792  786      0.576     -0.992      0.000
 793  789      0.579     -0.785      0.000
 791  791      0.582     -0.590      0.000
 789  793      0.583      0.463      0.000
 794  794      0.591      0.473      0.000
 796  795      0.596     -0.615      0.000
 797  796      0.599      0.642      0.000
 795  799      0.599     -0.388      0.000
 799  797      0.605     -0.637      0.000
 801  798      0.607      0.666      0.000
 798  802      0.613      0.196      0.000
 803  800      0.615     -0.592      0.000
 800  804      0.617      0.043      0.000
 802  808      0.621     -0.108      0.000
 804  810      0.626     -0.217      0.000
 809  803      0.628      0.736      0.000
 810  801      0.628     -0.903      0.000
 808  805      0.630      0.610      0.000
 806  812      0.631     -0.251      0.000
 805  814      0.633      0.052      0.000
 813  806      0.636      0.891      0.000
 814  809      0.639      0.741      0.000
 815  807      0.638     -0.909      0.000
 807  817      0.639     -0.195      0.000
 811  815      0.642      0.442      0.000
 818  811      0.645     -0.894      0.000
 819  813      0.649      0.807      0.000
 812  819      0.649     -0.318      0.000
 820  818      0.653     -0.731      0.000
 821  816      0.654      0.943      0.000
  -1   -2      0.656     -0.320      0.000
 823  820      0.660      0.691      0.000
 817  824      0.660     -0.077      0.000
 824  821      0.663     -0.607      0.000
 822  826      0.668      0.282      0.000
 825  825      0.670     -0.467      0.000
 827  823      0.670      0.958      0.000
 831  828      0.683     -0.681      0.000
 828  831      0.683     -0.354      0.000
 833  827      0.684      0.743      0.000
 826  833      0.685      0.053      0.000
 834  830      0.688      0.668      0.000
 829  835      0.688     -0.061      0.000
 835  829      0.690     -0.909      0.000
 830  837      0.692     -0.134      0.000
 832  841      0.694     -0.183      0.000
 837  832      0.697      0.783      0.000
 840  834      0.698     -0.750      0.000
 836  839      0.700     -0.987      0.000
 843  838      0.703      0.635      0.000
 841  842      0.704      0.502      0.000
 838  843      0.704      0.463      0.000
 846  836      0.706      0.838      0.000
 845  846      0.711      0.497      0.000
 839  852      0.711      0.058      0.000
 842  854      0.712      0.043      0.000
 844  850      0.713      0.348      0.000
 847  847      0.715      0.525      0.000
 851  844      0.717     -0.928      0.000
 850  845      0.717     -0.867      0.000
 849  848      0.718     -0.707      0.000
 852  849      0.721      0.743      0.000
 853  851      0.722      0.785      0.000
 848  858      0.725      0.175      0.000
 855  855      0.726      0.868      0.000
 854  856      0.726     -0.719      0.000
 858  853      0.726     -0.880      0.000
 859  857      0.731     -0.840      0.000
 857  861      0.737      0.243      0.000
 856  862      0.739      0.028      0.000
 860  860      0.740     -0.474      0.000
 862  859      0.741      0.893      0.000
 863  864      0.748     -0.543      0.000
 861  867      0.750     -0.226      0.000
 866  863      0.752     -0.877      0.000
 864  870      0.760      0.144      0.000
 872  866      0.760     -0.817      0.000
 871  868      0.761      0.737      0.000
 874  865      0.760     -0.942      0.000
 875  869      0.763     -0.879      0.000
 865  871      0.764     -0.162      0.000
 867  873      0.765     -0.197      0.000
 868  872      0.766     -0.255      0.000
 869  877      0.767      0.108      0.000
 870  878      0.768      0.133      0.000
 873  875      0.769      0.283      0.000
 876  879      0.775     -0.482      0.000
 877  874      0.777     -0.803      0.000
 880  876      0.778      0.830      0.000
  -1   -2      0.780     -0.682      0.000
 882  881      0.781     -0.670      0.000
 883  882      0.782      0.703      0.000
 881  884      0.786     -0.383      0.000
 878  887      0.787      0.083      0.000
 889  883      0.792      0.969      0.000
 885  893      0.794     -0.208      0.000
 884  894      0.795     -0.123      0.000
 886  891      0.795      0.261      0.000
 887  890      0.796     -0.428      0.000
 888  889      0.796      0.482      0.000
 892  885      0.796     -0.948      0.000
 891  886      0.797     -0.993      0.000
 893  888      0.799      0.881      0.000
 890  892      0.800      0.528      0.000
 898  895      0.807      0.914      0.000
 895  897      0.807      0.549      0.000
 894  901      0.808      0.140      0.000
 900  896      0.809      0.801      0.000
 899  899      0.812     -0.557      0.000
 905  898      0.812     -0.800      0.000
 897  903      0.814      0.312      0.000
 904  900      0.814      0.624      0.000
 896  906      0.814      0.095      0.000
 903  902      0.815     -0.533      0.000
  -1   -2      0.816      0.324      0.000
 902  908      0.819     -0.086      0.000
 908  905      0.824      0.897      0.000
 909  907      0.826      0.648      0.000
 907  911      0.827      0.448      0.000
 910  910      0.828      0.578      0.000
 906  915      0.829      0.050      0.000
  -1  909      0.830     -0.994      0.000
 911  914      0.832      0.413      0.000
 914  912      0.833      0.951      0.000
 913  913      0.834      0.705      0.000
 912  917      0.837     -0.233      0.000
 919  916      0.839      0.758      0.000
 917  919      0.841     -0.469      0.000
 916  921      0.843     -0.301      0.000
 915  923      0.844     -0.073      0.000
 921  918      0.846      0.855      0.000
 918  924      0.846      0.033      0.000
 920  922      0.848     -0.545      0.000
 923  920      0.849      0.900      0.000
 922  927      0.852      0.258      0.000
 924  925      0.855     -0.817      0.000
  -1   -2      0.857      0.727      0.000
 929  928      0.864      0.718      0.000
 926  931      0.865     -0.027      0.000
 928  930      0.866      0.315      0.000
 930  929      0.867      0.424      0.000
 927  932      0.868      0.020      0.000
 931  933      0.869     -0.316      0.000
 932  936      0.873      0.034      0.000
 933  934      0.875      0.647      0.000
 934  935      0.875     -0.744      0.000
 936  937      0.882     -0.729      0.000
 937  938      0.884      0.700      0.000
 935  942      0.885     -0.015      0.000
 939  939      0.886      0.878      0.000
 940  941      0.887     -0.568      0.000
 941  940      0.888      0.617      0.000
 938  943      0.888      0.357      0.000
 943  944      0.891      0.498      0.000
  -1   -2      0.892      0.367      0.000
 944  945      0.894     -0.735      0.000
 945  947      0.897     -0.675      0.000
 946  949      0.905      0.203      0.000
 947  951      0.906     -0.042      0.000
 949  948      0.906     -0.559      0.000
 948  950      0.908      0.342      0.000
 953  952      0.912     -0.946      0.000
 952  953      0.913     -0.753      0.000
 950  956      0.914     -0.129      0.000
 956  954      0.914     -0.958      0.000
 951  957      0.915     -0.289      0.000
 955  958      0.916     -0.451      0.000
 957  955      0.916     -0.915      0.000
 954  959      0.919      0.043      0.000
 960  962      0.923      0.345      0.000
 958  963      0.923     -0.054      0.000
 959  964      0.923      0.084      0.000
 961  961      0.924      0.562      0.000
 962  960      0.923     -0.977      0.000
 963  965      0.930     -0.634      0.000
 964  966      0.936     -0.415      0.000
 965  967      0.939     -0.371      0.000
 966  968      0.940     -0.226      0.000
 968  969      0.945      0.550      0.000
 967  970      0.946     -0.176      0.000
 969  971      0.949      0.934      0.000
 971  972      0.950      0.888      0.000
 970  973      0.949     -0.987      0.000
 972  974      0.954      0.791      0.000
 973  975      0.953     -0.873      0.000
 974  977      0.956      0.290      0.000
 975  976      0.956     -0.609      0.000
 976  978      0.964     -0.751      0.000
 977  979      0.967      0.854      0.000
 978  980      0.968     -0.694      0.000
 979  981      0.970      0.519      0.000
 980  984      0.978     -0.234      0.000
 981  982      0.980      0.482      0.000
 982  983      0.980     -0.527      0.000
 984  985      0.982     -0.890      0.000
 983  986      0.983      0.742      0.000
 985  987      0.984      0.972      0.000
 987  990      0.986      0.772      0.000
 988  988      0.985     -0.824      0.000
 986  989      0.986      0.666      0.000
 989  991      0.987     -0.370      0.000
  -1   -2      0.990      0.424      0.000
 991  993      0.992      0.413      0.000
 992  994      0.993      0.032      0.000
