1001
  -1   -2     -0.997      0.642      0.000
   1    2     -0.997      0.632      0.000
   3    1     -0.996     -0.503      0.000
   2    3     -0.995     -0.639      0.000
   4    4     -0.995     -0.095      0.000
   5    5     -0.995      0.464      0.000
   8    6     -0.989     -0.159      0.000
   6   13     -0.990      0.933      0.000
   7   15     -0.988     -0.970      0.000
  10    7     -0.989      0.952      0.000
  -1   -2     -0.989      0.452      0.000
  11    8     -0.988      0.201      0.000
  13    9     -0.988     -0.049      0.000
   9   10     -0.988     -0.549      0.000
  12   14     -0.989      0.701      0.000
  15   12     -0.988     -0.299      0.000
  14   11     -0.987     -0.799      0.000
  16   16     -0.983     -0.200      0.000
  17   17     -0.977      0.163      0.000
  18   18     -0.975      0.553      0.000
  19   19     -0.973      0.739      0.000
  20   21     -0.971     -0.896      0.000
  21   20     -0.970     -0.132      0.000
  22   22     -0.969      0.429      0.000
  23   24     -0.964     -0.897      0.000
  24   23     -0.962      0.244      0.000
  26   25     -0.960      0.224      0.000
  28   26     -0.959     -0.136      0.000
  29   27     -0.959     -0.022      0.000
  25   31     -0.959      0.904      0.000
  27   29     -0.958      0.590      0.000
  30   30     -0.957      0.444      0.000
  31   28     -0.956     -0.324      0.000
  34   32     -0.950     -0.511      0.000
  33   33     -0.950     -0.564      0.000
  32   34     -0.950      0.650      0.000
  35   35     -0.948     -0.605      0.000
  36   37     -0.945     -0.297      0.000
  38   36     -0.945     -0.150      0.000
  39   38     -0.945     -0.081      0.000
  37   40     -0.941     -0.876      0.000
  40   39     -0.939      0.421      0.000
  42   41     -0.936      0.107      0.000
  41   42     -0.933      0.877      0.000
  43   43     -0.927      0.523      0.000
  44   44     -0.923      0.279      0.000
  45   45     -0.923      0.332      0.000
  47   46     -0.918      0.050      0.000
  48   47     -0.917      0.104      0.000
  50   48     -0.916     -0.191      0.000
  46   49     -0.913     -0.808      0.000
  49   55     -0.909     -0.884      0.000
  51   54     -0.910      0.719      0.000
  55   50     -0.909      0.197      0.000
  54   52     -0.907     -0.553      0.000
  52   58     -0.907     -0.987      0.000
  57   51     -0.908      0.243      0.000
  53   59     -0.905     -0.754      0.000
  56   56     -0.906      0.510      0.000
  59   53     -0.905      0.118      0.000
  60   60     -0.902      0.493      0.000
  58   61     -0.901      0.777      0.000
  61   63     -0.896     -0.806      0.000
  62   65     -0.897      0.828      0.000
  64   62     -0.895     -0.514      0.000
  65   66     -0.893     -0.607      0.000
  66   64     -0.891     -0.382      0.000
  63   67     -0.891     -0.907      0.000
  67   68     -0.883     -0.121      0.000
  68   70     -0.880      0.466      0.000
  69   69     -0.878      0.297      0.000
  70   72     -0.876      0.423      0.000
  72   71     -0.876      0.352      0.000
  71   74     -0.873     -0.607      0.000
  76   75     -0.870     -0.356      0.000
  75   76     -0.869      0.579      0.000
  77   73     -0.869     -0.150      0.000
  73   77     -0.867     -0.949      0.000
  78   79     -0.859      0.505      0.000
  80   78     -0.859     -0.169      0.000
  79   81     -0.853     -0.773      0.000
  82   80     -0.847     -0.234      0.000
  81   87     -0.845     -0.822      0.000
  84   82     -0.845      0.104      0.000
  83   85     -0.843      0.544      0.000
  85   83     -0.841      0.042      0.000
  86   84     -0.839     -0.032      0.000
  87   86     -0.837     -0.188      0.000
  89   88     -0.835     -0.127      0.000
  88   89     -0.833     -0.427      0.000
  90   93     -0.823      0.722      0.000
  91   95     -0.819     -0.752      0.000
  95   90     -0.818      0.129      0.000
  92  100     -0.817     -0.856      0.000
  97   91     -0.817      0.016      0.000
  94   97     -0.816      0.622      0.000
  99   92     -0.814     -0.100      0.000
  93  103     -0.813      0.899      0.000
  98   98     -0.812      0.413      0.000
 102   94     -0.810     -0.014      0.000
 101   96     -0.810      0.188      0.000
  96  104     -0.806     -0.791      0.000
 103   99     -0.806      0.080      0.000
 106  101     -0.804     -0.072      0.000
 105  102     -0.803     -0.244      0.000
 100  111     -0.800      0.953      0.000
 104  107     -0.798     -0.988      0.000
 107  108     -0.797      0.448      0.000
 108  105     -0.795     -0.131      0.000
 111  106     -0.793     -0.055      0.000
 109  110     -0.792      0.383      0.000
 112  109     -0.792      0.158      0.000
 113  112     -0.787      0.092      0.000
 117  113     -0.781      0.181      0.000
 110  119     -0.780     -0.977      0.000
 116  114     -0.780      0.271      0.000
 115  115     -0.779     -0.503      0.000
 118  116     -0.776      0.439      0.000
 114  121     -0.774      0.841      0.000
 119  120     -0.773      0.466      0.000
 121  117     -0.771     -0.258      0.000
 120  122     -0.768     -0.674      0.000
 123  118     -0.768     -0.139      0.000
 125  123     -0.761     -0.318      0.000
 122  124     -0.760      0.601      0.000
 126  125     -0.756      0.466      0.000
 124  129     -0.753      0.864      0.000
 130  126     -0.751     -0.328      0.000
 127  127     -0.750      0.429      0.000
 129  131     -0.744     -0.629      0.000
 132  128     -0.742      0.074      0.000
 128  133     -0.742      0.777      0.000
 135  130     -0.738     -0.010      0.000
 131  137     -0.734      0.820      0.000
 137  132     -0.732     -0.190      0.000
 136  134     -0.732      0.407      0.000
 133  140     -0.728      0.745      0.000
 140  135     -0.727      0.364      0.000
 139  136     -0.727     -0.444      0.000
 134  141     -0.726     -0.770      0.000
 141  138     -0.722     -0.414      0.000
 142  139     -0.721     -0.392      0.000
 138  147     -0.719      0.920      0.000
 143  145     -0.715      0.609      0.000
 145  142     -0.714     -0.363      0.000
 146  144     -0.709      0.363      0.000
 152  143     -0.708     -0.231      0.000
 147  148     -0.707     -0.469      0.000
 144  152     -0.708      0.657      0.000
 155  146     -0.704     -0.143      0.000
 151  150     -0.704      0.422      0.000
 149  153     -0.704      0.559      0.000
 148  155     -0.702     -0.689      0.000
 150  154     -0.702      0.539      0.000
 157  149     -0.699     -0.045      0.000
 156  151     -0.697     -0.205      0.000
  -1   -2     -0.694     -0.690      0.000
 153  162     -0.692      0.796      0.000
 159  157     -0.690      0.454      0.000
 158  159     -0.689      0.543      0.000
 163  156     -0.687      0.269      0.000
 160  161     -0.686      0.508      0.000
 161  165     -0.681      0.695      0.000
 167  160     -0.678      0.086      0.000
 162  168     -0.677      0.856      0.000
 165  167     -0.673     -0.730      0.000
 164  170     -0.673      0.810      0.000
 168  164     -0.672     -0.363      0.000
 173  163     -0.670      0.060      0.000
 176  166     -0.666     -0.144      0.000
 166  174     -0.666      0.770      0.000
 175  171     -0.660     -0.441      0.000
 181  169     -0.659      0.156      0.000
 170  176     -0.657     -0.768      0.000
 172  175     -0.657     -0.690      0.000
 169  179     -0.656      0.911      0.000
 182  172     -0.656     -0.247      0.000
 171  180     -0.654      0.828      0.000
 185  173     -0.653     -0.197      0.000
 179  177     -0.653      0.528      0.000
 174  182     -0.649      0.901      0.000
 177  183     -0.648     -0.902      0.000
 178  184     -0.647      0.791      0.000
 180  181     -0.646     -0.723      0.000
 189  178     -0.644      0.242      0.000
 184  186     -0.644      0.671      0.000
 188  185     -0.639     -0.536      0.000
 183  192     -0.639     -0.976      0.000
 187  193     -0.637      0.767      0.000
 190  189     -0.636      0.526      0.000
 186  194     -0.636      0.992      0.000
 193  187     -0.632     -0.359      0.000
 192  190     -0.632      0.447      0.000
 197  188     -0.628     -0.185      0.000
 191  195     -0.626     -0.835      0.000
 198  191     -0.626     -0.294      0.000
 195  196     -0.619      0.636      0.000
 194  201     -0.615      0.991      0.000
 196  202     -0.613     -0.890      0.000
 199  199     -0.610      0.621      0.000
 202  198     -0.609      0.501      0.000
 201  200     -0.607     -0.597      0.000
 200  204     -0.607     -0.642      0.000
 208  197     -0.604     -0.158      0.000
 204  209     -0.603      0.712      0.000
 205  206     -0.601      0.497      0.000
 203  210     -0.599     -0.994      0.000
 212  205     -0.597      0.206      0.000
 214  203     -0.596      0.149      0.000
 206  212     -0.594     -0.711      0.000
 213  208     -0.593     -0.403      0.000
 216  207     -0.593     -0.203      0.000
 207  217     -0.591      0.948      0.000
 210  214     -0.588     -0.603      0.000
 209  218     -0.587      0.711      0.000
 215  215     -0.586      0.495      0.000
 225  211     -0.581      0.023      0.000
 211  223     -0.581      0.930      0.000
 226  213     -0.579      0.125      0.000
 217  222     -0.578      0.706      0.000
 220  220     -0.577      0.463      0.000
 229  216     -0.575     -0.182      0.000
 218  221     -0.575      0.580      0.000
 221  226     -0.572      0.591      0.000
 230  219     -0.571      0.045      0.000
 222  229     -0.569      0.651      0.000
 228  225     -0.569      0.460      0.000
  -1   -2     -0.568      0.710      0.000
 219  233     -0.567      0.960      0.000
 224  231     -0.566      0.722      0.000
 234  224     -0.562      0.186      0.000
 227  236     -0.561     -0.848      0.000
 233  228     -0.561      0.291      0.000
 237  227     -0.558      0.026      0.000
 235  235     -0.554     -0.517      0.000
 236  234     -0.554      0.441      0.000
 231  238     -0.552      0.809      0.000
 241  232     -0.552      0.235      0.000
  -1  237     -0.549     -0.988      0.000
 232  241     -0.549      0.956      0.000
 240  240     -0.543      0.621      0.000
 239  242     -0.541     -0.736      0.000
 242  239     -0.540     -0.476      0.000
 238  246     -0.537     -0.990      0.000
 243  251     -0.529      0.769      0.000
 244  250     -0.529      0.749      0.000
 246  249     -0.526     -0.606      0.000
 249  247     -0.526     -0.494      0.000
 252  243     -0.525     -0.082      0.000
 245  252     -0.526      0.828      0.000
 253  244     -0.522      0.054      0.000
 254  245     -0.521      0.020      0.000
 247  256     -0.520      0.777      0.000
 250  254     -0.518      0.589      0.000
 248  257     -0.516      0.934      0.000
 255  248     -0.514     -0.057      0.000
 251  258     -0.512     -0.743      0.000
 261  253     -0.507     -0.139      0.000
 262  255     -0.505     -0.190      0.000
 259  259     -0.501      0.422      0.000
 256  261     -0.501      0.589      0.000
 260  260     -0.499     -0.477      0.000
 258  263     -0.491     -0.791      0.000
 257  264     -0.491      0.988      0.000
 263  266     -0.487      0.882      0.000
 268  262     -0.485      0.277      0.000
 264  267     -0.483     -0.911      0.000
 265  270     -0.480      0.816      0.000
 266  274     -0.472     -0.822      0.000
 275  265     -0.472     -0.174      0.000
 271  268     -0.472      0.443      0.000
 269  272     -0.471     -0.663      0.000
 267  275     -0.472      0.785      0.000
 272  271     -0.468      0.465      0.000
 270  277     -0.464     -0.843      0.000
 278  269     -0.463     -0.030      0.000
 273  282     -0.457     -0.870      0.000
 274  280     -0.458      0.730      0.000
 279  276     -0.457      0.318      0.000
 283  273     -0.456      0.013      0.000
 276  283     -0.453      0.605      0.000
 282  278     -0.452     -0.401      0.000
 277  284     -0.450     -0.724      0.000
 284  281     -0.448      0.365      0.000
 286  279     -0.446     -0.081      0.000
 281  286     -0.445      0.651      0.000
 280  288     -0.441      0.897      0.000
 285  289     -0.435      0.641      0.000
  -1  291     -0.434     -0.044      0.000
 294  287     -0.424     -0.181      0.000
 287  296     -0.424     -0.637      0.000
  -1   -2     -0.423     -0.233      0.000
 289  294     -0.423      0.520      0.000
 296  290     -0.422     -0.193      0.000
 288  300     -0.420     -0.044      0.000
 293  295     -0.419      0.413      0.000
 299  292     -0.419     -0.229      0.000
 291  297     -0.418      0.527      0.000
 292  298     -0.417     -0.557      0.000
 301  293     -0.416      0.190      0.000
 290  301     -0.413      0.863      0.000
 297  302     -0.407      0.760      0.000
 304  299     -0.406     -0.182      0.000
 298  306     -0.403      0.948      0.000
 300   -2     -0.398     -0.041      0.000
 306  303     -0.397     -0.508      0.000
 302  309     -0.396     -0.933      0.000
 303  311     -0.394     -0.912      0.000
 305  315     -0.390      0.997      0.000
 308  308     -0.388     -0.467      0.000
 309  307     -0.386     -0.341      0.000
 310  305     -0.386      0.178      0.000
 312  304     -0.385     -0.036      0.000
 315  312     -0.379     -0.274      0.000
 316  310     -0.379      0.095      0.000
 313  314     -0.378     -0.426      0.000
 317  313     -0.375      0.161      0.000
 311  321     -0.372      0.716      0.000
 314  320     -0.371     -0.632      0.000
 320  316     -0.369     -0.163      0.000
 321  317     -0.366     -0.064      0.000
 319  319     -0.366     -0.355      0.000
  -1   -2     -0.362      0.016      0.000
 326  322     -0.357      0.023      0.000
 323  323     -0.357     -0.266      0.000
 318  327     -0.356     -0.895      0.000
 324  324     -0.354      0.365      0.000
 329  325     -0.348      0.309      0.000
 325  330     -0.346     -0.704      0.000
 333  326     -0.342     -0.120      0.000
 332  329     -0.341      0.420      0.000
 334  328     -0.340     -0.111      0.000
 327  334     -0.340      0.979      0.000
 328  332     -0.340      0.730      0.000
 330  333     -0.338     -0.665      0.000
 331  331     -0.338      0.576      0.000
 335  336     -0.327     -0.722      0.000
 341  335     -0.325     -0.290      0.000
 336  337     -0.324     -0.697      0.000
 338  338     -0.322      0.566      0.000
 337  339     -0.322      0.602      0.000
 339  340     -0.319     -0.661      0.000
 343  342     -0.315      0.513      0.000
 340  345     -0.314      0.778      0.000
 342  343     -0.313      0.608      0.000
 344  347     -0.311      0.663      0.000
  -1   -2     -0.309      0.160      0.000
 347  344     -0.306      0.329      0.000
 351  346     -0.301     -0.118      0.000
 349  350     -0.300      0.382      0.000
 352  348     -0.299     -0.072      0.000
 348  351     -0.298     -0.988      0.000
 345  354     -0.299      0.978      0.000
 353  349     -0.297      0.161      0.000
 355  352     -0.292      0.226      0.000
 350  357     -0.292      0.725      0.000
 356  353     -0.290     -0.307      0.000
 354  356     -0.288     -0.539      0.000
 360  355     -0.283      0.174      0.000
 361  358     -0.281      0.194      0.000
 359  360     -0.278     -0.665      0.000
 357  363     -0.277      0.772      0.000
 358  365     -0.275      0.928      0.000
 367  359     -0.272      0.115      0.000
 362  369     -0.269      0.886      0.000
 368  361     -0.269      0.181      0.000
 363  368     -0.268      0.675      0.000
 366  364     -0.268      0.487      0.000
 370  362     -0.267     -0.013      0.000
 365  370     -0.265      0.826      0.000
 364  371     -0.264     -0.994      0.000
 371  366     -0.260     -0.153      0.000
 372  367     -0.259     -0.057      0.000
 369  375     -0.255      0.849      0.000
 375  372     -0.252     -0.268      0.000
 374  374     -0.250     -0.503      0.000
 373  376     -0.250     -0.642      0.000
 376  373     -0.249      0.415      0.000
 378  377     -0.244      0.664      0.000
 377  379     -0.243     -0.807      0.000
 379  378     -0.242      0.592      0.000
 380  380     -0.239     -0.645      0.000
 381  382     -0.237      0.722      0.000
 383  381     -0.232     -0.471      0.000
 382  386     -0.228     -0.738      0.000
 384  383     -0.227     -0.400      0.000
 385  387     -0.224     -0.493      0.000
 387  385     -0.224     -0.378      0.000
 388  384     -0.223     -0.294      0.000
 386  392     -0.217     -0.770      0.000
 392  388     -0.217      0.073      0.000
 389  391     -0.216     -0.617      0.000
 394  389     -0.213      0.213      0.000
 390  395     -0.213      0.746      0.000
 393  393     -0.212      0.465      0.000
 391  396     -0.210      0.702      0.000
 399  390     -0.209     -0.062      0.000
 395  394     -0.209      0.441      0.000
 402  398     -0.201     -0.562      0.000
 405  397     -0.201     -0.318      0.000
 396  401     -0.201      0.855      0.000
  -1   -2     -0.200     -0.553      0.000
 400  400     -0.200     -0.728      0.000
 397  404     -0.200      0.972      0.000
 398  405     -0.200      0.870      0.000
 401  406     -0.198     -0.867      0.000
 404  410     -0.195     -0.926      0.000
 406  402     -0.195     -0.453      0.000
 409  403     -0.191     -0.172      0.000
 408  408     -0.190     -0.319      0.000
 407  412     -0.189      0.801      0.000
 412  407     -0.188     -0.070      0.000
 413  409     -0.188     -0.135      0.000
 415  411     -0.185     -0.044      0.000
 410  414     -0.184      0.561      0.000
 411  415     -0.182     -0.668      0.000
 416  413     -0.181     -0.161      0.000
 414  416     -0.178     -0.873      0.000
 417  417     -0.169     -0.555      0.000
 418  419     -0.166      0.490      0.000
  -1   -2     -0.166      0.482      0.000
 421  418     -0.166      0.176      0.000
 422  421     -0.161     -0.038      0.000
 420  422     -0.161      0.819      0.000
 423  423     -0.151     -0.536      0.000
 424  424     -0.147      0.671      0.000
 425  426     -0.143      0.790      0.000
 427  425     -0.141      0.189      0.000
 426  427     -0.138      0.501      0.000
 428  428     -0.130      0.267      0.000
 430  429     -0.127      0.242      0.000
 429  431     -0.126     -0.692      0.000
 431  430     -0.124     -0.289      0.000
 432  433     -0.122     -0.360      0.000
 433  432     -0.121     -0.055      0.000
 435  436     -0.118     -0.335      0.000
 436  434     -0.118     -0.251      0.000
 438  435     -0.117      0.219      0.000
 434  438     -0.116      0.622      0.000
  -1   -2     -0.114      0.611      0.000
 440  437     -0.114     -0.418      0.000
 439  440     -0.114     -0.630      0.000
 441  442     -0.108      0.939      0.000
 442  441     -0.107      0.351      0.000
 443  445     -0.101      0.872      0.000
 444  443     -0.100     -0.571      0.000
 445  444     -0.100      0.507      0.000
 446  446     -0.095     -0.329      0.000
 447  450     -0.090      0.985      0.000
 449  447     -0.090      0.269      0.000
 448  449     -0.090     -0.682      0.000
 450  448     -0.089     -0.219      0.000
 451  451     -0.085      0.698      0.000
 452  452     -0.081     -0.722      0.000
 453  457     -0.079     -0.940      0.000
 454  455     -0.079     -0.615      0.000
 456  454     -0.079      0.017      0.000
 457  453     -0.079     -0.064      0.000
 455  456     -0.078     -0.398      0.000
 458  458     -0.074     -0.952      0.000
 459  459     -0.072     -0.993      0.000
 461  460     -0.066      0.593      0.000
 460  462     -0.066     -0.825      0.000
 462  461     -0.065     -0.513      0.000
 463  464     -0.063     -0.841      0.000
 464  463     -0.063      0.510      0.000
 466  465     -0.061     -0.014      0.000
 465  467     -0.060      0.815      0.000
 467  466     -0.060      0.329      0.000
 468  468     -0.058     -0.288      0.000
 469  469     -0.054     -0.544      0.000
 470  470     -0.053     -0.676      0.000
 471  471     -0.052      0.577      0.000
 472  472     -0.050     -0.579      0.000
 474  473     -0.049     -0.987      0.000
 473  474     -0.049     -0.747      0.000
 475  475     -0.047     -0.932      0.000
 476  478     -0.046      0.931      0.000
 477  477     -0.046      0.436      0.000
 478  476     -0.046     -0.066      0.000
 480  480     -0.043      0.097      0.000
 479  479     -0.043      0.074      0.000
 481  481     -0.042     -0.113      0.000
 482  482     -0.041      0.648      0.000
 483  483     -0.040      0.816      0.000
 485  484     -0.038      0.301      0.000
 484  485     -0.037     -0.882      0.000
 486  486     -0.037      0.481      0.000
 487  487     -0.036     -0.577      0.000
 488  488     -0.035      0.872      0.000
 489  489     -0.034      0.127      0.000
 490  492     -0.033      0.954      0.000
 491  491     -0.033     -0.657      0.000
 492  490     -0.032      0.337      0.000
 493  493     -0.031     -0.357      0.000
 494  494     -0.030      0.177      0.000
 495  495     -0.028      0.220      0.000
 496  496     -0.026      0.036      0.000
 498  497     -0.024     -0.752      0.000
 497  498     -0.024     -0.544      0.000
 499  499     -0.023     -0.632      0.000
 501  500     -0.021      0.735      0.000
 500  501     -0.021     -0.579      0.000
 502  502     -0.018      0.355      0.000
  -1   -2     -0.016     -0.627      0.000
 504  504     -0.015     -0.795      0.000
 505  505     -0.013     -0.720      0.000
 506  506     -0.012     -0.742      0.000
 507  508     -0.009      0.080      0.000
 508  507     -0.009      0.987      0.000
 509  509     -0.004     -0.314      0.000
 510  510     -0.001     -0.506      0.000
 511  511     -0.000      0.334      0.000
 512  512      0.004      0.097      0.000
 513  513      0.006     -0.151      0.000
 514  514      0.007     -0.120      0.000
 515  516      0.010     -0.267      0.000
 516  515      0.010     -0.448      0.000
 517  518      0.013      0.194      0.000
 518  517      0.014      0.638      0.000
 519  519      0.017      0.141      0.000
 520  520      0.020     -0.268      0.000
 521  521      0.022     -0.798      0.000
 523  522      0.027      0.843      0.000
 524  523      0.027      0.797      0.000
 522  524      0.027      0.244      0.000
 526  525      0.030     -0.783      0.000
 525  526      0.031      0.014      0.000
 527  529      0.034      0.459      0.000
 529  527      0.035      0.789      0.000
 528  528      0.035      0.653      0.000
 530  530      0.042      0.415      0.000
 531  531      0.044     -0.609      0.000
 532  532      0.044     -0.517      0.000
 533  533      0.048      0.085      0.000
 535  534      0.062      0.487      0.000
 534  535      0.062     -0.382      0.000
 536  536      0.067      0.296      0.000
 537  538      0.067      0.261      0.000
 541  537      0.070     -0.776      0.000
 538  541      0.071     -0.064      0.000
 539  543      0.072      0.083      0.000
 543  539      0.073     -0.856      0.000
  -1   -2      0.073      0.290      0.000
 542  542      0.074     -0.499      0.000
 547  540      0.076     -0.982      0.000
 544  545      0.079     -0.230      0.000
 546  546      0.080      0.121      0.000
 545  547      0.080     -0.060      0.000
 548  550      0.085      0.032      0.000
 549  549      0.085     -0.262      0.000
 550  548      0.086     -0.521      0.000
 553  551      0.090     -0.706      0.000
 551  552      0.093     -0.244      0.000
 552  553      0.094      0.093      0.000
 554  554      0.097      0.381      0.000
 556  555      0.101      0.812      0.000
 555  556      0.102      0.765      0.000
 557  557      0.102      0.903      0.000
 560  558      0.106     -0.951      0.000
 562  559      0.109      0.751      0.000
 564  560      0.110     -0.903      0.000
 558  565      0.113     -0.035      0.000
 559  564      0.113      0.083      0.000
 567  561      0.114     -0.624      0.000
 563  562      0.114      0.357      0.000
 561  566      0.115      0.165      0.000
 566  568      0.117     -0.269      0.000
 565  570      0.118     -0.011      0.000
 570  563      0.121     -0.984      0.000
 569   -2      0.122     -0.597      0.000
 573  567      0.124      0.951      0.000
  -1  569      0.125     -0.581      0.000
 574  572      0.128      0.622      0.000
 571  575      0.130     -0.203      0.000
 572  576      0.131      0.113      0.000
 576  573      0.133     -0.660      0.000
 575  577      0.135      0.436      0.000
 577  574      0.137     -0.934      0.000
 579  578      0.148      0.474      0.000
 578  580      0.150      0.205      0.000
 580  581      0.153      0.362      0.000
 585  579      0.153     -0.737      0.000
 581  584      0.155     -0.379      0.000
 582  588      0.157     -0.274      0.000
 587  586      0.158     -0.545      0.000
 583  590      0.159      0.113      0.000
  -1   -2      0.159     -0.590      0.000
 584  591      0.160     -0.187      0.000
 594  582      0.161     -0.981      0.000
 595  583      0.162      0.878      0.000
 597  585      0.163     -0.915      0.000
 586  593      0.163      0.101      0.000
 589  594      0.165      0.239      0.000
 593  589      0.165     -0.599      0.000
 591  596      0.166      0.218      0.000
 590  600      0.167     -0.109      0.000
 596  597      0.169     -0.436      0.000
 592  602      0.170      0.061      0.000
 599  595      0.170      0.550      0.000
 600  599      0.172     -0.545      0.000
 602  592      0.173      0.809      0.000
 604  601      0.175      0.620      0.000
 605  598      0.177     -0.911      0.000
 603  604      0.177     -0.564      0.000
 598  606      0.177     -0.135      0.000
  -1   -2      0.181     -0.984      0.000
 601  611      0.182      0.166      0.000
 611  605      0.184      0.956      0.000
 607  610      0.184      0.463      0.000
 606  612      0.187     -0.255      0.000
 614  608      0.189      0.836      0.000
 615  607      0.189     -0.989      0.000
 616  609      0.191     -0.949      0.000
 609  614      0.194     -0.125      0.000
 610  617      0.195      0.012      0.000
 617  613      0.197     -0.601      0.000
 612  619      0.198     -0.019      0.000
 613  618      0.198      0.242      0.000
 618  616      0.201     -0.988      0.000
 620  615      0.204     -0.740      0.000
 619  621      0.204      0.384      0.000
 621  620      0.211      0.905      0.000
 622  623      0.220     -0.426      0.000
 625  622      0.220      0.898      0.000
 623  627      0.225     -0.291      0.000
 624  625      0.226      0.463      0.000
 628  624      0.229     -0.957      0.000
 627  626      0.230      0.633      0.000
 626  633      0.234     -0.096      0.000
 630  628      0.236     -0.668      0.000
 633  629      0.240      0.733      0.000
 629  635      0.242     -0.321      0.000
 634  630      0.244     -0.697      0.000
 632  634      0.245     -0.476      0.000
 638  632      0.247      0.873      0.000
 640  631      0.247     -0.950      0.000
 636  636      0.248     -0.614      0.000
 631  638      0.250      0.132      0.000
 641  637      0.254      0.620      0.000
 635  643      0.257      0.055      0.000
 637  644      0.258      0.192      0.000
 642  642      0.260      0.328      0.000
 639  647      0.262      0.038      0.000
 648  639      0.265      0.961      0.000
 643  645      0.265     -0.369      0.000
 645  640      0.266      0.702      0.000
 651  641      0.269      0.755      0.000
 652  646      0.272     -0.671      0.000
 644  649      0.273     -0.200      0.000
 650  648      0.275      0.435      0.000
 646  652      0.278      0.125      0.000
 647  653      0.278      0.189      0.000
 655  650      0.278     -0.473      0.000
 649  656      0.281      0.010      0.000
 654  655      0.282      0.216      0.000
 656  654      0.283      0.272      0.000
 653  657      0.283      0.092      0.000
 659  651      0.284     -0.608      0.000
 657  660      0.287      0.167      0.000
 658  662      0.289      0.102      0.000
 661  658      0.291     -0.515      0.000
 660  663      0.293     -0.330      0.000
 662  659      0.293      0.513      0.000
 664  661      0.301      0.727      0.000
 663  664      0.304      0.573      0.000
 665  666      0.307      0.524      0.000
 669  665      0.314      0.985      0.000
 666  669      0.316      0.397      0.000
 670  667      0.317      0.782      0.000
 673  668      0.321     -0.861      0.000
 667  673      0.324      0.053      0.000
 668  674      0.328      0.156      0.000
 675  670      0.330      0.820      0.000
 671  677      0.333     -0.129      0.000
 676  671      0.334      0.626      0.000
 672  678      0.335     -0.217      0.000
 677  675      0.337      0.543      0.000
 682  672      0.340     -0.887      0.000
 674  682      0.341     -0.187      0.000
 685  676      0.344     -0.849      0.000
 678  679      0.344     -0.499      0.000
 679  685      0.347     -0.437      0.000
 690  681      0.353     -0.708      0.000
 686  688      0.354      0.480      0.000
 680  692      0.354     -0.178      0.000
 687  689      0.355      0.516      0.000
 692  686      0.355      0.675      0.000
 681  697      0.356     -0.082      0.000
 695  680      0.356     -0.838      0.000
 689  690      0.356      0.531      0.000
 693  684      0.356     -0.770      0.000
 698  683      0.358      0.902      0.000
 683  699      0.359      0.041      0.000
 684  700      0.360      0.052      0.000
 688  694      0.360      0.342      0.000
 691  693      0.362      0.427      0.000
 700  687      0.362     -0.976      0.000
 699  696      0.366     -0.617      0.000
 701  695      0.368     -0.663      0.000
  -1   -2      0.368     -0.884      0.000
 694  703      0.370      0.200      0.000
 696  704      0.372      0.145      0.000
 707  698      0.375     -0.885      0.000
 697  705      0.376     -0.086      0.000
 703  701      0.376     -0.632      0.000
 706  702      0.379      0.624      0.000
 704  711      0.388     -0.135      0.000
 705  710      0.389     -0.287      0.000
 709  707      0.389      0.454      0.000
 710  708      0.393     -0.491      0.000
 715  706      0.395      0.744      0.000
 711  709      0.395      0.507      0.000
 708  714      0.397      0.025      0.000
 713  716      0.403      0.326      0.000
 717  713      0.405      0.666      0.000
 720  712      0.407     -0.842      0.000
 712  720      0.408      0.069      0.000
 716  715      0.408      0.542      0.000
 714  721      0.408     -0.143      0.000
 718  718      0.411      0.467      0.000
 723  717      0.418      0.826      0.000
 719  725      0.420      0.001      0.000
 725  719      0.421      0.884      0.000
 721  724      0.423     -0.341      0.000
 728  722      0.427     -0.831      0.000
 730  723      0.434     -0.778      0.000
 722  732      0.435      0.015      0.000
 731  726      0.436     -0.704      0.000
 727  730      0.439      0.312      0.000
 726  735      0.439     -0.141      0.000
 724  734      0.439     -0.128      0.000
  -1   -2      0.445      0.834      0.000
 732  736      0.446     -0.438      0.000
 729  740      0.447     -0.193      0.000
 739  728      0.448     -0.993      0.000
 734  733      0.448     -0.561      0.000
 738  729      0.450     -0.731      0.000
 735  738      0.450     -0.987      0.000
 733  739      0.451      0.412      0.000
 742  731      0.454      0.883      0.000
 744  737      0.459      0.833      0.000
 737  746      0.464      0.114      0.000
 743  743      0.467      0.431      0.000
 741  748      0.468      0.247      0.000
 749  741      0.469     -0.958      0.000
 740  752      0.469     -0.103      0.000
 745  750      0.474     -0.404      0.000
 750  742      0.474     -0.767      0.000
 752  744      0.478     -0.782      0.000
 746  754      0.478      0.212      0.000
 751  745      0.479     -0.745      0.000
 747  755      0.481      0.083      0.000
 754  747      0.483     -0.980      0.000
 748  756      0.485      0.219      0.000
 756  749      0.486      0.860      0.000
 755  751      0.486      0.784      0.000
 753  753      0.486      0.531      0.000
 757  757      0.501      0.636      0.000
 762  758      0.508     -0.784      0.000
 759  761      0.508     -0.587      0.000
 761  759      0.509      0.699      0.000
 758  764      0.511      0.290      0.000
 764  760      0.512     -0.834      0.000
 760  763      0.514     -0.534      0.000
 769  762      0.521     -0.898      0.000
 765  768      0.525      0.336      0.000
 763  776      0.525      0.036      0.000
 773  765      0.526      0.835      0.000
 766  778      0.531     -0.103      0.000
 772  769      0.532      0.556      0.000
 768  773      0.532     -0.481      0.000
 775  766      0.533     -0.703      0.000
 770  777      0.534      0.420      0.000
 774  775      0.536     -0.572      0.000
 777  771      0.537     -0.713      0.000
 767  779      0.538      0.179      0.000
 778  767      0.539      0.996      0.000
 779  770      0.541      0.951      0.000
 784  772      0.542     -0.971      0.000
 782  774      0.543      0.872      0.000
 771  782      0.543      0.044      0.000
 776  784      0.549     -0.202      0.000
 785  780      0.551      0.577      0.000
 786  783      0.555     -0.544      0.000
 781  785      0.556     -0.365      0.000
 789  781      0.558      0.801      0.000
 780  790      0.559     -0.181      0.000
 783  789      0.559     -0.232      0.000
 788  786      0.564     -0.528      0.000
 790  788      0.566     -0.536      0.000
 792  787      0.569     -0.635      0.000
 791  795      0.572      0.434      0.000
 787  796      0.572     -0.073      0.000
 793  791      0.572      0.645      0.000
 794  794      0.574      0.595      0.000
 795  792      0.574     -0.672      0.000
 797  793      0.577      0.737      0.000
 796  797      0.582      0.442      0.000
 798  799      0.590     -0.290      0.000
 802  798      0.596     -0.560      0.000
  -1   -2      0.599     -0.291      0.000
 799  802      0.601      0.041      0.000
 801  803      0.603     -0.058      0.000
 803  808      0.611     -0.121      0.000
 804  807      0.614      0.246      0.000
 808  801      0.614     -0.822      0.000
 806  804      0.617     -0.581      0.000
 805  812      0.619     -0.163      0.000
 807  810      0.624      0.398      0.000
 813  806      0.625     -0.778      0.000
 815  805      0.626     -0.990      0.000
 811  813      0.628     -0.554      0.000
 810  819      0.631      0.044      0.000
 809  820      0.631      0.032      0.000
 814  814      0.631     -0.601      0.000
 817  809      0.634      0.929      0.000
 818  811      0.635      0.913      0.000
 816  815      0.635      0.605      0.000
 812  821      0.636     -0.315      0.000
 820  817      0.644     -0.760      0.000
 823  816      0.644     -0.898      0.000
 824  818      0.647      0.856      0.000
 819  824      0.648     -0.421      0.000
 822  822      0.649      0.628      0.000
 827  823      0.653      0.835      0.000
 826  826      0.657      0.565      0.000
 821  827      0.659      0.143      0.000
 828  825      0.662     -0.991      0.000
 825  828      0.663      0.018      0.000
 829  831      0.675      0.295      0.000
 831  829      0.677     -0.556      0.000
 833  830      0.682      0.698      0.000
 830  833      0.682      0.199      0.000
 832  836      0.689     -0.193      0.000
 835  834      0.691      0.402      0.000
 838  832      0.692      0.701      0.000
 834  842      0.696      0.113      0.000
 836  844      0.698     -0.139      0.000
 843  835      0.699     -0.687      0.000
 841  839      0.700      0.439      0.000
 842  838      0.700     -0.987      0.000
 837  846      0.702      0.083      0.000
 845  837      0.702      0.643      0.000
 839  847      0.703     -0.167      0.000
 840  850      0.705      0.102      0.000
 846  845      0.707      0.433      0.000
 848  840      0.708     -0.884      0.000
 849  841      0.710      0.872      0.000
 851  843      0.711      0.774      0.000
 844  853      0.711     -0.215      0.000
 850  849      0.714     -0.628      0.000
 847  852      0.717      0.459      0.000
 856  848      0.718     -0.890      0.000
 853  856      0.722     -0.412      0.000
 855  854      0.722      0.611      0.000
 858  851      0.722     -0.872      0.000
 852  860      0.725      0.060      0.000
 854  859      0.725      0.228      0.000
 860  855      0.727      0.932      0.000
 859  857      0.729      0.573      0.000
 862  858      0.732      0.695      0.000
 857  863      0.733     -0.105      0.000
 861  865      0.740     -0.174      0.000
 866  861      0.741      0.949      0.000
 864  862      0.742     -0.700      0.000
 863  866      0.745     -0.475      0.000
 870  864      0.749      0.739      0.000
 871  867      0.751     -0.649      0.000
 865  869      0.752      0.206      0.000
 868  872      0.753     -0.323      0.000
 867  874      0.755      0.105      0.000
 869  876      0.759      0.069      0.000
 873  875      0.759     -0.413      0.000
 874  871      0.760     -0.660      0.000
 876  868      0.761     -0.887      0.000
 872  878      0.762     -0.075      0.000
 877  870      0.763      0.801      0.000
 875  873      0.763      0.688      0.000
 880  877      0.771      0.736      0.000
 879  880      0.772     -0.360      0.000
 878  885      0.775      0.032      0.000
 883  879      0.777     -0.833      0.000
 881  886      0.781      0.246      0.000
 884  881      0.782      0.836      0.000
 889  882      0.784     -0.909      0.000
 888  883      0.784     -0.799      0.000
  -1   -2      0.786      0.257      0.000
 891  884      0.786     -0.849      0.000
 885  888      0.789      0.401      0.000
 887  891      0.793     -0.190      0.000
 886  892      0.794     -0.064      0.000
 894  889      0.796      0.866      0.000
 892  890      0.797      0.676      0.000
 890  898      0.797      0.018      0.000
 893  895      0.800      0.445      0.000
 895  893      0.800     -0.597      0.000
  -1   -2      0.801     -0.610      0.000
 898  896      0.805     -0.768      0.000
 902  897      0.806     -0.842      0.000
 897  904      0.808     -0.246      0.000
 899  901      0.810     -0.454      0.000
 903  899      0.811      0.633      0.000
 901  902      0.811      0.465      0.000
 900  903      0.811     -0.477      0.000
 904  908      0.815      0.365      0.000
 909  900      0.815     -0.844      0.000
 905  909      0.816      0.333      0.000
 910  905      0.817     -0.749      0.000
 906  910      0.820      0.197      0.000
 912  906      0.819     -0.926      0.000
 911  907      0.821      0.784      0.000
 907  911      0.821     -0.029      0.000
 908  913      0.824      0.008      0.000
 913  914      0.828     -0.391      0.000
 915  912      0.829      0.542      0.000
 914  917      0.831      0.019      0.000
 916  916      0.836      0.491      0.000
 919  915      0.838      0.955      0.000
 923  918      0.841      0.846      0.000
 918  924      0.841     -0.255      0.000
 922  920      0.843      0.566      0.000
 917  925      0.843      0.243      0.000
 925  919      0.844      0.745      0.000
 926  921      0.845     -0.742      0.000
 920  927      0.846     -0.019      0.000
 924  926      0.846     -0.461      0.000
 927  922      0.847     -0.933      0.000
 928  923      0.849      0.887      0.000
 929  929      0.855      0.339      0.000
 930  928      0.856      0.628      0.000
 931  930      0.861      0.865      0.000
 932  931      0.865      0.689      0.000
 934   -2      0.868      0.996      0.000
 936  932      0.870      0.935      0.000
 933  934      0.872      0.277      0.000
 935  936      0.874     -0.040      0.000
 939  933      0.876      0.809      0.000
  -1   -2      0.877      0.285      0.000
  -1   -2      0.878      0.651      0.000
 938  941      0.879      0.148      0.000
 942  937      0.881      0.868      0.000
 944  939      0.881     -0.759      0.000
 941  940      0.882      0.640      0.000
 945  942      0.886      0.558      0.000
 943  945      0.887     -0.105      0.000
 946  943      0.888     -0.479      0.000
 948  944      0.889      0.404      0.000
 947  947      0.891      0.025      0.000
 952  946      0.892     -0.668      0.000
 949  948      0.893      0.262      0.000
 950  952      0.895     -0.230      0.000
 954  949      0.896      0.524      0.000
 951  953      0.896     -0.049      0.000
 955  950      0.897     -0.650      0.000
 956  951      0.898      0.617      0.000
 953  954      0.898      0.056      0.000
 958  956      0.906     -0.588      0.000
 957  958      0.907     -0.468      0.000
 961  955      0.908      0.837      0.000
 960  957      0.907     -0.656      0.000
 959  959      0.909     -0.367      0.000
 962  960      0.911      0.264      0.000
 963  962      0.923     -0.180      0.000
 964  961      0.925     -0.676      0.000
 965  963      0.927      0.465      0.000
 966  965      0.928     -0.335      0.000
 968  966      0.928     -0.298      0.000
 967  968      0.929     -0.140      0.000
 969  964      0.931     -0.927      0.000
 970  967      0.932     -0.944      0.000
 971  969      0.933     -0.885      0.000
 972  970      0.935     -0.542      0.000
 973  971      0.938     -0.972      0.000
 974  973      0.947      0.218      0.000
 975  972      0.948      0.451      0.000
 976  974      0.949     -0.987      0.000
 978  975      0.957      0.909      0.000
 977  976      0.957      0.848      0.000
 979  977      0.958      0.986      0.000
 980  978      0.959     -0.515      0.000
 981  979      0.960      0.722      0.000
 982  980      0.962     -0.827      0.000
 983  981      0.966     -0.185      0.000
 984  982      0.970     -0.671      0.000
 985  983      0.972      0.421      0.000
 986  985      0.973     -0.604      0.000
 987  984      0.974      0.803      0.000
 988  987      0.979      0.016      0.000
 989  986      0.980      0.386      0.000
 991  988      0.980     -0.436      0.000
 990  989      0.980     -0.297      0.000
  -1   -2      0.988      0.333      0.000
 995  990      0.988      0.662      0.000
 993  993      0.988      0.134      0.000
 994  992      0.989      0.324      0.000
 996  995      0.991      0.573      0.000
 997  994      0.990     -0.850      0.000
 999  996      0.993      0.955      0.000
 998  997      0.993      0.698      0.000
1000  998      0.992     -0.763      0.000
