996
   0    0     -0.998      0.042      0.000
   1    1     -0.998      0.217      0.000
   2    2     -0.993     -0.130      0.000
   4    4     -0.990      0.754      0.000
   3    5     -0.989     -0.760      0.000
  -1   -2     -0.990      0.761      0.000
   6    3     -0.989     -0.226      0.000
   7    7     -0.989     -0.049      0.000
   8    8     -0.989      0.952      0.000
   9   10     -0.989      0.452      0.000
  10    9     -0.988     -0.549      0.000
  12   11     -0.989      0.701      0.000
  11   12     -0.988     -0.299      0.000
  13   13     -0.987     -0.799      0.000
  14   14     -0.987      0.201      0.000
  15   15     -0.985     -0.285      0.000
  16   16     -0.981      0.263      0.000
  17   17     -0.977     -0.190      0.000
  18   18     -0.974      0.579      0.000
  20   19     -0.971     -0.018      0.000
  21   20     -0.971      0.377      0.000
  22   21     -0.971     -0.198      0.000
  19   23     -0.971      0.960      0.000
  25   22     -0.970      0.351      0.000
  24   24     -0.969      0.690      0.000
  23   25     -0.967     -0.978      0.000
  26   26     -0.965     -0.459      0.000
  27   27     -0.963     -0.112      0.000
  28   28     -0.961     -0.220      0.000
  29   29     -0.960      0.595      0.000
  30   30     -0.958     -0.428      0.000
  31   31     -0.955      0.189      0.000
  32   32     -0.952      0.831      0.000
  33   33     -0.950     -0.651      0.000
  34   34     -0.946      0.100      0.000
  35   38     -0.944      0.718      0.000
  37   36     -0.943      0.573      0.000
  39   35     -0.943      0.184      0.000
  36   39     -0.942     -0.695      0.000
  40   37     -0.940     -0.282      0.000
  38   41     -0.939     -0.933      0.000
  41   40     -0.939      0.422      0.000
  44   42     -0.935      0.203      0.000
  42   45     -0.934     -0.728      0.000
  43   43     -0.935      0.481      0.000
  45   44     -0.933      0.316      0.000
  46   47     -0.928     -0.933      0.000
  48   46     -0.929      0.375      0.000
  47   48     -0.927      0.763      0.000
  50   49     -0.923     -0.173      0.000
  49   50     -0.923      0.940      0.000
  51   51     -0.916      0.659      0.000
  52   52     -0.911     -0.215      0.000
  53   53     -0.905     -0.517      0.000
  54   54     -0.903     -0.243      0.000
  55   57     -0.898      0.433      0.000
  59   55     -0.897     -0.033      0.000
  60   56     -0.896      0.081      0.000
  61   58     -0.895      0.176      0.000
  57   60     -0.894     -0.681      0.000
  58   61     -0.893      0.645      0.000
  56   67     -0.892     -0.919      0.000
  62   64     -0.891      0.630      0.000
  67   59     -0.890     -0.178      0.000
  64   63     -0.890     -0.484      0.000
  65   66     -0.889      0.491      0.000
  68   62     -0.889     -0.330      0.000
  63   68     -0.888     -0.644      0.000
  69   65     -0.886     -0.266      0.000
  66   72     -0.885      0.920      0.000
  70   69     -0.882      0.040      0.000
  72   70     -0.878     -0.135      0.000
  73   71     -0.878     -0.004      0.000
  71   75     -0.877      0.561      0.000
  75   74     -0.874      0.206      0.000
  77   73     -0.873     -0.094      0.000
  74   77     -0.872      0.602      0.000
  79   76     -0.871      0.135      0.000
  76   80     -0.867     -0.722      0.000
  81   78     -0.866     -0.067      0.000
  78   82     -0.866      0.808      0.000
  82   79     -0.864     -0.178      0.000
  84   81     -0.861      0.284      0.000
  80   86     -0.858     -0.873      0.000
  85   83     -0.856      0.149      0.000
  83   87     -0.855     -0.834      0.000
  86   84     -0.855     -0.334      0.000
  90   85     -0.851      0.241      0.000
  87   91     -0.847      0.849      0.000
  92   89     -0.843     -0.550      0.000
  89   94     -0.843     -0.988      0.000
  96   88     -0.843     -0.186      0.000
  88   95     -0.842     -0.922      0.000
  91   92     -0.842     -0.718      0.000
  93   93     -0.841      0.631      0.000
  99   90     -0.840      0.268      0.000
  -1   96     -0.839      0.697      0.000
  95   99     -0.836      0.884      0.000
  98   -2     -0.835      0.692      0.000
  97  101     -0.834     -0.869      0.000
 101   97     -0.829     -0.001      0.000
 100  100     -0.827     -0.344      0.000
 102   98     -0.827      0.118      0.000
 103  102     -0.822      0.377      0.000
 106  104     -0.815      0.535      0.000
 105  105     -0.815      0.659      0.000
 104  107     -0.812     -0.936      0.000
 107  103     -0.811     -0.248      0.000
 109  106     -0.806     -0.412      0.000
 108  109     -0.804      0.499      0.000
 111  108     -0.801     -0.049      0.000
 110  111     -0.798     -0.988      0.000
 114  110     -0.796     -0.182      0.000
 112  112     -0.796     -0.420      0.000
 113  113     -0.791      0.562      0.000
 117  114     -0.785     -0.294      0.000
 118  115     -0.781     -0.260      0.000
 115  118     -0.780     -0.840      0.000
 120  116     -0.778      0.124      0.000
 116  121     -0.776     -0.963      0.000
 123  117     -0.775      0.089      0.000
 119  120     -0.772      0.548      0.000
 121  122     -0.769     -0.604      0.000
 126  119     -0.767     -0.176      0.000
 122  123     -0.765      0.716      0.000
 125  124     -0.762      0.571      0.000
 124  128     -0.759     -0.874      0.000
 128  126     -0.754     -0.446      0.000
 130  129     -0.751     -0.479      0.000
 134  125     -0.752      0.207      0.000
 131  130     -0.752      0.459      0.000
 129  131     -0.751      0.530      0.000
 127  134     -0.750      0.795      0.000
 137  127     -0.748     -0.240      0.000
 138  132     -0.745      0.345      0.000
 136  133     -0.745     -0.501      0.000
 135  136     -0.745      0.565      0.000
 132  139     -0.743     -0.995      0.000
 139  137     -0.742      0.502      0.000
 133  142     -0.739     -0.818      0.000
 140  138     -0.739     -0.532      0.000
 142  135     -0.739     -0.299      0.000
 141  141     -0.735      0.451      0.000
 143  140     -0.731     -0.219      0.000
 147  145     -0.718     -0.430      0.000
 148  144     -0.719      0.301      0.000
 152  143     -0.716     -0.183      0.000
 145  149     -0.715     -0.845      0.000
 144  153     -0.714     -0.895      0.000
 146  152     -0.714      0.925      0.000
 149  147     -0.712     -0.547      0.000
 151  148     -0.710      0.505      0.000
 150  156     -0.707      0.683      0.000
 155  146     -0.707      0.035      0.000
 153  158     -0.702     -0.745      0.000
 156  151     -0.702     -0.342      0.000
 158  150     -0.702      0.183      0.000
 159  155     -0.698     -0.231      0.000
 160  154     -0.697      0.059      0.000
 154  163     -0.696      0.967      0.000
 162  157     -0.692      0.152      0.000
 157  164     -0.691     -0.701      0.000
 164  161     -0.689      0.246      0.000
 165  160     -0.687     -0.205      0.000
 167  159     -0.687      0.036      0.000
 163  162     -0.686     -0.412      0.000
 161  165     -0.686      0.529      0.000
 166  166     -0.680     -0.502      0.000
 168  171     -0.669      0.876      0.000
 170  170     -0.666      0.609      0.000
 174  167     -0.664      0.214      0.000
 169  176     -0.662     -0.981      0.000
 171  173     -0.662      0.576      0.000
 172  175     -0.661      0.627      0.000
 176  168     -0.657     -0.085      0.000
 173  177     -0.656      0.674      0.000
 179  169     -0.654      0.026      0.000
 180  172     -0.652      0.063      0.000
 175  178     -0.651      0.608      0.000
 181  174     -0.649     -0.057      0.000
 184  179     -0.642      0.262      0.000
 177  184     -0.641      0.819      0.000
 178  185     -0.639      0.891      0.000
 186  181     -0.636     -0.439      0.000
 185  183     -0.635      0.499      0.000
 191  180     -0.634     -0.144      0.000
 182  187     -0.633      0.711      0.000
 190  182     -0.632      0.322      0.000
 183  188     -0.631      0.789      0.000
 189  191     -0.624     -0.737      0.000
 187  192     -0.624     -0.811      0.000
 195  186     -0.623     -0.197      0.000
 188  193     -0.623      0.851      0.000
 193  189     -0.622     -0.582      0.000
 192  190     -0.622      0.580      0.000
  -1   -2     -0.616     -0.735      0.000
 196  196     -0.607      0.571      0.000
 200  195     -0.600     -0.028      0.000
 203  197     -0.595     -0.174      0.000
 197  203     -0.594      0.931      0.000
 206  198     -0.592      0.015      0.000
 198  201     -0.593      0.734      0.000
 199  200     -0.592      0.537      0.000
 201  202     -0.586      0.530      0.000
 209  199     -0.581     -0.078      0.000
 202  206     -0.581     -0.763      0.000
 204  211     -0.579      0.823      0.000
 205  207     -0.578     -0.723      0.000
 207  205     -0.578      0.489      0.000
 208  210     -0.572      0.522      0.000
 210  209     -0.572      0.483      0.000
  -1  213     -0.571     -0.042      0.000
 211  214     -0.567     -0.622      0.000
 213  212     -0.568      0.459      0.000
 217  208     -0.567      0.279      0.000
 212  216     -0.561      0.700      0.000
 221  215     -0.559     -0.485      0.000
 216  229     -0.556     -0.041      0.000
 214  222     -0.556      0.794      0.000
 215  223     -0.555      0.830      0.000
 218  221     -0.554     -0.748      0.000
 223  218     -0.553     -0.528      0.000
 219  224     -0.552     -0.791      0.000
 220  228     -0.551      0.870      0.000
 227  219     -0.549     -0.988      0.000
 222  227     -0.549      0.660      0.000
 224  225     -0.548     -0.662      0.000
 225  226     -0.547     -0.619      0.000
 231  217     -0.546     -0.171      0.000
 226  230     -0.545      0.644      0.000
 233  220     -0.541     -0.182      0.000
 230  231     -0.538     -0.495      0.000
 228   -2     -0.533     -0.038      0.000
 238  232     -0.531     -0.216      0.000
 229  240     -0.531      0.841      0.000
 232  241     -0.530      0.806      0.000
 235  238     -0.528      0.592      0.000
 242  235     -0.528      0.306      0.000
 244  233     -0.527     -0.168      0.000
 237  236     -0.527      0.418      0.000
 234  242     -0.526      0.782      0.000
 245  234     -0.525      0.177      0.000
 243  239     -0.522     -0.468      0.000
 236  245     -0.521      0.916      0.000
 239  243     -0.520      0.601      0.000
 249  237     -0.518     -0.034      0.000
 241  248     -0.514      0.906      0.000
 246  250     -0.510     -0.719      0.000
 252  244     -0.509     -0.380      0.000
 248  253     -0.507      0.723      0.000
 247  255     -0.506     -0.913      0.000
 257  246     -0.503      0.084      0.000
 256  249     -0.501      0.345      0.000
 250  259     -0.499     -0.844      0.000
 251  262     -0.497      0.992      0.000
 262  247     -0.496     -0.057      0.000
 261  251     -0.496      0.158      0.000
 254  260     -0.496      0.654      0.000
 253  264     -0.495     -0.983      0.000
 255  263     -0.493      0.716      0.000
  -1   -2     -0.492      0.013      0.000
 259  258     -0.492      0.424      0.000
 258  261     -0.490     -0.595      0.000
 267  254     -0.489     -0.145      0.000
 269  256     -0.488      0.140      0.000
 271  257     -0.486      0.018      0.000
 260  268     -0.485      0.708      0.000
 263  267     -0.483      0.616      0.000
 270  266     -0.479      0.442      0.000
 274  265     -0.476     -0.244      0.000
 264  274     -0.474     -0.895      0.000
 265  275     -0.475      0.989      0.000
  -1   -2     -0.474      0.708      0.000
 272  272     -0.472      0.576      0.000
 273  276     -0.468      0.719      0.000
 276  271     -0.465     -0.304      0.000
 279  269     -0.464     -0.104      0.000
 280  270     -0.463     -0.096      0.000
 275  279     -0.457      0.569      0.000
 283  277     -0.455     -0.231      0.000
 281  278     -0.455      0.375      0.000
 278  280     -0.451     -0.724      0.000
 277  282     -0.449      0.945      0.000
 282  283     -0.440      0.926      0.000
 286  281     -0.439     -0.309      0.000
 284  285     -0.434     -0.842      0.000
 285  288     -0.432      0.799      0.000
 291  284     -0.427     -0.374      0.000
 288  293     -0.426      0.733      0.000
 287  297     -0.425      0.954      0.000
 289  294     -0.423     -0.721      0.000
 293  286     -0.422     -0.414      0.000
 290  299     -0.420      0.754      0.000
 297  287     -0.420      0.259      0.000
 292  298     -0.417     -0.627      0.000
 303  289     -0.416     -0.099      0.000
 304  290     -0.416     -0.061      0.000
 295  296     -0.415      0.473      0.000
 298  295     -0.414     -0.453      0.000
 305  291     -0.414     -0.242      0.000
 299  300     -0.412     -0.505      0.000
 306  292     -0.412      0.126      0.000
 294  305     -0.410      0.759      0.000
 301  303     -0.408      0.565      0.000
 308  301     -0.408      0.308      0.000
 302  302     -0.408      0.477      0.000
 296  306     -0.406      0.950      0.000
 300  307     -0.403      0.813      0.000
 310  304     -0.397      0.124      0.000
 307  308     -0.394     -0.994      0.000
 309  313     -0.389     -0.764      0.000
 311  312     -0.386     -0.584      0.000
 312  315     -0.384      0.606      0.000
 314  318     -0.379      0.592      0.000
 317  309     -0.379      0.175      0.000
 319  310     -0.379      0.132      0.000
 313  323     -0.378      0.925      0.000
 315  322     -0.376     -0.680      0.000
 323  311     -0.376     -0.015      0.000
 318  317     -0.375      0.352      0.000
 324  314     -0.374      0.085      0.000
 326  316     -0.372      0.148      0.000
 316  326     -0.369      0.692      0.000
 328  319     -0.368     -0.247      0.000
 327  321     -0.368      0.263      0.000
 321  327     -0.366      0.754      0.000
 332  320     -0.365     -0.048      0.000
 320  329     -0.365      0.790      0.000
 322  328     -0.364     -0.792      0.000
 333  324     -0.360     -0.122      0.000
 334  325     -0.359      0.135      0.000
 325  330     -0.359      0.865      0.000
 329  332     -0.354     -0.896      0.000
 331  333     -0.352     -0.814      0.000
 330  334     -0.352      0.980      0.000
 337  331     -0.345      0.305      0.000
 336  335     -0.342     -0.559      0.000
 335  337     -0.341     -0.844      0.000
 338  336     -0.332     -0.208      0.000
 339  342     -0.318      0.877      0.000
 340  340     -0.317      0.709      0.000
 342  338     -0.317      0.425      0.000
 341  339     -0.317      0.494      0.000
 343  343     -0.306      0.478      0.000
 347  341     -0.305      0.047      0.000
 346  345     -0.301     -0.582      0.000
 345  348     -0.301      0.651      0.000
 344  350     -0.300      0.832      0.000
 348  347     -0.298     -0.988      0.000
 352  344     -0.298     -0.050      0.000
 350  346     -0.298     -0.443      0.000
 349  352     -0.295     -0.626      0.000
 351  351     -0.294      0.514      0.000
 357  349     -0.290     -0.223      0.000
 356  354     -0.286     -0.572      0.000
 358  356     -0.284      0.517      0.000
 362  353     -0.283      0.149      0.000
 353  360     -0.282     -0.882      0.000
 361  355     -0.281      0.318      0.000
 354  363     -0.281     -0.909      0.000
 355  364     -0.281      0.937      0.000
 360  357     -0.280      0.387      0.000
 359  358     -0.279     -0.612      0.000
 363  366     -0.274     -0.641      0.000
 366  359     -0.273     -0.288      0.000
 367  361     -0.272     -0.306      0.000
 365  370     -0.271      0.658      0.000
 368  365     -0.270     -0.399      0.000
 364  373     -0.270      0.989      0.000
 370  362     -0.268     -0.055      0.000
 369  371     -0.266      0.575      0.000
 372  368     -0.265     -0.128      0.000
 373  367     -0.264     -0.037      0.000
 374  369     -0.264     -0.101      0.000
 375  374     -0.260     -0.367      0.000
 376  372     -0.259     -0.237      0.000
 371  376     -0.256     -0.855      0.000
 378  375     -0.251     -0.119      0.000
 377  377     -0.249     -0.564      0.000
 380  379     -0.245     -0.384      0.000
 382  378     -0.243     -0.236      0.000
 379  380     -0.239      0.709      0.000
 383  384     -0.234      0.641      0.000
 381  387     -0.233      0.969      0.000
 384  383     -0.231     -0.532      0.000
 386  382     -0.230      0.330      0.000
 389  381     -0.229     -0.033      0.000
 387  385     -0.228      0.352      0.000
 385  388     -0.227      0.577      0.000
 388  390     -0.225      0.481      0.000
 392  386     -0.224      0.116      0.000
 391  389     -0.223     -0.344      0.000
 390  391     -0.221     -0.533      0.000
 393  392     -0.212      0.694      0.000
 394  393     -0.209      0.559      0.000
  -1   -2     -0.206     -0.433      0.000
 396  396     -0.206     -0.499      0.000
 398  395     -0.205     -0.442      0.000
 395  397     -0.203      0.967      0.000
 399  399     -0.194      0.762      0.000
 401  400     -0.190      0.625      0.000
 403  401     -0.189     -0.634      0.000
 400  403     -0.189      0.906      0.000
 406  398     -0.188      0.122      0.000
 402  404     -0.189      0.846      0.000
 404  402     -0.187     -0.721      0.000
 405  405     -0.183      0.792      0.000
 407  409     -0.179     -0.984      0.000
 408  406     -0.179      0.437      0.000
  -1  408     -0.175      0.358      0.000
 411   -2     -0.174      0.366      0.000
 409  412     -0.174     -0.670      0.000
 412  410     -0.174     -0.429      0.000
 410  413     -0.173      0.595      0.000
 416  411     -0.170     -0.043      0.000
 415  416     -0.168     -0.617      0.000
 414  417     -0.168      0.650      0.000
 418  414     -0.166      0.177      0.000
 419  415     -0.165      0.159      0.000
 417  418     -0.164     -0.546      0.000
 421  419     -0.160     -0.205      0.000
 420  420     -0.159     -0.408      0.000
 422  421     -0.154     -0.177      0.000
 423  422     -0.153      0.141      0.000
 425  423     -0.150     -0.257      0.000
 427  424     -0.147     -0.238      0.000
 424  426     -0.145     -0.795      0.000
 426  427     -0.144      0.795      0.000
 430  425     -0.143      0.371      0.000
 428  429     -0.142      0.817      0.000
 429  428     -0.141      0.719      0.000
 431  431     -0.137     -0.879      0.000
 432  432     -0.136      0.960      0.000
 434  430     -0.133     -0.302      0.000
 433  434     -0.130     -0.801      0.000
 436  433     -0.127      0.239      0.000
 435  435     -0.126      0.549      0.000
 437  438     -0.119      0.741      0.000
 438  436     -0.118     -0.231      0.000
 439  437     -0.116     -0.153      0.000
 440  440     -0.111     -0.564      0.000
 442  439     -0.111      0.175      0.000
 441  442     -0.109      0.699      0.000
 443  441     -0.108     -0.494      0.000
 444  446     -0.105      0.490      0.000
  -1   -2     -0.105      0.478      0.000
 446  443     -0.105      0.003      0.000
 447  444     -0.105     -0.049      0.000
 448  447     -0.102      0.372      0.000
 449  448     -0.100     -0.434      0.000
 450  449     -0.090     -0.283      0.000
 451  450     -0.081     -0.550      0.000
 453  451     -0.077     -0.017      0.000
 452  453     -0.077      0.917      0.000
 454  452     -0.076     -0.476      0.000
 455  454     -0.074      0.814      0.000
 456  455     -0.072      0.575      0.000
 457  456     -0.071     -0.595      0.000
 458  457     -0.068     -0.379      0.000
 459  458     -0.068     -0.199      0.000
 461  459     -0.067      0.218      0.000
 460  460     -0.065      0.972      0.000
 462  461     -0.063      0.371      0.000
 463  462     -0.062      0.455      0.000
 464  463     -0.060     -0.894      0.000
 465  464     -0.056     -0.912      0.000
 467  466     -0.054     -0.406      0.000
 468  465     -0.054     -0.050      0.000
 466  467     -0.054     -0.726      0.000
 469  469     -0.051     -0.748      0.000
 470  470     -0.050      0.055      0.000
 473  471     -0.050      0.039      0.000
 471  472     -0.050      0.437      0.000
 472  476     -0.049      0.729      0.000
 474  475     -0.048     -0.439      0.000
 476  474     -0.048     -0.081      0.000
 475  477     -0.048     -0.540      0.000
 477  478     -0.046      0.304      0.000
 478  479     -0.043     -0.624      0.000
 479  480     -0.039      0.196      0.000
 480  481     -0.039     -0.881      0.000
 481  482     -0.037      0.904      0.000
 482  483     -0.037      0.514      0.000
 483  484     -0.036      0.344      0.000
 484  485     -0.035      0.075      0.000
 485  486     -0.034     -0.436      0.000
 486  487     -0.034      0.730      0.000
 487  488     -0.032     -0.806      0.000
 488  489     -0.032      0.224      0.000
 489  490     -0.031     -0.249      0.000
 490  491     -0.031      0.812      0.000
 491  492     -0.030     -0.519      0.000
 492  493     -0.029      0.939      0.000
 493  494     -0.029      0.108      0.000
 494  495     -0.025      0.138      0.000
 495  496     -0.023      0.015      0.000
 496  497     -0.023     -0.630      0.000
 497  498     -0.022     -0.405      0.000
 498  499     -0.022     -0.492      0.000
 499  500     -0.021      0.620      0.000
 500  501     -0.019     -0.439      0.000
 501  502     -0.017     -0.685      0.000
  -1   -2     -0.015     -0.487      0.000
 504  505     -0.014     -0.591      0.000
 505  504     -0.014      0.973      0.000
 503  507     -0.013      0.237      0.000
 506  506     -0.013     -0.618      0.000
 507  508      0.003      0.043      0.000
 508  509      0.004     -0.371      0.000
 509  510      0.007     -0.218      0.000
 510  513      0.010      0.222      0.000
 511  512      0.011      0.504      0.000
 512  511      0.011      0.770      0.000
 513  514      0.012     -0.691      0.000
 514  515      0.013      0.705      0.000
 516  516      0.019     -0.671      0.000
 517  517      0.019      0.694      0.000
 515  518      0.020     -0.321      0.000
 518  519      0.023      0.055      0.000
 519  520      0.025     -0.106      0.000
 520  522      0.027     -0.086      0.000
 521  523      0.028     -0.185      0.000
 522  521      0.029      0.523      0.000
 523  524      0.034      0.121      0.000
 526  525      0.041     -0.960      0.000
 525  526      0.042     -0.186      0.000
 524  528      0.042      0.085      0.000
 528  529      0.044     -0.471      0.000
 527  530      0.044      0.327      0.000
 529  527      0.045     -0.772      0.000
 531  531      0.050     -0.665      0.000
 530  532      0.051      0.156      0.000
 532  533      0.054     -0.384      0.000
 533  535      0.057      0.289      0.000
 534  534      0.059      0.862      0.000
 536  536      0.061     -0.914      0.000
 535  540      0.065      0.001      0.000
 537  537      0.065      0.730      0.000
 538  538      0.067     -0.842      0.000
 541  539      0.070     -0.966      0.000
 540  542      0.071      0.666      0.000
 542  541      0.071      0.936      0.000
 539  543      0.071      0.354      0.000
 543  544      0.075     -0.582      0.000
 544  545      0.078      0.649      0.000
 545  546      0.083     -0.891      0.000
 548  547      0.090     -0.371      0.000
 547  548      0.090     -0.273      0.000
 546  550      0.090      0.048      0.000
 551  549      0.096     -0.961      0.000
 550  553      0.099     -0.392      0.000
 549  554      0.100      0.198      0.000
 553  551      0.101      0.830      0.000
 554  552      0.102     -0.865      0.000
 552  557      0.105      0.172      0.000
 556  559      0.109     -0.496      0.000
 557  555      0.110     -0.967      0.000
 555  561      0.110      0.194      0.000
 558  556      0.110      0.944      0.000
 560  558      0.112     -0.860      0.000
 559  562      0.114      0.498      0.000
 561  560      0.115     -0.974      0.000
 562  563      0.117      0.735      0.000
 565  564      0.118     -0.916      0.000
 563  565      0.120     -0.537      0.000
 568  566      0.122     -0.628      0.000
 566  568      0.123     -0.470      0.000
 572  567      0.125      0.772      0.000
 564  572      0.125      0.048      0.000
 569  570      0.127      0.268      0.000
 567  573      0.127     -0.050      0.000
 571  571      0.128     -0.455      0.000
 570  574      0.129     -0.163      0.000
 576  569      0.133      0.872      0.000
 573  576      0.135     -0.186      0.000
 574  578      0.136      0.074      0.000
 579  575      0.140      0.862      0.000
 575  579      0.141     -0.048      0.000
 580  577      0.144     -0.930      0.000
 577  581      0.147      0.014      0.000
 578  580      0.147     -0.174      0.000
 581  583      0.152      0.251      0.000
 582  589      0.157      0.056      0.000
 583  584      0.157      0.506      0.000
 587  582      0.158     -0.923      0.000
  -1   -2      0.160     -0.471      0.000
 584  590      0.161      0.321      0.000
 590  585      0.162      0.830      0.000
 589  586      0.162     -0.641      0.000
 586  591      0.163     -0.481      0.000
 588  592      0.165      0.357      0.000
 593  588      0.166      0.951      0.000
 591  593      0.170      0.433      0.000
 592  594      0.171     -0.427      0.000
 594  596      0.177     -0.195      0.000
 595  598      0.180      0.108      0.000
 600  595      0.183      0.649      0.000
 597  597      0.184     -0.449      0.000
 598  599      0.185     -0.431      0.000
 596  600      0.186      0.051      0.000
 599  602      0.189     -0.031      0.000
 602  601      0.193     -0.490      0.000
 601  608      0.197     -0.014      0.000
 603  606      0.197      0.262      0.000
 609  604      0.200      0.681      0.000
 606  605      0.201      0.533      0.000
 605  607      0.201     -0.987      0.000
 613  603      0.202      0.975      0.000
 604  613      0.204     -0.149      0.000
 607  614      0.206     -0.285      0.000
 610  612      0.207      0.356      0.000
 612  609      0.207     -0.601      0.000
 614  610      0.208     -0.569      0.000
 608  616      0.209      0.073      0.000
 611  615      0.209     -0.334      0.000
 615  611      0.212      0.619      0.000
 616  621      0.223      0.141      0.000
 618  618      0.225      0.526      0.000
 619  617      0.226     -0.815      0.000
 617  626      0.229     -0.205      0.000
 621  619      0.231      0.725      0.000
 626  620      0.233      0.773      0.000
 624  623      0.233      0.657      0.000
 629  622      0.235     -0.850      0.000
 623  627      0.237     -0.517      0.000
 620  630      0.237      0.169      0.000
 627  628      0.238     -0.582      0.000
 633  624      0.240     -0.965      0.000
 634  625      0.241      0.880      0.000
 622  631      0.242      0.154      0.000
 625  632      0.245     -0.141      0.000
 635  629      0.246     -0.804      0.000
 628  635      0.248      0.075      0.000
 630  637      0.250      0.293      0.000
 631  634      0.250      0.366      0.000
 632  638      0.254      0.068      0.000
 638  633      0.258     -0.794      0.000
 644  636      0.261     -0.852      0.000
 636  639      0.263     -0.085      0.000
 637  643      0.267      0.039      0.000
 640  642      0.269     -0.339      0.000
 645  640      0.271     -0.523      0.000
 641  645      0.271      0.117      0.000
 642  644      0.271     -0.195      0.000
 643  646      0.274     -0.105      0.000
 648  641      0.276     -0.715      0.000
 646  648      0.279      0.178      0.000
 647  647      0.280     -0.389      0.000
 649  649      0.286      0.494      0.000
 651  651      0.293      0.558      0.000
 654  652      0.295      0.616      0.000
 655  653      0.295     -0.646      0.000
 657  650      0.296      0.865      0.000
 650  659      0.298     -0.099      0.000
 653  656      0.299      0.434      0.000
 659  654      0.299     -0.811      0.000
 652  662      0.304      0.004      0.000
 662  655      0.304      0.798      0.000
 664  657      0.305      0.702      0.000
 660  660      0.307      0.449      0.000
 656  665      0.308     -0.019      0.000
 661  663      0.309      0.358      0.000
  -1  658      0.309     -0.994      0.000
 658  667      0.311     -0.231      0.000
 663  664      0.313     -0.438      0.000
 665  668      0.315     -0.397      0.000
 668  661      0.318     -0.802      0.000
 666  673      0.323     -0.258      0.000
 669  671      0.324     -0.606      0.000
 672  666      0.325      0.868      0.000
  -1   -2      0.326      0.813      0.000
 670  672      0.327      0.479      0.000
 667  678      0.328      0.262      0.000
 675  670      0.330     -0.956      0.000
 674  674      0.333      0.573      0.000
 671  681      0.335     -0.304      0.000
 681  675      0.338      0.814      0.000
 678  676      0.339     -0.747      0.000
 677  679      0.340      0.623      0.000
 676  680      0.341     -0.561      0.000
 683  677      0.342     -0.983      0.000
 680  682      0.343     -0.578      0.000
 682  684      0.350      0.474      0.000
 679  686      0.353     -0.079      0.000
 684  685      0.354      0.460      0.000
 689  683      0.357      0.848      0.000
 686  691      0.362      0.151      0.000
 685  694      0.362      0.102      0.000
 687  690      0.363      0.340      0.000
 692  687      0.367     -0.672      0.000
 690  692      0.369      0.427      0.000
 695  688      0.368     -0.704      0.000
 691  696      0.369     -0.443      0.000
 688  698      0.371      0.223      0.000
 700  689      0.374      0.770      0.000
 701  693      0.376     -0.764      0.000
 702  695      0.377     -0.747      0.000
 693  701      0.378     -0.280      0.000
 694  704      0.381      0.041      0.000
 705  697      0.384     -0.897      0.000
 696  707      0.384      0.177      0.000
 697  709      0.386      0.153      0.000
 698  711      0.387     -0.168      0.000
 699  713      0.388      0.027      0.000
 710  700      0.389     -0.727      0.000
 711  699      0.390     -0.827      0.000
 704  706      0.391      0.505      0.000
 708  710      0.395      0.468      0.000
 707  715      0.397     -0.389      0.000
 703  717      0.397      0.101      0.000
 715  702      0.397      0.993      0.000
 709  714      0.397      0.383      0.000
 716  703      0.397     -0.977      0.000
 719  705      0.400      0.947      0.000
 717  708      0.401      0.831      0.000
 706  718      0.401      0.137      0.000
 718  712      0.402     -0.775      0.000
 712  721      0.409      0.074      0.000
 722  716      0.411      0.869      0.000
 720  719      0.412      0.418      0.000
 713  723      0.412      0.006      0.000
 714  724      0.414      0.083      0.000
 721  722      0.419     -0.455      0.000
 725  720      0.421      0.693      0.000
 724  725      0.426      0.439      0.000
 723  728      0.428      0.309      0.000
 727  727      0.436      0.631      0.000
 726  729      0.438     -0.540      0.000
 730  726      0.439      0.805      0.000
 728  733      0.449      0.137      0.000
 731  732      0.450     -0.987      0.000
 736  730      0.454     -0.716      0.000
 729  734      0.454     -0.194      0.000
 735  731      0.454     -0.706      0.000
 732  737      0.461      0.045      0.000
 737  735      0.466      0.529      0.000
 733  738      0.466     -0.116      0.000
 734  739      0.467     -0.169      0.000
 741  736      0.475      0.751      0.000
 738  741      0.476      0.310      0.000
 742  740      0.480     -0.589      0.000
 739  745      0.482     -0.164      0.000
 740  746      0.483      0.186      0.000
 743  744      0.486      0.407      0.000
 746  748      0.491     -0.429      0.000
 752  742      0.491     -0.994      0.000
 744  754      0.491     -0.271      0.000
 750  750      0.493      0.431      0.000
 754  743      0.492     -0.840      0.000
 745  757      0.496     -0.076      0.000
 751  751      0.497      0.572      0.000
 748  758      0.498      0.136      0.000
 747  761      0.499      0.038      0.000
 749  760      0.499      0.049      0.000
 755  752      0.501      0.667      0.000
 761  747      0.502      0.935      0.000
 762  749      0.504      0.920      0.000
 759  755      0.504     -0.692      0.000
 757  756      0.505      0.599      0.000
 764  753      0.506     -0.914      0.000
 753  765      0.506     -0.332      0.000
 758  759      0.509     -0.545      0.000
 763  762      0.511     -0.588      0.000
 766  764      0.514     -0.658      0.000
 760  768      0.515      0.312      0.000
 756  771      0.517     -0.081      0.000
 768  763      0.518     -0.804      0.000
 767  767      0.520      0.624      0.000
 771  766      0.524      0.873      0.000
 765  773      0.525     -0.129      0.000
 769  772      0.529     -0.409      0.000
 774  769      0.532     -0.993      0.000
 776  770      0.535      0.857      0.000
 770  776      0.540      0.026      0.000
 775  775      0.541     -0.571      0.000
 778  774      0.543     -0.792      0.000
 772  778      0.544     -0.140      0.000
 773  781      0.547      0.070      0.000
 777  777      0.548     -0.504      0.000
 781  779      0.555     -0.568      0.000
 782  780      0.556     -0.560      0.000
 780  782      0.557      0.450      0.000
 779  786      0.564      0.003      0.000
 783  784      0.565      0.260      0.000
 788  783      0.572     -0.602      0.000
 784  790      0.572     -0.197      0.000
 785  791      0.575     -0.142      0.000
 786  794      0.576     -0.129      0.000
 791  785      0.577      0.656      0.000
 787  798      0.579      0.018      0.000
 797  788      0.583      0.681      0.000
 800  787      0.583     -0.908      0.000
 795  789      0.583     -0.629      0.000
 790  796      0.584      0.367      0.000
 789  799      0.584      0.229      0.000
 794  795      0.585      0.478      0.000
 793  802      0.588      0.317      0.000
 792  804      0.588      0.238      0.000
 799  793      0.588     -0.652      0.000
 798  800      0.591      0.490      0.000
 802  792      0.593     -0.915      0.000
 796  807      0.594      0.125      0.000
 804  797      0.596      0.897      0.000
 803  801      0.598      0.750      0.000
 807  803      0.601     -0.901      0.000
 806  806      0.604     -0.608      0.000
 808  805      0.608      0.755      0.000
 801  811      0.608     -0.106      0.000
 810  810      0.613      0.629      0.000
 811  808      0.613      0.819      0.000
 812  809      0.615      0.946      0.000
 805  814      0.615      0.094      0.000
 809  813      0.617     -0.403      0.000
 813  812      0.625     -0.747      0.000
 814  815      0.632      0.961      0.000
 816  816      0.635      0.711      0.000
 817  818      0.646      0.465      0.000
 815  821      0.646      0.210      0.000
 823  817      0.649     -0.916      0.000
 819  819      0.651     -0.629      0.000
 824  820      0.655      0.762      0.000
 818  827      0.660      0.048      0.000
 820  828      0.661     -0.228      0.000
 826  822      0.662     -0.703      0.000
 821  831      0.663     -0.113      0.000
 822  830      0.663     -0.265      0.000
 830  823      0.666      0.800      0.000
 829  824      0.667      0.691      0.000
 833  825      0.671     -0.770      0.000
 834  826      0.673      0.851      0.000
 828  834      0.673     -0.337      0.000
 825  838      0.674      0.059      0.000
 827  836      0.675     -0.207      0.000
 831  833      0.676     -0.491      0.000
 835  829      0.677     -0.934      0.000
  -1   -2      0.680     -0.340      0.000
 837  832      0.680     -0.878      0.000
 838  835      0.685      0.661      0.000
 840  837      0.689     -0.891      0.000
 836  845      0.691      0.306      0.000
 844  840      0.693      0.880      0.000
 841  841      0.694      0.803      0.000
 843  842      0.694      0.764      0.000
 847  844      0.696     -0.730      0.000
 848  843      0.697     -0.854      0.000
 846  847      0.700      0.533      0.000
 839  854      0.700     -0.081      0.000
 845  848      0.700     -0.987      0.000
 842  851      0.702     -0.378      0.000
 850  846      0.703     -0.742      0.000
 849  850      0.705      0.494      0.000
 851  852      0.708      0.529      0.000
 852  853      0.709      0.556      0.000
 854  849      0.710      0.904      0.000
 859  855      0.718     -0.888      0.000
 853  860      0.722      0.061      0.000
 860  856      0.724     -0.947      0.000
 858  859      0.726      0.379      0.000
 855  863      0.726     -0.064      0.000
 857  862      0.727     -0.196      0.000
 856  864      0.727     -0.143      0.000
 861  857      0.730     -0.890      0.000
 862  858      0.731     -0.835      0.000
 865  861      0.738      0.762      0.000
 866  866      0.744     -0.506      0.000
 867  865      0.745     -0.576      0.000
 863  869      0.746      0.068      0.000
 864  870      0.747      0.052      0.000
 870  867      0.751     -0.823      0.000
 871  868      0.752      0.848      0.000
 868  871      0.753      0.196      0.000
 869  877      0.759      0.270      0.000
 873  873      0.764      0.732      0.000
  -1   -2      0.764     -0.712      0.000
 876  872      0.765      0.975      0.000
 875  876      0.766     -0.701      0.000
 878  874      0.766     -0.953      0.000
 880  878      0.771     -0.993      0.000
 872  882      0.772      0.035      0.000
 881  879      0.774      0.894      0.000
 877  883      0.775     -0.246      0.000
 879  881      0.777     -0.517      0.000
 887  880      0.782      0.924      0.000
 883  886      0.786      0.315      0.000
 882  887      0.786      0.165      0.000
 890  884      0.788      0.823      0.000
 884  888      0.788     -0.278      0.000
 891  885      0.790     -0.822      0.000
 885  892      0.791     -0.177      0.000
 886  891      0.791     -0.215      0.000
 894  889      0.795      0.568      0.000
 888  896      0.794      0.152      0.000
 889  897      0.794      0.125      0.000
 892  890      0.795      0.522      0.000
 893  894      0.797     -0.417      0.000
 895  895      0.801      0.589      0.000
 898  893      0.802      0.909      0.000
 897  898      0.803      0.661      0.000
 896  900      0.803     -0.464      0.000
 901  901      0.807     -0.595      0.000
 903  899      0.808     -0.994      0.000
 899  905      0.811      0.294      0.000
 906  902      0.812      0.958      0.000
 904  904      0.812     -0.572      0.000
 907  903      0.814      0.684      0.000
 900  908      0.814      0.097      0.000
 902  910      0.817     -0.229      0.000
 910  906      0.820      0.738      0.000
 908  907      0.820      0.619      0.000
 905  912      0.820     -0.134      0.000
 913  909      0.823      0.786      0.000
 909  914      0.825      0.349      0.000
  -1   -2      0.827      0.362      0.000
 915  911      0.827      0.873      0.000
 914  915      0.828      0.490      0.000
 917  913      0.831      0.913      0.000
 912  918      0.830      0.161      0.000
 918  919      0.835      0.455      0.000
 916  921      0.837      0.112      0.000
 920  917      0.837     -0.840      0.000
 919  924      0.843     -0.093      0.000
  -1   -2      0.844      0.759      0.000
 921  922      0.843     -0.509      0.000
 923  923      0.845     -0.585      0.000
 926  925      0.851      0.751      0.000
 924  926      0.851      0.061      0.000
 925  927      0.853     -0.258      0.000
 927  928      0.856     -0.333      0.000
 931  929      0.863     -0.775      0.000
 929  931      0.865      0.293      0.000
 928  934      0.865     -0.079      0.000
 932  930      0.866      0.686      0.000
 930  936      0.867      0.042      0.000
 933  932      0.869      0.469      0.000
 936  933      0.872      0.895      0.000
 935  935      0.871     -0.762      0.000
 937  937      0.874      0.736      0.000
 934  938      0.875      0.355      0.000
 938  940      0.879     -0.350      0.000
 940  939      0.881      0.659      0.000
 942  942      0.883     -0.611      0.000
 939  943      0.884     -0.026      0.000
 943  941      0.884     -0.767      0.000
 941  946      0.886      0.028      0.000
 945  944      0.889      0.544      0.000
 946  945      0.890     -0.713      0.000
 944  948      0.890      0.044      0.000
 947  947      0.893      0.400      0.000
  -1   -2      0.896      0.411      0.000
 949  954      0.901     -0.012      0.000
 950  950      0.901     -0.951      0.000
 952  951      0.903     -0.962      0.000
 951  952      0.903     -0.603      0.000
 953  955      0.905     -0.784      0.000
 954  953      0.905     -0.926      0.000
 955  956      0.912      0.386      0.000
 956  958      0.915      0.235      0.000
 957  957      0.915     -0.978      0.000
 959  959      0.918     -0.494      0.000
 958  961      0.920     -0.044      0.000
 960  960      0.921      0.609      0.000
 961  962      0.923     -0.322      0.000
 962  965      0.926     -0.142      0.000
 963  964      0.926      0.389      0.000
 964  963      0.926     -0.676      0.000
 965  966      0.930      0.055      0.000
 966  967      0.934      0.102      0.000
 967  968      0.934     -0.057      0.000
 968  969      0.938     -0.456      0.000
 969  971      0.941     -0.411      0.000
 970  970      0.942      0.598      0.000
 971  972      0.944      0.944      0.000
 973  973      0.946      0.904      0.000
 972  974      0.947     -0.253      0.000
 975  975      0.949     -0.891      0.000
 974  977      0.949     -0.987      0.000
 976  976      0.950      0.819      0.000
 977  979      0.953     -0.196      0.000
 978  978      0.953     -0.653      0.000
 979  980      0.959      0.331      0.000
 980  981      0.960     -0.784      0.000
 981  982      0.963      0.875      0.000
 982  983      0.965     -0.732      0.000
 983  984      0.968      0.567      0.000
 985  985      0.977     -0.905      0.000
 986  987      0.978     -0.572      0.000
 984  986      0.978      0.530      0.000
 987  988      0.979      0.776      0.000
 988  989      0.980      0.980      0.000
 989  990      0.981     -0.849      0.000
 990  991      0.983      0.802      0.000
 991  992      0.983      0.707      0.000
 992  993      0.985     -0.261      0.000
  -1   -2      0.990      0.471      0.000
 993  995      0.990     -0.410      0.000
 995  996      0.992      0.460      0.000
