997
  -1   -2     -0.998      0.624      0.000
   0    1     -0.997      0.613      0.000
   2    2     -0.996     -0.620      0.000
   3    4     -0.995     -0.091      0.000
   4    3     -0.995     -0.483      0.000
   5    5     -0.994      0.444      0.000
   7    6     -0.992      0.929      0.000
   6    7     -0.990     -0.968      0.000
   8    9     -0.988     -0.549      0.000
   9    8     -0.988     -0.151      0.000
  10   10     -0.989      0.952      0.000
  15   11     -0.988      0.201      0.000
  12   12     -0.989      0.701      0.000
  13   13     -0.988     -0.049      0.000
  16   15     -0.988     -0.299      0.000
  14   14     -0.987     -0.799      0.000
  17   16     -0.982     -0.189      0.000
  19   18     -0.976      0.534      0.000
  18   19     -0.975      0.725      0.000
  20   17     -0.975      0.151      0.000
  -1   20     -0.974     -0.889      0.000
  21   23     -0.967     -0.890      0.000
  23   21     -0.968     -0.126      0.000
  22   22     -0.968      0.409      0.000
  24   25     -0.963      0.899      0.000
  26   24     -0.960      0.229      0.000
  25   27     -0.959      0.570      0.000
  27   26     -0.957      0.210      0.000
  29   28     -0.956     -0.130      0.000
  30   29     -0.956     -0.023      0.000
  28   30     -0.956      0.424      0.000
  31   31     -0.953     -0.308      0.000
  32   32     -0.952      0.632      0.000
  33   33     -0.949     -0.545      0.000
  35   34     -0.949     -0.491      0.000
  34   35     -0.949     -0.586      0.000
  36   37     -0.945     -0.867      0.000
  37   36     -0.942     -0.282      0.000
  39   38     -0.941     -0.142      0.000
  40   39     -0.940     -0.077      0.000
  41   40     -0.938      0.401      0.000
  38   41     -0.938      0.870      0.000
  42   42     -0.931      0.099      0.000
  43   43     -0.928      0.504      0.000
  48   44     -0.920      0.263      0.000
  47   45     -0.919      0.314      0.000
  44   46     -0.919     -0.796      0.000
  45   49     -0.916     -0.877      0.000
  46   52     -0.914     -0.987      0.000
  49   51     -0.914      0.704      0.000
  51   47     -0.913      0.046      0.000
  53   48     -0.911      0.097      0.000
  50   53     -0.910     -0.740      0.000
  55   50     -0.910     -0.182      0.000
  54   54     -0.908     -0.534      0.000
  52   58     -0.907      0.765      0.000
  56   56     -0.906      0.491      0.000
  60   55     -0.904      0.185      0.000
  58   61     -0.902     -0.794      0.000
  57   62     -0.903      0.818      0.000
  62   57     -0.903      0.228      0.000
  61   60     -0.901      0.474      0.000
  59   63     -0.899     -0.901      0.000
  64   59     -0.899      0.110      0.000
  63   65     -0.895     -0.589      0.000
  65   64     -0.895     -0.495      0.000
  66   66     -0.888     -0.366      0.000
  68   68     -0.879      0.448      0.000
  67   73     -0.877     -0.946      0.000
  69   71     -0.875     -0.590      0.000
  72   67     -0.875     -0.116      0.000
  70   70     -0.874      0.405      0.000
  71   74     -0.874      0.564      0.000
  74   69     -0.873      0.282      0.000
  73   72     -0.872      0.335      0.000
  -1   75     -0.869      0.559      0.000
  76   76     -0.865     -0.341      0.000
  75   79     -0.861     -0.761      0.000
  79   77     -0.860     -0.143      0.000
  77   78     -0.859      0.488      0.000
  78   81     -0.854     -0.812      0.000
  80   80     -0.850     -0.162      0.000
  81   83     -0.845      0.527      0.000
  82   82     -0.839     -0.223      0.000
  85   84     -0.836      0.098      0.000
  89   85     -0.830      0.038      0.000
  88   88     -0.830     -0.412      0.000
  83   90     -0.830      0.710      0.000
  91   86     -0.828     -0.032      0.000
  90   87     -0.828     -0.180      0.000
  84   92     -0.827     -0.848      0.000
  86   91     -0.826     -0.740      0.000
  87   93     -0.825      0.894      0.000
  94   89     -0.824     -0.123      0.000
  92   94     -0.821      0.607      0.000
  93   96     -0.815     -0.781      0.000
  95  100     -0.813      0.951      0.000
  96   98     -0.809      0.398      0.000
  97   95     -0.807      0.121      0.000
  99   97     -0.805      0.013      0.000
 101   99     -0.802     -0.097      0.000
 102  101     -0.800      0.178      0.000
 100  104     -0.798     -0.988      0.000
 104  102     -0.798     -0.014      0.000
 103  107     -0.795      0.433      0.000
  98  110     -0.794     -0.976      0.000
 107  103     -0.795      0.075      0.000
 106  105     -0.793     -0.235      0.000
 108  106     -0.792     -0.070      0.000
 109  109     -0.788      0.369      0.000
 105  114     -0.787      0.835      0.000
 112  108     -0.783     -0.126      0.000
 113  112     -0.780      0.150      0.000
 114  111     -0.780     -0.054      0.000
 111  115     -0.778     -0.489      0.000
 110  120     -0.774     -0.662      0.000
 118  113     -0.774      0.086      0.000
 116  118     -0.774      0.425      0.000
 119  116     -0.772      0.259      0.000
 117  119     -0.772      0.452      0.000
 121  117     -0.770      0.172      0.000
 115  124     -0.767      0.859      0.000
 120  122     -0.765      0.588      0.000
 123  121     -0.761     -0.250      0.000
 124  126     -0.755      0.452      0.000
 127  123     -0.754     -0.134      0.000
 122  128     -0.754      0.769      0.000
 128  125     -0.752     -0.308      0.000
 126  129     -0.749     -0.617      0.000
 125  131     -0.747      0.813      0.000
 129  127     -0.747      0.416      0.000
 133  130     -0.742     -0.318      0.000
 130  133     -0.739      0.737      0.000
 131  134     -0.736     -0.761      0.000
 132  138     -0.735      0.918      0.000
 137  132     -0.728      0.070      0.000
 134  136     -0.728      0.395      0.000
 136  139     -0.723     -0.433      0.000
 140  135     -0.723     -0.011      0.000
 139  140     -0.722      0.352      0.000
 135  143     -0.721      0.599      0.000
 143  137     -0.719     -0.184      0.000
 142  141     -0.716     -0.404      0.000
 138  144     -0.716      0.647      0.000
 145  142     -0.715     -0.382      0.000
 141  148     -0.709     -0.680      0.000
 146  149     -0.707      0.549      0.000
 150  145     -0.706     -0.354      0.000
 144  153     -0.706      0.790      0.000
 149  147     -0.704     -0.458      0.000
 148  150     -0.704      0.528      0.000
 152  146     -0.703      0.352      0.000
  -1   -2     -0.702     -0.681      0.000
 153  151     -0.700      0.412      0.000
 158  152     -0.695     -0.225      0.000
 151  162     -0.693      0.852      0.000
 154  161     -0.692      0.688      0.000
 156  158     -0.691      0.534      0.000
 163  155     -0.688     -0.140      0.000
 160  159     -0.688      0.444      0.000
 159  160     -0.687      0.499      0.000
 155  164     -0.687      0.805      0.000
 157  165     -0.684     -0.722      0.000
 166  156     -0.683     -0.200      0.000
 169  157     -0.682     -0.045      0.000
 161  166     -0.679      0.765      0.000
 170  163     -0.676      0.262      0.000
 162  169     -0.674      0.910      0.000
 165  170     -0.670     -0.762      0.000
 164  171     -0.670      0.824      0.000
 167  174     -0.667      0.899      0.000
 171  172     -0.666     -0.683      0.000
 168  177     -0.665     -0.899      0.000
 176  168     -0.663     -0.356      0.000
 180  167     -0.662      0.083      0.000
 172  178     -0.661      0.786      0.000
 173  183     -0.658     -0.976      0.000
 175  180     -0.656     -0.718      0.000
 181  175     -0.655     -0.433      0.000
 179  179     -0.655      0.520      0.000
 177  184     -0.654      0.664      0.000
 174  186     -0.654      0.992      0.000
 183  173     -0.653      0.058      0.000
 178  187     -0.651      0.763      0.000
 185  176     -0.649     -0.141      0.000
 189  181     -0.644      0.151      0.000
 182  191     -0.642     -0.831      0.000
 190  182     -0.642     -0.243      0.000
 187  188     -0.639     -0.530      0.000
 188  190     -0.639      0.519      0.000
 192  185     -0.638     -0.194      0.000
 184  194     -0.634      0.991      0.000
 195  189     -0.632      0.236      0.000
 186  196     -0.631     -0.887      0.000
 194  192     -0.630      0.440      0.000
 191  195     -0.628      0.630      0.000
 199  193     -0.623     -0.354      0.000
 193  203     -0.619     -0.994      0.000
 196  199     -0.618      0.617      0.000
 197  204     -0.615      0.709      0.000
 205  198     -0.614     -0.290      0.000
 200  200     -0.613     -0.637      0.000
 207  197     -0.612     -0.182      0.000
 201  201     -0.611     -0.593      0.000
 203  202     -0.610      0.496      0.000
 198  207     -0.610      0.948      0.000
 202  206     -0.605     -0.708      0.000
 208  205     -0.602      0.492      0.000
 204  211     -0.600      0.930      0.000
 206  209     -0.599      0.708      0.000
 211  210     -0.592     -0.600      0.000
 210  217     -0.590      0.703      0.000
 220  208     -0.587     -0.157      0.000
 209  219     -0.587      0.959      0.000
 214  215     -0.586      0.491      0.000
 218  213     -0.585     -0.399      0.000
 223  212     -0.582      0.203      0.000
 217  218     -0.581      0.577      0.000
 225  214     -0.580      0.147      0.000
  -1   -2     -0.580      0.708      0.000
 216  222     -0.579      0.648      0.000
 212  227     -0.578     -0.846      0.000
 215  224     -0.579      0.720      0.000
 219  221     -0.578      0.589      0.000
 226  216     -0.577     -0.201      0.000
 224  220     -0.576      0.461      0.000
 222  231     -0.569      0.807      0.000
  -1   -2     -0.568      0.956      0.000
 228  228     -0.568      0.458      0.000
 231  226     -0.562      0.124      0.000
 233  225     -0.562      0.023      0.000
 238  229     -0.558     -0.181      0.000
 227  238     -0.557     -0.989      0.000
 232  235     -0.553     -0.516      0.000
 229  239     -0.553     -0.735      0.000
 242  230     -0.553      0.044      0.000
 236  236     -0.552      0.439      0.000
 230  240     -0.552      0.619      0.000
 241  233     -0.551      0.289      0.000
 239   -2     -0.549     -0.988      0.000
 244  234     -0.547      0.185      0.000
 234  243     -0.544      0.769      0.000
 237  244     -0.543      0.749      0.000
 235  245     -0.543      0.828      0.000
 249  237     -0.539      0.026      0.000
 247  241     -0.538      0.234      0.000
 245  242     -0.537     -0.475      0.000
 240  248     -0.536      0.934      0.000
 243  247     -0.535      0.777      0.000
 246  246     -0.531     -0.606      0.000
 248  251     -0.525     -0.743      0.000
 251  249     -0.524     -0.494      0.000
 250  250     -0.524      0.590      0.000
 252  257     -0.511      0.989      0.000
 258  252     -0.507     -0.082      0.000
 256  256     -0.507      0.590      0.000
 254  258     -0.506     -0.793      0.000
 253  263     -0.506      0.883      0.000
 263  253     -0.503      0.054      0.000
 255  264     -0.502     -0.912      0.000
 264  254     -0.502      0.020      0.000
 260  259     -0.497      0.424      0.000
 262  260     -0.496     -0.479      0.000
 257  265     -0.497      0.817      0.000
 266  255     -0.496     -0.056      0.000
 269  261     -0.489     -0.140      0.000
 259  266     -0.488     -0.823      0.000
 270  262     -0.488     -0.190      0.000
 261  267     -0.487      0.787      0.000
 265  270     -0.481     -0.845      0.000
 268  269     -0.479     -0.666      0.000
 267  273     -0.475     -0.872      0.000
 274  268     -0.474      0.279      0.000
 271  274     -0.472      0.733      0.000
 273  271     -0.470      0.446      0.000
 276  272     -0.467      0.469      0.000
 275  277     -0.462     -0.728      0.000
 277  276     -0.460      0.609      0.000
 272  280     -0.460      0.899      0.000
 280  275     -0.456     -0.176      0.000
 278  281     -0.455      0.655      0.000
 281  279     -0.448      0.322      0.000
 282  282     -0.445     -0.405      0.000
 279  285     -0.444      0.645      0.000
 285  278     -0.444     -0.030      0.000
 284  284     -0.441      0.370      0.000
 288  283     -0.438      0.013      0.000
 286  287     -0.430     -0.642      0.000
 283  290     -0.430      0.865      0.000
 295  286     -0.428     -0.082      0.000
 290  289     -0.425      0.526      0.000
 287  298     -0.422      0.949      0.000
 289  297     -0.421      0.764      0.000
 292  291     -0.420      0.533      0.000
 294  292     -0.419     -0.564      0.000
  -1  300     -0.416     -0.045      0.000
 296  293     -0.415      0.420      0.000
 291  302     -0.413     -0.934      0.000
 293  303     -0.411     -0.914      0.000
 298  294     -0.409     -0.184      0.000
 300  296     -0.407     -0.197      0.000
 299  299     -0.406     -0.235      0.000
 302  301     -0.402      0.194      0.000
 303   -2     -0.402     -0.045      0.000
 301  306     -0.396     -0.516      0.000
 306  304     -0.391     -0.186      0.000
 305  308     -0.385     -0.475      0.000
 304  311     -0.384      0.723      0.000
  -1   -2     -0.380     -0.042      0.000
 307  314     -0.377     -0.640      0.000
 309  309     -0.377     -0.349      0.000
 311  313     -0.373     -0.434      0.000
 313  310     -0.372      0.182      0.000
 308  318     -0.372     -0.899      0.000
 316  312     -0.368     -0.037      0.000
 314  315     -0.367     -0.281      0.000
 318  316     -0.363      0.099      0.000
 319  317     -0.361      0.166      0.000
 320  319     -0.358     -0.363      0.000
 312  327     -0.358      0.980      0.000
 315  325     -0.355     -0.713      0.000
 322  320     -0.354     -0.168      0.000
 317  328     -0.352      0.738      0.000
 326  321     -0.350     -0.065      0.000
 324  324     -0.348      0.374      0.000
  -1   -2     -0.346      0.018      0.000
 327  323     -0.345     -0.273      0.000
 321  330     -0.345     -0.675      0.000
 323  331     -0.343      0.586      0.000
 332  326     -0.341      0.024      0.000
 331  329     -0.340      0.318      0.000
 330  332     -0.339      0.431      0.000
 325  335     -0.337     -0.732      0.000
 329  336     -0.333     -0.707      0.000
 334  337     -0.328      0.613      0.000
 333  340     -0.327      0.785      0.000
 340  333     -0.327     -0.123      0.000
 336  338     -0.326      0.577      0.000
 335  339     -0.325     -0.672      0.000
 341  334     -0.325     -0.114      0.000
 339  342     -0.319      0.619      0.000
 337  344     -0.319      0.673      0.000
 342  343     -0.317      0.525      0.000
 343  341     -0.315     -0.299      0.000
 338  345     -0.314      0.979      0.000
 344  350     -0.302      0.734      0.000
 347  347     -0.300      0.340      0.000
 345  348     -0.298     -0.988      0.000
  -1   -2     -0.297      0.167      0.000
 349  349     -0.296      0.394      0.000
 346  358     -0.290      0.931      0.000
 351  354     -0.289     -0.552      0.000
 348  357     -0.288      0.780      0.000
 355  351     -0.288     -0.122      0.000
 358  352     -0.285     -0.074      0.000
 357  353     -0.285      0.168      0.000
 353  359     -0.284     -0.677      0.000
 359  355     -0.282      0.235      0.000
 352  362     -0.282      0.890      0.000
 360  356     -0.281     -0.317      0.000
 354  365     -0.277      0.832      0.000
 356  363     -0.276      0.686      0.000
 363  360     -0.272      0.181      0.000
 364  361     -0.271      0.203      0.000
 362  366     -0.269      0.501      0.000
 361  369     -0.268      0.855      0.000
 367  367     -0.261      0.121      0.000
 369  368     -0.258      0.189      0.000
 366  373     -0.255     -0.655      0.000
 373  370     -0.254     -0.013      0.000
 365  377     -0.253     -0.816      0.000
 368  378     -0.251      0.677      0.000
 370  374     -0.249     -0.517      0.000
 376  371     -0.249     -0.159      0.000
 375  376     -0.247      0.430      0.000
 377  372     -0.247     -0.059      0.000
 372  379     -0.246      0.606      0.000
 371  381     -0.245      0.733      0.000
 374  380     -0.244     -0.659      0.000
 379  375     -0.244     -0.278      0.000
 378  382     -0.236     -0.750      0.000
 380  383     -0.230     -0.487      0.000
 381  386     -0.225     -0.781      0.000
 383  385     -0.223     -0.508      0.000
 385  384     -0.223     -0.414      0.000
 382  390     -0.221      0.756      0.000
 387  387     -0.219     -0.392      0.000
 384  389     -0.219     -0.632      0.000
 386  391     -0.217      0.714      0.000
 391  388     -0.216     -0.306      0.000
 393  393     -0.212      0.481      0.000
 388  397     -0.211      0.974      0.000
 389  396     -0.211      0.861      0.000
 390  398     -0.210      0.875      0.000
 392  401     -0.208     -0.875      0.000
 396  395     -0.207      0.457      0.000
 398  392     -0.207      0.078      0.000
 395  400     -0.206     -0.742      0.000
 394  404     -0.206     -0.931      0.000
 400  394     -0.206      0.224      0.000
 397  402     -0.203     -0.578      0.000
  -1   -2     -0.201     -0.570      0.000
 402  399     -0.199     -0.064      0.000
 401  407     -0.198      0.810      0.000
 403  405     -0.196     -0.331      0.000
 404  406     -0.193     -0.469      0.000
 405  414     -0.186     -0.881      0.000
 406  411     -0.186     -0.683      0.000
 407  410     -0.187      0.578      0.000
 408  408     -0.184     -0.333      0.000
 409  409     -0.183     -0.180      0.000
 410  412     -0.179     -0.073      0.000
 411  413     -0.179     -0.141      0.000
 412  415     -0.176     -0.045      0.000
 415  416     -0.173     -0.168      0.000
 414  417     -0.170     -0.572      0.000
 413  420     -0.168      0.827      0.000
 416  418     -0.166      0.508      0.000
  -1   -2     -0.166      0.499      0.000
 418  421     -0.159      0.187      0.000
 422  422     -0.153     -0.039      0.000
 421  423     -0.152     -0.554      0.000
 419  424     -0.151      0.686      0.000
 420  425     -0.149      0.800      0.000
 423  426     -0.139      0.519      0.000
 424  427     -0.136      0.200      0.000
 425  429     -0.129     -0.707      0.000
 426  428     -0.127      0.281      0.000
 427  430     -0.124      0.255      0.000
 429  431     -0.120     -0.303      0.000
 430  432     -0.119     -0.376      0.000
 428  434     -0.118      0.638      0.000
  -1   -2     -0.117      0.628      0.000
 435  433     -0.116     -0.056      0.000
 432  439     -0.116     -0.647      0.000
 434  435     -0.115     -0.350      0.000
 436  436     -0.114     -0.264      0.000
 433  441     -0.114      0.941      0.000
 437  438     -0.113      0.232      0.000
 438  440     -0.113     -0.436      0.000
 440  442     -0.105      0.368      0.000
 439  443     -0.105      0.878      0.000
 441  444     -0.101     -0.590      0.000
 442  445     -0.100      0.526      0.000
 443  447     -0.095      0.987      0.000
 445  446     -0.093     -0.344      0.000
 444  448     -0.092     -0.699      0.000
 447  449     -0.088      0.284      0.000
 446  451     -0.087      0.712      0.000
 450  450     -0.086     -0.230      0.000
 449  452     -0.084     -0.737      0.000
 448  453     -0.083     -0.945      0.000
 451  454     -0.080     -0.633      0.000
 452  458     -0.077     -0.956      0.000
 453  455     -0.077     -0.416      0.000
 454  456     -0.076      0.020      0.000
 455  457     -0.076     -0.066      0.000
  -1  459     -0.075     -0.994      0.000
 456  460     -0.068     -0.836      0.000
 457  461     -0.068      0.611      0.000
 458  463     -0.066     -0.851      0.000
 459  462     -0.066     -0.533      0.000
 460  464     -0.063      0.529      0.000
 461  465     -0.062      0.825      0.000
 463  466     -0.059     -0.013      0.000
 462  467     -0.059      0.346      0.000
 464  468     -0.056     -0.302      0.000
 465  469     -0.054     -0.563      0.000
 466  470     -0.054     -0.693      0.000
 467  471     -0.053      0.595      0.000
 468  473     -0.050     -0.762      0.000
 469  472     -0.050     -0.598      0.000
 471  474     -0.049     -0.987      0.000
 470  475     -0.049     -0.937      0.000
 472  476     -0.047      0.934      0.000
 473  477     -0.046      0.455      0.000
 474  478     -0.045     -0.068      0.000
 475  480     -0.043      0.105      0.000
 476  479     -0.043      0.080      0.000
 478  481     -0.041     -0.118      0.000
 477  482     -0.041      0.664      0.000
 479  483     -0.041      0.825      0.000
 480  484     -0.038     -0.890      0.000
 482  485     -0.037      0.317      0.000
 481  486     -0.037      0.501      0.000
 483  487     -0.036     -0.596      0.000
 484  488     -0.035      0.878      0.000
 485  490     -0.033      0.955      0.000
 487  489     -0.033      0.136      0.000
 486  491     -0.033     -0.674      0.000
 488  492     -0.032      0.355      0.000
 489  493     -0.031     -0.374      0.000
 490  494     -0.029      0.188      0.000
 491  495     -0.028      0.234      0.000
 492  496     -0.026      0.039      0.000
 494  497     -0.024     -0.563      0.000
 493  498     -0.024     -0.766      0.000
 495  499     -0.023     -0.650      0.000
 497  501     -0.021      0.748      0.000
 496  500     -0.021     -0.598      0.000
 498  502     -0.018      0.373      0.000
  -1   -2     -0.016     -0.645      0.000
 500  504     -0.015     -0.808      0.000
 501  505     -0.013     -0.735      0.000
 502  506     -0.011     -0.757      0.000
 503  507     -0.010      0.086      0.000
 504  508     -0.008      0.988      0.000
 505  509     -0.005     -0.329      0.000
 507  510     -0.001     -0.525      0.000
 506  511     -0.001      0.352      0.000
 508  512      0.002      0.104      0.000
 509  513      0.004     -0.159      0.000
 510  514      0.005     -0.126      0.000
 511  515      0.008     -0.280      0.000
 512  516      0.010     -0.466      0.000
 513  517      0.011      0.207      0.000
 515  518      0.015      0.655      0.000
 514  519      0.015      0.151      0.000
 516  520      0.018     -0.282      0.000
 518  521      0.025     -0.810      0.000
 517  522      0.025      0.259      0.000
 519  525      0.028      0.016      0.000
 521  523      0.030      0.851      0.000
 520  524      0.030      0.808      0.000
 522  526      0.033     -0.796      0.000
 523  527      0.034      0.478      0.000
 524  528      0.037      0.670      0.000
 525  529      0.037      0.799      0.000
 526  530      0.041      0.433      0.000
 528  532      0.044     -0.536      0.000
 529  531      0.044     -0.627      0.000
 527  533      0.045      0.092      0.000
 530  534      0.060     -0.399      0.000
 531  535      0.062      0.505      0.000
 533  536      0.064      0.312      0.000
 532  537      0.064      0.276      0.000
 534  538      0.066     -0.066      0.000
 535  539      0.066      0.089      0.000
  -1   -2      0.070      0.306      0.000
 540  542      0.073     -0.517      0.000
 537  545      0.074     -0.063      0.000
 538  544      0.074     -0.241      0.000
 542  541      0.075     -0.789      0.000
 539  546      0.075      0.129      0.000
 544  543      0.078     -0.865      0.000
 541  548      0.079      0.036      0.000
 543  549      0.081     -0.274      0.000
 548  547      0.083     -0.984      0.000
 547  550      0.086     -0.539      0.000
 545  552      0.087      0.100      0.000
 546  551      0.088     -0.255      0.000
 550  553      0.094     -0.721      0.000
 549  554      0.094      0.399      0.000
 551  558      0.105     -0.036      0.000
 552  559      0.106      0.090      0.000
 557  555      0.107      0.776      0.000
 558  556      0.108      0.820      0.000
 553  561      0.108      0.175      0.000
 554  565      0.110     -0.010      0.000
 559  557      0.110      0.907      0.000
 555  566      0.111     -0.281      0.000
 556  563      0.111      0.374      0.000
 560  560      0.114     -0.955      0.000
 562  562      0.115      0.762      0.000
 561  567      0.117     -0.641      0.000
 565  564      0.117     -0.909      0.000
 563  571      0.123     -0.212      0.000
 564  572      0.123      0.120      0.000
 567   -2      0.125     -0.614      0.000
  -1  568      0.126     -0.598      0.000
 570  570      0.130     -0.987      0.000
 569  574      0.132      0.637      0.000
 571  573      0.133      0.952      0.000
 568  575      0.134      0.453      0.000
 573  576      0.137     -0.676      0.000
 572  578      0.142      0.216      0.000
 581  577      0.147     -0.939      0.000
 578  579      0.148      0.490      0.000
 577  580      0.149      0.377      0.000
 574  583      0.150      0.120      0.000
 576  582      0.150     -0.286      0.000
 575  584      0.150     -0.195      0.000
 580  581      0.151     -0.394      0.000
 579  586      0.153      0.108      0.000
 582  590      0.157     -0.113      0.000
 583  589      0.158      0.251      0.000
 585  591      0.158      0.229      0.000
 586  587      0.159     -0.561      0.000
 589  585      0.159     -0.750      0.000
 584  592      0.160      0.065      0.000
  -1   -2      0.161     -0.606      0.000
 590  596      0.166     -0.451      0.000
 587  598      0.166     -0.140      0.000
 592  593      0.167     -0.615      0.000
 598  595      0.172      0.884      0.000
 599  594      0.172     -0.983      0.000
 591  601      0.172      0.175      0.000
 593  600      0.173     -0.561      0.000
 600  597      0.173     -0.921      0.000
 595  599      0.173      0.565      0.000
 601  603      0.178     -0.579      0.000
 594  606      0.179     -0.266      0.000
 603  604      0.180      0.634      0.000
 596  609      0.182     -0.130      0.000
 606  602      0.183      0.817      0.000
 597  610      0.183      0.014      0.000
 604  607      0.184      0.479      0.000
 602  612      0.186     -0.018      0.000
 607  605      0.188     -0.916      0.000
 605  613      0.190      0.253      0.000
  -1   -2      0.193     -0.986      0.000
 611  611      0.196      0.958      0.000
 610  617      0.200     -0.616      0.000
 612  614      0.200      0.842      0.000
 608  619      0.200      0.398      0.000
 613  615      0.202     -0.990      0.000
 614  616      0.203     -0.953      0.000
 618  620      0.212     -0.751      0.000
 616  622      0.215     -0.440      0.000
 615  623      0.217     -0.301      0.000
 617  626      0.221     -0.099      0.000
 622  621      0.224      0.909      0.000
 619  624      0.225      0.476      0.000
 620  629      0.233     -0.332      0.000
 626  625      0.234      0.901      0.000
 624  627      0.236      0.645      0.000
 621  631      0.237      0.138      0.000
 629  630      0.242     -0.680      0.000
 623  635      0.243      0.058      0.000
 628  632      0.243     -0.490      0.000
 631  628      0.243     -0.959      0.000
 627  637      0.247      0.200      0.000
 625  639      0.247      0.041      0.000
 636  633      0.251      0.742      0.000
 635  634      0.251     -0.707      0.000
 634  636      0.253     -0.626      0.000
 630  642      0.253      0.339      0.000
 633  643      0.257     -0.380      0.000
 632  644      0.260     -0.207      0.000
 641  641      0.260      0.631      0.000
 645  638      0.262      0.877      0.000
 647  640      0.262     -0.953      0.000
 637  646      0.264      0.130      0.000
 638  649      0.265      0.012      0.000
 639  647      0.266      0.196      0.000
 640  653      0.269      0.096      0.000
 642  654      0.271      0.224      0.000
 648  650      0.273      0.447      0.000
 646  656      0.274      0.281      0.000
 643  658      0.274      0.106      0.000
 644  657      0.274      0.173      0.000
 649  655      0.276     -0.485      0.000
 651  645      0.276      0.711      0.000
 652  652      0.279     -0.682      0.000
 654  648      0.281      0.962      0.000
 653  651      0.281      0.762      0.000
 650  660      0.283     -0.339      0.000
 656  659      0.289     -0.619      0.000
 655  661      0.291     -0.526      0.000
 657  662      0.295      0.524      0.000
 658  667      0.308      0.055      0.000
 663  663      0.308      0.582      0.000
 662  665      0.309      0.533      0.000
 661  666      0.311      0.407      0.000
 666  664      0.313      0.734      0.000
 659  668      0.313      0.161      0.000
 660  671      0.316     -0.132      0.000
 664  672      0.321     -0.222      0.000
 665  674      0.326     -0.191      0.000
 671  670      0.330      0.788      0.000
 673  669      0.332      0.985      0.000
 676  673      0.337     -0.866      0.000
 668  680      0.338     -0.182      0.000
 667  681      0.338     -0.083      0.000
 675  677      0.340      0.552      0.000
 677  676      0.341      0.633      0.000
 669  683      0.341      0.043      0.000
 672  679      0.342     -0.445      0.000
 670  684      0.342      0.054      0.000
 674  678      0.342     -0.508      0.000
 682  675      0.345      0.824      0.000
 678  688      0.352      0.349      0.000
 683  686      0.354      0.487      0.000
 681  694      0.356      0.205      0.000
 688  682      0.356     -0.890      0.000
 679  696      0.356      0.148      0.000
 685  687      0.357      0.523      0.000
 680  697      0.358     -0.087      0.000
 686  689      0.359      0.538      0.000
 684  691      0.359      0.434      0.000
 689  685      0.359     -0.852      0.000
 690  690      0.363     -0.714      0.000
 693  692      0.366      0.681      0.000
 695  693      0.369     -0.775      0.000
 687  704      0.371     -0.137      0.000
 696  695      0.371     -0.842      0.000
 694  699      0.372     -0.624      0.000
 697  701      0.375     -0.669      0.000
 701  698      0.377      0.904      0.000
 692  705      0.376     -0.291      0.000
 691  708      0.378      0.026      0.000
 705  700      0.381     -0.977      0.000
 700  703      0.382     -0.638      0.000
  -1   -2      0.385     -0.887      0.000
 707  706      0.387      0.630      0.000
 702  709      0.388      0.459      0.000
 698  712      0.390      0.070      0.000
 699  714      0.391     -0.145      0.000
 704  710      0.391     -0.497      0.000
 710  707      0.393     -0.887      0.000
 703  713      0.394      0.330      0.000
 709  711      0.397      0.512      0.000
 706  719      0.401      0.001      0.000
 717  715      0.408      0.747      0.000
 713  718      0.410      0.472      0.000
 716  716      0.411      0.546      0.000
 712  721      0.412     -0.345      0.000
 718  717      0.415      0.669      0.000
 711  722      0.416      0.015      0.000
 714  724      0.421     -0.129      0.000
 715  726      0.422     -0.142      0.000
 721  720      0.424     -0.844      0.000
 720  727      0.429      0.315      0.000
 719  729      0.430     -0.195      0.000
 725  723      0.434      0.827      0.000
 728  725      0.440      0.885      0.000
 723  732      0.441     -0.440      0.000
 730  728      0.443     -0.832      0.000
 722  737      0.446      0.115      0.000
 726  733      0.447      0.414      0.000
 732  731      0.446     -0.706      0.000
 734  730      0.448     -0.780      0.000
 729  735      0.450     -0.987      0.000
 724  740      0.451     -0.103      0.000
 731  734      0.451     -0.563      0.000
 727  741      0.455      0.248      0.000
 739  738      0.461     -0.733      0.000
 733  747      0.462      0.083      0.000
  -1   -2      0.463      0.835      0.000
 736  743      0.464      0.432      0.000
 735  746      0.464      0.212      0.000
 737  745      0.466     -0.405      0.000
 741  739      0.468     -0.993      0.000
 738  748      0.471      0.219      0.000
 742  742      0.473      0.883      0.000
 743  744      0.477      0.833      0.000
 745  750      0.487     -0.767      0.000
 749  749      0.489     -0.958      0.000
 744  753      0.489      0.531      0.000
 748  751      0.491     -0.745      0.000
 750  752      0.493     -0.782      0.000
 746  758      0.500      0.289      0.000
 752  755      0.502      0.784      0.000
 757  754      0.503     -0.980      0.000
 754  756      0.504      0.860      0.000
 747  763      0.506      0.036      0.000
 756  757      0.509      0.635      0.000
 755  759      0.511     -0.585      0.000
 751  766      0.512     -0.103      0.000
 758  760      0.514     -0.532      0.000
 753  765      0.516      0.334      0.000
 763  761      0.522      0.697      0.000
 765  762      0.522     -0.782      0.000
 760  767      0.523      0.177      0.000
 759  771      0.524      0.043      0.000
 767  764      0.528     -0.833      0.000
 762  768      0.529     -0.478      0.000
 764  770      0.530      0.417      0.000
 761  776      0.532     -0.200      0.000
 769  772      0.536      0.553      0.000
 770  774      0.538     -0.569      0.000
 774  769      0.540     -0.897      0.000
 766  780      0.542     -0.179      0.000
 775  773      0.544      0.834      0.000
 773  775      0.544     -0.700      0.000
 768  783      0.544     -0.230      0.000
 771  781      0.546     -0.361      0.000
 776  777      0.548     -0.710      0.000
 772  787      0.553     -0.072      0.000
 777  786      0.556     -0.540      0.000
 778  785      0.556      0.573      0.000
 782  778      0.558      0.996      0.000
 783  779      0.560      0.951      0.000
 784  782      0.561      0.871      0.000
 786  784      0.562     -0.970      0.000
 779  788      0.563     -0.523      0.000
 781  790      0.567     -0.531      0.000
 780  791      0.569      0.428      0.000
 792  789      0.574      0.798      0.000
 789  792      0.575     -0.631      0.000
 785  798      0.578     -0.286      0.000
 790  796      0.580      0.436      0.000
 793  794      0.580      0.590      0.000
 795  793      0.581      0.639      0.000
 796  795      0.582     -0.667      0.000
 787  799      0.582      0.040      0.000
 788  801      0.584     -0.057      0.000
  -1   -2      0.587     -0.286      0.000
 799  797      0.590      0.733      0.000
 794  803      0.594     -0.119      0.000
 800  802      0.598     -0.554      0.000
 798  804      0.602      0.241      0.000
 797  805      0.602     -0.160      0.000
 801  809      0.614      0.031      0.000
 802  810      0.614      0.043      0.000
 803  807      0.619      0.390      0.000
 805  806      0.620     -0.573      0.000
 804  812      0.625     -0.309      0.000
 806  811      0.629     -0.545      0.000
 807  808      0.629     -0.817      0.000
 809  814      0.635     -0.593      0.000
 812  813      0.638     -0.772      0.000
 813  816      0.642      0.597      0.000
 811  819      0.642     -0.412      0.000
 808  821      0.644      0.138      0.000
 814  815      0.644     -0.989      0.000
 810  825      0.646      0.016      0.000
 815  817      0.651      0.927      0.000
 817  818      0.652      0.911      0.000
 816  822      0.656      0.619      0.000
 819  820      0.656     -0.752      0.000
 820  826      0.661      0.555      0.000
 823  823      0.661     -0.895      0.000
 824  824      0.662      0.852      0.000
 818  829      0.666      0.286      0.000
 826  827      0.668      0.830      0.000
 821  830      0.670      0.192      0.000
 822  832      0.675     -0.188      0.000
 833  828      0.678     -0.991      0.000
 829  831      0.679     -0.545      0.000
 825  834      0.682      0.108      0.000
 827  836      0.683     -0.135      0.000
 828  837      0.687      0.078      0.000
 832  835      0.687      0.391      0.000
 830  839      0.690     -0.163      0.000
 831  840      0.690      0.098      0.000
 835  833      0.692      0.688      0.000
 836  841      0.698      0.427      0.000
 834  844      0.698     -0.209      0.000
  -1  842      0.700     -0.987      0.000
 839  838      0.702      0.691      0.000
 837  846      0.704      0.420      0.000
 840  843      0.706     -0.677      0.000
 842  845      0.709      0.632      0.000
 838  852      0.710      0.057      0.000
 841  854      0.715      0.219      0.000
 845  847      0.715      0.446      0.000
 844  853      0.716     -0.400      0.000
 846  850      0.718     -0.616      0.000
 843  857      0.719     -0.102      0.000
 848  851      0.723      0.765      0.000
 849  848      0.722     -0.878      0.000
 851  849      0.723      0.867      0.000
 850  855      0.727      0.599      0.000
 847  861      0.727     -0.168      0.000
 855  856      0.732     -0.885      0.000
 852  859      0.732      0.560      0.000
 857  858      0.734     -0.867      0.000
 862  860      0.740      0.930      0.000
 861  862      0.740      0.684      0.000
 854  865      0.742      0.197      0.000
 853  867      0.742      0.099      0.000
 858  863      0.742     -0.461      0.000
 859  868      0.745     -0.311      0.000
 856  869      0.746      0.065      0.000
 864  864      0.749     -0.687      0.000
 860  872      0.750     -0.073      0.000
 867  866      0.754      0.947      0.000
 863  873      0.755     -0.399      0.000
 866  871      0.756     -0.635      0.000
 868  870      0.758      0.728      0.000
 865  878      0.763      0.029      0.000
 870  874      0.765     -0.647      0.000
 869  879      0.767     -0.347      0.000
 872  875      0.770      0.676      0.000
 871  881      0.773      0.235      0.000
 875  877      0.773      0.793      0.000
 877  876      0.773     -0.880      0.000
  -1   -2      0.778      0.245      0.000
 879  880      0.779      0.725      0.000
 874  886      0.782     -0.062      0.000
 876  887      0.784     -0.183      0.000
 878  890      0.785      0.016      0.000
 880  885      0.786      0.386      0.000
 881  883      0.787     -0.825      0.000
 883  884      0.792      0.828      0.000
 884  888      0.793     -0.789      0.000
 887  889      0.795     -0.904      0.000
 886  891      0.796     -0.840      0.000
 885  893      0.799      0.429      0.000
 882  897      0.800     -0.236      0.000
 888  895      0.802     -0.581      0.000
 890  892      0.803      0.661      0.000
  -1   -2      0.803     -0.595      0.000
 899  894      0.806      0.859      0.000
 892  899      0.807     -0.438      0.000
 894  900      0.809     -0.461      0.000
 898  901      0.811      0.448      0.000
 891  907      0.811     -0.029      0.000
 896  905      0.812      0.318      0.000
 893  906      0.812      0.186      0.000
 897  904      0.812      0.349      0.000
 900  898      0.812     -0.756      0.000
 895  908      0.814      0.006      0.000
 902  903      0.815      0.617      0.000
 903  902      0.816     -0.833      0.000
 901  914      0.822      0.017      0.000
 905  910      0.823     -0.736      0.000
 906  909      0.823     -0.835      0.000
 904  913      0.824     -0.376      0.000
 909  911      0.828      0.773      0.000
 912  912      0.828     -0.921      0.000
 907  915      0.830      0.524      0.000
 908  918      0.834     -0.244      0.000
 913  916      0.836      0.473      0.000
 911  921      0.837      0.230      0.000
 910  920      0.837     -0.020      0.000
 915  922      0.845      0.548      0.000
 914  924      0.844     -0.444      0.000
 916  919      0.846      0.953      0.000
 918  923      0.849      0.838      0.000
 919  925      0.849      0.732      0.000
 920  926      0.850     -0.728      0.000
 917  929      0.852      0.322      0.000
 921  927      0.855     -0.928      0.000
 922  928      0.856      0.882      0.000
 923  930      0.859      0.611      0.000
 926  931      0.868      0.857      0.000
 924  935      0.867     -0.039      0.000
 925  933      0.868      0.262      0.000
 927  932      0.869      0.674      0.000
  -1   -2      0.873      0.270      0.000
 928  938      0.874      0.139      0.000
 930  934      0.875      0.994      0.000
 932  936      0.876      0.932      0.000
  -1   -2      0.881      0.635      0.000
 931  943      0.880     -0.100      0.000
 935  939      0.881      0.799      0.000
 936  941      0.885      0.623      0.000
 934  947      0.885      0.022      0.000
 939  944      0.885     -0.745      0.000
 944  942      0.886      0.860      0.000
 937  946      0.887     -0.460      0.000
 942  945      0.888      0.539      0.000
 938  948      0.888      0.385      0.000
 940  949      0.890      0.248      0.000
 941  951      0.890     -0.047      0.000
 943  950      0.891     -0.219      0.000
 945  953      0.893      0.051      0.000
 946  952      0.895     -0.651      0.000
 947  954      0.896      0.505      0.000
 948  955      0.899     -0.632      0.000
 949  956      0.900      0.599      0.000
 951  957      0.906     -0.449      0.000
 950  959      0.907     -0.351      0.000
 953  958      0.907     -0.569      0.000
 952  962      0.908      0.250      0.000
 954  960      0.909     -0.638      0.000
 955  961      0.911      0.828      0.000
 956  963      0.920     -0.171      0.000
 957  967      0.926     -0.134      0.000
 958  968      0.926     -0.283      0.000
 959  966      0.926     -0.319      0.000
 961  964      0.926     -0.658      0.000
 960  965      0.927      0.445      0.000
 962  969      0.934     -0.922      0.000
 964  970      0.935     -0.940      0.000
 963  972      0.936     -0.522      0.000
 965  971      0.935     -0.877      0.000
 966  973      0.941     -0.970      0.000
 967  974      0.945      0.205      0.000
 968  975      0.948      0.431      0.000
 969  976      0.949     -0.987      0.000
 971  978      0.959      0.904      0.000
 970  977      0.959      0.839      0.000
 973  979      0.960      0.983      0.000
 972  980      0.960     -0.496      0.000
 974  981      0.961      0.706      0.000
 976  982      0.963     -0.815      0.000
 975  983      0.964     -0.176      0.000
 977  985      0.971      0.401      0.000
 978  984      0.971     -0.653      0.000
 979  986      0.974     -0.585      0.000
 981  987      0.976      0.792      0.000
 980  988      0.977      0.013      0.000
 982  990      0.979     -0.283      0.000
 983  989      0.979      0.367      0.000
 984  991      0.980     -0.418      0.000
 985  993      0.986      0.125      0.000
  -1   -2      0.987      0.316      0.000
 987  994      0.987      0.306      0.000
 988  995      0.990      0.644      0.000
 989  996      0.991      0.553      0.000
 990  997      0.992     -0.839      0.000
 991  998      0.994      0.682      0.000
 992  999      0.994      0.953      0.000
 993 1000      0.993     -0.748      0.000
