1000
   1    0     -0.998      0.231      0.000
   0    1     -0.997      0.047      0.000
   2    2     -0.993     -0.135      0.000
  -1   -2     -0.991     -0.300      0.000
   3    3     -0.989     -0.236      0.000
   7    4     -0.989     -0.049      0.000
   8    6     -0.989      0.952      0.000
   5   11     -0.988     -0.773      0.000
  10    5     -0.989      0.452      0.000
   9    7     -0.988     -0.549      0.000
   4   12     -0.989      0.767      0.000
  -1   -2     -0.989      0.774      0.000
  11    8     -0.989      0.701      0.000
  13   10     -0.987     -0.799      0.000
  14   13     -0.987      0.201      0.000
  15   14     -0.985     -0.299      0.000
  16   15     -0.982      0.278      0.000
  17   16     -0.978     -0.198      0.000
  18   18     -0.974      0.598      0.000
  19   17     -0.973     -0.016      0.000
  20   19     -0.972      0.397      0.000
  21   20     -0.971     -0.207      0.000
  22   21     -0.970      0.370      0.000
  23   24     -0.968      0.964      0.000
  24   23     -0.967      0.706      0.000
  26   22     -0.966     -0.478      0.000
  25   27     -0.964     -0.979      0.000
  27   25     -0.964     -0.117      0.000
  28   26     -0.963     -0.231      0.000
  30   28     -0.959     -0.447      0.000
  29   29     -0.959      0.613      0.000
  31   30     -0.956      0.203      0.000
  33   32     -0.948     -0.668      0.000
  32   33     -0.949      0.840      0.000
  34   31     -0.948      0.109      0.000
  35   34     -0.945      0.197      0.000
  37   35     -0.943     -0.296      0.000
  36   36     -0.943      0.591      0.000
  38   39     -0.941      0.732      0.000
  39   38     -0.939     -0.710      0.000
  40   37     -0.940      0.443      0.000
  42   40     -0.937      0.217      0.000
  44   41     -0.935      0.334      0.000
  43   42     -0.935      0.502      0.000
  41   43     -0.934     -0.936      0.000
  45   45     -0.930     -0.742      0.000
  46   44     -0.930      0.394      0.000
  49   46     -0.926     -0.182      0.000
  48   47     -0.923      0.775      0.000
  47   48     -0.921     -0.936      0.000
  50   50     -0.918      0.944      0.000
  52   49     -0.915     -0.226      0.000
  51   51     -0.913      0.675      0.000
  54   52     -0.907     -0.255      0.000
  53   53     -0.906     -0.535      0.000
  55   54     -0.903     -0.033      0.000
  56   55     -0.902      0.089      0.000
  58   56     -0.900      0.189      0.000
  57   57     -0.899      0.453      0.000
  59   58     -0.895     -0.187      0.000
  62   59     -0.892     -0.346      0.000
  65   60     -0.891     -0.279      0.000
  60   63     -0.891     -0.695      0.000
  63   61     -0.891     -0.502      0.000
  61   67     -0.890      0.662      0.000
  66   64     -0.889      0.511      0.000
  69   62     -0.888      0.044      0.000
  64   68     -0.888      0.646      0.000
  68   69     -0.885     -0.660      0.000
  71   65     -0.885     -0.003      0.000
  70   66     -0.885     -0.141      0.000
  67   72     -0.884     -0.923      0.000
  73   70     -0.880     -0.097      0.000
  74   71     -0.879      0.220      0.000
  76   73     -0.877      0.145      0.000
  72   77     -0.877      0.925      0.000
  75   75     -0.875      0.579      0.000
  78   74     -0.874     -0.069      0.000
  79   76     -0.870     -0.187      0.000
  77   78     -0.869      0.618      0.000
  81   79     -0.865      0.300      0.000
  83   80     -0.863      0.159      0.000
  80   83     -0.861     -0.735      0.000
  84   81     -0.859     -0.349      0.000
  82   85     -0.858      0.818      0.000
  85   82     -0.857      0.255      0.000
  88   84     -0.850     -0.194      0.000
  86   87     -0.848     -0.879      0.000
  87   90     -0.846     -0.843      0.000
  90   86     -0.845      0.283      0.000
  89   89     -0.842     -0.566      0.000
  97   88     -0.838      0.001      0.000
  91   95     -0.838      0.856      0.000
  92   94     -0.836     -0.730      0.000
  93   93     -0.837      0.646      0.000
  98   91     -0.835      0.126      0.000
  94   96     -0.833     -0.988      0.000
 100   92     -0.832     -0.358      0.000
  95   98     -0.831     -0.926      0.000
  -1   -2     -0.832      0.709      0.000
  96  100     -0.829      0.705      0.000
  99  102     -0.826      0.890      0.000
 102   99     -0.825      0.393      0.000
 101  103     -0.822     -0.875      0.000
 103  101     -0.819     -0.258      0.000
 104  105     -0.813      0.551      0.000
 108  104     -0.812     -0.050      0.000
 106  106     -0.809     -0.426      0.000
 105  108     -0.809      0.673      0.000
 110  107     -0.806     -0.189      0.000
 109  109     -0.803      0.515      0.000
 107  114     -0.799     -0.939      0.000
 112  110     -0.799     -0.434      0.000
 111  111     -0.798     -0.988      0.000
 114  112     -0.792     -0.305      0.000
 115  113     -0.790     -0.270      0.000
 116  115     -0.788      0.131      0.000
 113  117     -0.787      0.577      0.000
 117  116     -0.786      0.095      0.000
 119  118     -0.778     -0.182      0.000
 120  119     -0.770      0.561      0.000
 118  123     -0.768     -0.846      0.000
 122  121     -0.766     -0.616      0.000
 121  126     -0.761     -0.964      0.000
 125  120     -0.761      0.216      0.000
 127  122     -0.759     -0.248      0.000
 124  125     -0.758      0.584      0.000
 126  124     -0.757     -0.459      0.000
 123  131     -0.756      0.726      0.000
 129  127     -0.753     -0.491      0.000
 130  130     -0.752      0.472      0.000
 132  128     -0.751      0.358      0.000
 131  133     -0.748      0.543      0.000
 135  129     -0.748     -0.308      0.000
 133  134     -0.745     -0.512      0.000
 128  137     -0.745     -0.879      0.000
 140  132     -0.742     -0.226      0.000
 136  136     -0.741      0.577      0.000
 137  135     -0.740      0.515      0.000
 138  138     -0.738     -0.543      0.000
 134  141     -0.739      0.802      0.000
 141  139     -0.737      0.463      0.000
 139  145     -0.729     -0.995      0.000
 143  140     -0.728     -0.188      0.000
 142  146     -0.726     -0.825      0.000
 144  142     -0.726      0.311      0.000
 145  144     -0.722     -0.441      0.000
 146  143     -0.721      0.038      0.000
 150  147     -0.714      0.190      0.000
 154  148     -0.711      0.062      0.000
 147  152     -0.711     -0.558      0.000
 151  150     -0.710     -0.351      0.000
 155  149     -0.710     -0.237      0.000
 148  154     -0.709      0.516      0.000
 157  151     -0.705      0.158      0.000
 159  153     -0.702      0.038      0.000
 149  158     -0.700     -0.850      0.000
 160  155     -0.700     -0.210      0.000
 152  160     -0.699      0.928      0.000
 161  156     -0.699      0.254      0.000
 153  161     -0.697     -0.898      0.000
 156  159     -0.698      0.691      0.000
 158  162     -0.691     -0.752      0.000
 162  157     -0.691     -0.421      0.000
 165  165     -0.683      0.538      0.000
 164  168     -0.681     -0.708      0.000
 166  166     -0.681     -0.511      0.000
 163  171     -0.680      0.968      0.000
 167  163     -0.676      0.220      0.000
 168  164     -0.673     -0.087      0.000
 169  167     -0.670      0.028      0.000
 172  169     -0.668      0.066      0.000
 174  170     -0.665     -0.057      0.000
 170  174     -0.659      0.616      0.000
 173  175     -0.657      0.584      0.000
 171  177     -0.653      0.879      0.000
 175  176     -0.653      0.635      0.000
 179  173     -0.652      0.268      0.000
 180  172     -0.649     -0.146      0.000
 176  183     -0.645     -0.982      0.000
 177  181     -0.646      0.680      0.000
 178  182     -0.644      0.615      0.000
 181  180     -0.640     -0.445      0.000
 182  179     -0.639      0.328      0.000
 186  178     -0.637     -0.199      0.000
 183  184     -0.634      0.506      0.000
 184  188     -0.625      0.822      0.000
 185  191     -0.623      0.893      0.000
 187  190     -0.621      0.715      0.000
 189  189     -0.618     -0.587      0.000
 195  185     -0.617     -0.027      0.000
 190  192     -0.617      0.586      0.000
 188  193     -0.616      0.793      0.000
 191  195     -0.613     -0.740      0.000
 197  187     -0.611     -0.176      0.000
 198  186     -0.610      0.016      0.000
 192  196     -0.609     -0.814      0.000
 193  198     -0.607      0.853      0.000
  -1   -2     -0.604     -0.739      0.000
 196  197     -0.602      0.576      0.000
 199  194     -0.599     -0.079      0.000
  -1  202     -0.589     -0.042      0.000
 200  201     -0.589      0.541      0.000
 202  204     -0.583      0.534      0.000
 201  206     -0.580      0.737      0.000
 208  203     -0.578      0.282      0.000
 205  205     -0.577      0.493      0.000
 203  211     -0.576      0.932      0.000
 204  216     -0.574     -0.041      0.000
 209  207     -0.572      0.486      0.000
 210  210     -0.570      0.525      0.000
 212  209     -0.568      0.462      0.000
 206  215     -0.567     -0.764      0.000
 207  214     -0.566     -0.725      0.000
 211  218     -0.562      0.824      0.000
 217  208     -0.562     -0.171      0.000
 214  217     -0.561     -0.624      0.000
 215  213     -0.561     -0.486      0.000
 220  212     -0.557     -0.182      0.000
 218  220     -0.553     -0.529      0.000
 213   -2     -0.550     -0.038      0.000
 219  222     -0.549     -0.988      0.000
 216  225     -0.549      0.701      0.000
 232  219     -0.546     -0.216      0.000
 233  221     -0.543     -0.168      0.000
 221  230     -0.541     -0.749      0.000
 226  228     -0.541     -0.620      0.000
 231  226     -0.540     -0.495      0.000
 222  232     -0.540      0.794      0.000
 225  229     -0.540     -0.662      0.000
 234  223     -0.540      0.177      0.000
 227  231     -0.539      0.661      0.000
 223  235     -0.538      0.830      0.000
 224  236     -0.537     -0.792      0.000
 235  227     -0.537      0.307      0.000
 237  224     -0.536     -0.033      0.000
 230  234     -0.536      0.645      0.000
 228  239     -0.534      0.871      0.000
 236  233     -0.530      0.419      0.000
 239  238     -0.524     -0.467      0.000
 238  244     -0.522      0.593      0.000
 246  237     -0.520      0.084      0.000
 244  241     -0.517     -0.379      0.000
 240  251     -0.515      0.841      0.000
 247  240     -0.514     -0.057      0.000
 241  250     -0.514      0.806      0.000
 243  249     -0.513      0.601      0.000
 251  243     -0.511      0.158      0.000
 242  252     -0.511      0.782      0.000
  -1   -2     -0.510      0.013      0.000
 249  247     -0.508      0.344      0.000
 254  245     -0.506     -0.144      0.000
 257  246     -0.503      0.018      0.000
 256  248     -0.503      0.140      0.000
 245  255     -0.503      0.916      0.000
 250  256     -0.498     -0.718      0.000
 248  260     -0.496      0.905      0.000
 258  254     -0.496      0.423      0.000
 253  259     -0.494      0.722      0.000
 265  253     -0.490     -0.242      0.000
 255  265     -0.487     -0.912      0.000
 260  264     -0.486      0.653      0.000
 261  261     -0.485     -0.593      0.000
 259  267     -0.483     -0.843      0.000
 269  257     -0.481     -0.102      0.000
 266  263     -0.481      0.440      0.000
 270  258     -0.480     -0.095      0.000
 263  268     -0.480      0.714      0.000
 262  270     -0.479      0.991      0.000
 264  271     -0.476     -0.984      0.000
 271  262     -0.476     -0.301      0.000
 267  269     -0.476      0.614      0.000
 268  272     -0.473      0.706      0.000
 277  266     -0.469     -0.228      0.000
 272  273     -0.466      0.573      0.000
  -1   -2     -0.462      0.706      0.000
 278  274     -0.460      0.372      0.000
 274  279     -0.457     -0.894      0.000
 276  277     -0.456      0.716      0.000
 275  280     -0.456      0.988      0.000
 279  278     -0.452      0.565      0.000
 281  276     -0.450     -0.305      0.000
 280  286     -0.440     -0.720      0.000
  -1  289     -0.440      0.998      0.000
 284  283     -0.435     -0.369      0.000
 290  281     -0.432     -0.060      0.000
 289  282     -0.432     -0.097      0.000
 287  284     -0.430      0.254      0.000
 282  290     -0.431      0.943      0.000
 286  288     -0.428     -0.408      0.000
 292  285     -0.427      0.124      0.000
 291  287     -0.427     -0.238      0.000
 283  296     -0.423      0.924      0.000
 285  297     -0.419     -0.839      0.000
 295  292     -0.418     -0.446      0.000
 288  298     -0.417      0.796      0.000
 301  291     -0.417      0.303      0.000
 296  294     -0.416      0.466      0.000
 300  295     -0.413     -0.498      0.000
 293  302     -0.413      0.729      0.000
 294  301     -0.412     -0.716      0.000
 304  293     -0.412      0.122      0.000
 298  299     -0.411     -0.621      0.000
 302  300     -0.408      0.470      0.000
 299  305     -0.407      0.749      0.000
 297  308     -0.406      0.953      0.000
 303  303     -0.404      0.558      0.000
 305  311     -0.397      0.755      0.000
 310  306     -0.393      0.129      0.000
 311  304     -0.393     -0.015      0.000
 309  307     -0.392      0.171      0.000
 314  309     -0.389      0.082      0.000
 307  318     -0.389      0.809      0.000
 306  320     -0.388      0.949      0.000
 316  310     -0.386      0.144      0.000
 312  317     -0.383     -0.575      0.000
 317  314     -0.382      0.344      0.000
 320  312     -0.381     -0.048      0.000
 319  313     -0.380     -0.241      0.000
 321  315     -0.378      0.256      0.000
 313  322     -0.377     -0.758      0.000
 315  321     -0.378      0.599      0.000
 308  324     -0.377     -0.994      0.000
 324  316     -0.375     -0.119      0.000
 318  323     -0.374      0.584      0.000
 325  319     -0.373      0.131      0.000
 322  325     -0.368     -0.673      0.000
 323  328     -0.361      0.923      0.000
 326  327     -0.359      0.685      0.000
 327  330     -0.353      0.748      0.000
 331  326     -0.353      0.297      0.000
 328  331     -0.352     -0.785      0.000
 329  332     -0.352      0.784      0.000
 336  329     -0.344     -0.203      0.000
 330  334     -0.344      0.861      0.000
 335  333     -0.340     -0.549      0.000
 333  335     -0.339     -0.808      0.000
 332  336     -0.339     -0.893      0.000
 334  337     -0.336      0.979      0.000
 337  339     -0.327     -0.838      0.000
 338  340     -0.320      0.414      0.000
 341  338     -0.319      0.045      0.000
 339  342     -0.317      0.482      0.000
 344  341     -0.312     -0.049      0.000
 340  346     -0.308      0.700      0.000
 343  344     -0.306      0.466      0.000
 342  350     -0.304      0.873      0.000
 346  345     -0.301     -0.431      0.000
 349  343     -0.301     -0.215      0.000
 345  349     -0.299     -0.570      0.000
 347  348     -0.298     -0.988      0.000
 353  347     -0.295      0.144      0.000
 348  353     -0.294      0.641      0.000
 351  351     -0.292      0.501      0.000
 352  354     -0.291     -0.613      0.000
 355  352     -0.288      0.307      0.000
 350  364     -0.287      0.826      0.000
 354  360     -0.284     -0.559      0.000
 357  357     -0.284      0.375      0.000
 356  362     -0.283      0.504      0.000
 359  356     -0.282     -0.278      0.000
 362  355     -0.280     -0.054      0.000
 361  358     -0.280     -0.296      0.000
 367  359     -0.277     -0.036      0.000
 368  361     -0.276     -0.124      0.000
 358  366     -0.276     -0.599      0.000
 369  363     -0.276     -0.098      0.000
 365  365     -0.275     -0.387      0.000
 360  371     -0.270     -0.877      0.000
 366  370     -0.269     -0.628      0.000
 363  372     -0.268     -0.904      0.000
 372  367     -0.268     -0.228      0.000
 364  374     -0.267      0.936      0.000
 374  368     -0.265     -0.355      0.000
 370  373     -0.265      0.647      0.000
 375  369     -0.262     -0.115      0.000
 371  375     -0.262      0.562      0.000
 373  378     -0.257      0.988      0.000
 378  376     -0.252     -0.227      0.000
 379  377     -0.250     -0.371      0.000
 377  379     -0.247     -0.550      0.000
 376  381     -0.245     -0.848      0.000
 381  380     -0.240     -0.032      0.000
 382  383     -0.235      0.317      0.000
 386  382     -0.234      0.110      0.000
 385  384     -0.233      0.339      0.000
 380  387     -0.232      0.698      0.000
 383  386     -0.230     -0.517      0.000
 384  388     -0.229      0.628      0.000
 389  385     -0.228     -0.331      0.000
 390  389     -0.225      0.466      0.000
 388  390     -0.224      0.563      0.000
 387  392     -0.222      0.968      0.000
 391  391     -0.220     -0.518      0.000
  -1   -2     -0.209     -0.418      0.000
 395  394     -0.208     -0.427      0.000
 396  395     -0.207     -0.483      0.000
 393  396     -0.207      0.544      0.000
 392  397     -0.206      0.682      0.000
 398  398     -0.196      0.116      0.000
 397  399     -0.193      0.966      0.000
 400  401     -0.187      0.610      0.000
 401  400     -0.186     -0.619      0.000
 399  402     -0.186      0.752      0.000
 402  406     -0.181     -0.707      0.000
 404  409     -0.180      0.839      0.000
 403  410     -0.180      0.902      0.000
 406  404     -0.179      0.421      0.000
  -1  407     -0.178      0.343      0.000
 411  403     -0.178     -0.042      0.000
 407   -2     -0.177      0.350      0.000
 410  408     -0.176     -0.414      0.000
 405  413     -0.176      0.783      0.000
 414  411     -0.172      0.168      0.000
 409  417     -0.171     -0.982      0.000
 415  412     -0.171      0.150      0.000
 413  414     -0.171      0.580      0.000
 412  415     -0.170     -0.655      0.000
 416  418     -0.166     -0.601      0.000
 419  416     -0.166     -0.196      0.000
 418  419     -0.164     -0.529      0.000
 417  423     -0.164      0.636      0.000
 420  421     -0.161     -0.392      0.000
 421  420     -0.161     -0.170      0.000
 422  422     -0.159      0.133      0.000
 423  424     -0.154     -0.246      0.000
 424  425     -0.152     -0.227      0.000
 425  426     -0.145      0.355      0.000
 426  428     -0.140     -0.783      0.000
 427  429     -0.138      0.786      0.000
 428  430     -0.137      0.706      0.000
 430  427     -0.136     -0.289      0.000
 429  431     -0.136      0.808      0.000
 431  433     -0.131     -0.872      0.000
 433  432     -0.130      0.227      0.000
 432  434     -0.130      0.959      0.000
 434  436     -0.126     -0.790      0.000
 435  435     -0.125      0.532      0.000
 436  437     -0.121     -0.221      0.000
 437  438     -0.120     -0.146      0.000
 438  440     -0.115      0.728      0.000
 439  439     -0.115      0.165      0.000
 440  443     -0.110     -0.546      0.000
 443  441     -0.109      0.002      0.000
 444  442     -0.109     -0.048      0.000
 441  444     -0.108     -0.477      0.000
 442  447     -0.106      0.685      0.000
  -1   -2     -0.105      0.460      0.000
 445  446     -0.105      0.472      0.000
 447  448     -0.103      0.355      0.000
 448  449     -0.101     -0.417      0.000
 449  450     -0.092     -0.270      0.000
 450  452     -0.080     -0.532      0.000
 451  451     -0.080     -0.017      0.000
 452  453     -0.076     -0.459      0.000
 453  454     -0.074      0.913      0.000
 454  456     -0.072      0.804      0.000
 455  455     -0.071      0.558      0.000
 456  458     -0.070     -0.577      0.000
 458  457     -0.069     -0.190      0.000
 457  459     -0.069     -0.362      0.000
 459  460     -0.068      0.206      0.000
 461  461     -0.063      0.354      0.000
 460  463     -0.063      0.970      0.000
 462  462     -0.062      0.437      0.000
 463  464     -0.058     -0.887      0.000
 465  465     -0.055     -0.049      0.000
 466  466     -0.054     -0.388      0.000
 464  467     -0.054     -0.905      0.000
 467  468     -0.053     -0.711      0.000
 468  471     -0.052     -0.974      0.000
 471  470     -0.051      0.036      0.000
 470  469     -0.051      0.051      0.000
 469  472     -0.050     -0.734      0.000
 473  474     -0.049     -0.988      0.000
 472  475     -0.049      0.419      0.000
 474  473     -0.049     -0.077      0.000
 475  476     -0.048     -0.421      0.000
 477  477     -0.048     -0.522      0.000
 476  478     -0.048      0.716      0.000
 478  479     -0.047      0.289      0.000
 479  480     -0.042     -0.606      0.000
 480  481     -0.039      0.184      0.000
 481  482     -0.038     -0.873      0.000
 483  483     -0.036      0.496      0.000
 482  484     -0.036      0.900      0.000
 484  485     -0.036      0.328      0.000
 485  486     -0.034      0.069      0.000
 486  487     -0.034     -0.419      0.000
 487  488     -0.033      0.717      0.000
 488  489     -0.032     -0.794      0.000
 489  490     -0.031      0.211      0.000
 490  491     -0.031     -0.238      0.000
 491  492     -0.030      0.803      0.000
 492  493     -0.030     -0.500      0.000
 493  494     -0.029      0.937      0.000
 494  495     -0.028      0.101      0.000
 495  496     -0.025      0.129      0.000
 497  497     -0.023     -0.612      0.000
 496  498     -0.023      0.013      0.000
 498  499     -0.022     -0.388      0.000
 499  500     -0.021     -0.473      0.000
 500  501     -0.021      0.603      0.000
 501  502     -0.018     -0.421      0.000
 502  503     -0.016     -0.669      0.000
  -1   -2     -0.014     -0.469      0.000
 504  505     -0.014      0.972      0.000
 505  506     -0.013     -0.572      0.000
 506  507     -0.013     -0.600      0.000
 507  508     -0.013      0.224      0.000
 508  509      0.005      0.040      0.000
 509  510      0.006     -0.355      0.000
 510  512      0.010     -0.207      0.000
 511  511      0.010      0.758      0.000
 512  514      0.011      0.485      0.000
 514  513      0.011     -0.674      0.000
 513  516      0.012      0.209      0.000
 515  515      0.012      0.691      0.000
 516  518      0.018     -0.655      0.000
 517  517      0.018      0.679      0.000
 518  519      0.022     -0.307      0.000
 519  520      0.026      0.051      0.000
 521  521      0.029      0.505      0.000
 520  522      0.029     -0.101      0.000
 522  523      0.030     -0.082      0.000
 523  524      0.031     -0.176      0.000
 525  525      0.037     -0.956      0.000
 524  526      0.037      0.113      0.000
 527  527      0.043     -0.759      0.000
 529  528      0.045     -0.453      0.000
 526  529      0.046     -0.178      0.000
 528  532      0.046      0.079      0.000
 530  530      0.047      0.311      0.000
 531  531      0.049     -0.648      0.000
 534  533      0.055      0.856      0.000
 532  536      0.056      0.147      0.000
 536  534      0.057     -0.908      0.000
 533  535      0.057     -0.368      0.000
 535  539      0.060      0.274      0.000
 537  537      0.062      0.717      0.000
 538  538      0.063     -0.833      0.000
 539  540      0.065     -0.962      0.000
 541  541      0.065      0.933      0.000
 542  542      0.068      0.651      0.000
 540  543      0.071     -0.000      0.000
 543  547      0.074      0.338      0.000
 544  544      0.074     -0.565      0.000
 545  545      0.075      0.634      0.000
 546  546      0.078     -0.884      0.000
 549  548      0.090     -0.957      0.000
 547  551      0.093     -0.355      0.000
 551  549      0.095      0.822      0.000
 548  552      0.095     -0.261      0.000
 552  550      0.096     -0.857      0.000
 550  555      0.098      0.045      0.000
 555  553      0.102     -0.964      0.000
 553  558      0.102     -0.376      0.000
 556  554      0.103      0.942      0.000
 558  556      0.106     -0.851      0.000
 554  561      0.106      0.187      0.000
 560  557      0.107     -0.971      0.000
 564  559      0.111     -0.910      0.000
 559  562      0.111     -0.479      0.000
 563  560      0.112      0.723      0.000
 557  564      0.112      0.162      0.000
 562  563      0.115      0.482      0.000
 561  567      0.117      0.184      0.000
 567  565      0.119      0.762      0.000
 566  566      0.120     -0.612      0.000
 565  569      0.121     -0.520      0.000
 569  568      0.125      0.866      0.000
 568  570      0.125     -0.454      0.000
 571  573      0.131     -0.439      0.000
 575  571      0.131      0.856      0.000
 570  574      0.132      0.255      0.000
 572  575      0.134      0.044      0.000
 577  572      0.135     -0.925      0.000
 573  576      0.136     -0.048      0.000
 574  577      0.138     -0.156      0.000
 576  579      0.143     -0.178      0.000
 578  581      0.145      0.069      0.000
 582  578      0.148     -0.917      0.000
 579  583      0.151     -0.047      0.000
 585  580      0.153      0.822      0.000
 588  582      0.156      0.950      0.000
 580  586      0.156     -0.167      0.000
 584  584      0.157      0.490      0.000
 581  587      0.157      0.013      0.000
 586  585      0.159     -0.627      0.000
 583  588      0.159      0.240      0.000
  -1   -2      0.162     -0.455      0.000
 591  590      0.165     -0.466      0.000
 590  591      0.166      0.307      0.000
 589  593      0.168      0.052      0.000
 592  592      0.170      0.343      0.000
 593  594      0.172      0.418      0.000
 594  596      0.175     -0.413      0.000
 595  595      0.178      0.636      0.000
 597  598      0.187     -0.435      0.000
 596  601      0.188     -0.188      0.000
 599  600      0.188     -0.417      0.000
 603  597      0.190      0.974      0.000
 598  603      0.191      0.102      0.000
 604  599      0.194      0.670      0.000
 601  602      0.195     -0.476      0.000
 600  607      0.198      0.047      0.000
 605  604      0.200      0.519      0.000
 607  605      0.201     -0.987      0.000
 602  610      0.202     -0.031      0.000
 609  606      0.204     -0.587      0.000
 606  611      0.205      0.252      0.000
 611  608      0.207      0.606      0.000
 610  609      0.207     -0.555      0.000
 608  614      0.210     -0.015      0.000
 612  613      0.212      0.343      0.000
 614  618      0.215     -0.275      0.000
 613  621      0.216     -0.143      0.000
 617  612      0.216     -0.806      0.000
 615  620      0.217     -0.323      0.000
 616  625      0.222      0.069      0.000
 619  617      0.222      0.716      0.000
 620  615      0.223      0.766      0.000
 622  616      0.223     -0.843      0.000
 618  624      0.224      0.513      0.000
 623  623      0.227      0.646      0.000
 624  619      0.227     -0.963      0.000
 625  622      0.229      0.876      0.000
 621  629      0.235      0.135      0.000
 629  626      0.235     -0.796      0.000
 628  627      0.237     -0.570      0.000
 627  628      0.238     -0.504      0.000
 626  632      0.241     -0.198      0.000
 633  630      0.247     -0.786      0.000
 636  631      0.248     -0.846      0.000
 630  633      0.249      0.162      0.000
 631  635      0.255      0.147      0.000
 634  634      0.256      0.355      0.000
 637  636      0.258      0.283      0.000
 632  638      0.259     -0.136      0.000
 635  639      0.261      0.071      0.000
 641  637      0.268     -0.706      0.000
 638  642      0.269      0.064      0.000
 640  640      0.272     -0.511      0.000
 642  644      0.278     -0.330      0.000
 639  649      0.278     -0.082      0.000
 650  641      0.281      0.860      0.000
 643  652      0.282      0.037      0.000
 644  655      0.285     -0.190      0.000
 645  656      0.286      0.113      0.000
 649  648      0.286      0.484      0.000
 654  643      0.286     -0.804      0.000
 647  653      0.287     -0.379      0.000
 652  647      0.289      0.606      0.000
 646  657      0.290     -0.102      0.000
 653  650      0.289     -0.637      0.000
 651  651      0.290      0.548      0.000
 655  645      0.291      0.792      0.000
 648  658      0.292      0.172      0.000
 658  646      0.293     -0.994      0.000
 657  654      0.296      0.694      0.000
 656  661      0.301      0.425      0.000
 661  659      0.305     -0.797      0.000
 666  660      0.309      0.865      0.000
 660  664      0.309      0.440      0.000
  -1   -2      0.312      0.808      0.000
 659  670      0.314     -0.096      0.000
 670  663      0.314     -0.955      0.000
 663  668      0.316      0.349      0.000
 664  669      0.318     -0.429      0.000
 671  667      0.320     -0.597      0.000
 662  675      0.320      0.003      0.000
 668  672      0.322     -0.388      0.000
 675  666      0.324      0.810      0.000
 665  678      0.325     -0.019      0.000
 667  677      0.325     -0.225      0.000
 677  665      0.325     -0.982      0.000
 672  674      0.328      0.470      0.000
 676  671      0.328     -0.740      0.000
 674  673      0.328      0.565      0.000
 679  676      0.333      0.616      0.000
 673  682      0.336     -0.253      0.000
 680  680      0.340     -0.552      0.000
 678  683      0.340      0.256      0.000
 682  681      0.341     -0.570      0.000
 683  679      0.342      0.845      0.000
 681  685      0.347     -0.298      0.000
 684  684      0.351      0.467      0.000
 685  689      0.356      0.453      0.000
 687  688      0.359     -0.665      0.000
 688  687      0.359     -0.698      0.000
 689  686      0.361      0.766      0.000
 693  690      0.364     -0.759      0.000
 695  692      0.365     -0.743      0.000
 697  691      0.367     -0.895      0.000
 686  702      0.370     -0.078      0.000
 690  699      0.372      0.334      0.000
 692  698      0.372      0.421      0.000
 696  701      0.374     -0.437      0.000
 699  693      0.375     -0.824      0.000
 691  705      0.378      0.148      0.000
 700  697      0.378     -0.722      0.000
 702  694      0.379      0.992      0.000
 703  695      0.379     -0.977      0.000
 694  706      0.379      0.100      0.000
 705  696      0.382      0.946      0.000
 698  708      0.384      0.219      0.000
 708  700      0.385      0.828      0.000
 712  703      0.389     -0.771      0.000
 706  707      0.390      0.500      0.000
 701  710      0.391     -0.276      0.000
 716  704      0.393      0.868      0.000
 710  709      0.396      0.463      0.000
 704  714      0.399      0.040      0.000
 707  713      0.399      0.174      0.000
 709  716      0.402      0.150      0.000
 714  712      0.404      0.379      0.000
 711  717      0.404     -0.165      0.000
 715  715      0.405     -0.385      0.000
 713  718      0.406      0.027      0.000
 720  711      0.410      0.690      0.000
 717  721      0.414      0.099      0.000
 719  720      0.416      0.415      0.000
 718  724      0.417      0.135      0.000
 726  719      0.423      0.803      0.000
 722  723      0.423     -0.451      0.000
 721  726      0.426      0.073      0.000
 727  722      0.428      0.629      0.000
 725  725      0.429      0.436      0.000
 724  730      0.431      0.082      0.000
 723  731      0.431      0.006      0.000
 729  727      0.437     -0.537      0.000
 728  732      0.438      0.306      0.000
 730  728      0.443     -0.714      0.000
 731  729      0.444     -0.704      0.000
 732  733      0.450     -0.987      0.000
 736  734      0.461      0.751      0.000
 735  735      0.464      0.528      0.000
 733  738      0.466      0.136      0.000
 734  743      0.471     -0.193      0.000
 742  736      0.472     -0.994      0.000
 740  739      0.476     -0.589      0.000
 743  737      0.476     -0.840      0.000
 737  745      0.479      0.046      0.000
 747  740      0.484      0.934      0.000
 739  749      0.484     -0.168      0.000
 738  751      0.485     -0.116      0.000
 749  741      0.485      0.920      0.000
 741  748      0.486      0.310      0.000
 753  742      0.487     -0.914      0.000
 752  744      0.490      0.668      0.000
 744  750      0.491      0.407      0.000
 751  746      0.492      0.572      0.000
 755  747      0.494     -0.693      0.000
 750  754      0.496      0.432      0.000
 748  756      0.497     -0.429      0.000
 746  760      0.498      0.186      0.000
 756  753      0.499      0.600      0.000
 745  762      0.499     -0.163      0.000
 763  752      0.502     -0.804      0.000
 754  765      0.506     -0.271      0.000
 764  757      0.506     -0.659      0.000
 766  755      0.507      0.874      0.000
 762  759      0.507     -0.589      0.000
 759  761      0.508     -0.546      0.000
 767  763      0.512      0.626      0.000
 769  758      0.514     -0.993      0.000
 757  769      0.515     -0.076      0.000
 758  768      0.515      0.137      0.000
 765  767      0.517     -0.333      0.000
 770  764      0.518      0.857      0.000
 760  770      0.518      0.049      0.000
 761  771      0.518      0.039      0.000
 768  772      0.525      0.314      0.000
 774  766      0.529     -0.794      0.000
 771  775      0.536     -0.081      0.000
 772  774      0.536     -0.411      0.000
 775  773      0.538     -0.574      0.000
 773  778      0.543     -0.130      0.000
 777  776      0.550     -0.507      0.000
 779  777      0.552     -0.572      0.000
 780  779      0.554     -0.563      0.000
 776  786      0.559      0.027      0.000
 782  781      0.559      0.455      0.000
 778  788      0.562     -0.141      0.000
 787  780      0.564     -0.910      0.000
 781  790      0.565      0.072      0.000
 783  783      0.567     -0.607      0.000
 785  782      0.568      0.661      0.000
 788  785      0.572      0.685      0.000
 792  784      0.575     -0.916      0.000
 784  794      0.577      0.264      0.000
 789  789      0.577     -0.633      0.000
 797  787      0.579      0.899      0.000
 793  792      0.581     -0.657      0.000
 786  800      0.583      0.004      0.000
 803  791      0.583     -0.903      0.000
 801  793      0.585      0.754      0.000
 795  795      0.586      0.485      0.000
 790  802      0.588     -0.199      0.000
 796  801      0.590      0.373      0.000
 800  798      0.591      0.497      0.000
 791  804      0.592     -0.144      0.000
 794  807      0.594     -0.131      0.000
 805  796      0.595      0.760      0.000
 798  809      0.597      0.020      0.000
 802  806      0.597      0.323      0.000
 799  808      0.597      0.233      0.000
 809  797      0.598      0.947      0.000
 808  799      0.599      0.823      0.000
 806  803      0.599     -0.615      0.000
 804  810      0.601      0.243      0.000
 810  805      0.605      0.636      0.000
 807  813      0.610      0.128      0.000
 812  812      0.614     -0.753      0.000
 815  811      0.616      0.962      0.000
 816  814      0.624      0.718      0.000
 813  816      0.624     -0.409      0.000
 811  817      0.625     -0.108      0.000
 814  819      0.631      0.097      0.000
 817  815      0.632     -0.918      0.000
 820  818      0.643      0.768      0.000
 819  820      0.645     -0.637      0.000
 818  822      0.647      0.475      0.000
 823  821      0.653      0.806      0.000
 822  823      0.653     -0.710      0.000
 824  825      0.657      0.699      0.000
 821  829      0.659      0.217      0.000
 826  824      0.659      0.856      0.000
 825  827      0.659     -0.776      0.000
 829  826      0.660     -0.936      0.000
 832  828      0.665     -0.882      0.000
 837  830      0.674     -0.894      0.000
 828  838      0.675     -0.234      0.000
 830  837      0.675     -0.271      0.000
 827  840      0.676      0.051      0.000
 835  832      0.677      0.671      0.000
 833  836      0.678     -0.501      0.000
 831  842      0.679     -0.115      0.000
 840  831      0.680      0.884      0.000
 841  833      0.681      0.810      0.000
 834  841      0.682     -0.345      0.000
 842  835      0.683      0.772      0.000
 843  834      0.684     -0.859      0.000
 844  839      0.687     -0.739      0.000
 836  846      0.688     -0.212      0.000
  -1   -2      0.689     -0.348      0.000
 838  849      0.690      0.062      0.000
 846  843      0.693     -0.750      0.000
 849  844      0.696      0.907      0.000
 847  847      0.698      0.545      0.000
 845  852      0.699      0.316      0.000
 848  851      0.700     -0.987      0.000
 850  856      0.704      0.507      0.000
 855  848      0.704     -0.892      0.000
 853  854      0.705      0.568      0.000
 852  855      0.706      0.541      0.000
 851  858      0.709     -0.388      0.000
 856  853      0.710     -0.949      0.000
 854  860      0.715     -0.082      0.000
 857  857      0.716     -0.895      0.000
 858  859      0.719     -0.841      0.000
 861  861      0.728      0.771      0.000
 859  862      0.730      0.391      0.000
 860  866      0.735      0.065      0.000
 862  867      0.739     -0.202      0.000
 867  863      0.739     -0.830      0.000
 863  870      0.740     -0.065      0.000
 864  869      0.740     -0.148      0.000
 868  864      0.741      0.854      0.000
 865  865      0.743     -0.589      0.000
 866  868      0.745     -0.519      0.000
 872  871      0.753      0.977      0.000
 874  872      0.753     -0.954      0.000
 873  873      0.755      0.743      0.000
  -1   -2      0.756     -0.723      0.000
 869  878      0.758      0.072      0.000
 876  876      0.759     -0.712      0.000
 870  879      0.760      0.056      0.000
 878  875      0.760     -0.993      0.000
 871  881      0.763      0.205      0.000
 879  877      0.764      0.899      0.000
 877  882      0.766      0.282      0.000
 880  880      0.772      0.927      0.000
 881  885      0.777     -0.532      0.000
 884  883      0.779      0.831      0.000
 885  884      0.780     -0.830      0.000
 882  888      0.783      0.038      0.000
 883  887      0.785     -0.256      0.000
 886  891      0.791      0.329      0.000
 889  889      0.791      0.583      0.000
 893  886      0.792      0.914      0.000
 890  890      0.793      0.538      0.000
 887  897      0.796      0.174      0.000
 888  896      0.796     -0.288      0.000
 895  894      0.797      0.604      0.000
 898  892      0.797      0.675      0.000
 899  893      0.799     -0.993      0.000
 894  898      0.800     -0.431      0.000
 891  901      0.800     -0.223      0.000
 892  903      0.801     -0.183      0.000
 902  895      0.802      0.961      0.000
 896  904      0.804      0.160      0.000
 897  905      0.804      0.133      0.000
 900  902      0.805     -0.479      0.000
 901  899      0.805     -0.610      0.000
 903  900      0.808      0.698      0.000
 904  907      0.810     -0.587      0.000
 906  906      0.813      0.749      0.000
 909  908      0.816      0.796      0.000
 907  909      0.817      0.634      0.000
 905  912      0.817      0.308      0.000
 911  910      0.819      0.880      0.000
 913  911      0.823      0.918      0.000
 908  915      0.823      0.104      0.000
 910  916      0.825     -0.238      0.000
 915  914      0.827      0.507      0.000
 914  917      0.829      0.364      0.000
 917  913      0.829     -0.847      0.000
 912  920      0.830     -0.139      0.000
  -1   -2      0.830      0.378      0.000
 919  921      0.836      0.473      0.000
  -1   -2      0.838      0.771      0.000
 918  922      0.838      0.171      0.000
 923  924      0.843     -0.602      0.000
 922  925      0.843     -0.525      0.000
 925  923      0.846      0.764      0.000
 921  926      0.845      0.120      0.000
 924  928      0.852     -0.096      0.000
 929  927      0.858     -0.786      0.000
 926  933      0.860      0.066      0.000
 927  932      0.860     -0.269      0.000
 928  930      0.860     -0.346      0.000
 930  929      0.862      0.701      0.000
 933  931      0.866      0.900      0.000
 935  934      0.866     -0.774      0.000
 932  936      0.868      0.487      0.000
 931  937      0.869      0.308      0.000
 937  935      0.869      0.749      0.000
 934  939      0.873     -0.081      0.000
 936  942      0.875      0.046      0.000
 938  941      0.877      0.371      0.000
 939  938      0.878      0.675      0.000
 941  940      0.880     -0.780      0.000
 942  943      0.881     -0.628      0.000
 940  944      0.882     -0.364      0.000
 945  945      0.886     -0.727      0.000
 944  946      0.888      0.563      0.000
 943  948      0.891     -0.026      0.000
 946  950      0.892      0.032      0.000
 947  949      0.894      0.419      0.000
 948  954      0.896      0.049      0.000
 950  947      0.896     -0.953      0.000
  -1   -2      0.897      0.430      0.000
 951  951      0.898     -0.963      0.000
 953  953      0.901     -0.930      0.000
 952  956      0.902     -0.620      0.000
 955  955      0.902     -0.796      0.000
 954  958      0.907     -0.011      0.000
 957  957      0.910     -0.979      0.000
 956  959      0.913      0.404      0.000
 958  962      0.918      0.248      0.000
 959  961      0.918     -0.511      0.000
 960  960      0.919      0.627      0.000
 961  965      0.925     -0.044      0.000
 963  963      0.924     -0.692      0.000
 962  964      0.925     -0.336      0.000
 964  966      0.927      0.407      0.000
 965  967      0.930     -0.148      0.000
 966  968      0.934      0.060      0.000
 967  970      0.938      0.110      0.000
 969  969      0.938     -0.474      0.000
 968  972      0.938     -0.059      0.000
 970  971      0.941      0.616      0.000
 972  973      0.942      0.947      0.000
 971  975      0.942     -0.427      0.000
 973  974      0.943      0.910      0.000
 975  976      0.947     -0.897      0.000
 976  977      0.949      0.829      0.000
 974  979      0.949     -0.264      0.000
 977  978      0.949     -0.987      0.000
 978  980      0.952     -0.670      0.000
 979  981      0.956     -0.205      0.000
 981  982      0.959     -0.796      0.000
 980  984      0.961      0.347      0.000
 982  983      0.962      0.882      0.000
 983  985      0.964     -0.746      0.000
 984  986      0.967      0.586      0.000
 985  987      0.975     -0.910      0.000
 986  989      0.977      0.550      0.000
 988  990      0.978      0.788      0.000
 989  988      0.978      0.984      0.000
 987  991      0.977     -0.590      0.000
 990  992      0.979     -0.857      0.000
 991  993      0.981      0.813      0.000
 992  994      0.982      0.723      0.000
 993  995      0.987     -0.273      0.000
  -1   -2      0.990      0.490      0.000
 995  998      0.990     -0.426      0.000
 996  997      0.992      0.479      0.000
  -1  999      0.994     -0.659      0.000
