999
   1    -0.997     0.244     0.000  381   -1   -1   -1
   2    -0.996     0.052     0.000  480   -1   -1   -1
   3    -0.993    -0.141     0.000  581   -1   -1   -1
   4    -0.989    -0.247     0.000  647   -1   -1   -1
   5    -0.989    -0.049     0.000  541   -1   -1   -1
   6    -0.989     0.452     0.000  295   -1   -1   -1
   7    -0.988    -0.549     0.000  785   -1   -1   -1
   8    -0.989     0.952     0.000   20   -1   -1   -1
   9    -0.989     0.701     0.000  156   -1   -1   -1
  10    -0.987    -0.799     0.000  900   -1   -1   -1
  11    -0.987    -0.299     0.000  672   -1   -1   -1
  12    -0.987     0.201     0.000  398   -1   -1   -1
  13    -0.988     0.780     0.000  112   -1   -1   -1
  14    -0.986    -0.786     0.000  890   -1   -1   -1
  15    -0.987     0.787     0.000  107   -1   -1   -1
  16    -0.986    -0.312     0.000  676   -1   -1   -1
  17    -0.982     0.295     0.000  366   -1   -1   -1
  18    -0.978    -0.208     0.000  621   -1   -1   -1
  19    -0.974    -0.015     0.000  520   -1   -1   -1
  20    -0.973     0.617     0.000  203   -1   -1   -1
  21    -0.972    -0.217     0.000  628   -1   -1   -1
  22    -0.972     0.416     0.000  309   -1   -1   -1
  23    -0.971     0.390     0.000  322   -1   -1   -1
  24    -0.967    -0.497     0.000  757   -1   -1   -1
  25    -0.965    -0.122     0.000  575   -1   -1   -1
  26    -0.965     0.720     0.000  138   -1   -1   -1
  27    -0.964    -0.243     0.000  645   -1   -1   -1
  28    -0.965     0.967     0.000   13   -1   -1   -1
  29    -0.960    -0.979     0.000  978   -1   -1   -1
  30    -0.960    -0.466     0.000  746   -1   -1   -1
  31    -0.958     0.217     0.000  391   -1   -1   -1
  32    -0.958     0.631     0.000  193   -1   -1   -1
  33    -0.950     0.118     0.000  446   -1   -1   -1
  34    -0.947     0.211     0.000  396   -1   -1   -1
  35    -0.946    -0.683     0.000  843   -1   -1   -1
  36    -0.945    -0.311     0.000  674   -1   -1   -1
  37    -0.945     0.849     0.000   73   -1   -1   -1
  38    -0.941     0.609     0.000  206   -1   -1   -1
  39    -0.941     0.463     0.000  285   -1   -1   -1
  40    -0.940     0.232     0.000  386   -1   -1   -1
  41    -0.937    -0.725     0.000  862   -1   -1   -1
  42    -0.937     0.353     0.000  331   -1   -1   -1
  43    -0.937     0.746     0.000  129   -1   -1   -1
  44    -0.936     0.521     0.000  256   -1   -1   -1
  45    -0.931     0.414     0.000  312   -1   -1   -1
  46    -0.929    -0.191     0.000  609   -1   -1   -1
  47    -0.928    -0.939     0.000  961   -1   -1   -1
  48    -0.927    -0.755     0.000  877   -1   -1   -1
  49    -0.919    -0.238     0.000  642   -1   -1   -1
  50    -0.919     0.787     0.000  106   -1   -1   -1
  51    -0.915    -0.939     0.000  962   -1   -1   -1
  52    -0.911    -0.268     0.000  655   -1   -1   -1
  53    -0.912     0.947     0.000   24   -1   -1   -1
  54    -0.909     0.690     0.000  162   -1   -1   -1
  55    -0.908    -0.033     0.000  528   -1   -1   -1
  56    -0.907     0.096     0.000  457   -1   -1   -1
  57    -0.906    -0.553     0.000  786   -1   -1   -1
  58    -0.904     0.202     0.000  397   -1   -1   -1
  59    -0.900    -0.196     0.000  615   -1   -1   -1
  60    -0.900     0.472     0.000  280   -1   -1   -1
  61    -0.895    -0.361     0.000  694   -1   -1   -1
  62    -0.895    -0.293     0.000  668   -1   -1   -1
  63    -0.894     0.049     0.000  484   -1   -1   -1
  64    -0.891    -0.519     0.000  768   -1   -1   -1
  65    -0.891    -0.001     0.000  515   -1   -1   -1
  66    -0.890    -0.148     0.000  586   -1   -1   -1
  67    -0.889     0.529     0.000  250   -1   -1   -1
  68    -0.886    -0.710     0.000  852   -1   -1   -1
  69    -0.886    -0.101     0.000  567   -1   -1   -1
  70    -0.886     0.676     0.000  172   -1   -1   -1
  71    -0.884     0.662     0.000  179   -1   -1   -1
  72    -0.884     0.234     0.000  385   -1   -1   -1
  73    -0.883     0.156     0.000  419   -1   -1   -1
  74    -0.881    -0.675     0.000  841   -1   -1   -1
  75    -0.880    -0.071     0.000  549   -1   -1   -1
  76    -0.876    -0.196     0.000  613   -1   -1   -1
  77    -0.875    -0.927     0.000  957   -1   -1   -1
  78    -0.873     0.596     0.000  215   -1   -1   -1
  79    -0.869     0.170     0.000  412   -1   -1   -1
  80    -0.869     0.316     0.000  354   -1   -1   -1
  81    -0.869     0.929     0.000   35   -1   -1   -1
  82    -0.866     0.634     0.000  192   -1   -1   -1
  83    -0.863    -0.364     0.000  696   -1   -1   -1
  84    -0.862     0.270     0.000  372   -1   -1   -1
  85    -0.857    -0.203     0.000  620   -1   -1   -1
  86    -0.855    -0.747     0.000  872   -1   -1   -1
  87    -0.850     0.298     0.000  360   -1   -1   -1
  88    -0.850     0.827     0.000   81   -1   -1   -1
  89    -0.847     0.003     0.000  513   -1   -1   -1
  90    -0.843     0.134     0.000  434   -1   -1   -1
  91    -0.841    -0.582     0.000  799   -1   -1   -1
  92    -0.838    -0.885     0.000  934   -1   -1   -1
  93    -0.837    -0.372     0.000  700   -1   -1   -1
  94    -0.836    -0.850     0.000  921   -1   -1   -1
  95    -0.832     0.660     0.000  180   -1   -1   -1
  96    -0.829    -0.742     0.000  869   -1   -1   -1
  97    -0.829     0.863     0.000   62   -1   -1   -1
  98    -0.828     0.410     0.000  314   -1   -1   -1
  99    -0.826    -0.269     0.000  656   -1   -1   -1
 100    -0.824     0.719     0.000  141   -1   -1   -1
 101    -0.822    -0.987     0.000  984   -1   -1   -1
 102    -0.822    -0.051     0.000  542   -1   -1   -1
 103    -0.820    -0.929     0.000  958   -1   -1   -1
 104    -0.815    -0.196     0.000  614   -1   -1   -1
 105    -0.815     0.895     0.000   51   -1   -1   -1
 106    -0.812    -0.440     0.000  730   -1   -1   -1
 107    -0.811    -0.880     0.000  932   -1   -1   -1
 108    -0.811     0.566     0.000  232   -1   -1   -1
 109    -0.803     0.685     0.000  168   -1   -1   -1
 110    -0.802    -0.448     0.000  737   -1   -1   -1
 111    -0.802     0.530     0.000  248   -1   -1   -1
 112    -0.799    -0.316     0.000  677   -1   -1   -1
 113    -0.798    -0.988     0.000  991   -1   -1   -1
 114    -0.798     0.139     0.000  430   -1   -1   -1
 115    -0.798    -0.280     0.000  663   -1   -1   -1
 116    -0.796     0.101     0.000  452   -1   -1   -1
 117    -0.789    -0.189     0.000  607   -1   -1   -1
 118    -0.786    -0.941     0.000  963   -1   -1   -1
 119    -0.783     0.591     0.000  220   -1   -1   -1
 120    -0.770     0.226     0.000  389   -1   -1   -1
 121    -0.768    -0.256     0.000  651   -1   -1   -1
 122    -0.766     0.575     0.000  228   -1   -1   -1
 123    -0.761    -0.628     0.000  826   -1   -1   -1
 124    -0.759    -0.471     0.000  749   -1   -1   -1
 125    -0.756    -0.318     0.000  678   -1   -1   -1
 126    -0.754    -0.852     0.000  922   -1   -1   -1
 127    -0.755     0.370     0.000  327   -1   -1   -1
 128    -0.754    -0.503     0.000  761   -1   -1   -1
 129    -0.753    -0.233     0.000  638   -1   -1   -1
 130    -0.753     0.597     0.000  213   -1   -1   -1
 131    -0.752     0.486     0.000  274   -1   -1   -1
 132    -0.747    -0.966     0.000  973   -1   -1   -1
 133    -0.746    -0.524     0.000  770   -1   -1   -1
 134    -0.746     0.735     0.000  135   -1   -1   -1
 135    -0.745     0.556     0.000  237   -1   -1   -1
 136    -0.741    -0.193     0.000  612   -1   -1   -1
 137    -0.738     0.528     0.000  253   -1   -1   -1
 138    -0.737    -0.555     0.000  788   -1   -1   -1
 139    -0.737     0.476     0.000  277   -1   -1   -1
 140    -0.736     0.589     0.000  222   -1   -1   -1
 141    -0.735     0.040     0.000  494   -1   -1   -1
 142    -0.733     0.322     0.000  352   -1   -1   -1
 143    -0.730    -0.883     0.000  933   -1   -1   -1
 144    -0.726    -0.451     0.000  740   -1   -1   -1
 145    -0.726     0.809     0.000   91   -1   -1   -1
 146    -0.725     0.066     0.000  471   -1   -1   -1
 147    -0.725     0.198     0.000  400   -1   -1   -1
 148    -0.721    -0.244     0.000  646   -1   -1   -1
 149    -0.718    -0.359     0.000  691   -1   -1   -1
 150    -0.717     0.165     0.000  415   -1   -1   -1
 151    -0.717     0.041     0.000  493   -1   -1   -1
 152    -0.715    -0.995     0.000  998   -1   -1   -1
 153    -0.713    -0.830     0.000  908   -1   -1   -1
 154    -0.712    -0.215     0.000  627   -1   -1   -1
 155    -0.709    -0.567     0.000  794   -1   -1   -1
 156    -0.708     0.263     0.000  375   -1   -1   -1
 157    -0.706     0.527     0.000  254   -1   -1   -1
 158    -0.696    -0.430     0.000  724   -1   -1   -1
 159    -0.689    -0.088     0.000  559   -1   -1   -1
 160    -0.688     0.699     0.000  157   -1   -1   -1
 161    -0.687     0.228     0.000  388   -1   -1   -1
 162    -0.686     0.030     0.000  501   -1   -1   -1
 163    -0.684    -0.854     0.000  923   -1   -1   -1
 164    -0.684     0.930     0.000   34   -1   -1   -1
 165    -0.683     0.069     0.000  468   -1   -1   -1
 166    -0.681    -0.057     0.000  545   -1   -1   -1
 167    -0.681    -0.901     0.000  944   -1   -1   -1
 168    -0.681    -0.520     0.000  769   -1   -1   -1
 169    -0.679    -0.758     0.000  879   -1   -1   -1
 170    -0.680     0.548     0.000  243   -1   -1   -1
 171    -0.672    -0.715     0.000  855   -1   -1   -1
 172    -0.664    -0.149     0.000  587   -1   -1   -1
 173    -0.664     0.969     0.000   11   -1   -1   -1
 174    -0.662     0.275     0.000  369   -1   -1   -1
 175    -0.651    -0.203     0.000  619   -1   -1   -1
 176    -0.652     0.624     0.000  197   -1   -1   -1
 177    -0.651     0.592     0.000  218   -1   -1   -1
 178    -0.647     0.335     0.000  341   -1   -1   -1
 179    -0.645     0.641     0.000  187   -1   -1   -1
 180    -0.643    -0.452     0.000  741   -1   -1   -1
 181    -0.637     0.881     0.000   56   -1   -1   -1
 182    -0.637     0.621     0.000  199   -1   -1   -1
 183    -0.636     0.686     0.000  167   -1   -1   -1
 184    -0.634    -0.027     0.000  524   -1   -1   -1
 185    -0.631     0.513     0.000  259   -1   -1   -1
 186    -0.628    -0.982     0.000  981   -1   -1   -1
 187    -0.627     0.017     0.000  506   -1   -1   -1
 188    -0.626    -0.178     0.000  601   -1   -1   -1
 189    -0.616    -0.079     0.000  554   -1   -1   -1
 190    -0.614    -0.592     0.000  808   -1   -1   -1
 191    -0.611     0.591     0.000  219   -1   -1   -1
 192    -0.610     0.825     0.000   84   -1   -1   -1
 193    -0.609     0.720     0.000  140   -1   -1   -1
 194    -0.607    -0.042     0.000  533   -1   -1   -1
 195    -0.606     0.894     0.000   52   -1   -1   -1
 196    -0.602     0.796     0.000  100   -1   -1   -1
 197    -0.600    -0.744     0.000  870   -1   -1   -1
 198    -0.596     0.580     0.000  226   -1   -1   -1
 199    -0.593    -0.816     0.000  905   -1   -1   -1
 200    -0.592    -0.041     0.000  531   -1   -1   -1
 201    -0.591    -0.742     0.000  868   -1   -1   -1
 202    -0.591     0.855     0.000   70   -1   -1   -1
 203    -0.587     0.285     0.000  368   -1   -1   -1
 204    -0.585     0.545     0.000  244   -1   -1   -1
 205    -0.580     0.538     0.000  247   -1   -1   -1
 206    -0.578    -0.172     0.000  600   -1   -1   -1
 207    -0.576     0.497     0.000  266   -1   -1   -1
 208    -0.572    -0.183     0.000  604   -1   -1   -1
 209    -0.571     0.489     0.000  272   -1   -1   -1
 210    -0.569     0.465     0.000  284   -1   -1   -1
 211    -0.568    -0.038     0.000  530   -1   -1   -1
 212    -0.567     0.528     0.000  252   -1   -1   -1
 213    -0.567     0.739     0.000  133   -1   -1   -1
 214    -0.563    -0.488     0.000  751   -1   -1   -1
 215    -0.563    -0.219     0.000  631   -1   -1   -1
 216    -0.559    -0.168     0.000  597   -1   -1   -1
 217    -0.559    -0.214     0.000  625   -1   -1   -1
 218    -0.558     0.932     0.000   32   -1   -1   -1
 219    -0.555    -0.625     0.000  824   -1   -1   -1
 220    -0.554    -0.726     0.000  863   -1   -1   -1
 221    -0.555    -0.033     0.000  527   -1   -1   -1
 222    -0.554     0.178     0.000  406   -1   -1   -1
 223    -0.553    -0.765     0.000  882   -1   -1   -1
 224    -0.552    -0.531     0.000  773   -1   -1   -1
 225    -0.549    -0.988     0.000  990   -1   -1   -1
 226    -0.547     0.825     0.000   85   -1   -1   -1
 227    -0.546     0.308     0.000  357   -1   -1   -1
 228    -0.542    -0.496     0.000  756   -1   -1   -1
 229    -0.538     0.702     0.000  155   -1   -1   -1
 230    -0.537     0.084     0.000  459   -1   -1   -1
 231    -0.535    -0.620     0.000  821   -1   -1   -1
 232    -0.533     0.419     0.000  307   -1   -1   -1
 233    -0.532    -0.056     0.000  544   -1   -1   -1
 234    -0.531    -0.662     0.000  839   -1   -1   -1
 235    -0.529     0.662     0.000  178   -1   -1   -1
 236    -0.528    -0.749     0.000  874   -1   -1   -1
 237    -0.528     0.013     0.000  507   -1   -1   -1
 238    -0.528    -0.467     0.000  747   -1   -1   -1
 239    -0.527     0.645     0.000  184   -1   -1   -1
 240    -0.526     0.158     0.000  417   -1   -1   -1
 241    -0.525    -0.378     0.000  703   -1   -1   -1
 242    -0.525     0.794     0.000  102   -1   -1   -1
 243    -0.523    -0.143     0.000  583   -1   -1   -1
 244    -0.522    -0.792     0.000  895   -1   -1   -1
 245    -0.522     0.830     0.000   79   -1   -1   -1
 246    -0.521     0.018     0.000  505   -1   -1   -1
 247    -0.519     0.139     0.000  428   -1   -1   -1
 248    -0.516     0.871     0.000   59   -1   -1   -1
 249    -0.515     0.343     0.000  334   -1   -1   -1
 250    -0.515     0.593     0.000  217   -1   -1   -1
 251    -0.506     0.600     0.000  210   -1   -1   -1
 252    -0.504    -0.240     0.000  644   -1   -1   -1
 253    -0.498    -0.102     0.000  568   -1   -1   -1
 254    -0.499     0.805     0.000   94   -1   -1   -1
 255    -0.498     0.421     0.000  306   -1   -1   -1
 256    -0.498     0.840     0.000   76   -1   -1   -1
 257    -0.498    -0.094     0.000  561   -1   -1   -1
 258    -0.496     0.782     0.000  109   -1   -1   -1
 259    -0.488    -0.299     0.000  670   -1   -1   -1
 260    -0.487    -0.716     0.000  857   -1   -1   -1
 261    -0.485     0.915     0.000   42   -1   -1   -1
 262    -0.483    -0.226     0.000  635   -1   -1   -1
 263    -0.483     0.438     0.000  299   -1   -1   -1
 264    -0.482     0.720     0.000  139   -1   -1   -1
 265    -0.481    -0.590     0.000  806   -1   -1   -1
 266    -0.478     0.905     0.000   47   -1   -1   -1
 267    -0.477     0.650     0.000  182   -1   -1   -1
 268    -0.469    -0.912     0.000  949   -1   -1   -1
 269    -0.468     0.611     0.000  205   -1   -1   -1
 270    -0.468     0.712     0.000  146   -1   -1   -1
 271    -0.467    -0.842     0.000  917   -1   -1   -1
 272    -0.466     0.369     0.000  328   -1   -1   -1
 273    -0.461    -0.301     0.000  673   -1   -1   -1
 274    -0.461     0.703     0.000  151   -1   -1   -1
 275    -0.461     0.570     0.000  230   -1   -1   -1
 276    -0.460     0.990     0.000    2   -1   -1   -1
 277    -0.457    -0.984     0.000  983   -1   -1   -1
 278    -0.451     0.702     0.000  153   -1   -1   -1
 279    -0.450    -0.059     0.000  546   -1   -1   -1
 280    -0.449    -0.096     0.000  563   -1   -1   -1
 281    -0.447     0.560     0.000  234   -1   -1   -1
 282    -0.444     0.713     0.000  144   -1   -1   -1
 283    -0.443    -0.364     0.000  695   -1   -1   -1
 284    -0.442     0.122     0.000  442   -1   -1   -1
 285    -0.441     0.251     0.000  378   -1   -1   -1
 286    -0.440    -0.235     0.000  639   -1   -1   -1
 287    -0.439    -0.893     0.000  937   -1   -1   -1
 288    -0.438     0.987     0.000    4   -1   -1   -1
 289    -0.434    -0.402     0.000  712   -1   -1   -1
 290    -0.429    -0.715     0.000  856   -1   -1   -1
 291    -0.427     0.119     0.000  444   -1   -1   -1
 292    -0.426     0.297     0.000  361   -1   -1   -1
 293    -0.422    -0.440     0.000  729   -1   -1   -1
 294    -0.421     0.997     0.000    0   -1   -1   -1
 295    -0.416     0.460     0.000  289   -1   -1   -1
 296    -0.414    -0.492     0.000  754   -1   -1   -1
 297    -0.413     0.942     0.000   26   -1   -1   -1
 298    -0.409    -0.015     0.000  518   -1   -1   -1
 299    -0.408     0.463     0.000  286   -1   -1   -1
 300    -0.408     0.125     0.000  441   -1   -1   -1
 301    -0.406    -0.614     0.000  818   -1   -1   -1
 302    -0.406     0.167     0.000  413   -1   -1   -1
 303    -0.405     0.080     0.000  461   -1   -1   -1
 304    -0.405     0.923     0.000   37   -1   -1   -1
 305    -0.404    -0.835     0.000  910   -1   -1   -1
 306    -0.403     0.792     0.000  104   -1   -1   -1
 307    -0.402    -0.710     0.000  853   -1   -1   -1
 308    -0.401     0.724     0.000  137   -1   -1   -1
 309    -0.400     0.140     0.000  427   -1   -1   -1
 310    -0.399     0.551     0.000  240   -1   -1   -1
 311    -0.397    -0.047     0.000  537   -1   -1   -1
 312    -0.395     0.744     0.000  130   -1   -1   -1
 313    -0.393    -0.236     0.000  641   -1   -1   -1
 314    -0.390    -0.116     0.000  572   -1   -1   -1
 315    -0.389     0.952     0.000   19   -1   -1   -1
 316    -0.388     0.337     0.000  339   -1   -1   -1
 317    -0.388     0.251     0.000  379   -1   -1   -1
 318    -0.387     0.127     0.000  439   -1   -1   -1
 319    -0.384     0.749     0.000  127   -1   -1   -1
 320    -0.380    -0.567     0.000  793   -1   -1   -1
 321    -0.374     0.804     0.000   95   -1   -1   -1
 322    -0.372     0.591     0.000  221   -1   -1   -1
 323    -0.371     0.948     0.000   23   -1   -1   -1
 324    -0.368     0.576     0.000  227   -1   -1   -1
 325    -0.366    -0.752     0.000  875   -1   -1   -1
 326    -0.362     0.289     0.000  367   -1   -1   -1
 327    -0.361    -0.664     0.000  840   -1   -1   -1
 328    -0.360    -0.993     0.000  994   -1   -1   -1
 329    -0.357    -0.197     0.000  616   -1   -1   -1
 330    -0.350     0.677     0.000  170   -1   -1   -1
 331    -0.345     0.921     0.000   38   -1   -1   -1
 332    -0.342     0.741     0.000  132   -1   -1   -1
 333    -0.340    -0.779     0.000  887   -1   -1   -1
 334    -0.339    -0.538     0.000  777   -1   -1   -1
 335    -0.339     0.778     0.000  113   -1   -1   -1
 336    -0.333     0.043     0.000  489   -1   -1   -1
 337    -0.329     0.857     0.000   69   -1   -1   -1
 338    -0.327    -0.801     0.000  901   -1   -1   -1
 339    -0.326    -0.048     0.000  540   -1   -1   -1
 340    -0.325    -0.888     0.000  936   -1   -1   -1
 341    -0.323     0.404     0.000  319   -1   -1   -1
 342    -0.321     0.978     0.000    7   -1   -1   -1
 343    -0.317     0.471     0.000  281   -1   -1   -1
 344    -0.314    -0.832     0.000  909   -1   -1   -1
 345    -0.313    -0.208     0.000  622   -1   -1   -1
 346    -0.306     0.454     0.000  292   -1   -1   -1
 347    -0.306     0.137     0.000  432   -1   -1   -1
 348    -0.305    -0.419     0.000  720   -1   -1   -1
 349    -0.299     0.691     0.000  160   -1   -1   -1
 350    -0.298    -0.988     0.000  988   -1   -1   -1
 351    -0.297    -0.557     0.000  789   -1   -1   -1
 352    -0.295     0.297     0.000  362   -1   -1   -1
 353    -0.293    -0.053     0.000  543   -1   -1   -1
 354    -0.291     0.489     0.000  271   -1   -1   -1
 355    -0.291    -0.270     0.000  657   -1   -1   -1
 356    -0.290     0.869     0.000   60   -1   -1   -1
 357    -0.289    -0.036     0.000  529   -1   -1   -1
 358    -0.289    -0.120     0.000  574   -1   -1   -1
 359    -0.288     0.363     0.000  330   -1   -1   -1
 360    -0.288    -0.286     0.000  666   -1   -1   -1
 361    -0.288    -0.095     0.000  562   -1   -1   -1
 362    -0.288     0.629     0.000  194   -1   -1   -1
 363    -0.287    -0.601     0.000  811   -1   -1   -1
 364    -0.282    -0.546     0.000  781   -1   -1   -1
 365    -0.282     0.492     0.000  268   -1   -1   -1
 366    -0.280    -0.375     0.000  701   -1   -1   -1
 367    -0.278    -0.220     0.000  634   -1   -1   -1
 368    -0.275     0.820     0.000   86   -1   -1   -1
 369    -0.274    -0.111     0.000  570   -1   -1   -1
 370    -0.273    -0.586     0.000  802   -1   -1   -1
 371    -0.271    -0.344     0.000  684   -1   -1   -1
 372    -0.265    -0.615     0.000  819   -1   -1   -1
 373    -0.262    -0.219     0.000  632   -1   -1   -1
 374    -0.259    -0.871     0.000  929   -1   -1   -1
 375    -0.259     0.549     0.000  241   -1   -1   -1
 376    -0.259     0.635     0.000  190   -1   -1   -1
 377    -0.256    -0.899     0.000  943   -1   -1   -1
 378    -0.255    -0.359     0.000  690   -1   -1   -1
 379    -0.254     0.933     0.000   30   -1   -1   -1
 380    -0.251    -0.032     0.000  526   -1   -1   -1
 381    -0.246    -0.535     0.000  776   -1   -1   -1
 382    -0.244     0.986     0.000    5   -1   -1   -1
 383    -0.244     0.104     0.000  451   -1   -1   -1
 384    -0.240     0.305     0.000  358   -1   -1   -1
 385    -0.237     0.326     0.000  348   -1   -1   -1
 386    -0.235    -0.840     0.000  916   -1   -1   -1
 387    -0.234    -0.319     0.000  679   -1   -1   -1
 388    -0.231    -0.502     0.000  759   -1   -1   -1
 389    -0.225     0.451     0.000  294   -1   -1   -1
 390    -0.226     0.686     0.000  166   -1   -1   -1
 391    -0.224     0.614     0.000  204   -1   -1   -1
 392    -0.221     0.548     0.000  242   -1   -1   -1
 393    -0.221    -0.503     0.000  760   -1   -1   -1
 394    -0.212    -0.404     0.000  714   -1   -1   -1
 395    -0.211     0.966     0.000   12   -1   -1   -1
 396    -0.210    -0.412     0.000  717   -1   -1   -1
 397    -0.208    -0.468     0.000  748   -1   -1   -1
 398    -0.205     0.529     0.000  249   -1   -1   -1
 399    -0.205     0.109     0.000  448   -1   -1   -1
 400    -0.200     0.669     0.000  174   -1   -1   -1
 401    -0.186    -0.041     0.000  532   -1   -1   -1
 402    -0.184    -0.603     0.000  814   -1   -1   -1
 403    -0.184     0.964     0.000   16   -1   -1   -1
 404    -0.183     0.595     0.000  214   -1   -1   -1
 405    -0.181     0.328     0.000  346   -1   -1   -1
 406    -0.181     0.405     0.000  316   -1   -1   -1
 407    -0.180     0.335     0.000  340   -1   -1   -1
 408    -0.180     0.741     0.000  131   -1   -1   -1
 409    -0.179    -0.398     0.000  708   -1   -1   -1
 410    -0.178     0.159     0.000  416   -1   -1   -1
 411    -0.177     0.142     0.000  425   -1   -1   -1
 412    -0.177    -0.694     0.000  847   -1   -1   -1
 413    -0.172     0.831     0.000   78   -1   -1   -1
 414    -0.172    -0.187     0.000  606   -1   -1   -1
 415    -0.172     0.898     0.000   49   -1   -1   -1
 416    -0.169     0.772     0.000  117   -1   -1   -1
 417    -0.168     0.564     0.000  233   -1   -1   -1
 418    -0.167    -0.640     0.000  831   -1   -1   -1
 419    -0.167    -0.162     0.000  592   -1   -1   -1
 420    -0.165     0.125     0.000  440   -1   -1   -1
 421    -0.164    -0.585     0.000  801   -1   -1   -1
 422    -0.164    -0.377     0.000  702   -1   -1   -1
 423    -0.164    -0.512     0.000  766   -1   -1   -1
 424    -0.162    -0.980     0.000  980   -1   -1   -1
 425    -0.160     0.620     0.000  200   -1   -1   -1
 426    -0.160    -0.236     0.000  640   -1   -1   -1
 427    -0.157    -0.218     0.000  629   -1   -1   -1
 428    -0.148     0.339     0.000  336   -1   -1   -1
 429    -0.140    -0.276     0.000  661   -1   -1   -1
 430    -0.135    -0.771     0.000  884   -1   -1   -1
 431    -0.134     0.215     0.000  394   -1   -1   -1
 432    -0.133     0.693     0.000  158   -1   -1   -1
 433    -0.133     0.776     0.000  115   -1   -1   -1
 434    -0.131     0.798     0.000   99   -1   -1   -1
 435    -0.126    -0.863     0.000  925   -1   -1   -1
 436    -0.126    -0.211     0.000  624   -1   -1   -1
 437    -0.125    -0.139     0.000  580   -1   -1   -1
 438    -0.124     0.515     0.000  258   -1   -1   -1
 439    -0.124     0.957     0.000   17   -1   -1   -1
 440    -0.121    -0.778     0.000  886   -1   -1   -1
 441    -0.119     0.155     0.000  420   -1   -1   -1
 442    -0.113     0.000     0.000  514   -1   -1   -1
 443    -0.113    -0.047     0.000  536   -1   -1   -1
 444    -0.112     0.715     0.000  143   -1   -1   -1
 445    -0.110    -0.528     0.000  771   -1   -1   -1
 446    -0.108    -0.459     0.000  743   -1   -1   -1
 447    -0.105     0.442     0.000  298   -1   -1   -1
 448    -0.105     0.454     0.000  293   -1   -1   -1
 449    -0.104     0.339     0.000  337   -1   -1   -1
 450    -0.103     0.671     0.000  173   -1   -1   -1
 451    -0.102    -0.401     0.000  710   -1   -1   -1
 452    -0.094    -0.258     0.000  652   -1   -1   -1
 453    -0.082    -0.018     0.000  521   -1   -1   -1
 454    -0.080    -0.514     0.000  767   -1   -1   -1
 455    -0.076    -0.441     0.000  732   -1   -1   -1
 456    -0.071    -0.181     0.000  603   -1   -1   -1
 457    -0.071     0.909     0.000   44   -1   -1   -1
 458    -0.070     0.540     0.000  245   -1   -1   -1
 459    -0.070     0.194     0.000  402   -1   -1   -1
 460    -0.069    -0.347     0.000  685   -1   -1   -1
 461    -0.069     0.794     0.000  101   -1   -1   -1
 462    -0.069    -0.559     0.000  791   -1   -1   -1
 463    -0.064     0.338     0.000  338   -1   -1   -1
 464    -0.062     0.418     0.000  308   -1   -1   -1
 465    -0.060     0.969     0.000   10   -1   -1   -1
 466    -0.057    -0.047     0.000  539   -1   -1   -1
 467    -0.056    -0.879     0.000  931   -1   -1   -1
 468    -0.054    -0.372     0.000  699   -1   -1   -1
 469    -0.052    -0.898     0.000  941   -1   -1   -1
 470    -0.051    -0.695     0.000  848   -1   -1   -1
 471    -0.051     0.046     0.000  486   -1   -1   -1
 472    -0.051     0.033     0.000  500   -1   -1   -1
 473    -0.050    -0.972     0.000  976   -1   -1   -1
 474    -0.050    -0.074     0.000  550   -1   -1   -1
 475    -0.049    -0.988     0.000  992   -1   -1   -1
 476    -0.049     0.401     0.000  320   -1   -1   -1
 477    -0.049    -0.719     0.000  860   -1   -1   -1
 478    -0.048    -0.404     0.000  716   -1   -1   -1
 479    -0.048    -0.503     0.000  762   -1   -1   -1
 480    -0.047     0.274     0.000  371   -1   -1   -1
 481    -0.046     0.702     0.000  154   -1   -1   -1
 482    -0.042    -0.588     0.000  803   -1   -1   -1
 483    -0.040     0.173     0.000  409   -1   -1   -1
 484    -0.037    -0.864     0.000  926   -1   -1   -1
 485    -0.036     0.478     0.000  276   -1   -1   -1
 486    -0.036     0.895     0.000   50   -1   -1   -1
 487    -0.036     0.312     0.000  355   -1   -1   -1
 488    -0.034     0.064     0.000  475   -1   -1   -1
 489    -0.033    -0.402     0.000  711   -1   -1   -1
 490    -0.033     0.703     0.000  152   -1   -1   -1
 491    -0.031    -0.781     0.000  888   -1   -1   -1
 492    -0.031     0.199     0.000  399   -1   -1   -1
 493    -0.030    -0.226     0.000  636   -1   -1   -1
 494    -0.030    -0.482     0.000  750   -1   -1   -1
 495    -0.029     0.793     0.000  103   -1   -1   -1
 496    -0.028     0.934     0.000   29   -1   -1   -1
 497    -0.028     0.094     0.000  458   -1   -1   -1
 498    -0.024     0.121     0.000  443   -1   -1   -1
 499    -0.022    -0.594     0.000  809   -1   -1   -1
 500    -0.022     0.011     0.000  509   -1   -1   -1
 501    -0.021    -0.371     0.000  698   -1   -1   -1
 502    -0.021    -0.456     0.000  742   -1   -1   -1
 503    -0.020     0.585     0.000  223   -1   -1   -1
 504    -0.018    -0.404     0.000  715   -1   -1   -1
 505    -0.016    -0.652     0.000  834   -1   -1   -1
 506    -0.015     0.970     0.000    9   -1   -1   -1
 507    -0.014    -0.451     0.000  739   -1   -1   -1
 508    -0.013    -0.554     0.000  787   -1   -1   -1
 509    -0.013    -0.582     0.000  800   -1   -1   -1
 510    -0.012     0.211     0.000  395   -1   -1   -1
 511     0.007    -0.339     0.000  682   -1   -1   -1
 512     0.007     0.036     0.000  497   -1   -1   -1
 513     0.009     0.746     0.000  128   -1   -1   -1
 514     0.011    -0.658     0.000  835   -1   -1   -1
 515     0.011     0.676     0.000  171   -1   -1   -1
 516     0.011     0.467     0.000  282   -1   -1   -1
 517     0.012    -0.197     0.000  617   -1   -1   -1
 518     0.014     0.197     0.000  401   -1   -1   -1
 519     0.017     0.664     0.000  177   -1   -1   -1
 520     0.017    -0.638     0.000  829   -1   -1   -1
 521     0.025    -0.293     0.000  669   -1   -1   -1
 522     0.029     0.487     0.000  273   -1   -1   -1
 523     0.029     0.047     0.000  485   -1   -1   -1
 524     0.033    -0.097     0.000  564   -1   -1   -1
 525     0.034    -0.953     0.000  965   -1   -1   -1
 526     0.035    -0.079     0.000  553   -1   -1   -1
 527     0.035    -0.168     0.000  595   -1   -1   -1
 528     0.041    -0.745     0.000  871   -1   -1   -1
 529     0.041     0.106     0.000  450   -1   -1   -1
 530     0.047    -0.436     0.000  727   -1   -1   -1
 531     0.048    -0.632     0.000  827   -1   -1   -1
 532     0.049     0.296     0.000  363   -1   -1   -1
 533     0.050    -0.169     0.000  598   -1   -1   -1
 534     0.051     0.073     0.000  464   -1   -1   -1
 535     0.051     0.849     0.000   72   -1   -1   -1
 536     0.052    -0.901     0.000  945   -1   -1   -1
 537     0.059    -0.822     0.000  907   -1   -1   -1
 538     0.059     0.703     0.000  150   -1   -1   -1
 539     0.059    -0.352     0.000  687   -1   -1   -1
 540     0.060    -0.959     0.000  970   -1   -1   -1
 541     0.060     0.138     0.000  431   -1   -1   -1
 542     0.061     0.930     0.000   33   -1   -1   -1
 543     0.064     0.260     0.000  376   -1   -1   -1
 544     0.066     0.636     0.000  188   -1   -1   -1
 545     0.073    -0.876     0.000  930   -1   -1   -1
 546     0.073     0.618     0.000  202   -1   -1   -1
 547     0.074    -0.547     0.000  784   -1   -1   -1
 548     0.077     0.322     0.000  351   -1   -1   -1
 549     0.077    -0.001     0.000  516   -1   -1   -1
 550     0.083    -0.954     0.000  967   -1   -1   -1
 551     0.089     0.813     0.000   89   -1   -1   -1
 552     0.090    -0.848     0.000  920   -1   -1   -1
 553     0.095    -0.961     0.000  972   -1   -1   -1
 554     0.096     0.940     0.000   27   -1   -1   -1
 555     0.097    -0.341     0.000  683   -1   -1   -1
 556     0.100    -0.842     0.000  918   -1   -1   -1
 557     0.100    -0.969     0.000  975   -1   -1   -1
 558     0.101    -0.250     0.000  650   -1   -1   -1
 559     0.104    -0.904     0.000  947   -1   -1   -1
 560     0.105     0.041     0.000  492   -1   -1   -1
 561     0.106    -0.361     0.000  693   -1   -1   -1
 562     0.107     0.710     0.000  147   -1   -1   -1
 563     0.113    -0.462     0.000  745   -1   -1   -1
 564     0.113     0.177     0.000  407   -1   -1   -1
 565     0.113     0.751     0.000  125   -1   -1   -1
 566     0.115     0.465     0.000  283   -1   -1   -1
 567     0.117     0.860     0.000   66   -1   -1   -1
 568     0.118    -0.596     0.000  810   -1   -1   -1
 569     0.119     0.154     0.000  421   -1   -1   -1
 570     0.121    -0.504     0.000  763   -1   -1   -1
 571     0.123     0.174     0.000  408   -1   -1   -1
 572     0.124     0.849     0.000   71   -1   -1   -1
 573     0.127    -0.920     0.000  955   -1   -1   -1
 574     0.127    -0.438     0.000  728   -1   -1   -1
 575     0.134    -0.423     0.000  723   -1   -1   -1
 576     0.139     0.243     0.000  382   -1   -1   -1
 577     0.140    -0.912     0.000  951   -1   -1   -1
 578     0.144     0.041     0.000  491   -1   -1   -1
 579     0.145     0.814     0.000   88   -1   -1   -1
 580     0.146     0.948     0.000   22   -1   -1   -1
 581     0.146    -0.047     0.000  538   -1   -1   -1
 582     0.147    -0.150     0.000  588   -1   -1   -1
 583     0.152    -0.171     0.000  599   -1   -1   -1
 584     0.155     0.065     0.000  474   -1   -1   -1
 585     0.156    -0.612     0.000  817   -1   -1   -1
 586     0.157     0.475     0.000  278   -1   -1   -1
 587     0.161    -0.045     0.000  535   -1   -1   -1
 588     0.165    -0.440     0.000  731   -1   -1   -1
 589     0.166    -0.160     0.000  591   -1   -1   -1
 590     0.167     0.229     0.000  387   -1   -1   -1
 591     0.168    -0.450     0.000  738   -1   -1   -1
 592     0.168     0.011     0.000  508   -1   -1   -1
 593     0.172     0.294     0.000  365   -1   -1   -1
 594     0.173     0.623     0.000  198   -1   -1   -1
 595     0.175     0.403     0.000  318   -1   -1   -1
 596     0.175     0.329     0.000  344   -1   -1   -1
 597     0.178     0.049     0.000  483   -1   -1   -1
 598     0.179     0.973     0.000    8   -1   -1   -1
 599     0.179    -0.399     0.000  709   -1   -1   -1
 600     0.188     0.658     0.000  181   -1   -1   -1
 601     0.191    -0.421     0.000  722   -1   -1   -1
 602     0.193    -0.403     0.000  713   -1   -1   -1
 603     0.198    -0.461     0.000  744   -1   -1   -1
 604     0.198    -0.181     0.000  602   -1   -1   -1
 605     0.199     0.505     0.000  262   -1   -1   -1
 606     0.201    -0.987     0.000  989   -1   -1   -1
 607     0.202    -0.574     0.000  796   -1   -1   -1
 608     0.203     0.593     0.000  216   -1   -1   -1
 609     0.203     0.097     0.000  456   -1   -1   -1
 610     0.206    -0.798     0.000  899   -1   -1   -1
 611     0.207    -0.542     0.000  779   -1   -1   -1
 612     0.210     0.044     0.000  488   -1   -1   -1
 613     0.213    -0.836     0.000  911   -1   -1   -1
 614     0.213     0.757     0.000  123   -1   -1   -1
 615     0.214     0.242     0.000  383   -1   -1   -1
 616     0.214     0.706     0.000  149   -1   -1   -1
 617     0.214    -0.961     0.000  971   -1   -1   -1
 618     0.214    -0.030     0.000  525   -1   -1   -1
 619     0.217     0.871     0.000   58   -1   -1   -1
 620     0.218     0.331     0.000  342   -1   -1   -1
 621     0.221     0.634     0.000  191   -1   -1   -1
 622     0.223    -0.015     0.000  519   -1   -1   -1
 623     0.224     0.500     0.000  264   -1   -1   -1
 624     0.225    -0.312     0.000  675   -1   -1   -1
 625     0.225    -0.266     0.000  654   -1   -1   -1
 626     0.225    -0.787     0.000  892   -1   -1   -1
 627     0.228    -0.139     0.000  579   -1   -1   -1
 628     0.235     0.065     0.000  473   -1   -1   -1
 629     0.235    -0.557     0.000  790   -1   -1   -1
 630     0.236    -0.840     0.000  914   -1   -1   -1
 631     0.237    -0.777     0.000  885   -1   -1   -1
 632     0.240    -0.491     0.000  753   -1   -1   -1
 633     0.248     0.129     0.000  437   -1   -1   -1
 634     0.254    -0.192     0.000  610   -1   -1   -1
 635     0.261    -0.696     0.000  849   -1   -1   -1
 636     0.262     0.156     0.000  418   -1   -1   -1
 637     0.262     0.344     0.000  332   -1   -1   -1
 638     0.267     0.274     0.000  370   -1   -1   -1
 639     0.268     0.856     0.000   68   -1   -1   -1
 640     0.268     0.141     0.000  424   -1   -1   -1
 641     0.273    -0.133     0.000  577   -1   -1   -1
 642     0.273    -0.500     0.000  758   -1   -1   -1
 643     0.275    -0.797     0.000  898   -1   -1   -1
 644     0.276     0.068     0.000  469   -1   -1   -1
 645     0.278    -0.994     0.000  996   -1   -1   -1
 646     0.278     0.786     0.000  105   -1   -1   -1
 647     0.283     0.596     0.000  212   -1   -1   -1
 648     0.284     0.062     0.000  476   -1   -1   -1
 649     0.284    -0.627     0.000  825   -1   -1   -1
 650     0.286     0.473     0.000  279   -1   -1   -1
 651     0.287     0.686     0.000  165   -1   -1   -1
 652     0.287    -0.320     0.000  680   -1   -1   -1
 653     0.287     0.537     0.000  246   -1   -1   -1
 654     0.293    -0.790     0.000  893   -1   -1   -1
 655     0.294    -0.080     0.000  555   -1   -1   -1
 656     0.294    -0.370     0.000  697   -1   -1   -1
 657     0.295     0.861     0.000   63   -1   -1   -1
 658     0.298    -0.953     0.000  966   -1   -1   -1
 659     0.298     0.035     0.000  499   -1   -1   -1
 660     0.299     0.803     0.000   96   -1   -1   -1
 661     0.299    -0.185     0.000  605   -1   -1   -1
 662     0.300     0.109     0.000  449   -1   -1   -1
 663     0.305     0.415     0.000  310   -1   -1   -1
 664     0.305     0.166     0.000  414   -1   -1   -1
 665     0.305    -0.099     0.000  566   -1   -1   -1
 666     0.309    -0.982     0.000  982   -1   -1   -1
 667     0.310     0.805     0.000   93   -1   -1   -1
 668     0.312     0.430     0.000  303   -1   -1   -1
 669     0.316    -0.588     0.000  805   -1   -1   -1
 670     0.318    -0.733     0.000  864   -1   -1   -1
 671     0.323     0.342     0.000  335   -1   -1   -1
 672     0.323    -0.420     0.000  721   -1   -1   -1
 673     0.325     0.557     0.000  236   -1   -1   -1
 674     0.326     0.842     0.000   74   -1   -1   -1
 675     0.327     0.608     0.000  207   -1   -1   -1
 676     0.329     0.462     0.000  287   -1   -1   -1
 677     0.330    -0.380     0.000  705   -1   -1   -1
 678     0.330    -0.094     0.000  560   -1   -1   -1
 679     0.338     0.003     0.000  512   -1   -1   -1
 680     0.338    -0.544     0.000  780   -1   -1   -1
 681     0.339    -0.562     0.000  792   -1   -1   -1
 682     0.339    -0.220     0.000  633   -1   -1   -1
 683     0.342    -0.019     0.000  522   -1   -1   -1
 684     0.348     0.762     0.000  120   -1   -1   -1
 685     0.350    -0.248     0.000  649   -1   -1   -1
 686     0.350    -0.692     0.000  845   -1   -1   -1
 687     0.351    -0.893     0.000  938   -1   -1   -1
 688     0.351     0.251     0.000  377   -1   -1   -1
 689     0.352    -0.659     0.000  836   -1   -1   -1
 690     0.352     0.459     0.000  290   -1   -1   -1
 691     0.352    -0.754     0.000  876   -1   -1   -1
 692     0.354    -0.737     0.000  866   -1   -1   -1
 693     0.359     0.446     0.000  297   -1   -1   -1
 694     0.359    -0.292     0.000  667   -1   -1   -1
 695     0.361    -0.820     0.000  906   -1   -1   -1
 696     0.361     0.991     0.000    1   -1   -1   -1
 697     0.361    -0.977     0.000  977   -1   -1   -1
 698     0.364     0.945     0.000   25   -1   -1   -1
 699     0.368    -0.717     0.000  859   -1   -1   -1
 700     0.369     0.825     0.000   82   -1   -1   -1
 701     0.376     0.415     0.000  311   -1   -1   -1
 702     0.376    -0.767     0.000  883   -1   -1   -1
 703     0.377     0.866     0.000   61   -1   -1   -1
 704     0.380     0.329     0.000  345   -1   -1   -1
 705     0.380    -0.431     0.000  726   -1   -1   -1
 706     0.389    -0.077     0.000  552   -1   -1   -1
 707     0.390     0.495     0.000  267   -1   -1   -1
 708     0.394     0.146     0.000  423   -1   -1   -1
 709     0.396     0.098     0.000  455   -1   -1   -1
 710     0.397     0.458     0.000  291   -1   -1   -1
 711     0.398     0.216     0.000  392   -1   -1   -1
 712     0.399     0.687     0.000  164   -1   -1   -1
 713     0.404    -0.272     0.000  658   -1   -1   -1
 714     0.408     0.801     0.000   97   -1   -1   -1
 715     0.410     0.374     0.000  326   -1   -1   -1
 716     0.414    -0.381     0.000  706   -1   -1   -1
 717     0.414     0.172     0.000  410   -1   -1   -1
 718     0.417     0.040     0.000  496   -1   -1   -1
 719     0.418     0.148     0.000  422   -1   -1   -1
 720     0.420     0.626     0.000  196   -1   -1   -1
 721     0.421     0.411     0.000  313   -1   -1   -1
 722     0.421    -0.163     0.000  593   -1   -1   -1
 723     0.425     0.027     0.000  503   -1   -1   -1
 724     0.428    -0.448     0.000  736   -1   -1   -1
 725     0.432     0.098     0.000  454   -1   -1   -1
 726     0.432     0.433     0.000  301   -1   -1   -1
 727     0.433    -0.712     0.000  854   -1   -1   -1
 728     0.434    -0.702     0.000  850   -1   -1   -1
 729     0.434     0.134     0.000  435   -1   -1   -1
 730     0.437    -0.534     0.000  775   -1   -1   -1
 731     0.445     0.073     0.000  465   -1   -1   -1
 732     0.448     0.749     0.000  126   -1   -1   -1
 733     0.448     0.304     0.000  359   -1   -1   -1
 734     0.449     0.081     0.000  460   -1   -1   -1
 735     0.450     0.006     0.000  510   -1   -1   -1
 736     0.450    -0.987     0.000  985   -1   -1   -1
 737     0.459    -0.839     0.000  915   -1   -1   -1
 738     0.461     0.528     0.000  251   -1   -1   -1
 739     0.466     0.934     0.000   28   -1   -1   -1
 740     0.467     0.920     0.000   39   -1   -1   -1
 741     0.468    -0.915     0.000  952   -1   -1   -1
 742     0.472    -0.588     0.000  804   -1   -1   -1
 743     0.481     0.668     0.000  175   -1   -1   -1
 744     0.483     0.137     0.000  433   -1   -1   -1
 745     0.485    -0.693     0.000  846   -1   -1   -1
 746     0.487     0.573     0.000  229   -1   -1   -1
 747     0.487    -0.193     0.000  611   -1   -1   -1
 748     0.487    -0.805     0.000  902   -1   -1   -1
 749     0.489     0.874     0.000   57   -1   -1   -1
 750     0.492     0.601     0.000  209   -1   -1   -1
 751     0.496     0.408     0.000  315   -1   -1   -1
 752     0.496    -0.994     0.000  997   -1   -1   -1
 753     0.496     0.311     0.000  356   -1   -1   -1
 754     0.498     0.046     0.000  487   -1   -1   -1
 755     0.499    -0.659     0.000  837   -1   -1   -1
 756     0.499     0.433     0.000  302   -1   -1   -1
 757     0.501     0.858     0.000   67   -1   -1   -1
 758     0.501    -0.168     0.000  596   -1   -1   -1
 759     0.503    -0.430     0.000  725   -1   -1   -1
 760     0.503    -0.115     0.000  571   -1   -1   -1
 761     0.504     0.627     0.000  195   -1   -1   -1
 762     0.504    -0.590     0.000  807   -1   -1   -1
 763     0.506    -0.547     0.000  783   -1   -1   -1
 764     0.514     0.187     0.000  403   -1   -1   -1
 765     0.514    -0.795     0.000  896   -1   -1   -1
 766     0.517    -0.164     0.000  594   -1   -1   -1
 767     0.519    -0.272     0.000  659   -1   -1   -1
 768     0.528    -0.335     0.000  681   -1   -1   -1
 769     0.532     0.138     0.000  429   -1   -1   -1
 770     0.534    -0.076     0.000  551   -1   -1   -1
 771     0.534     0.317     0.000  353   -1   -1   -1
 772     0.536    -0.576     0.000  798   -1   -1   -1
 773     0.537     0.050     0.000  482   -1   -1   -1
 774     0.537     0.040     0.000  495   -1   -1   -1
 775     0.544    -0.414     0.000  718   -1   -1   -1
 776     0.546    -0.911     0.000  950   -1   -1   -1
 777     0.550    -0.575     0.000  797   -1   -1   -1
 778     0.551    -0.511     0.000  764   -1   -1   -1
 779     0.552    -0.567     0.000  795   -1   -1   -1
 780     0.555    -0.081     0.000  556   -1   -1   -1
 781     0.556    -0.918     0.000  954   -1   -1   -1
 782     0.559     0.665     0.000  176   -1   -1   -1
 783     0.561    -0.131     0.000  576   -1   -1   -1
 784     0.561     0.460     0.000  288   -1   -1   -1
 785     0.562     0.690     0.000  161   -1   -1   -1
 786     0.562     0.900     0.000   48   -1   -1   -1
 787     0.563    -0.611     0.000  816   -1   -1   -1
 788     0.565    -0.905     0.000  948   -1   -1   -1
 789     0.570    -0.638     0.000  830   -1   -1   -1
 790     0.572     0.759     0.000  122   -1   -1   -1
 791     0.573    -0.661     0.000  838   -1   -1   -1
 792     0.577     0.028     0.000  502   -1   -1   -1
 793     0.579    -0.142     0.000  582   -1   -1   -1
 794     0.582     0.948     0.000   21   -1   -1   -1
 795     0.582     0.764     0.000  118   -1   -1   -1
 796     0.583     0.073     0.000  463   -1   -1   -1
 797     0.584     0.826     0.000   80   -1   -1   -1
 798     0.586     0.491     0.000  269   -1   -1   -1
 799     0.588     0.269     0.000  373   -1   -1   -1
 800     0.590     0.504     0.000  263   -1   -1   -1
 801     0.594    -0.620     0.000  822   -1   -1   -1
 802     0.597     0.379     0.000  325   -1   -1   -1
 803     0.598     0.643     0.000  186   -1   -1   -1
 804     0.600     0.964     0.000   15   -1   -1   -1
 805     0.601     0.005     0.000  511   -1   -1   -1
 806     0.602    -0.757     0.000  878   -1   -1   -1
 807     0.604    -0.202     0.000  618   -1   -1   -1
 808     0.606     0.329     0.000  343   -1   -1   -1
 809     0.609    -0.146     0.000  585   -1   -1   -1
 810     0.610     0.239     0.000  384   -1   -1   -1
 811     0.611    -0.133     0.000  578   -1   -1   -1
 812     0.613     0.248     0.000  380   -1   -1   -1
 813     0.613     0.724     0.000  136   -1   -1   -1
 814     0.614    -0.920     0.000  956   -1   -1   -1
 815     0.615     0.021     0.000  504   -1   -1   -1
 816     0.626     0.132     0.000  436   -1   -1   -1
 817     0.631     0.774     0.000  116   -1   -1   -1
 818     0.631    -0.416     0.000  719   -1   -1   -1
 819     0.640     0.811     0.000   90   -1   -1   -1
 820     0.640    -0.645     0.000  833   -1   -1   -1
 821     0.642    -0.109     0.000  569   -1   -1   -1
 822     0.643    -0.938     0.000  960   -1   -1   -1
 823     0.643    -0.717     0.000  858   -1   -1   -1
 824     0.645     0.860     0.000   64   -1   -1   -1
 825     0.647     0.707     0.000  148   -1   -1   -1
 826     0.647    -0.782     0.000  889   -1   -1   -1
 827     0.647     0.101     0.000  453   -1   -1   -1
 828     0.647     0.485     0.000  275   -1   -1   -1
 829     0.649    -0.886     0.000  935   -1   -1   -1
 830     0.658    -0.897     0.000  940   -1   -1   -1
 831     0.665     0.888     0.000   54   -1   -1   -1
 832     0.669     0.816     0.000   87   -1   -1   -1
 833     0.669     0.680     0.000  169   -1   -1   -1
 834     0.669    -0.864     0.000  927   -1   -1   -1
 835     0.671     0.224     0.000  390   -1   -1   -1
 836     0.671     0.779     0.000  111   -1   -1   -1
 837     0.676    -0.747     0.000  873   -1   -1   -1
 838     0.679    -0.511     0.000  765   -1   -1   -1
 839     0.682     0.911     0.000   43   -1   -1   -1
 840     0.682    -0.758     0.000  880   -1   -1   -1
 841     0.686    -0.278     0.000  662   -1   -1   -1
 842     0.687    -0.240     0.000  643   -1   -1   -1
 843     0.689    -0.896     0.000  939   -1   -1   -1
 844     0.691     0.054     0.000  478   -1   -1   -1
 845     0.691    -0.353     0.000  688   -1   -1   -1
 846     0.694    -0.118     0.000  573   -1   -1   -1
 847     0.694    -0.950     0.000  964   -1   -1   -1
 848     0.695     0.557     0.000  235   -1   -1   -1
 849     0.697    -0.357     0.000  689   -1   -1   -1
 850     0.700    -0.987     0.000  986   -1   -1   -1
 851     0.701    -0.218     0.000  630   -1   -1   -1
 852     0.702     0.580     0.000  225   -1   -1   -1
 853     0.702    -0.898     0.000  942   -1   -1   -1
 854     0.703     0.519     0.000  257   -1   -1   -1
 855     0.703     0.553     0.000  239   -1   -1   -1
 856     0.705     0.066     0.000  470   -1   -1   -1
 857     0.706     0.327     0.000  347   -1   -1   -1
 858     0.706    -0.847     0.000  919   -1   -1   -1
 859     0.715    -0.398     0.000  707   -1   -1   -1
 860     0.718     0.779     0.000  110   -1   -1   -1
 861     0.728    -0.837     0.000  912   -1   -1   -1
 862     0.729     0.860     0.000   65   -1   -1   -1
 863     0.729    -0.084     0.000  558   -1   -1   -1
 864     0.734     0.404     0.000  317   -1   -1   -1
 865     0.740    -0.601     0.000  812   -1   -1   -1
 866     0.740    -0.956     0.000  969   -1   -1   -1
 867     0.741     0.980     0.000    6   -1   -1   -1
 868     0.745    -0.531     0.000  774   -1   -1   -1
 869     0.746     0.753     0.000  124   -1   -1   -1
 870     0.748     0.069     0.000  467   -1   -1   -1
 871     0.748    -0.733     0.000  865   -1   -1   -1
 872     0.748    -0.992     0.000  993   -1   -1   -1
 873     0.750    -0.209     0.000  623   -1   -1   -1
 874     0.751    -0.723     0.000  861   -1   -1   -1
 875     0.752     0.904     0.000   46   -1   -1   -1
 876     0.753    -0.152     0.000  589   -1   -1   -1
 877     0.754    -0.065     0.000  548   -1   -1   -1
 878     0.760     0.931     0.000   31   -1   -1   -1
 879     0.769     0.839     0.000   77   -1   -1   -1
 880     0.769    -0.837     0.000  913   -1   -1   -1
 881     0.771     0.077     0.000  462   -1   -1   -1
 882     0.772     0.059     0.000  477   -1   -1   -1
 883     0.772     0.215     0.000  393   -1   -1   -1
 884     0.773     0.294     0.000  364   -1   -1   -1
 885     0.777    -0.546     0.000  782   -1   -1   -1
 886     0.782     0.918     0.000   40   -1   -1   -1
 887     0.788     0.599     0.000  211   -1   -1   -1
 888     0.789    -0.993     0.000  995   -1   -1   -1
 889     0.791     0.689     0.000  163   -1   -1   -1
 890     0.791     0.553     0.000  238   -1   -1   -1
 891     0.792     0.964     0.000   14   -1   -1   -1
 892     0.793     0.619     0.000  201   -1   -1   -1
 893     0.793    -0.265     0.000  653   -1   -1   -1
 894     0.795     0.041     0.000  490   -1   -1   -1
 895     0.796     0.343     0.000  333   -1   -1   -1
 896     0.802     0.711     0.000  145   -1   -1   -1
 897     0.802    -0.624     0.000  823   -1   -1   -1
 898     0.804    -0.299     0.000  671   -1   -1   -1
 899     0.804    -0.446     0.000  735   -1   -1   -1
 900     0.805     0.183     0.000  404   -1   -1   -1
 901     0.806     0.761     0.000  121   -1   -1   -1
 902     0.806    -0.494     0.000  755   -1   -1   -1
 903     0.808     0.806     0.000   92   -1   -1   -1
 904     0.808    -0.602     0.000  813   -1   -1   -1
 905     0.809    -0.231     0.000  637   -1   -1   -1
 906     0.811     0.886     0.000   55   -1   -1   -1
 907     0.810    -0.190     0.000  608   -1   -1   -1
 908     0.812     0.648     0.000  183   -1   -1   -1
 909     0.813     0.170     0.000  411   -1   -1   -1
 910     0.813     0.141     0.000  426   -1   -1   -1
 911     0.814     0.922     0.000   36   -1   -1   -1
 912     0.820    -0.855     0.000  924   -1   -1   -1
 913     0.822     0.322     0.000  350   -1   -1   -1
 914     0.826     0.524     0.000  255   -1   -1   -1
 915     0.832     0.782     0.000  108   -1   -1   -1
 916     0.832     0.380     0.000  324   -1   -1   -1
 917     0.832     0.111     0.000  447   -1   -1   -1
 918     0.833    -0.247     0.000  648   -1   -1   -1
 919     0.833     0.394     0.000  321   -1   -1   -1
 920     0.836     0.490     0.000  270   -1   -1   -1
 921     0.839    -0.144     0.000  584   -1   -1   -1
 922     0.840     0.775     0.000  114   -1   -1   -1
 923     0.841    -0.617     0.000  820   -1   -1   -1
 924     0.843    -0.541     0.000  778   -1   -1   -1
 925     0.845     0.181     0.000  405   -1   -1   -1
 926     0.852    -0.797     0.000  897   -1   -1   -1
 927     0.853     0.128     0.000  438   -1   -1   -1
 928     0.858     0.715     0.000  142   -1   -1   -1
 929     0.860     0.906     0.000   45   -1   -1   -1
 930     0.860    -0.099     0.000  565   -1   -1   -1
 931     0.861    -0.785     0.000  891   -1   -1   -1
 932     0.865     0.761     0.000  119   -1   -1   -1
 933     0.864    -0.360     0.000  692   -1   -1   -1
 934     0.865    -0.280     0.000  664   -1   -1   -1
 935     0.867     0.072     0.000  466   -1   -1   -1
 936     0.868     0.505     0.000  261   -1   -1   -1
 937     0.872     0.323     0.000  349   -1   -1   -1
 938     0.874     0.690     0.000  159   -1   -1   -1
 939     0.875    -0.790     0.000  894   -1   -1   -1
 940     0.879     0.388     0.000  323   -1   -1   -1
 941     0.879    -0.644     0.000  832   -1   -1   -1
 942     0.880    -0.083     0.000  557   -1   -1   -1
 943     0.882     0.050     0.000  481   -1   -1   -1
 944     0.882    -0.740     0.000  867   -1   -1   -1
 945     0.886     0.580     0.000  224   -1   -1   -1
 946     0.886    -0.379     0.000  704   -1   -1   -1
 947     0.890    -0.955     0.000  968   -1   -1   -1
 948     0.893    -0.964     0.000  974   -1   -1   -1
 949     0.895     0.437     0.000  300   -1   -1   -1
 950     0.895    -0.933     0.000  959   -1   -1   -1
 951     0.897     0.448     0.000  296   -1   -1   -1
 952     0.898    -0.025     0.000  523   -1   -1   -1
 953     0.897    -0.807     0.000  903   -1   -1   -1
 954     0.899     0.035     0.000  498   -1   -1   -1
 955     0.900    -0.637     0.000  828   -1   -1   -1
 956     0.903     0.053     0.000  479   -1   -1   -1
 957     0.906    -0.979     0.000  979   -1   -1   -1
 958     0.913    -0.010     0.000  517   -1   -1   -1
 959     0.914     0.422     0.000  305   -1   -1   -1
 960     0.917     0.644     0.000  185   -1   -1   -1
 961     0.918    -0.529     0.000  772   -1   -1   -1
 962     0.921     0.262     0.000  374   -1   -1   -1
 963     0.922    -0.708     0.000  851   -1   -1   -1
 964     0.928     0.425     0.000  304   -1   -1   -1
 965     0.928    -0.350     0.000  686   -1   -1   -1
 966     0.930    -0.045     0.000  534   -1   -1   -1
 967     0.934    -0.154     0.000  590   -1   -1   -1
 968     0.938     0.065     0.000  472   -1   -1   -1
 969     0.938    -0.491     0.000  752   -1   -1   -1
 970     0.940     0.951     0.000   18   -1   -1   -1
 971     0.940     0.634     0.000  189   -1   -1   -1
 972     0.941     0.916     0.000   41   -1   -1   -1
 973     0.941     0.118     0.000  445   -1   -1   -1
 974     0.943    -0.060     0.000  547   -1   -1   -1
 975     0.943    -0.443     0.000  734   -1   -1   -1
 976     0.945    -0.902     0.000  946   -1   -1   -1
 977     0.947     0.839     0.000   75   -1   -1   -1
 978     0.949    -0.987     0.000  987   -1   -1   -1
 979     0.951    -0.686     0.000  844   -1   -1   -1
 980     0.951    -0.275     0.000  660   -1   -1   -1
 981     0.957    -0.807     0.000  904   -1   -1   -1
 982     0.958    -0.214     0.000  626   -1   -1   -1
 983     0.960     0.889     0.000   53   -1   -1   -1
 984     0.961     0.365     0.000  329   -1   -1   -1
 985     0.963    -0.760     0.000  881   -1   -1   -1
 986     0.966     0.605     0.000  208   -1   -1   -1
 987     0.973    -0.915     0.000  953   -1   -1   -1
 988     0.976     0.987     0.000    3   -1   -1   -1
 989     0.976     0.800     0.000   98   -1   -1   -1
 990     0.976     0.569     0.000  231   -1   -1   -1
 991     0.976    -0.608     0.000  815   -1   -1   -1
 992     0.977    -0.865     0.000  928   -1   -1   -1
 993     0.980     0.824     0.000   83   -1   -1   -1
 994     0.981     0.737     0.000  134   -1   -1   -1
 995     0.990     0.509     0.000  260   -1   -1   -1
 996     0.989    -0.285     0.000  665   -1   -1   -1
 997     0.991     0.498     0.000  265   -1   -1   -1
 998     0.991    -0.442     0.000  733   -1   -1   -1
 999     0.993    -0.675     0.000  842   -1   -1   -1
