997
  -1   -2     -0.823      0.506      2.500 4
   0    1     -0.823      0.497      2.500 4
   2    2     -0.821     -0.578      2.500 4
   3    4     -0.821     -0.117      2.500 4
   4    3     -0.821     -0.459      2.500 4
   5    5     -0.820      0.350      2.500 4
   7    6     -0.818      0.773      2.500 4
   6    7     -0.816     -0.882      2.500 4
   8    9     -0.815     -0.516      2.500 4
   9    8     -0.815     -0.169      2.500 4
  10   10     -0.816      0.793      2.500 4
  15   11     -0.815      0.138      2.500 4
  12   12     -0.815      0.574      2.500 4
  13   13     -0.815     -0.080      2.500 4
  16   15     -0.814     -0.298      2.500 4
  14   14     -0.814     -0.734      2.500 4
  17   16     -0.809     -0.203      2.500 4
  19   18     -0.804      0.428      2.500 4
  18   19     -0.804      0.595      2.500 4
  20   17     -0.803      0.095      2.500 4
  -1   20     -0.802     -0.812      2.500 4
  21   23     -0.796     -0.813      2.500 4
  23   21     -0.797     -0.147      2.500 4
  22   22     -0.797      0.319      2.500 4
  24   25     -0.793      0.747      2.500 4
  26   24     -0.790      0.163      2.500 4
  25   27     -0.789      0.460      2.500 4
  27   26     -0.788      0.145      2.500 4
  29   28     -0.787     -0.150      2.500 4
  30   29     -0.786     -0.057      2.500 4
  28   30     -0.786      0.332      2.500 4
  31   31     -0.784     -0.306      2.500 4
  32   32     -0.783      0.514      2.500 4
  33   33     -0.781     -0.512      2.500 4
  35   34     -0.781     -0.466      2.500 4
  34   35     -0.780     -0.548      2.500 4
  36   37     -0.778     -0.794      2.500 4
  37   36     -0.775     -0.283      2.500 4
  39   38     -0.774     -0.161      2.500 4
  40   39     -0.773     -0.105      2.500 4
  41   40     -0.771      0.312      2.500 4
  38   41     -0.771      0.721      2.500 4
  42   42     -0.765      0.049      2.500 4
  43   43     -0.762      0.402      2.500 4
  48   44     -0.755      0.192      2.500 4
  47   45     -0.755      0.237      2.500 4
  44   46     -0.754     -0.732      2.500 4
  45   49     -0.752     -0.802      2.500 4
  46   52     -0.750     -0.898      2.500 4
  49   51     -0.750      0.577      2.500 4
  51   47     -0.749      0.002      2.500 4
  53   48     -0.748      0.047      2.500 4
  50   53     -0.747     -0.683      2.500 4
  55   50     -0.747     -0.196      2.500 4
  54   54     -0.745     -0.503      2.500 4
  52   58     -0.744      0.630      2.500 4
  56   56     -0.743      0.391      2.500 4
  60   55     -0.742      0.124      2.500 4
  58   61     -0.740     -0.730      2.500 4
  57   62     -0.741      0.676      2.500 4
  62   57     -0.740      0.162      2.500 4
  61   60     -0.739      0.376      2.500 4
  59   63     -0.737     -0.823      2.500 4
  64   59     -0.737      0.058      2.500 4
  63   65     -0.733     -0.551      2.500 4
  65   64     -0.733     -0.469      2.500 4
  66   66     -0.727     -0.356      2.500 4
  68   68     -0.719      0.353      2.500 4
  67   73     -0.718     -0.862      2.500 4
  69   71     -0.716     -0.552      2.500 4
  72   67     -0.716     -0.138      2.500 4
  70   70     -0.715      0.316      2.500 4
  71   74     -0.715      0.454      2.500 4
  74   69     -0.714      0.209      2.500 4
  73   72     -0.714      0.255      2.500 4
  -1   75     -0.711      0.450      2.500 4
  76   76     -0.707     -0.335      2.500 4
  75   79     -0.703     -0.701      2.500 4
  79   77     -0.703     -0.162      2.500 4
  77   78     -0.702      0.388      2.500 4
  78   81     -0.698     -0.745      2.500 4
  80   80     -0.694     -0.179      2.500 4
  81   83     -0.690      0.422      2.500 4
  82   82     -0.685     -0.232      2.500 4
  85   84     -0.682      0.048      2.500 4
  89   85     -0.677     -0.004      2.500 4
  88   88     -0.677     -0.396      2.500 4
  83   90     -0.677      0.581      2.500 4
  91   86     -0.675     -0.065      2.500 4
  90   87     -0.675     -0.195      2.500 4
  84   92     -0.674     -0.777      2.500 4
  86   91     -0.673     -0.683      2.500 4
  87   93     -0.673      0.742      2.500 4
  94   89     -0.671     -0.144      2.500 4
  92   94     -0.669      0.492      2.500 4
  93   96     -0.664     -0.718      2.500 4
  95  100     -0.662      0.792      2.500 4
  96   98     -0.659      0.309      2.500 4
  97   95     -0.657      0.068      2.500 4
  99   97     -0.655     -0.026      2.500 4
 101   99     -0.653     -0.122      2.500 4
 102  101     -0.651      0.118      2.500 4
 100  104     -0.649     -0.899      2.500 4
 104  102     -0.649     -0.050      2.500 4
 103  107     -0.646      0.340      2.500 4
  98  110     -0.646     -0.888      2.500 4
 107  103     -0.646      0.028      2.500 4
 106  105     -0.645     -0.242      2.500 4
 108  106     -0.644     -0.099      2.500 4
 109  109     -0.640      0.284      2.500 4
 105  114     -0.639      0.690      2.500 4
 112  108     -0.636     -0.148      2.500 4
 113  112     -0.634      0.093      2.500 4
 114  111     -0.633     -0.084      2.500 4
 111  115     -0.632     -0.464      2.500 4
 110  120     -0.628     -0.615      2.500 4
 118  113     -0.628      0.038      2.500 4
 116  118     -0.628      0.334      2.500 4
 119  116     -0.626      0.189      2.500 4
 117  119     -0.626      0.357      2.500 4
 121  117     -0.624      0.113      2.500 4
 115  124     -0.622      0.712      2.500 4
 120  122     -0.621      0.476      2.500 4
 123  121     -0.616     -0.255      2.500 4
 124  126     -0.611      0.357      2.500 4
 127  123     -0.611     -0.154      2.500 4
 122  128     -0.611      0.633      2.500 4
 128  125     -0.609     -0.306      2.500 4
 126  129     -0.606     -0.576      2.500 4
 125  131     -0.605      0.672      2.500 4
 129  127     -0.605      0.325      2.500 4
 133  130     -0.600     -0.315      2.500 4
 130  133     -0.598      0.605      2.500 4
 131  134     -0.595     -0.701      2.500 4
 132  138     -0.594      0.763      2.500 4
 137  132     -0.588      0.024      2.500 4
 134  136     -0.588      0.307      2.500 4
 136  139     -0.583     -0.415      2.500 4
 140  135     -0.583     -0.047      2.500 4
 139  140     -0.582      0.270      2.500 4
 135  143     -0.582      0.484      2.500 4
 143  137     -0.580     -0.198      2.500 4
 142  141     -0.578     -0.390      2.500 4
 138  144     -0.578      0.527      2.500 4
 145  142     -0.576     -0.371      2.500 4
 141  148     -0.572     -0.630      2.500 4
 146  149     -0.570      0.441      2.500 4
 150  145     -0.569     -0.346      2.500 4
 144  153     -0.569      0.652      2.500 4
 149  147     -0.567     -0.437      2.500 4
 148  150     -0.567      0.423      2.500 4
 152  146     -0.567      0.270      2.500 4
  -1   -2     -0.565     -0.632      2.500 4
 153  151     -0.564      0.321      2.500 4
 158  152     -0.559     -0.233      2.500 4
 151  162     -0.557      0.706      2.500 4
 154  161     -0.556      0.562      2.500 4
 156  158     -0.556      0.428      2.500 4
 163  155     -0.553     -0.159      2.500 4
 160  159     -0.553      0.349      2.500 4
 159  160     -0.552      0.397      2.500 4
 155  164     -0.552      0.664      2.500 4
 157  165     -0.549     -0.667      2.500 4
 166  156     -0.549     -0.212      2.500 4
 169  157     -0.548     -0.076      2.500 4
 161  166     -0.546      0.629      2.500 4
 170  163     -0.543      0.191      2.500 4
 162  169     -0.541      0.756      2.500 4
 165  170     -0.537     -0.702      2.500 4
 164  171     -0.537      0.681      2.500 4
 167  174     -0.535      0.747      2.500 4
 171  172     -0.533     -0.633      2.500 4
 168  177     -0.533     -0.821      2.500 4
 176  168     -0.531     -0.348      2.500 4
 180  167     -0.530      0.035      2.500 4
 172  178     -0.530      0.648      2.500 4
 173  183     -0.526     -0.888      2.500 4
 175  180     -0.525     -0.663      2.500 4
 181  175     -0.524     -0.415      2.500 4
 179  179     -0.525      0.416      2.500 4
 177  184     -0.523      0.542      2.500 4
 174  186     -0.523      0.827      2.500 4
 183  173     -0.522      0.013      2.500 4
 178  187     -0.521      0.627      2.500 4
 185  176     -0.519     -0.160      2.500 4
 189  181     -0.515      0.095      2.500 4
 182  191     -0.513     -0.762      2.500 4
 190  182     -0.513     -0.249      2.500 4
 187  188     -0.510     -0.499      2.500 4
 188  190     -0.510      0.415      2.500 4
 192  185     -0.509     -0.206      2.500 4
 184  194     -0.506      0.826      2.500 4
 195  189     -0.504      0.169      2.500 4
 186  196     -0.503     -0.811      2.500 4
 194  192     -0.502      0.347      2.500 4
 191  195     -0.501      0.512      2.500 4
 199  193     -0.496     -0.346      2.500 4
 193  203     -0.492     -0.904      2.500 4
 196  199     -0.492      0.500      2.500 4
 197  204     -0.489      0.581      2.500 4
 205  198     -0.488     -0.290      2.500 4
 200  200     -0.488     -0.593      2.500 4
 207  197     -0.487     -0.196      2.500 4
 201  201     -0.486     -0.554      2.500 4
 203  202     -0.485      0.395      2.500 4
 198  207     -0.485      0.789      2.500 4
 202  206     -0.480     -0.654      2.500 4
 208  205     -0.478      0.392      2.500 4
 204  211     -0.476      0.773      2.500 4
 206  209     -0.476      0.579      2.500 4
 211  210     -0.470     -0.560      2.500 4
 210  217     -0.468      0.576      2.500 4
 220  208     -0.465     -0.174      2.500 4
 209  219     -0.465      0.799      2.500 4
 214  215     -0.464      0.391      2.500 4
 218  213     -0.463     -0.386      2.500 4
 223  212     -0.461      0.140      2.500 4
 217  218     -0.460      0.465      2.500 4
 225  214     -0.459      0.091      2.500 4
  -1   -2     -0.459      0.580      2.500 4
 216  222     -0.458      0.528      2.500 4
 212  227     -0.457     -0.775      2.500 4
 215  224     -0.458      0.591      2.500 4
 219  221     -0.457      0.476      2.500 4
 226  216     -0.456     -0.212      2.500 4
 224  220     -0.455      0.364      2.500 4
 222  231     -0.449      0.667      2.500 4
  -1   -2     -0.448      0.796      2.500 4
 228  228     -0.448      0.362      2.500 4
 231  226     -0.443      0.071      2.500 4
 233  225     -0.443     -0.017      2.500 4
 238  229     -0.440     -0.196      2.500 4
 227  238     -0.439     -0.900      2.500 4
 232  235     -0.436     -0.487      2.500 4
 229  239     -0.435     -0.679      2.500 4
 242  230     -0.435      0.001      2.500 4
 236  236     -0.434      0.345      2.500 4
 230  240     -0.434      0.503      2.500 4
 241  233     -0.433      0.215      2.500 4
 239   -2     -0.432     -0.899      2.500 4
 244  234     -0.430      0.124      2.500 4
 234  243     -0.428      0.633      2.500 4
 237  244     -0.427      0.615      2.500 4
 235  245     -0.427      0.684      2.500 4
 249  237     -0.423     -0.015      2.500 4
 247  241     -0.423      0.166      2.500 4
 245  242     -0.422     -0.452      2.500 4
 240  248     -0.421      0.777      2.500 4
 243  247     -0.420      0.640      2.500 4
 246  246     -0.416     -0.566      2.500 4
 248  251     -0.411     -0.685      2.500 4
 251  249     -0.410     -0.468      2.500 4
 250  250     -0.410      0.477      2.500 4
 252  257     -0.399      0.824      2.500 4
 258  252     -0.395     -0.109      2.500 4
 256  256     -0.395      0.477      2.500 4
 254  258     -0.394     -0.729      2.500 4
 253  263     -0.394      0.732      2.500 4
 263  253     -0.392      0.010      2.500 4
 255  264     -0.391     -0.833      2.500 4
 264  254     -0.391     -0.020      2.500 4
 260  259     -0.387      0.332      2.500 4
 262  260     -0.386     -0.455      2.500 4
 257  265     -0.386      0.675      2.500 4
 266  255     -0.385     -0.087      2.500 4
 269  261     -0.379     -0.159      2.500 4
 259  266     -0.379     -0.755      2.500 4
 270  262     -0.379     -0.203      2.500 4
 261  267     -0.378      0.648      2.500 4
 265  270     -0.372     -0.774      2.500 4
 268  269     -0.371     -0.618      2.500 4
 267  273     -0.367     -0.798      2.500 4
 274  268     -0.366      0.206      2.500 4
 271  274     -0.365      0.602      2.500 4
 273  271     -0.363      0.352      2.500 4
 276  272     -0.361      0.372      2.500 4
 275  277     -0.356     -0.672      2.500 4
 277  276     -0.355      0.493      2.500 4
 272  280     -0.355      0.746      2.500 4
 280  275     -0.350     -0.191      2.500 4
 278  281     -0.350      0.534      2.500 4
 281  279     -0.344      0.243      2.500 4
 282  282     -0.341     -0.391      2.500 4
 279  285     -0.341      0.525      2.500 4
 285  278     -0.340     -0.063      2.500 4
 284  284     -0.338      0.285      2.500 4
 288  283     -0.335     -0.026      2.500 4
 286  287     -0.328     -0.597      2.500 4
 283  290     -0.328      0.717      2.500 4
 295  286     -0.327     -0.109      2.500 4
 290  289     -0.324      0.421      2.500 4
 287  298     -0.321      0.790      2.500 4
 289  297     -0.320      0.629      2.500 4
 292  291     -0.320      0.428      2.500 4
 294  292     -0.318     -0.529      2.500 4
  -1  300     -0.316     -0.077      2.500 4
 296  293     -0.315      0.329      2.500 4
 291  302     -0.313     -0.852      2.500 4
 293  303     -0.312     -0.834      2.500 4
 298  294     -0.310     -0.198      2.500 4
 300  296     -0.308     -0.209      2.500 4
 299  295     -0.308     -0.242      2.500 4
 302  301     -0.304      0.132      2.500 4
 297  307     -0.304     -0.076      2.500 4
 301  306     -0.298     -0.487      2.500 4
 306  304     -0.294     -0.199      2.500 4
 305  308     -0.289     -0.452      2.500 4
 304  311     -0.288      0.593      2.500 4
 303   -2     -0.285     -0.074      2.500 4
 307  314     -0.282     -0.595      2.500 4
 309  309     -0.282     -0.341      2.500 4
 311  313     -0.279     -0.416      2.500 4
 313  310     -0.278      0.121      2.500 4
 308  318     -0.278     -0.821      2.500 4
 316  312     -0.274     -0.069      2.500 4
 314  315     -0.273     -0.282      2.500 4
 318  316     -0.270      0.049      2.500 4
 319  317     -0.268      0.107      2.500 4
 320  319     -0.265     -0.354      2.500 4
 312  327     -0.265      0.817      2.500 4
 315  325     -0.262     -0.659      2.500 4
 322  320     -0.262     -0.184      2.500 4
 317  328     -0.260      0.606      2.500 4
 326  321     -0.258     -0.094      2.500 4
 324  324     -0.257      0.289      2.500 4
  -1   -2     -0.255     -0.022      2.500 4
 327  323     -0.254     -0.276      2.500 4
 321  330     -0.254     -0.626      2.500 4
 323  331     -0.252      0.474      2.500 4
 332  326     -0.251     -0.016      2.500 4
 331  329     -0.249      0.240      2.500 4
 330  332     -0.248      0.338      2.500 4
 325  335     -0.247     -0.675      2.500 4
 329  336     -0.243     -0.654      2.500 4
 334  337     -0.239      0.497      2.500 4
 333  340     -0.238      0.647      2.500 4
 340  333     -0.238     -0.145      2.500 4
 336  338     -0.237      0.465      2.500 4
 335  339     -0.237     -0.623      2.500 4
 341  334     -0.237     -0.137      2.500 4
 339  342     -0.232      0.502      2.500 4
 337  344     -0.232      0.550      2.500 4
 342  343     -0.229      0.420      2.500 4
 343  341     -0.228     -0.298      2.500 4
 338  345     -0.227      0.816      2.500 4
 344  350     -0.217      0.603      2.500 4
 347  347     -0.214      0.259      2.500 4
 345  348     -0.213     -0.898      2.500 4
  -1   -2     -0.212      0.108      2.500 4
 349  349     -0.211      0.306      2.500 4
 346  358     -0.206      0.774      2.500 4
 351  354     -0.205     -0.519      2.500 4
 348  357     -0.205      0.643      2.500 4
 355  351     -0.204     -0.144      2.500 4
 358  352     -0.202     -0.102      2.500 4
 357  353     -0.202      0.109      2.500 4
 353  359     -0.201     -0.628      2.500 4
 359  355     -0.199      0.167      2.500 4
 352  362     -0.199      0.739      2.500 4
 360  356     -0.198     -0.314      2.500 4
 354  365     -0.195      0.688      2.500 4
 356  363     -0.194      0.561      2.500 4
 363  360     -0.190      0.121      2.500 4
 364  361     -0.189      0.139      2.500 4
 362  366     -0.188      0.399      2.500 4
 361  369     -0.187      0.708      2.500 4
 367  367     -0.181      0.068      2.500 4
 369  368     -0.179      0.128      2.500 4
 366  373     -0.175     -0.609      2.500 4
 373  370     -0.175     -0.048      2.500 4
 365  377     -0.173     -0.749      2.500 4
 368  378     -0.172      0.553      2.500 4
 370  374     -0.171     -0.489      2.500 4
 376  371     -0.170     -0.176      2.500 4
 375  376     -0.169      0.337      2.500 4
 377  372     -0.168     -0.089      2.500 4
 372  379     -0.168      0.491      2.500 4
 371  381     -0.167      0.602      2.500 4
 374  380     -0.166     -0.612      2.500 4
 379  375     -0.166     -0.280      2.500 4
 378  382     -0.159     -0.691      2.500 4
 380  383     -0.154     -0.462      2.500 4
 381  386     -0.149     -0.718      2.500 4
 383  385     -0.147     -0.481      2.500 4
 385  384     -0.147     -0.399      2.500 4
 382  390     -0.146      0.622      2.500 4
 387  387     -0.144     -0.379      2.500 4
 384  389     -0.144     -0.589      2.500 4
 386  391     -0.143      0.585      2.500 4
 391  388     -0.142     -0.304      2.500 4
 393  393     -0.138      0.382      2.500 4
 388  397     -0.137      0.811      2.500 4
 389  396     -0.137      0.714      2.500 4
 390  398     -0.136      0.726      2.500 4
 392  401     -0.134     -0.800      2.500 4
 396  395     -0.134      0.361      2.500 4
 398  392     -0.134      0.030      2.500 4
 395  400     -0.133     -0.684      2.500 4
 394  404     -0.132     -0.849      2.500 4
 400  394     -0.133      0.158      2.500 4
 397  402     -0.130     -0.542      2.500 4
  -1   -2     -0.129     -0.534      2.500 4
 402  399     -0.127     -0.093      2.500 4
 401  407     -0.125      0.669      2.500 4
 403  405     -0.124     -0.326      2.500 4
 404  406     -0.121     -0.447      2.500 4
 405  414     -0.116     -0.805      2.500 4
 406  411     -0.116     -0.633      2.500 4
 407  410     -0.116      0.466      2.500 4
 408  408     -0.114     -0.328      2.500 4
 409  409     -0.112     -0.194      2.500 4
 410  412     -0.110     -0.101      2.500 4
 411  413     -0.109     -0.160      2.500 4
 412  415     -0.107     -0.077      2.500 4
 415  416     -0.104     -0.184      2.500 4
 414  417     -0.101     -0.537      2.500 4
 413  420     -0.100      0.684      2.500 4
 417  418     -0.098      0.405      2.500 4
  -1   -2     -0.098      0.398      2.500 4
 418  421     -0.092      0.125      2.500 4
 422  422     -0.087     -0.071      2.500 4
 421  423     -0.085     -0.520      2.500 4
 419  424     -0.085      0.560      2.500 4
 420  425     -0.083      0.660      2.500 4
 423  426     -0.074      0.415      2.500 4
 424  427     -0.072      0.137      2.500 4
 425  429     -0.065     -0.654      2.500 4
 426  428     -0.064      0.208      2.500 4
 427  430     -0.061      0.185      2.500 4
 429  431     -0.058     -0.302      2.500 4
 430  432     -0.057     -0.365      2.500 4
 428  434     -0.056      0.519      2.500 4
  -1   -2     -0.055      0.510      2.500 4
 435  433     -0.054     -0.087      2.500 4
 432  439     -0.054     -0.602      2.500 4
 434  435     -0.053     -0.343      2.500 4
 436  436     -0.052     -0.267      2.500 4
 433  441     -0.052      0.783      2.500 4
 437  438     -0.052      0.165      2.500 4
 438  440     -0.051     -0.418      2.500 4
 440  442     -0.045      0.284      2.500 4
 439  443     -0.045      0.728      2.500 4
 441  444     -0.041     -0.552      2.500 4
 442  445     -0.041      0.421      2.500 4
 443  447     -0.036      0.823      2.500 4
 445  446     -0.035     -0.338      2.500 4
 444  448     -0.034     -0.647      2.500 4
 447  449     -0.030      0.211      2.500 4
 446  451     -0.029      0.584      2.500 4
 450  450     -0.028     -0.238      2.500 4
 449  452     -0.026     -0.680      2.500 4
 448  453     -0.026     -0.861      2.500 4
 451  454     -0.023     -0.589      2.500 4
 452  458     -0.021     -0.871      2.500 4
 453  455     -0.020     -0.400      2.500 4
 454  456     -0.019     -0.020      2.500 4
 455  457     -0.019     -0.095      2.500 4
  -1  459     -0.019     -0.904      2.500 4
 456  460     -0.013     -0.766      2.500 4
 457  461     -0.012      0.495      2.500 4
 458  463     -0.011     -0.780      2.500 4
 459  462     -0.010     -0.502      2.500 4
 460  464     -0.008      0.424      2.500 4
 461  465     -0.008      0.681      2.500 4
 463  466     -0.004     -0.049      2.500 4
 462  467     -0.004      0.264      2.500 4
 464  468     -0.002     -0.301      2.500 4
 465  469     -0.001     -0.528      2.500 4
 466  470      0.000     -0.642      2.500 4
 467  471      0.001      0.481      2.500 4
 468  473      0.003     -0.702      2.500 4
 469  472      0.003     -0.559      2.500 4
 471  474      0.004     -0.898      2.500 4
 470  475      0.004     -0.854      2.500 4
 472  476      0.006      0.777      2.500 4
 473  477      0.007      0.359      2.500 4
 474  478      0.008     -0.097      2.500 4
 475  480      0.010      0.054      2.500 4
 476  479      0.010      0.032      2.500 4
 478  481      0.011     -0.140      2.500 4
 477  482      0.011      0.542      2.500 4
 479  483      0.011      0.682      2.500 4
 480  484      0.014     -0.814      2.500 4
 482  485      0.014      0.239      2.500 4
 481  486      0.014      0.399      2.500 4
 483  487      0.015     -0.557      2.500 4
 484  488      0.016      0.728      2.500 4
 485  490      0.018      0.795      2.500 4
 487  489      0.018      0.081      2.500 4
 486  491      0.018     -0.625      2.500 4
 488  492      0.019      0.272      2.500 4
 489  493      0.019     -0.363      2.500 4
 490  494      0.021      0.127      2.500 4
 491  495      0.023      0.167      2.500 4
 492  496      0.024     -0.003      2.500 4
 494  497      0.026     -0.528      2.500 4
 493  498      0.026     -0.705      2.500 4
 495  499      0.027     -0.604      2.500 4
 497  501      0.028      0.615      2.500 4
 496  500      0.029     -0.559      2.500 4
 498  502      0.031      0.287      2.500 4
  -1   -2      0.033     -0.600      2.500 4
 500  504      0.033     -0.742      2.500 4
 501  505      0.035     -0.678      2.500 4
 502  506      0.037     -0.698      2.500 4
 503  507      0.038      0.037      2.500 4
 504  508      0.040      0.824      2.500 4
 505  509      0.043     -0.325      2.500 4
 507  510      0.046     -0.496      2.500 4
 506  511      0.046      0.269      2.500 4
 508  512      0.049      0.053      2.500 4
 509  513      0.050     -0.176      2.500 4
 510  514      0.051     -0.147      2.500 4
 511  515      0.054     -0.282      2.500 4
 512  516      0.055     -0.444      2.500 4
 513  517      0.057      0.143      2.500 4
 515  518      0.060      0.533      2.500 4
 514  519      0.060      0.094      2.500 4
 516  520      0.062     -0.283      2.500 4
 518  521      0.068     -0.744      2.500 4
 517  522      0.069      0.189      2.500 4
 519  525      0.071     -0.023      2.500 4
 521  523      0.073      0.704      2.500 4
 520  524      0.073      0.667      2.500 4
 522  526      0.075     -0.732      2.500 4
 523  527      0.077      0.379      2.500 4
 524  528      0.079      0.546      2.500 4
 525  529      0.079      0.660      2.500 4
 526  530      0.082      0.340      2.500 4
 528  532      0.085     -0.505      2.500 4
 529  531      0.086     -0.584      2.500 4
 527  533      0.086      0.043      2.500 4
 530  534      0.099     -0.385      2.500 4
 531  535      0.101      0.403      2.500 4
 533  536      0.103      0.235      2.500 4
 532  537      0.103      0.203      2.500 4
 534  538      0.104     -0.095      2.500 4
 535  539      0.105      0.040      2.500 4
  -1   -2      0.108      0.229      2.500 4
 540  542      0.111     -0.488      2.500 4
 537  545      0.111     -0.092      2.500 4
 538  544      0.112     -0.248      2.500 4
 542  541      0.112     -0.725      2.500 4
 539  546      0.112      0.075      2.500 4
 544  543      0.115     -0.791      2.500 4
 541  548      0.116     -0.006      2.500 4
 543  549      0.117     -0.277      2.500 4
 548  547      0.119     -0.895      2.500 4
 547  550      0.121     -0.507      2.500 4
 545  552      0.123      0.050      2.500 4
 546  551      0.123     -0.260      2.500 4
 550  553      0.129     -0.666      2.500 4
 549  554      0.129      0.310      2.500 4
 551  558      0.138     -0.069      2.500 4
 552  559      0.139      0.041      2.500 4
 557  555      0.141      0.639      2.500 4
 558  556      0.141      0.678      2.500 4
 553  561      0.141      0.115      2.500 4
 554  565      0.143     -0.047      2.500 4
 559  557      0.143      0.754      2.500 4
 555  566      0.144     -0.283      2.500 4
 556  563      0.144      0.288      2.500 4
 560  560      0.146     -0.870      2.500 4
 562  562      0.147      0.627      2.500 4
 561  567      0.148     -0.596      2.500 4
 565  564      0.149     -0.830      2.500 4
 563  571      0.154     -0.222      2.500 4
 564  572      0.154      0.068      2.500 4
 566  568      0.155     -0.573      2.500 4
  -1   -2      0.157     -0.559      2.500 4
 570  570      0.161     -0.898      2.500 4
 569  574      0.162      0.518      2.500 4
 571  573      0.163      0.793      2.500 4
 568  575      0.163      0.358      2.500 4
 573  576      0.167     -0.626      2.500 4
 572  578      0.171      0.151      2.500 4
 581  577      0.175     -0.856      2.500 4
 578  579      0.176      0.390      2.500 4
 577  580      0.177      0.291      2.500 4
 574  583      0.177      0.067      2.500 4
 576  582      0.178     -0.287      2.500 4
 575  584      0.178     -0.208      2.500 4
 580  581      0.178     -0.381      2.500 4
 579  586      0.180      0.057      2.500 4
 582  590      0.184     -0.136      2.500 4
 583  589      0.184      0.181      2.500 4
 585  591      0.185      0.162      2.500 4
 586  587      0.185     -0.527      2.500 4
 589  585      0.186     -0.691      2.500 4
 584  592      0.186      0.020      2.500 4
  -1   -2      0.188     -0.566      2.500 4
 590  596      0.191     -0.430      2.500 4
 587  598      0.192     -0.160      2.500 4
 592  593      0.193     -0.573      2.500 4
 598  595      0.197      0.733      2.500 4
 599  594      0.197     -0.894      2.500 4
 591  601      0.197      0.115      2.500 4
 593  600      0.197     -0.526      2.500 4
 600  597      0.197     -0.840      2.500 4
 595  599      0.198      0.455      2.500 4
 601  603      0.202     -0.543      2.500 4
 594  606      0.202     -0.269      2.500 4
 603  604      0.204      0.515      2.500 4
 596  609      0.206     -0.151      2.500 4
 606  602      0.206      0.675      2.500 4
 597  610      0.206     -0.025      2.500 4
 604  607      0.207      0.380      2.500 4
 602  612      0.209     -0.054      2.500 4
 607  605      0.210     -0.836      2.500 4
 605  613      0.213      0.183      2.500 4
  -1   -2      0.215     -0.897      2.500 4
 611  611      0.218      0.797      2.500 4
 610  617      0.221     -0.574      2.500 4
 612  614      0.221      0.697      2.500 4
 608  619      0.221      0.310      2.500 4
 613  615      0.223     -0.900      2.500 4
 614  616      0.224     -0.868      2.500 4
 618  620      0.231     -0.693      2.500 4
 616  622      0.235     -0.421      2.500 4
 615  623      0.236     -0.300      2.500 4
 617  626      0.239     -0.124      2.500 4
 622  621      0.242      0.755      2.500 4
 619  624      0.243      0.378      2.500 4
 620  629      0.250     -0.327      2.500 4
 626  625      0.251      0.748      2.500 4
 624  627      0.253      0.525      2.500 4
 621  631      0.253      0.083      2.500 4
 629  630      0.258     -0.631      2.500 4
 623  635      0.259      0.013      2.500 4
 628  632      0.259     -0.464      2.500 4
 631  628      0.259     -0.874      2.500 4
 627  637      0.262      0.137      2.500 4
 625  639      0.263     -0.002      2.500 4
 636  633      0.265      0.610      2.500 4
 635  634      0.266     -0.654      2.500 4
 634  636      0.267     -0.583      2.500 4
 630  642      0.268      0.258      2.500 4
 633  643      0.271     -0.369      2.500 4
 632  644      0.273     -0.218      2.500 4
 641  641      0.274      0.513      2.500 4
 645  638      0.275      0.727      2.500 4
 647  640      0.276     -0.869      2.500 4
 637  646      0.277      0.076      2.500 4
 638  649      0.278     -0.027      2.500 4
 639  647      0.279      0.133      2.500 4
 640  653      0.281      0.047      2.500 4
 642  654      0.283      0.158      2.500 4
 648  650      0.285      0.352      2.500 4
 646  656      0.285      0.208      2.500 4
 643  658      0.286      0.055      2.500 4
 644  657      0.286      0.113      2.500 4
 649  655      0.287     -0.460      2.500 4
 651  645      0.287      0.583      2.500 4
 652  652      0.290     -0.632      2.500 4
 654  648      0.292      0.802      2.500 4
 653  651      0.292      0.627      2.500 4
 650  660      0.294     -0.333      2.500 4
 656  659      0.298     -0.577      2.500 4
 655  661      0.300     -0.496      2.500 4
 657  662      0.304      0.419      2.500 4
 658  667      0.315      0.011      2.500 4
 663  663      0.316      0.470      2.500 4
 662  665      0.316      0.427      2.500 4
 661  666      0.318      0.317      2.500 4
 666  664      0.320      0.603      2.500 4
 659  668      0.320      0.103      2.500 4
 660  671      0.323     -0.152      2.500 4
 664  672      0.326     -0.231      2.500 4
 665  674      0.331     -0.204      2.500 4
 671  670      0.335      0.649      2.500 4
 673  669      0.336      0.822      2.500 4
 676  673      0.341     -0.792      2.500 4
 668  680      0.342     -0.196      2.500 4
 667  681      0.342     -0.110      2.500 4
 675  677      0.344      0.443      2.500 4
 677  676      0.344      0.515      2.500 4
 669  683      0.344      0.000      2.500 4
 672  679      0.345     -0.425      2.500 4
 670  684      0.345      0.010      2.500 4
 674  678      0.345     -0.480      2.500 4
 682  675      0.348      0.681      2.500 4
 678  688      0.354      0.267      2.500 4
 683  686      0.355      0.387      2.500 4
 681  694      0.357      0.141      2.500 4
 688  682      0.357     -0.814      2.500 4
 679  696      0.357      0.092      2.500 4
 685  687      0.358      0.419      2.500 4
 680  697      0.359     -0.114      2.500 4
 686  689      0.360      0.431      2.500 4
 684  691      0.360      0.341      2.500 4
 689  685      0.360     -0.781      2.500 4
 690  690      0.363     -0.660      2.500 4
 693  692      0.366      0.556      2.500 4
 695  693      0.368     -0.713      2.500 4
 687  704      0.370     -0.157      2.500 4
 696  695      0.370     -0.772      2.500 4
 694  699      0.371     -0.582      2.500 4
 697  701      0.374     -0.621      2.500 4
 701  698      0.375      0.751      2.500 4
 692  705      0.375     -0.291      2.500 4
 691  708      0.377     -0.015      2.500 4
 705  700      0.379     -0.889      2.500 4
 700  703      0.380     -0.594      2.500 4
  -1  707      0.382     -0.810      2.500 4
 707  706      0.385      0.511      2.500 4
 702  709      0.385      0.363      2.500 4
 698  712      0.387      0.024      2.500 4
 699  714      0.388     -0.164      2.500 4
 704  710      0.388     -0.470      2.500 4
 708   -2      0.389     -0.811      2.500 4
 703  713      0.391      0.250      2.500 4
 709  711      0.393      0.409      2.500 4
 706  719      0.396     -0.037      2.500 4
 717  715      0.403      0.614      2.500 4
 713  718      0.404      0.374      2.500 4
 716  716      0.406      0.439      2.500 4
 712  721      0.406     -0.338      2.500 4
 718  717      0.409      0.546      2.500 4
 711  722      0.410     -0.024      2.500 4
 714  724      0.414     -0.150      2.500 4
 715  726      0.414     -0.161      2.500 4
 721  720      0.416     -0.774      2.500 4
 720  727      0.421      0.237      2.500 4
 719  729      0.422     -0.207      2.500 4
 725  723      0.426      0.684      2.500 4
 728  725      0.430      0.734      2.500 4
 723  732      0.431     -0.421      2.500 4
 730  728      0.433     -0.763      2.500 4
 722  737      0.436      0.063      2.500 4
 726  733      0.436      0.323      2.500 4
 732  731      0.436     -0.653      2.500 4
 734  730      0.437     -0.717      2.500 4
 729  735      0.439     -0.898      2.500 4
 724  740      0.440     -0.127      2.500 4
 731  734      0.440     -0.528      2.500 4
 727  741      0.444      0.179      2.500 4
 739  738      0.449     -0.676      2.500 4
 733  747      0.450      0.035      2.500 4
  -1   -2      0.450      0.690      2.500 4
 736  743      0.451      0.339      2.500 4
 735  746      0.451      0.148      2.500 4
 737  745      0.453     -0.391      2.500 4
 741  739      0.455     -0.903      2.500 4
 738  748      0.457      0.154      2.500 4
 742  742      0.459      0.733      2.500 4
 743  744      0.462      0.689      2.500 4
 745  750      0.471     -0.706      2.500 4
 749  749      0.473     -0.872      2.500 4
 744  753      0.473      0.425      2.500 4
 748  751      0.475     -0.687      2.500 4
 750  752      0.476     -0.719      2.500 4
 746  758      0.483      0.215      2.500 4
 752  755      0.484      0.646      2.500 4
 757  754      0.486     -0.892      2.500 4
 754  756      0.486      0.712      2.500 4
 747  763      0.488     -0.006      2.500 4
 756  757      0.491      0.516      2.500 4
 755  759      0.493     -0.547      2.500 4
 751  766      0.493     -0.127      2.500 4
 758  760      0.495     -0.501      2.500 4
 753  765      0.497      0.253      2.500 4
 763  761      0.502      0.570      2.500 4
 765  762      0.502     -0.719      2.500 4
 760  767      0.503      0.117      2.500 4
 759  771      0.504      0.000      2.500 4
 767  764      0.507     -0.764      2.500 4
 762  768      0.508     -0.454      2.500 4
 764  770      0.509      0.326      2.500 4
 761  776      0.510     -0.212      2.500 4
 769  772      0.514      0.445      2.500 4
 770  774      0.516     -0.534      2.500 4
 774  769      0.517     -0.820      2.500 4
 766  780      0.520     -0.194      2.500 4
 775  773      0.521      0.690      2.500 4
 773  775      0.521     -0.648      2.500 4
 768  783      0.521     -0.238      2.500 4
 771  781      0.523     -0.352      2.500 4
 776  777      0.524     -0.656      2.500 4
 772  787      0.529     -0.101      2.500 4
 777  786      0.531     -0.508      2.500 4
 778  785      0.532      0.462      2.500 4
 782  778      0.533      0.831      2.500 4
 783  779      0.535      0.792      2.500 4
 784  782      0.536      0.722      2.500 4
 786  784      0.536     -0.883      2.500 4
 779  788      0.538     -0.493      2.500 4
 781  790      0.541     -0.501      2.500 4
 780  791      0.543      0.336      2.500 4
 792  789      0.547      0.659      2.500 4
 789  792      0.548     -0.587      2.500 4
 785  798      0.550     -0.287      2.500 4
 790  796      0.552      0.342      2.500 4
 793  794      0.553      0.477      2.500 4
 795  793      0.554      0.520      2.500 4
 796  795      0.554     -0.619      2.500 4
 787  799      0.554     -0.003      2.500 4
 788  801      0.556     -0.087      2.500 4
  -1   -2      0.558     -0.286      2.500 4
 799  797      0.561      0.601      2.500 4
 794  803      0.565     -0.141      2.500 4
 800  802      0.568     -0.520      2.500 4
 798  804      0.571      0.172      2.500 4
 797  805      0.572     -0.177      2.500 4
 801  809      0.582     -0.011      2.500 4
 802  810      0.582     -0.000      2.500 4
 803  807      0.587      0.302      2.500 4
 805  806      0.587     -0.537      2.500 4
 804  812      0.591     -0.307      2.500 4
 806  811      0.595     -0.513      2.500 4
 807  808      0.595     -0.750      2.500 4
 809  814      0.600     -0.554      2.500 4
 812  813      0.603     -0.711      2.500 4
 813  816      0.606      0.483      2.500 4
 811  819      0.607     -0.396      2.500 4
 808  821      0.608      0.083      2.500 4
 814  815      0.608     -0.900      2.500 4
 810  825      0.610     -0.024      2.500 4
 815  817      0.614      0.771      2.500 4
 817  818      0.615      0.757      2.500 4
 816  822      0.619      0.502      2.500 4
 819  820      0.619     -0.693      2.500 4
 820  826      0.623      0.446      2.500 4
 823  823      0.623     -0.818      2.500 4
 824  824      0.624      0.705      2.500 4
 818  829      0.628      0.212      2.500 4
 826  827      0.629      0.686      2.500 4
 821  830      0.631      0.130      2.500 4
 822  832      0.635     -0.201      2.500 4
 833  828      0.638     -0.901      2.500 4
 829  831      0.639     -0.513      2.500 4
 825  834      0.641      0.057      2.500 4
 827  836      0.642     -0.155      2.500 4
 828  837      0.646      0.031      2.500 4
 832  835      0.646      0.303      2.500 4
 830  839      0.648     -0.179      2.500 4
 831  840      0.649      0.048      2.500 4
 835  833      0.650      0.563      2.500 4
 836  841      0.656      0.335      2.500 4
 834  844      0.656     -0.219      2.500 4
  -1  842      0.657     -0.898      2.500 4
 839  838      0.659      0.565      2.500 4
 837  846      0.661      0.329      2.500 4
 840  843      0.662     -0.627      2.500 4
 842  845      0.665      0.513      2.500 4
 838  852      0.666      0.012      2.500 4
 841  854      0.670      0.153      2.500 4
 845  847      0.670      0.351      2.500 4
 844  853      0.671     -0.386      2.500 4
 846  850      0.673     -0.574      2.500 4
 843  857      0.674     -0.126      2.500 4
 848  851      0.677      0.630      2.500 4
 849  848      0.676     -0.803      2.500 4
 851  849      0.677      0.719      2.500 4
 850  855      0.681      0.485      2.500 4
 847  861      0.681     -0.184      2.500 4
 855  856      0.685     -0.809      2.500 4
 852  859      0.685      0.451      2.500 4
 857  858      0.687     -0.793      2.500 4
 862  860      0.692      0.773      2.500 4
 861  862      0.692      0.559      2.500 4
 854  865      0.694      0.134      2.500 4
 853  867      0.694      0.049      2.500 4
 858  863      0.694     -0.440      2.500 4
 859  868      0.697     -0.309      2.500 4
 856  869      0.697      0.019      2.500 4
 864  864      0.700     -0.637      2.500 4
 860  872      0.700     -0.101      2.500 4
 867  866      0.704      0.788      2.500 4
 863  873      0.705     -0.385      2.500 4
 866  871      0.706     -0.591      2.500 4
 868  870      0.708      0.597      2.500 4
 865  878      0.712     -0.012      2.500 4
 870  874      0.713     -0.601      2.500 4
 869  879      0.715     -0.340      2.500 4
 872  875      0.718      0.552      2.500 4
 871  881      0.720      0.167      2.500 4
 875  877      0.721      0.654      2.500 4
 877  876      0.720     -0.805      2.500 4
  -1   -2      0.725      0.176      2.500 4
 879  880      0.726      0.595      2.500 4
 874  886      0.729     -0.092      2.500 4
 876  887      0.730     -0.197      2.500 4
 878  890      0.732     -0.024      2.500 4
 880  885      0.732      0.299      2.500 4
 881  883      0.733     -0.756      2.500 4
 883  884      0.737      0.685      2.500 4
 884  888      0.738     -0.725      2.500 4
 887  889      0.740     -0.826      2.500 4
 886  891      0.741     -0.770      2.500 4
 885  893      0.743      0.337      2.500 4
 882  897      0.744     -0.243      2.500 4
 888  895      0.746     -0.544      2.500 4
 890  892      0.747      0.539      2.500 4
  -1   -2      0.747     -0.556      2.500 4
 899  894      0.749      0.712      2.500 4
 892  899      0.751     -0.419      2.500 4
 894  900      0.752     -0.439      2.500 4
 898  901      0.754      0.353      2.500 4
 891  907      0.754     -0.062      2.500 4
 896  905      0.754      0.240      2.500 4
 893  906      0.755      0.125      2.500 4
 897  904      0.755      0.267      2.500 4
 900  898      0.755     -0.696      2.500 4
 895  908      0.756     -0.032      2.500 4
 902  903      0.758      0.501      2.500 4
 903  902      0.758     -0.764      2.500 4
 901  914      0.763     -0.023      2.500 4
 905  910      0.765     -0.679      2.500 4
 906  909      0.765     -0.765      2.500 4
 904  913      0.765     -0.365      2.500 4
 909  911      0.769      0.636      2.500 4
 912  912      0.769     -0.840      2.500 4
 907  915      0.771      0.419      2.500 4
 908  918      0.774     -0.250      2.500 4
 913  916      0.776      0.375      2.500 4
 911  921      0.776      0.163      2.500 4
 910  920      0.777     -0.055      2.500 4
 915  922      0.783      0.440      2.500 4
 914  924      0.783     -0.424      2.500 4
 916  919      0.784      0.793      2.500 4
 918  923      0.787      0.693      2.500 4
 919  925      0.787      0.601      2.500 4
 920  926      0.788     -0.672      2.500 4
 917  929      0.789      0.243      2.500 4
 921  927      0.792     -0.847      2.500 4
 922  928      0.793      0.731      2.500 4
 923  930      0.796      0.495      2.500 4
 926  931      0.803      0.710      2.500 4
 924  935      0.803     -0.072      2.500 4
 925  933      0.804      0.191      2.500 4
 927  932      0.805      0.550      2.500 4
  -1   -2      0.808      0.198      2.500 4
 928  938      0.809      0.084      2.500 4
 930  934      0.809      0.829      2.500 4
 932  936      0.811      0.775      2.500 4
  -1   -2      0.814      0.516      2.500 4
 931  943      0.814     -0.125      2.500 4
 935  939      0.815      0.659      2.500 4
 936  941      0.818      0.506      2.500 4
 934  947      0.819     -0.018      2.500 4
 939  944      0.819     -0.687      2.500 4
 944  942      0.820      0.713      2.500 4
 937  946      0.820     -0.439      2.500 4
 942  945      0.821      0.433      2.500 4
 938  948      0.821      0.298      2.500 4
 940  949      0.822      0.179      2.500 4
 941  951      0.823     -0.079      2.500 4
 943  950      0.823     -0.229      2.500 4
 945  953      0.825      0.007      2.500 4
 946  952      0.827     -0.605      2.500 4
 947  954      0.828      0.403      2.500 4
 948  955      0.830     -0.589      2.500 4
 949  956      0.831      0.485      2.500 4
 951  957      0.837     -0.429      2.500 4
 950  959      0.837     -0.343      2.500 4
 953  958      0.838     -0.534      2.500 4
 952  962      0.838      0.180      2.500 4
 954  960      0.839     -0.593      2.500 4
 955  961      0.841      0.684      2.500 4
 956  963      0.849     -0.186      2.500 4
 957  967      0.854     -0.154      2.500 4
 958  968      0.854     -0.285      2.500 4
 959  966      0.854     -0.316      2.500 4
 961  964      0.854     -0.611      2.500 4
 960  965      0.855      0.350      2.500 4
 962  969      0.861     -0.841      2.500 4
 964  970      0.862     -0.857      2.500 4
 963  972      0.862     -0.493      2.500 4
 965  971      0.862     -0.802      2.500 4
 966  973      0.867     -0.883      2.500 4
 967  974      0.871      0.141      2.500 4
 968  975      0.873      0.339      2.500 4
 969  976      0.874     -0.898      2.500 4
 971  978      0.883      0.751      2.500 4
 970  977      0.883      0.694      2.500 4
 973  979      0.884      0.820      2.500 4
 972  980      0.883     -0.470      2.500 4
 974  981      0.885      0.578      2.500 4
 976  982      0.886     -0.748      2.500 4
 975  983      0.887     -0.191      2.500 4
 977  985      0.894      0.312      2.500 4
 978  984      0.893     -0.607      2.500 4
 979  986      0.896     -0.547      2.500 4
 981  987      0.898      0.653      2.500 4
 980  988      0.898     -0.026      2.500 4
 982  990      0.900     -0.284      2.500 4
 983  989      0.901      0.283      2.500 4
 984  991      0.901     -0.402      2.500 4
 985  993      0.907      0.072      2.500 4
  -1   -2      0.907      0.238      2.500 4
 987  994      0.908      0.230      2.500 4
 988  995      0.910      0.524      2.500 4
 989  996      0.911      0.445      2.500 4
 990  997      0.912     -0.769      2.500 4
 991  998      0.913      0.557      2.500 4
 992  999      0.914      0.793      2.500 4
 993 1000      0.913     -0.689      2.500 4
