1000
   1    0     -0.822     -0.493      2.500 4
   2    3     -0.822      0.529      2.500 4
  -1   -2     -0.822      0.538      2.500 4
   5    2     -0.821      0.385      2.500 4
   3    5     -0.821     -0.611      2.500 4
   4    4     -0.821     -0.124      2.500 4
   6    6     -0.815     -0.183      2.500 4
   7    7     -0.816      0.793      2.500 4
   9    8     -0.815     -0.080      2.500 4
   8    9     -0.815      0.138      2.500 4
  10   12     -0.814     -0.516      2.500 4
  11   11     -0.814     -0.734      2.500 4
  12   10     -0.814     -0.298      2.500 4
  14   13     -0.814      0.574      2.500 4
  13   14     -0.814      0.780      2.500 4
  15   15     -0.812     -0.885      2.500 4
  16   16     -0.811     -0.220      2.500 4
  17   17     -0.806      0.114      2.500 4
  18   18     -0.803      0.462      2.500 4
  20   19     -0.800     -0.158      2.500 4
  19   21     -0.800      0.620      2.500 4
  22   20     -0.799      0.354      2.500 4
  21   22     -0.797     -0.825      2.500 4
  23   23     -0.793      0.190      2.500 4
  25   25     -0.792      0.171      2.500 4
  26   24     -0.791     -0.162      2.500 4
  27   26     -0.791     -0.057      2.500 4
  24   28     -0.790     -0.825      2.500 4
  28   27     -0.788     -0.335      2.500 4
  30   29     -0.788      0.368      2.500 4
  29   30     -0.787      0.493      2.500 4
  31   31     -0.785      0.756      2.500 4
  32   32     -0.782     -0.500      2.500 4
  33   34     -0.781     -0.546      2.500 4
  36   33     -0.780     -0.175      2.500 4
  38   35     -0.780     -0.111      2.500 4
  37   36     -0.780     -0.310      2.500 4
  35   37     -0.779     -0.581      2.500 4
  34   38     -0.780      0.544      2.500 4
  39   40     -0.773      0.347      2.500 4
  41   39     -0.772      0.064      2.500 4
  40   41     -0.769     -0.808      2.500 4
  43   43     -0.761      0.435      2.500 4
  42   47     -0.761      0.733      2.500 4
  44   42     -0.761      0.221      2.500 4
  45   44     -0.760      0.268      2.500 4
  46   45     -0.758      0.011      2.500 4
  47   46     -0.757      0.061      2.500 4
  48   48     -0.756     -0.213      2.500 4
  50   49     -0.750      0.146      2.500 4
  51   50     -0.748      0.187      2.500 4
  53   51     -0.747      0.073      2.500 4
  49   53     -0.745     -0.752      2.500 4
  52   52     -0.744     -0.536      2.500 4
  -1   -2     -0.744      0.422      2.500 4
  54   55     -0.742      0.601      2.500 4
  57   54     -0.742      0.426      2.500 4
  55   57     -0.740     -0.814      2.500 4
  60   56     -0.739      0.409      2.500 4
  59   58     -0.738     -0.707      2.500 4
  58   60     -0.737     -0.898      2.500 4
  62   61     -0.734     -0.501      2.500 4
  64   59     -0.733     -0.385      2.500 4
  61   63     -0.734      0.650      2.500 4
  66   64     -0.730     -0.582      2.500 4
  63   65     -0.729     -0.749      2.500 4
  68   62     -0.729     -0.148      2.500 4
  65   66     -0.729      0.692      2.500 4
  67   71     -0.722     -0.833      2.500 4
  69   67     -0.722      0.236      2.500 4
  70   69     -0.721      0.385      2.500 4
  71   68     -0.720      0.285      2.500 4
  72   72     -0.719      0.347      2.500 4
  73   70     -0.717     -0.174      2.500 4
  75   73     -0.715     -0.361      2.500 4
  74   75     -0.712     -0.581      2.500 4
  76   -2     -0.710      0.484      2.500 4
  78   74     -0.708     -0.192      2.500 4
  -1   76     -0.707      0.480      2.500 4
  79   79     -0.701      0.419      2.500 4
  77   82     -0.700     -0.867      2.500 4
  80   77     -0.698     -0.251      2.500 4
  82   78     -0.698      0.060      2.500 4
  83   80     -0.694      0.002      2.500 4
  84   81     -0.693     -0.066      2.500 4
  81   85     -0.691     -0.721      2.500 4
  86   83     -0.690     -0.209      2.500 4
  88   84     -0.689     -0.153      2.500 4
  85   86     -0.687      0.451      2.500 4
  89   87     -0.683     -0.424      2.500 4
  87   90     -0.682     -0.762      2.500 4
  91   88     -0.675     -0.022      2.500 4
  90   89     -0.675      0.082      2.500 4
  92   91     -0.672     -0.127      2.500 4
  94   92     -0.669     -0.048      2.500 4
  96   93     -0.667      0.135      2.500 4
  99   94     -0.666      0.037      2.500 4
 101   95     -0.664     -0.103      2.500 4
  98   97     -0.663      0.337      2.500 4
  93  100     -0.663      0.602      2.500 4
 102   96     -0.661     -0.259      2.500 4
  97  101     -0.660      0.517      2.500 4
  95  103     -0.659     -0.703      2.500 4
 105   98     -0.656     -0.156      2.500 4
 100  105     -0.655     -0.790      2.500 4
 106   99     -0.655     -0.087      2.500 4
 109  102     -0.652      0.108      2.500 4
 103  110     -0.652      0.750      2.500 4
 107  106     -0.649     -0.899      2.500 4
 112  104     -0.649      0.047      2.500 4
 108  107     -0.649      0.367      2.500 4
 104  112     -0.648     -0.735      2.500 4
 110  108     -0.647      0.309      2.500 4
 113  109     -0.643      0.128      2.500 4
 114  111     -0.640      0.209      2.500 4
 111  115     -0.640      0.795      2.500 4
 115  116     -0.633     -0.488      2.500 4
 117  114     -0.633     -0.271      2.500 4
 118  113     -0.633     -0.163      2.500 4
 116  117     -0.631      0.358      2.500 4
 120  118     -0.628      0.381      2.500 4
 123  119     -0.624     -0.324      2.500 4
 119  123     -0.621     -0.890      2.500 4
 122  124     -0.617     -0.635      2.500 4
 121  126     -0.617      0.701      2.500 4
 126  120     -0.615     -0.333      2.500 4
 128  121     -0.612      0.031      2.500 4
 125  125     -0.612      0.380      2.500 4
 124  128     -0.612      0.498      2.500 4
 130  122     -0.609     -0.046      2.500 4
 127  127     -0.609      0.348      2.500 4
 132  129     -0.603     -0.208      2.500 4
 131  130     -0.598     -0.596      2.500 4
 129  134     -0.598      0.720      2.500 4
 134  131     -0.594      0.328      2.500 4
 135  132     -0.592      0.290      2.500 4
 136  133     -0.590     -0.434      2.500 4
 133  140     -0.590      0.646      2.500 4
 139  135     -0.587     -0.388      2.500 4
 138  136     -0.587     -0.407      2.500 4
 142  139     -0.582     -0.363      2.500 4
 143  137     -0.581     -0.245      2.500 4
 137  144     -0.581      0.682      2.500 4
 146  138     -0.580     -0.166      2.500 4
 140  146     -0.578      0.619      2.500 4
 144  142     -0.577      0.288      2.500 4
 149  141     -0.576     -0.077      2.500 4
 141  147     -0.575     -0.715      2.500 4
 151  143     -0.573     -0.221      2.500 4
 148  145     -0.572     -0.455      2.500 4
 145  149     -0.571      0.502      2.500 4
 150  148     -0.569      0.340      2.500 4
 147  155     -0.566      0.767      2.500 4
 153  152     -0.563      0.459      2.500 4
 152  154     -0.563      0.543      2.500 4
 154  153     -0.562      0.441      2.500 4
 156  150     -0.561      0.204      2.500 4
 160  151     -0.558      0.040      2.500 4
 155  158     -0.557     -0.645      2.500 4
 157  157     -0.556      0.366      2.500 4
 163  156     -0.551      0.017      2.500 4
  -1   -2     -0.550     -0.646      2.500 4
 159  162     -0.550      0.445      2.500 4
 161  161     -0.550      0.414      2.500 4
 166  159     -0.547     -0.165      2.500 4
 164  160     -0.546     -0.361      2.500 4
 162  167     -0.544      0.661      2.500 4
 169  164     -0.540      0.102      2.500 4
 165  169     -0.538      0.575      2.500 4
 172  166     -0.536     -0.257      2.500 4
 173  165     -0.535     -0.213      2.500 4
 171  168     -0.532     -0.429      2.500 4
 167  171     -0.531     -0.679      2.500 4
 168  172     -0.529      0.712      2.500 4
 170  174     -0.526      0.672      2.500 4
 178  170     -0.525      0.178      2.500 4
 174  177     -0.521      0.638      2.500 4
 177  175     -0.520      0.429      2.500 4
 175  179     -0.518     -0.645      2.500 4
 176  180     -0.515     -0.712      2.500 4
 188  173     -0.515     -0.201      2.500 4
 187  176     -0.512     -0.355      2.500 4
 191  178     -0.510     -0.298      2.500 4
 180  184     -0.510      0.687      2.500 4
 179  186     -0.510      0.758      2.500 4
 185  181     -0.509     -0.511      2.500 4
 181  185     -0.506     -0.673      2.500 4
 190  182     -0.506      0.358      2.500 4
 189  183     -0.506      0.427      2.500 4
 186  188     -0.506      0.552      2.500 4
 182  190     -0.504      0.750      2.500 4
 184  189     -0.504      0.656      2.500 4
 183  191     -0.502     -0.826      2.500 4
 193  195     -0.496      0.635      2.500 4
 197  187     -0.495     -0.177      2.500 4
 192  196     -0.494     -0.889      2.500 4
 194  198     -0.491      0.828      2.500 4
 203  192     -0.487      0.095      2.500 4
 195  203     -0.485     -0.768      2.500 4
 196  200     -0.486      0.521      2.500 4
 205  193     -0.485      0.145      2.500 4
 207  194     -0.483     -0.216      2.500 4
 198  199     -0.483      0.404      2.500 4
 200  204     -0.479     -0.562      2.500 4
 199  208     -0.478      0.508      2.500 4
 204  209     -0.476     -0.601      2.500 4
 206  205     -0.477      0.400      2.500 4
 208  202     -0.476     -0.392      2.500 4
 211  197     -0.476     -0.016      2.500 4
 201  210     -0.473      0.827      2.500 4
 213  201     -0.473      0.073      2.500 4
 202  211     -0.472     -0.815      2.500 4
 216  206     -0.469     -0.198      2.500 4
 209  215     -0.468      0.587      2.500 4
 219  207     -0.467      0.003      2.500 4
 215  214     -0.463      0.397      2.500 4
 212  217     -0.462     -0.660      2.500 4
 214  216     -0.462     -0.566      2.500 4
 210  221     -0.459     -0.904      2.500 4
 220  218     -0.457      0.370      2.500 4
 224  213     -0.456      0.126      2.500 4
 227  212     -0.456     -0.014      2.500 4
 218  223     -0.454      0.584      2.500 4
 228  219     -0.452      0.218      2.500 4
 217  225     -0.451      0.789      2.500 4
 225  222     -0.450      0.366      2.500 4
 221  224     -0.449      0.470      2.500 4
 226  226     -0.446      0.480      2.500 4
 222  227     -0.446      0.580      2.500 4
 232  220     -0.446      0.168      2.500 4
 223  232     -0.443      0.773      2.500 4
 229  230     -0.441      0.532      2.500 4
 234  228     -0.439      0.349      2.500 4
  -1   -2     -0.437      0.583      2.500 4
 235  229     -0.436     -0.490      2.500 4
 231  237     -0.435      0.594      2.500 4
 237  233     -0.432     -0.898      2.500 4
 233  240     -0.431      0.799      2.500 4
 236  241     -0.427     -0.777      2.500 4
 243  231     -0.428     -0.109      2.500 4
 239  238     -0.427     -0.453      2.500 4
 244  234     -0.424      0.010      2.500 4
 245  235     -0.424     -0.020      2.500 4
 238  246     -0.420      0.668      2.500 4
 240  243     -0.420      0.504      2.500 4
 248  239     -0.418     -0.087      2.500 4
 242  247     -0.414     -0.680      2.500 4
 241  249     -0.414      0.796      2.500 4
 247  245     -0.413     -0.468      2.500 4
 253  242     -0.410     -0.158      2.500 4
 255  244     -0.408     -0.202      2.500 4
 249  248     -0.407     -0.565      2.500 4
 246  250     -0.404     -0.901      2.500 4
 250  252     -0.401      0.615      2.500 4
 251  253     -0.401      0.633      2.500 4
 254  251     -0.399      0.476      2.500 4
 252  257     -0.396      0.684      2.500 4
 256  259     -0.393      0.640      2.500 4
 259  254     -0.393      0.329      2.500 4
 260  255     -0.391     -0.451      2.500 4
 258  260     -0.389     -0.684      2.500 4
 257  263     -0.386      0.776      2.500 4
 262  256     -0.386      0.203      2.500 4
 261  261     -0.384      0.474      2.500 4
 265  258     -0.379     -0.188      2.500 4
 269  262     -0.373     -0.063      2.500 4
 263  268     -0.369     -0.726      2.500 4
 268  265     -0.367      0.346      2.500 4
 273  264     -0.367     -0.026      2.500 4
 264  272     -0.364      0.823      2.500 4
 271  269     -0.362      0.365      2.500 4
 266  274     -0.362      0.730      2.500 4
 276  267     -0.360      0.236      2.500 4
 267  276     -0.358     -0.831      2.500 4
 279  266     -0.358     -0.107      2.500 4
 272  273     -0.357     -0.612      2.500 4
 270  277     -0.357      0.672      2.500 4
 278  270     -0.354     -0.383      2.500 4
 274  278     -0.351     -0.752      2.500 4
 275  279     -0.351      0.645      2.500 4
 281  275     -0.349      0.277      2.500 4
  -1  281     -0.348     -0.076      2.500 4
 277  286     -0.343     -0.771      2.500 4
 283  284     -0.342      0.486      2.500 4
 280  287     -0.341      0.597      2.500 4
 282  290     -0.337     -0.794      2.500 4
 287  280     -0.337     -0.193      2.500 4
 284  289     -0.336     -0.665      2.500 4
 285  294     -0.335     -0.075      2.500 4
 290  282     -0.335     -0.203      2.500 4
 286  291     -0.333      0.526      2.500 4
 292  285     -0.332     -0.235      2.500 4
 293  288     -0.328      0.125      2.500 4
 289  295     -0.325      0.517      2.500 4
 288  300     -0.322      0.743      2.500 4
 295  293     -0.322      0.318      2.500 4
 299  292     -0.321     -0.193      2.500 4
 294  296     -0.320      0.411      2.500 4
 296  297     -0.317     -0.587      2.500 4
 291   -2     -0.315     -0.073      2.500 4
 298  298     -0.315     -0.517      2.500 4
 297  299     -0.315      0.417      2.500 4
 304  301     -0.304     -0.069      2.500 4
 305  302     -0.302      0.113      2.500 4
 303  305     -0.300     -0.473      2.500 4
 307  304     -0.298     -0.329      2.500 4
 301  312     -0.298      0.712      2.500 4
 310  303     -0.297      0.043      2.500 4
 302  314     -0.296      0.620      2.500 4
 308  308     -0.295     -0.438      2.500 4
 312  306     -0.294     -0.272      2.500 4
 313  307     -0.292      0.099      2.500 4
 316  309     -0.289     -0.177      2.500 4
 306  317     -0.289      0.788      2.500 4
 314  313     -0.288     -0.402      2.500 4
 317  310     -0.287     -0.092      2.500 4
  -1   -2     -0.284     -0.024      2.500 4
 309  319     -0.283     -0.849      2.500 4
 311  320     -0.282     -0.830      2.500 4
 319  316     -0.280     -0.340      2.500 4
 322  315     -0.279     -0.019      2.500 4
 315  325     -0.277      0.832      2.500 4
 323  318     -0.275     -0.264      2.500 4
 320  323     -0.272     -0.580      2.500 4
 321  327     -0.268      0.581      2.500 4
 324  324     -0.267      0.272      2.500 4
 326  321     -0.265     -0.139      2.500 4
 325  326     -0.264      0.224      2.500 4
 328  322     -0.263     -0.131      2.500 4
 329  328     -0.253      0.320      2.500 4
 327  331     -0.250     -0.814      2.500 4
 330  330     -0.247     -0.643      2.500 4
 335  329     -0.246     -0.283      2.500 4
 331  332     -0.244      0.456      2.500 4
 333  333     -0.242     -0.608      2.500 4
 332  335     -0.240      0.592      2.500 4
 334  340     -0.236      0.815      2.500 4
  -1   -2     -0.233      0.097      2.500 4
 336  342     -0.231     -0.659      2.500 4
 338  339     -0.230      0.446      2.500 4
 337  343     -0.229     -0.637      2.500 4
 339  344     -0.229      0.478      2.500 4
 346  336     -0.228     -0.138      2.500 4
 342  345     -0.226      0.399      2.500 4
 348  337     -0.226     -0.098      2.500 4
 344  338     -0.226      0.240      2.500 4
 340  346     -0.226     -0.604      2.500 4
 349  341     -0.222      0.097      2.500 4
 343  349     -0.221      0.483      2.500 4
 350  348     -0.219      0.286      2.500 4
 347  352     -0.217      0.532      2.500 4
 352  347     -0.217      0.152      2.500 4
 345  355     -0.217      0.634      2.500 4
 353  350     -0.214     -0.296      2.500 4
 351  353     -0.213     -0.899      2.500 4
 355  351     -0.210      0.108      2.500 4
 358  354     -0.208      0.125      2.500 4
 356  357     -0.204     -0.496      2.500 4
 359  356     -0.201      0.058      2.500 4
 354  363     -0.201      0.814      2.500 4
 357  362     -0.199      0.587      2.500 4
 362  358     -0.198     -0.049      2.500 4
 361  359     -0.197      0.113      2.500 4
 366  360     -0.191     -0.167      2.500 4
 360  364     -0.190     -0.606      2.500 4
 367  361     -0.190     -0.086      2.500 4
 364  365     -0.187      0.375      2.500 4
 363  367     -0.185      0.628      2.500 4
 372  366     -0.181     -0.263      2.500 4
 365  369     -0.181      0.770      2.500 4
 368  368     -0.181      0.541      2.500 4
 369  372     -0.177      0.731      2.500 4
 370  373     -0.174      0.677      2.500 4
 373  370     -0.173      0.312      2.500 4
 374  371     -0.172     -0.463      2.500 4
 371  374     -0.172     -0.904      2.500 4
 376  375     -0.167     -0.585      2.500 4
 375  376     -0.166      0.697      2.500 4
 378  377     -0.161      0.466      2.500 4
 377  380     -0.160      0.531      2.500 4
 380  382     -0.158     -0.587      2.500 4
 381  378     -0.157     -0.435      2.500 4
 379  385     -0.157     -0.732      2.500 4
 383  381     -0.155     -0.374      2.500 4
 384  379     -0.155     -0.284      2.500 4
 385  384     -0.153     -0.355      2.500 4
 382  389     -0.152      0.582      2.500 4
 388  383     -0.151      0.022      2.500 4
 387  386     -0.149     -0.453      2.500 4
 386  390     -0.146     -0.670      2.500 4
 389  388     -0.146      0.139      2.500 4
 390  387     -0.145     -0.090      2.500 4
 391  392     -0.139     -0.562      2.500 4
 393  391     -0.139      0.354      2.500 4
 392  395     -0.136     -0.698      2.500 4
 394  394     -0.136      0.333      2.500 4
 397  393     -0.134     -0.303      2.500 4
 395  398     -0.132      0.603      2.500 4
 396  401     -0.131      0.563      2.500 4
 398  400     -0.128     -0.513      2.500 4
  -1   -2     -0.127     -0.505      2.500 4
 403  396     -0.127     -0.181      2.500 4
 407  397     -0.125     -0.096      2.500 4
 402  405     -0.125     -0.419      2.500 4
 409  399     -0.124     -0.150      2.500 4
 408  404     -0.124     -0.304      2.500 4
 411  403     -0.123     -0.075      2.500 4
 400  407     -0.122     -0.661      2.500 4
 401  408     -0.120      0.703      2.500 4
 405  409     -0.119      0.716      2.500 4
 404  411     -0.119      0.809      2.500 4
 406  410     -0.118     -0.786      2.500 4
 413  406     -0.118     -0.172      2.500 4
 410  412     -0.115     -0.840      2.500 4
 414  413     -0.112      0.438      2.500 4
 412  414     -0.111      0.653      2.500 4
 415  415     -0.109     -0.606      2.500 4
 418  416     -0.103      0.108      2.500 4
 416  419     -0.102     -0.792      2.500 4
 421  417     -0.100     -0.070      2.500 4
 417  418     -0.100     -0.506      2.500 4
 419  420     -0.098      0.375      2.500 4
  -1   -2     -0.098      0.368      2.500 4
 422  423     -0.087      0.669      2.500 4
 423  422     -0.085     -0.489      2.500 4
 425  424     -0.081      0.118      2.500 4
 424  425     -0.078      0.535      2.500 4
 427  426     -0.074      0.384      2.500 4
 426  428     -0.073      0.642      2.500 4
 428  427     -0.070      0.183      2.500 4
 429  429     -0.068      0.162      2.500 4
 430  430     -0.065     -0.278      2.500 4
 432  431     -0.064     -0.083      2.500 4
 433  432     -0.062     -0.338      2.500 4
 431  436     -0.060     -0.626      2.500 4
 434  433     -0.059     -0.246      2.500 4
 435  434     -0.059      0.143      2.500 4
 436  435     -0.058     -0.316      2.500 4
 437  437     -0.054     -0.387      2.500 4
 438  438     -0.052      0.490      2.500 4
 440  440     -0.051     -0.571      2.500 4
  -1   -2     -0.051      0.480      2.500 4
 441  441     -0.048      0.254      2.500 4
 442  442     -0.043      0.779      2.500 4
 443  443     -0.040     -0.520      2.500 4
 444  445     -0.040      0.389      2.500 4
 446  444     -0.038     -0.311      2.500 4
 445  446     -0.037      0.717      2.500 4
 447  448     -0.034      0.185      2.500 4
 448  447     -0.034     -0.219      2.500 4
 449  449     -0.030     -0.618      2.500 4
 450  450     -0.028      0.820      2.500 4
 451  453     -0.025      0.558      2.500 4
 454  451     -0.025     -0.024      2.500 4
 453  452     -0.024     -0.091      2.500 4
 452  455     -0.022     -0.653      2.500 4
 456  454     -0.022     -0.370      2.500 4
 455  456     -0.021     -0.558      2.500 4
 457  457     -0.020     -0.853      2.500 4
 458  458     -0.015     -0.863      2.500 4
 459  459     -0.013     -0.902      2.500 4
 461  460     -0.010     -0.468      2.500 4
 460  461     -0.010      0.464      2.500 4
 462  463     -0.009     -0.747      2.500 4
 463  464     -0.008      0.391      2.500 4
 465  462     -0.008     -0.050      2.500 4
 464  466     -0.007     -0.761      2.500 4
 466  465     -0.005      0.235      2.500 4
 468  467     -0.004     -0.276      2.500 4
 467  468     -0.004      0.665      2.500 4
 469  469     -0.000     -0.495      2.500 4
 470  470      0.002     -0.612      2.500 4
 471  471      0.002      0.449      2.500 4
 473  473      0.004     -0.898      2.500 4
 472  472      0.004     -0.526      2.500 4
 474  475      0.005     -0.676      2.500 4
 476  474      0.006     -0.092      2.500 4
 477  476      0.007      0.326      2.500 4
 475  477      0.007     -0.845      2.500 4
 478  480      0.008      0.772      2.500 4
 480  478      0.008      0.042      2.500 4
 479  479      0.008      0.022      2.500 4
 481  481      0.009     -0.131      2.500 4
 482  482      0.012      0.513      2.500 4
 483  484      0.013      0.665      2.500 4
 484  483      0.014      0.211      2.500 4
 486  485      0.015      0.366      2.500 4
 485  486      0.015     -0.799      2.500 4
 487  487      0.016     -0.524      2.500 4
 488  489      0.017      0.717      2.500 4
 489  488      0.017      0.066      2.500 4
 490  491      0.018      0.242      2.500 4
 491  490      0.019     -0.594      2.500 4
 492  492      0.019      0.793      2.500 4
 493  493      0.019     -0.335      2.500 4
 494  494      0.021      0.107      2.500 4
 495  495      0.023      0.144      2.500 4
 496  496      0.024     -0.009      2.500 4
 498  497      0.026     -0.495      2.500 4
 497  498      0.026     -0.680      2.500 4
 499  499      0.027     -0.572      2.500 4
 500  500      0.028      0.591      2.500 4
 501  501      0.029     -0.526      2.500 4
 502  502      0.031      0.256      2.500 4
  -1   -2      0.033     -0.568      2.500 4
 504  504      0.033     -0.719      2.500 4
 505  505      0.035     -0.651      2.500 4
 506  506      0.036     -0.672      2.500 4
 507  507      0.038      0.821      2.500 4
 508  508      0.040      0.027      2.500 4
 509  509      0.044     -0.298      2.500 4
 510  510      0.046     -0.462      2.500 4
 511  511      0.047      0.239      2.500 4
 512  512      0.052      0.041      2.500 4
 513  513      0.054     -0.163      2.500 4
 514  514      0.055     -0.137      2.500 4
 515  515      0.056     -0.412      2.500 4
 516  517      0.057     -0.259      2.500 4
 517  516      0.058      0.504      2.500 4
 518  518      0.060      0.122      2.500 4
 519  520      0.064      0.078      2.500 4
 521  519      0.065     -0.722      2.500 4
 520  522      0.066     -0.260      2.500 4
 522  521      0.068      0.690      2.500 4
 523  523      0.068      0.649      2.500 4
 525  524      0.071     -0.709      2.500 4
 524  526      0.073      0.164      2.500 4
 527  525      0.075      0.641      2.500 4
 528  527      0.076      0.518      2.500 4
 526  529      0.077     -0.027      2.500 4
 529  528      0.077      0.346      2.500 4
 531  530      0.084     -0.552      2.500 4
 530  531      0.084      0.308      2.500 4
 532  532      0.086     -0.472      2.500 4
 533  533      0.093      0.032      2.500 4
 534  534      0.101      0.370      2.500 4
 535  536      0.103     -0.356      2.500 4
 537  535      0.105     -0.703      2.500 4
 539  537      0.106     -0.775      2.500 4
 536  539      0.108      0.207      2.500 4
 540  538      0.108     -0.891      2.500 4
 538  540      0.109      0.178      2.500 4
 542  541      0.112     -0.456      2.500 4
  -1   -2      0.114      0.203      2.500 4
 541  543      0.114     -0.091      2.500 4
 543  544      0.114      0.029      2.500 4
 545  547      0.120     -0.229      2.500 4
 548  546      0.122     -0.476      2.500 4
 546  548      0.122      0.061      2.500 4
 547  549      0.123     -0.088      2.500 4
 551  545      0.123     -0.640      2.500 4
 549  552      0.126     -0.255      2.500 4
 550  555      0.127     -0.012      2.500 4
 557  550      0.130      0.746      2.500 4
 555  551      0.130      0.662      2.500 4
 556  553      0.131      0.619      2.500 4
 552  559      0.133     -0.240      2.500 4
 558  554      0.133     -0.863      2.500 4
 554  557      0.133      0.280      2.500 4
 553  560      0.134      0.038      2.500 4
 560  556      0.136     -0.819      2.500 4
 559  558      0.137      0.607      2.500 4
 561  563      0.144     -0.567      2.500 4
 563  561      0.145     -0.894      2.500 4
 567  562      0.147      0.790      2.500 4
 562  564      0.149      0.260      2.500 4
 571   -2      0.152     -0.543      2.500 4
 564  569      0.152      0.031      2.500 4
 565  571      0.153     -0.068      2.500 4
 566  570      0.153      0.099      2.500 4
  -1  565      0.154     -0.529      2.500 4
 568  572      0.155     -0.262      2.500 4
 572  566      0.155      0.491      2.500 4
 570  574      0.158     -0.048      2.500 4
 574  568      0.159     -0.848      2.500 4
 573  573      0.160     -0.599      2.500 4
 577  575      0.166      0.328      2.500 4
 575  576      0.167     -0.206      2.500 4
 576  577      0.169      0.055      2.500 4
 579  578      0.175     -0.669      2.500 4
 578  582      0.176      0.361      2.500 4
 582  579      0.178     -0.890      2.500 4
 583  580      0.179      0.724      2.500 4
 585  581      0.180     -0.831      2.500 4
 581  586      0.184      0.265      2.500 4
 580  588      0.184      0.132      2.500 4
  -1   -2      0.184     -0.538      2.500 4
 586  584      0.185     -0.498      2.500 4
 584  590      0.186     -0.356      2.500 4
 589  589      0.189     -0.546      2.500 4
 592  585      0.189      0.661      2.500 4
 588  595      0.191     -0.267      2.500 4
 598  587      0.191     -0.827      2.500 4
 595  593      0.194      0.428      2.500 4
 590  600      0.194      0.055      2.500 4
 591  601      0.194     -0.193      2.500 4
  -1   -2      0.195     -0.894      2.500 4
 601  594      0.196      0.490      2.500 4
 605  592      0.197      0.795      2.500 4
 599  597      0.197     -0.499      2.500 4
 597  602      0.197     -0.404      2.500 4
 594  604      0.197      0.161      2.500 4
 593  606      0.198      0.046      2.500 4
 596  605      0.199      0.143      2.500 4
 604  603      0.200     -0.515      2.500 4
 607  596      0.201     -0.898      2.500 4
 600  607      0.202     -0.129      2.500 4
 608  599      0.202      0.685      2.500 4
 609  598      0.203     -0.862      2.500 4
 602  609      0.204      0.012      2.500 4
 610  608      0.208      0.353      2.500 4
 606  613      0.210     -0.151      2.500 4
 611  614      0.214      0.100      2.500 4
 613  612      0.216     -0.549      2.500 4
 615  611      0.218     -0.673      2.500 4
 612  617      0.219     -0.252      2.500 4
 620  610      0.220      0.749      2.500 4
 616  616      0.222     -0.899      2.500 4
 614  620      0.226     -0.142      2.500 4
 622  615      0.228      0.742      2.500 4
 618  621      0.228      0.164      2.500 4
 617  622      0.228     -0.028      2.500 4
 621  619      0.228      0.286      2.500 4
 619  623      0.230     -0.054      2.500 4
 624  618      0.235     -0.869      2.500 4
 626  624      0.242      0.504      2.500 4
 623  626      0.242     -0.398      2.500 4
 625  630      0.245      0.354      2.500 4
 629  625      0.248      0.594      2.500 4
 628  629      0.248     -0.610      2.500 4
 631  627      0.250     -0.864      2.500 4
 632  628      0.251      0.720      2.500 4
 627  632      0.252     -0.282      2.500 4
 630  631      0.253     -0.635      2.500 4
 636  634      0.260     -0.562      2.500 4
 634  636      0.263     -0.442      2.500 4
 637  635      0.263      0.493      2.500 4
 633  640      0.263     -0.118      2.500 4
 639  633      0.264      0.800      2.500 4
 635  639      0.265     -0.308      2.500 4
 640  637      0.270      0.566      2.500 4
 641  638      0.271      0.613      2.500 4
 638  642      0.276      0.073      2.500 4
 646  641      0.278     -0.613      2.500 4
 642  643      0.280      0.239      2.500 4
 644  645      0.283      0.123      2.500 4
 643  647      0.284      0.008      2.500 4
 645  644      0.284     -0.350      2.500 4
 647  651      0.289     -0.006      2.500 4
 648  648      0.289      0.332      2.500 4
 651  646      0.292     -0.558      2.500 4
 650  649      0.292     -0.440      2.500 4
 649  655      0.297     -0.207      2.500 4
 661  650      0.300      0.590      2.500 4
 653  657      0.301      0.121      2.500 4
 652  660      0.301      0.067      2.500 4
 659  653      0.301      0.400      2.500 4
 658  654      0.302     -0.477      2.500 4
 654  659      0.302      0.193      2.500 4
 655  662      0.303      0.145      2.500 4
 656  664      0.306     -0.029      2.500 4
 665  652      0.306      0.820      2.500 4
 657  665      0.307      0.040      2.500 4
 664  658      0.308      0.453      2.500 4
 660  668      0.309      0.103      2.500 4
 663  667      0.310     -0.318      2.500 4
 667  656      0.311      0.640      2.500 4
 662  669      0.312      0.048      2.500 4
 666  663      0.313      0.411      2.500 4
 668  661      0.314     -0.784      2.500 4
 670  666      0.321      0.673      2.500 4
 669  673      0.326      0.301      2.500 4
 672  670      0.329     -0.808      2.500 4
 671  672      0.331      0.501      2.500 4
 676  671      0.333     -0.774      2.500 4
 675  675      0.338      0.429      2.500 4
 683  674      0.344      0.747      2.500 4
 680  676      0.344     -0.765      2.500 4
 673  683      0.344      0.007      2.500 4
 674  684      0.346      0.095      2.500 4
 684  678      0.346     -0.704      2.500 4
 687  677      0.346     -0.888      2.500 4
 681  679      0.347     -0.649      2.500 4
 679  682      0.348     -0.466      2.500 4
 686  680      0.348      0.545      2.500 4
 677  692      0.351     -0.148      2.500 4
 678  691      0.352     -0.223      2.500 4
  -1   -2      0.353     -0.806      2.500 4
 685  689      0.354     -0.412      2.500 4
 689  687      0.355      0.406      2.500 4
 690  686      0.355      0.419      2.500 4
 688  688      0.356      0.374      2.500 4
 682  694      0.358     -0.197      2.500 4
 698  685      0.359     -0.806      2.500 4
 695  690      0.361     -0.610      2.500 4
 696  693      0.362     -0.570      2.500 4
 693  695      0.365      0.329      2.500 4
 694  698      0.368      0.256      2.500 4
 692  700      0.369     -0.190      2.500 4
 701  696      0.370     -0.583      2.500 4
 702  697      0.371      0.502      2.500 4
 697  701      0.372     -0.108      2.500 4
 699  703      0.376     -0.002      2.500 4
 700  704      0.376      0.007      2.500 4
 706  699      0.379      0.607      2.500 4
 703  706      0.382      0.134      2.500 4
 704  711      0.386      0.086      2.500 4
 707  707      0.388      0.353      2.500 4
 712  702      0.388     -0.770      2.500 4
 709  709      0.390      0.400      2.500 4
 705  714      0.390     -0.111      2.500 4
 713  705      0.391      0.539      2.500 4
 708  712      0.392     -0.461      2.500 4
 717  708      0.396      0.681      2.500 4
 710  716      0.397     -0.284      2.500 4
 719  710      0.398      0.732      2.500 4
 715  713      0.400      0.431      2.500 4
 711  719      0.401     -0.154      2.500 4
 722  715      0.405     -0.760      2.500 4
 718  717      0.406      0.366      2.500 4
 716  720      0.406      0.243      2.500 4
 714  724      0.409     -0.016      2.500 4
 723  718      0.413     -0.714      2.500 4
 726  723      0.418     -0.649      2.500 4
 721  728      0.418     -0.161      2.500 4
 720  729      0.418      0.022      2.500 4
  -1   -2      0.420      0.689      2.500 4
 728  721      0.420     -0.904      2.500 4
 724  730      0.425     -0.333      2.500 4
 731  725      0.427      0.732      2.500 4
 729  726      0.429     -0.674      2.500 4
 725  733      0.430     -0.037      2.500 4
 737  727      0.432      0.688      2.500 4
 733  732      0.436     -0.524      2.500 4
 741  731      0.438     -0.873      2.500 4
 730  736      0.438      0.233      2.500 4
 738  734      0.439     -0.898      2.500 4
 736  737      0.441     -0.417      2.500 4
 732  743      0.443     -0.024      2.500 4
 739  739      0.444      0.320      2.500 4
 734  744      0.446     -0.148      2.500 4
 735  745      0.446     -0.160      2.500 4
 742  735      0.448     -0.706      2.500 4
 740  747      0.451     -0.205      2.500 4
 747   -2      0.451     -0.893      2.500 4
 744  738      0.451     -0.719      2.500 4
 745  741      0.453     -0.687      2.500 4
 749  740      0.455      0.712      2.500 4
 751  742      0.457      0.647      2.500 4
 743  746      0.457      0.338      2.500 4
 750  749      0.466     -0.389      2.500 4
 748  753      0.467      0.178      2.500 4
 746  754      0.467      0.062      2.500 4
 753  748      0.468      0.426      2.500 4
 752  757      0.473     -0.127      2.500 4
 757  751      0.476      0.518      2.500 4
 754  758      0.477      0.148      2.500 4
 758  750      0.477     -0.721      2.500 4
 760  752      0.478     -0.766      2.500 4
 759  755      0.480      0.573      2.500 4
 756  761      0.482      0.154      2.500 4
 755  762      0.482      0.035      2.500 4
 762  756      0.485     -0.822      2.500 4
 761  760      0.486     -0.550      2.500 4
 765  759      0.491      0.691      2.500 4
 763  766      0.495     -0.505      2.500 4
 767  763      0.500      0.831      2.500 4
 770  764      0.502      0.792      2.500 4
 764  771      0.502      0.217      2.500 4
 772  765      0.502     -0.885      2.500 4
 766  768      0.503     -0.652      2.500 4
 774  767      0.504      0.723      2.500 4
 771  769      0.506     -0.661      2.500 4
 769  770      0.507      0.450      2.500 4
 775  772      0.511     -0.539      2.500 4
 768  775      0.512      0.257      2.500 4
 773  774      0.513     -0.459      2.500 4
 777  776      0.516      0.332      2.500 4
 781  773      0.520      0.663      2.500 4
 776  779      0.521     -0.005      2.500 4
 780  777      0.523      0.469      2.500 4
 778  782      0.526     -0.128      2.500 4
 779  785      0.530      0.120      2.500 4
 783  778      0.530     -0.516      2.500 4
 782  790      0.537      0.002      2.500 4
 787  783      0.537     -0.595      2.500 4
 793  780      0.538      0.608      2.500 4
 791  781      0.538      0.529      2.500 4
 786  786      0.538     -0.502      2.500 4
 784  791      0.539     -0.215      2.500 4
 785  789      0.539     -0.359      2.500 4
 792  784      0.540     -0.627      2.500 4
 788  788      0.540     -0.509      2.500 4
 794  787      0.541      0.486      2.500 4
 789  793      0.547     -0.242      2.500 4
 795  792      0.548      0.345      2.500 4
 790  794      0.549     -0.197      2.500 4
 797  795      0.557      0.353      2.500 4
 796  798      0.562     -0.101      2.500 4
 798  797      0.565     -0.532      2.500 4
 801  796      0.569     -0.758      2.500 4
 799  803      0.573     -0.294      2.500 4
 805  799      0.577     -0.901      2.500 4
  -1   -2      0.580     -0.295      2.500 4
 806  800      0.580     -0.721      2.500 4
 804  804      0.582     -0.551      2.500 4
 809  801      0.585      0.774      2.500 4
 811  802      0.586      0.760      2.500 4
 802  812      0.586     -0.000      2.500 4
 803  813      0.588     -0.089      2.500 4
 807  816      0.592      0.182      2.500 4
 813  809      0.593     -0.527      2.500 4
 814  808      0.593     -0.569      2.500 4
 816  806      0.594     -0.824      2.500 4
 808  817      0.594     -0.145      2.500 4
 810  815      0.595      0.317      2.500 4
 815  810      0.595      0.497      2.500 4
 818  807      0.597      0.712      2.500 4
 817  811      0.598     -0.705      2.500 4
 812  820      0.600     -0.182      2.500 4
 823  814      0.603      0.694      2.500 4
 822  819      0.606      0.518      2.500 4
 825  818      0.609     -0.902      2.500 4
 821  822      0.610     -0.318      2.500 4
 820  825      0.612     -0.008      2.500 4
 819  824      0.612      0.003      2.500 4
 826  821      0.616      0.464      2.500 4
 824  823      0.616     -0.412      2.500 4
 830  826      0.633      0.579      2.500 4
 827  829      0.634      0.092      2.500 4
 829  827      0.636     -0.532      2.500 4
 828  832      0.639     -0.021      2.500 4
 832  828      0.642      0.582      2.500 4
 831  833      0.643      0.228      2.500 4
 835  831      0.649     -0.646      2.500 4
 840  830      0.652     -0.812      2.500 4
 833  839      0.652      0.143      2.500 4
 837  835      0.653      0.533      2.500 4
 834  838      0.653      0.323      2.500 4
 841  834      0.653      0.727      2.500 4
 843  836      0.657      0.644      2.500 4
 838  840      0.657     -0.898      2.500 4
 836  845      0.659     -0.211      2.500 4
 839  842      0.659      0.357      2.500 4
 848  837      0.660     -0.818      2.500 4
 851  841      0.663     -0.803      2.500 4
 845  846      0.665      0.351      2.500 4
 849  844      0.665     -0.595      2.500 4
 842  848      0.666      0.066      2.500 4
 844  851      0.668     -0.162      2.500 4
 855  843      0.668      0.778      2.500 4
 846  854      0.671      0.038      2.500 4
 854  847      0.671      0.506      2.500 4
 847  855      0.672     -0.188      2.500 4
 852  849      0.672      0.374      2.500 4
 850  856      0.673      0.056      2.500 4
 858  850      0.677      0.578      2.500 4
 853  858      0.677     -0.231      2.500 4
 857  853      0.679      0.474      2.500 4
 856  857      0.680     -0.407      2.500 4
 861  852      0.681      0.791      2.500 4
 862  859      0.687     -0.658      2.500 4
 859  861      0.688      0.170      2.500 4
 860  864      0.691      0.019      2.500 4
 864  860      0.691      0.615      2.500 4
 867  863      0.697     -0.614      2.500 4
 863  869      0.698     -0.132      2.500 4
 866  866      0.698     -0.464      2.500 4
 868  862      0.699     -0.815      2.500 4
 865  871      0.702     -0.194      2.500 4
 870  865      0.703      0.669      2.500 4
 871  868      0.704     -0.624      2.500 4
 873  867      0.706      0.573      2.500 4
 872  873      0.710     -0.329      2.500 4
 869  876      0.711      0.151      2.500 4
 877  870      0.711      0.614      2.500 4
 875  874      0.713     -0.409      2.500 4
 874  880      0.715      0.059      2.500 4
 879  872      0.715     -0.771      2.500 4
 876  881      0.719      0.027      2.500 4
 881  875      0.720      0.698      2.500 4
 882  877      0.720     -0.834      2.500 4
 878  883      0.722     -0.104      2.500 4
 883  879      0.723     -0.742      2.500 4
 884  878      0.723     -0.784      2.500 4
 880  884      0.726     -0.363      2.500 4
 889  882      0.732      0.723      2.500 4
 885  889      0.733     -0.007      2.500 4
 886  886      0.734      0.188      2.500 4
 890  885      0.736      0.563      2.500 4
 888  888      0.737      0.326      2.500 4
  -1   -2      0.738      0.197      2.500 4
 897  887      0.742     -0.779      2.500 4
 896  890      0.742     -0.717      2.500 4
 893  891      0.742     -0.572      2.500 4
  -1   -2      0.742     -0.583      2.500 4
 895  894      0.745      0.365      2.500 4
 891  899      0.747     -0.210      2.500 4
 892  901      0.748     -0.095      2.500 4
 899  896      0.750      0.527      2.500 4
 900  895      0.749     -0.780      2.500 4
 898  905      0.751     -0.020      2.500 4
 906  897      0.752     -0.848      2.500 4
 905  898      0.753     -0.701      2.500 4
 902  902      0.754      0.383      2.500 4
 901  904      0.755     -0.447      2.500 4
 903  903      0.755     -0.468      2.500 4
 907  900      0.756      0.655      2.500 4
 904  907      0.758     -0.261      2.500 4
 908  906      0.760      0.295      2.500 4
 909  908      0.762      0.266      2.500 4
 912  910      0.768      0.450      2.500 4
 910  912      0.768      0.144      2.500 4
 915  909      0.770      0.797      2.500 4
 911  917      0.771     -0.062      2.500 4
 914  913      0.772     -0.391      2.500 4
 918  911      0.774      0.707      2.500 4
 913  920      0.773     -0.028      2.500 4
 916  916      0.775      0.406      2.500 4
 919  915      0.777      0.623      2.500 4
 922  914      0.777     -0.854      2.500 4
 921  919      0.779     -0.696      2.500 4
 920  921      0.779      0.471      2.500 4
 917  922      0.779     -0.019      2.500 4
 923  918      0.780      0.741      2.500 4
 926  923      0.785     -0.454      2.500 4
 924  927      0.786     -0.270      2.500 4
 925  926      0.786      0.186      2.500 4
 928  924      0.790      0.524      2.500 4
 930  925      0.792      0.723      2.500 4
 927  929      0.792     -0.054      2.500 4
 929  931      0.795      0.272      2.500 4
 931  928      0.797      0.576      2.500 4
 932  930      0.799      0.781      2.500 4
 933  932      0.806      0.677      2.500 4
  -1   -2      0.809      0.545      2.500 4
 937  934      0.810      0.725      2.500 4
 934  937      0.811      0.217      2.500 4
 939  935      0.811     -0.711      2.500 4
 940  936      0.813      0.536      2.500 4
  -1   -2      0.815      0.225      2.500 4
 936  940      0.815     -0.073      2.500 4
 942  939      0.818      0.465      2.500 4
 941  941      0.819      0.101      2.500 4
 943  943      0.822     -0.471      2.500 4
 946  942      0.822     -0.634      2.500 4
 944  944      0.823      0.331      2.500 4
 945  948      0.825     -0.133      2.500 4
 949  946      0.827      0.437      2.500 4
 950  945      0.827     -0.619      2.500 4
 951  947      0.828      0.516      2.500 4
 948  949      0.829      0.205      2.500 4
 947  950      0.829     -0.013      2.500 4
 952  952      0.831     -0.248      2.500 4
 953  955      0.833     -0.081      2.500 4
 955  951      0.835      0.700      2.500 4
 954  956      0.835      0.016      2.500 4
 956  954      0.836     -0.566      2.500 4
 957  953      0.836     -0.624      2.500 4
 958  957      0.838     -0.461      2.500 4
 959  958      0.841     -0.372      2.500 4
 960  959      0.843      0.207      2.500 4
 961  960      0.851     -0.641      2.500 4
 962  964      0.855     -0.201      2.500 4
 963  962      0.855      0.385      2.500 4
 964  961      0.855     -0.850      2.500 4
 967  963      0.856     -0.864      2.500 4
 965  966      0.858     -0.343      2.500 4
 969  965      0.858     -0.815      2.500 4
 966  967      0.858     -0.309      2.500 4
 968  970      0.860     -0.165      2.500 4
 970  968      0.862     -0.527      2.500 4
 971  969      0.862     -0.886      2.500 4
 972  971      0.873      0.373      2.500 4
 973  973      0.874      0.165      2.500 4
 974  972      0.874     -0.898      2.500 4
 975  974      0.880      0.760      2.500 4
 976  975      0.880      0.710      2.500 4
 977  976      0.881      0.825      2.500 4
 979  977      0.883      0.605      2.500 4
 978  978      0.883     -0.503      2.500 4
 980  979      0.884     -0.768      2.500 4
 981  981      0.891     -0.207      2.500 4
 982  980      0.892     -0.638      2.500 4
 983  982      0.894      0.346      2.500 4
 984  983      0.895      0.673      2.500 4
 985  984      0.895     -0.581      2.500 4
 986  985      0.901      0.316      2.500 4
 988  986      0.901     -0.434      2.500 4
 987  988      0.903     -0.021      2.500 4
 989  987      0.903     -0.308      2.500 4
 990  989      0.908      0.555      2.500 4
  -1   -2      0.908      0.268      2.500 4
 994  990      0.909     -0.786      2.500 4
 992  992      0.910      0.260      2.500 4
 995  994      0.910      0.479      2.500 4
 996  993      0.911      0.798      2.500 4
 993  997      0.911      0.088      2.500 4
 997  995      0.911      0.585      2.500 4
 998  996      0.911     -0.715      2.500 4
