996
   1    0     -0.820     -0.140      2.500 4
   3    2     -0.819      0.588      2.500 4
  -1   -2     -0.819      0.595      2.500 4
   4    3     -0.818     -0.669      2.500 4
   5    4     -0.816     -0.213      2.500 4
   6    5     -0.815     -0.080      2.500 4
  -1   41     -0.816      0.793      2.500 4
   7    6     -0.815      0.356      2.500 4
   9    7     -0.815     -0.516      2.500 4
   8    8     -0.814     -0.734      2.500 4
  10    9     -0.814     -0.298      2.500 4
  11   10     -0.814      0.138      2.500 4
  12   11     -0.814      0.574      2.500 4
  13   12     -0.811     -0.259      2.500 4
  14   13     -0.808      0.159      2.500 4
  15   -2     -0.806      0.792      2.500 4
  17   14     -0.804     -0.184      2.500 4
  16   15     -0.803     -0.889      2.500 4
  19   16     -0.802      0.425      2.500 4
  18   17     -0.801      0.527      2.500 4
  20   18     -0.798     -0.055      2.500 4
  21   19     -0.798      0.250      2.500 4
  22   20     -0.797     -0.190      2.500 4
  23   21     -0.796      0.229      2.500 4
  24   22     -0.793     -0.397      2.500 4
  25   26     -0.791      0.663      2.500 4
  26   23     -0.791      0.439      2.500 4
  27   24     -0.789     -0.125      2.500 4
  28   25     -0.788     -0.207      2.500 4
  29   27     -0.786     -0.370      2.500 4
  31   28     -0.783     -0.567      2.500 4
  30   30     -0.783     -0.843      2.500 4
  33   29     -0.782      0.100      2.500 4
  32   31     -0.781      0.554      2.500 4
  34   32     -0.779     -0.609      2.500 4
  36   33     -0.776      0.419      2.500 4
  35   36     -0.774     -0.843      2.500 4
  37   35     -0.773     -0.640      2.500 4
  40   34     -0.772      0.032      2.500 4
  41   37     -0.770      0.096      2.500 4
  39   40     -0.770      0.598      2.500 4
  38   -2     -0.770      0.773      2.500 4
  42   38     -0.769      0.286      2.500 4
  43   39     -0.768     -0.253      2.500 4
  44   42     -0.766      0.337      2.500 4
  45   43     -0.762      0.199      2.500 4
  46   44     -0.762      0.111      2.500 4
  48   45     -0.759      0.247      2.500 4
  47   46     -0.757      0.500      2.500 4
  50   47     -0.749     -0.170      2.500 4
  49   48     -0.747     -0.829      2.500 4
  53   49     -0.740     -0.448      2.500 4
  52   51     -0.739     -0.597      2.500 4
  51   52     -0.740      0.754      2.500 4
  56   50     -0.738     -0.203      2.500 4
  54   53     -0.738      0.488      2.500 4
  55   54     -0.736      0.474      2.500 4
  58   55     -0.733      0.298      2.500 4
  57   57     -0.732     -0.564      2.500 4
  59   56     -0.730     -0.224      2.500 4
  60   58     -0.727      0.350      2.500 4
  62   59     -0.725     -0.420      2.500 4
  61   64     -0.723      0.644      2.500 4
  67   60     -0.722      0.091      2.500 4
  69   62     -0.722      0.020      2.500 4
  70   61     -0.722     -0.066      2.500 4
  63   68     -0.721     -0.783      2.500 4
  65   65     -0.720      0.412      2.500 4
  64   67     -0.719     -0.637      2.500 4
  71   63     -0.719     -0.294      2.500 4
  68   69     -0.719      0.449      2.500 4
  66   71     -0.716     -0.746      2.500 4
  73   66     -0.716     -0.176      2.500 4
  76   70     -0.715     -0.243      2.500 4
  72   74     -0.710     -0.833      2.500 4
  75   76     -0.710      0.685      2.500 4
  74   77     -0.708     -0.898      2.500 4
  79   72     -0.707     -0.012      2.500 4
  81   73     -0.703     -0.143      2.500 4
  83   75     -0.702     -0.045      2.500 4
  77   82     -0.701     -0.780      2.500 4
  82   78     -0.702      0.116      2.500 4
  78   83     -0.702      0.719      2.500 4
  80   81     -0.700     -0.635      2.500 4
  87   79     -0.698     -0.112      2.500 4
  88   80     -0.697      0.061      2.500 4
  86   88     -0.695      0.537      2.500 4
  85   87     -0.695      0.478      2.500 4
  90   84     -0.692      0.178      2.500 4
  92   85     -0.691     -0.092      2.500 4
  93   86     -0.690     -0.177      2.500 4
  91   90     -0.688     -0.481      2.500 4
  89   93     -0.687     -0.847      2.500 4
  94   89     -0.686     -0.299      2.500 4
  95   91     -0.683      0.073      2.500 4
  96   92     -0.682      0.145      2.500 4
  97   96     -0.675      0.507      2.500 4
  98   94     -0.672      0.167      2.500 4
 100   95     -0.670     -0.184      2.500 4
  99   97     -0.666      0.394      2.500 4
 104   98     -0.661     -0.309      2.500 4
 103   99     -0.661      0.257      2.500 4
 101  104     -0.659     -0.874      2.500 4
 102  103     -0.658     -0.754      2.500 4
 105  102     -0.654      0.363      2.500 4
 108  101     -0.653      0.050      2.500 4
 109  100     -0.653     -0.042      2.500 4
 106  105     -0.649     -0.899      2.500 4
 110  107     -0.647      0.421      2.500 4
 111  106     -0.646     -0.367      2.500 4
 107  110     -0.644     -0.788      2.500 4
 113  108     -0.641     -0.234      2.500 4
 112  111     -0.638      0.563      2.500 4
 114  109     -0.637     -0.374      2.500 4
 115  116     -0.631      0.638      2.500 4
 117  113     -0.631      0.409      2.500 4
 116  114     -0.630     -0.536      2.500 4
 120  112     -0.625     -0.079      2.500 4
 118  119     -0.624     -0.735      2.500 4
 121  115     -0.624     -0.182      2.500 4
 119  118     -0.624      0.431      2.500 4
 123  117     -0.619     -0.272      2.500 4
 128  120     -0.613     -0.245      2.500 4
 126  122     -0.611      0.395      2.500 4
 122  128     -0.609     -0.809      2.500 4
 127  123     -0.609      0.427      2.500 4
 124  130     -0.607     -0.762      2.500 4
 125  131     -0.607      0.763      2.500 4
 131  121     -0.606      0.056      2.500 4
 129  125     -0.605      0.333      2.500 4
 130  127     -0.603     -0.428      2.500 4
 132  126     -0.602     -0.400      2.500 4
 137  124     -0.602      0.029      2.500 4
 133  133     -0.600      0.372      2.500 4
 134  132     -0.599     -0.448      2.500 4
 136  134     -0.598     -0.475      2.500 4
 140  129     -0.596     -0.179      2.500 4
 135  139     -0.592      0.802      2.500 4
 141  136     -0.590      0.328      2.500 4
 142  135     -0.590      0.238      2.500 4
 138  140     -0.588     -0.670      2.500 4
 139  141     -0.588      0.537      2.500 4
 143  137     -0.585      0.124      2.500 4
 146  138     -0.581     -0.231      2.500 4
 150  142     -0.577     -0.280      2.500 4
 145  143     -0.576     -0.492      2.500 4
 144  146     -0.574     -0.631      2.500 4
 149  144     -0.574      0.378      2.500 4
 151  145     -0.569     -0.391      2.500 4
 147  149     -0.569      0.718      2.500 4
 148  150     -0.567     -0.892      2.500 4
 152  147     -0.564     -0.216      2.500 4
 153  148     -0.561      0.204      2.500 4
 154  151     -0.555      0.402      2.500 4
 162  152     -0.548     -0.187      2.500 4
 157  155     -0.547      0.475      2.500 4
 161  153     -0.546     -0.319      2.500 4
 155  162     -0.546      0.733      2.500 4
 158  160     -0.545      0.534      2.500 4
 159  159     -0.544      0.492      2.500 4
 160  154     -0.543     -0.457      2.500 4
 156  164     -0.543      0.667      2.500 4
 163  163     -0.540      0.446      2.500 4
 168  158     -0.538     -0.379      2.500 4
 170  156     -0.537      0.109      2.500 4
 171  157     -0.535     -0.012      2.500 4
 172  161     -0.534     -0.228      2.500 4
 166  168     -0.534      0.475      2.500 4
 164  170     -0.534      0.641      2.500 4
 165  173     -0.531      0.698      2.500 4
 167  174     -0.529     -0.736      2.500 4
 174  165     -0.530      0.162      2.500 4
 169  171     -0.529      0.569      2.500 4
 177  166     -0.527      0.008      2.500 4
 176  167     -0.526      0.084      2.500 4
 173  175     -0.523     -0.669      2.500 4
 178  169     -0.522     -0.207      2.500 4
 180  172     -0.517     -0.010      2.500 4
  -1   -2     -0.515     -0.669      2.500 4
 182  178     -0.508      0.382      2.500 4
 179  181     -0.508      0.773      2.500 4
 181  179     -0.507      0.455      2.500 4
 185  176     -0.505      0.138      2.500 4
 183  180     -0.503     -0.532      2.500 4
 188  182     -0.497     -0.408      2.500 4
 184  187     -0.497      0.594      2.500 4
 187  188     -0.493      0.449      2.500 4
 186  191     -0.492      0.675      2.500 4
 192  183     -0.490     -0.110      2.500 4
 189  192     -0.488     -0.696      2.500 4
 191  185     -0.488      0.180      2.500 4
 194  184     -0.486     -0.018      2.500 4
 196  186     -0.486      0.013      2.500 4
 193  190     -0.486      0.231      2.500 4
 190  194     -0.482     -0.661      2.500 4
 200  189     -0.482     -0.086      2.500 4
 198  195     -0.476      0.421      2.500 4
 195  198     -0.472      0.683      2.500 4
 197  200     -0.471      0.719      2.500 4
 206  193     -0.470     -0.160      2.500 4
 199  199     -0.471      0.651      2.500 4
 203  197     -0.470      0.415      2.500 4
 202  201     -0.468      0.567      2.500 4
 201  202     -0.466     -0.724      2.500 4
 204  203     -0.464     -0.686      2.500 4
 212  196     -0.463     -0.205      2.500 4
 205  204     -0.461     -0.575      2.500 4
 209  205     -0.458      0.382      2.500 4
 208  206     -0.457      0.410      2.500 4
 210  208     -0.453      0.533      2.500 4
 207  211     -0.453      0.695      2.500 4
 216  207     -0.452      0.377      2.500 4
 211  215     -0.450      0.664      2.500 4
 214  209     -0.449     -0.611      2.500 4
 215  214     -0.448      0.520      2.500 4
 213  217     -0.447      0.761      2.500 4
 221  210     -0.445      0.357      2.500 4
 217  219     -0.444      0.643      2.500 4
 219  216     -0.443     -0.575      2.500 4
 218  222     -0.441      0.753      2.500 4
 227  213     -0.437     -0.187      2.500 4
 228  212     -0.437     -0.062      2.500 4
 222  221     -0.437     -0.495      2.500 4
 220  226     -0.436     -0.832      2.500 4
 223  220     -0.436     -0.457      2.500 4
  -1  223     -0.432     -0.899      2.500 4
 232  218     -0.431     -0.026      2.500 4
 226  227     -0.428      0.477      2.500 4
  -1  233     -0.426     -0.892      2.500 4
 224  232     -0.427      0.828      2.500 4
 225  231     -0.426     -0.774      2.500 4
 233  225     -0.425      0.202      2.500 4
 229  235     -0.423      0.593      2.500 4
 230  234     -0.422     -0.665      2.500 4
 231  230     -0.422      0.486      2.500 4
 238  224     -0.421     -0.105      2.500 4
 234  228     -0.419     -0.468      2.500 4
  -1  236     -0.411     -0.074      2.500 4
 236  238     -0.410      0.588      2.500 4
 235  242     -0.408      0.826      2.500 4
 237  243     -0.407     -0.819      2.500 4
 239  240     -0.407      0.535      2.500 4
 242  237     -0.405      0.327      2.500 4
 240  245     -0.403      0.582      2.500 4
 243  239     -0.401     -0.447      2.500 4
 241  252     -0.398     -0.074      2.500 4
 251  241     -0.394     -0.187      2.500 4
  -1   -2     -0.394      0.583      2.500 4
 250  246     -0.393      0.230      2.500 4
 245  250     -0.392      0.503      2.500 4
 248  249     -0.390     -0.561      2.500 4
 253  244     -0.390     -0.197      2.500 4
 246  256     -0.389      0.594      2.500 4
  -1   -2     -0.386     -0.229      2.500 4
 247  258     -0.385      0.788      2.500 4
 256  248     -0.382     -0.225      2.500 4
 257  255     -0.380     -0.372      2.500 4
 260  253     -0.379      0.117      2.500 4
 249   -2     -0.378     -0.072      2.500 4
 264  254     -0.377     -0.186      2.500 4
 254  260     -0.377      0.470      2.500 4
 252  262     -0.377      0.772      2.500 4
 259  257     -0.376      0.337      2.500 4
 262  259     -0.374      0.266      2.500 4
 255  264     -0.372     -0.675      2.500 4
 258  267     -0.368     -0.776      2.500 4
 266  263     -0.367      0.354      2.500 4
 269  261     -0.365     -0.068      2.500 4
 261  270     -0.364      0.797      2.500 4
 267  266     -0.364      0.466      2.500 4
 263  269     -0.364      0.665      2.500 4
 273  265     -0.355      0.037      2.500 4
 275  268     -0.353      0.103      2.500 4
 268  275     -0.353      0.609      2.500 4
 270  278     -0.350      0.627      2.500 4
 278  271     -0.347     -0.088      2.500 4
 272  279     -0.347     -0.676      2.500 4
 271  282     -0.347      0.793      2.500 4
 279  273     -0.345      0.088      2.500 4
 280  274     -0.344     -0.167      2.500 4
  -1   -2     -0.344     -0.026      2.500 4
 274  283     -0.341      0.633      2.500 4
 284  277     -0.339     -0.256      2.500 4
 277  284     -0.339      0.678      2.500 4
 285  276     -0.338     -0.021      2.500 4
 282  280     -0.338      0.299      2.500 4
 276  285     -0.337     -0.904      2.500 4
 286  281     -0.334     -0.311      2.500 4
 283  287     -0.331     -0.597      2.500 4
 292  286     -0.321     -0.131      2.500 4
 287  295     -0.321      0.772      2.500 4
 288  293     -0.320     -0.715      2.500 4
 289  290     -0.320      0.468      2.500 4
 293  288     -0.320     -0.124      2.500 4
 291  289     -0.320     -0.246      2.500 4
 290  292     -0.316      0.388      2.500 4
 296  291     -0.313     -0.317      2.500 4
 294  297     -0.312     -0.493      2.500 4
 300  294     -0.310     -0.376      2.500 4
 298  296     -0.309     -0.412      2.500 4
 295  298     -0.310      0.393      2.500 4
 302  299     -0.307     -0.447      2.500 4
 301  301     -0.304      0.506      2.500 4
 297  304     -0.302      0.661      2.500 4
 306  302     -0.301     -0.646      2.500 4
 299  310     -0.301      0.723      2.500 4
 304  307     -0.300      0.632      2.500 4
 303  308     -0.300     -0.740      2.500 4
 309  303     -0.299     -0.563      2.500 4
 308  309     -0.299      0.580      2.500 4
 310  305     -0.298      0.495      2.500 4
 305  313     -0.298      0.820      2.500 4
 307  312     -0.297     -0.825      2.500 4
 312  300     -0.296      0.200      2.500 4
 314  306     -0.291      0.245      2.500 4
 311  317     -0.290     -0.758      2.500 4
 315  311     -0.286     -0.260      2.500 4
 313  318     -0.281     -0.783      2.500 4
 317  314     -0.280     -0.128      2.500 4
 316  315     -0.280      0.080      2.500 4
 318  316     -0.280     -0.093      2.500 4
 321  319     -0.268      0.079      2.500 4
 320  320     -0.268      0.287      2.500 4
 319  325     -0.263      0.735      2.500 4
 322  324     -0.257     -0.547      2.500 4
 324  321     -0.256      0.127      2.500 4
 326  323     -0.254      0.208      2.500 4
 327  322     -0.253      0.087      2.500 4
 323  330     -0.253      0.599      2.500 4
 328  327     -0.249     -0.267      2.500 4
 329  326     -0.249      0.102      2.500 4
 330  329     -0.248      0.043      2.500 4
 331  328     -0.247     -0.050      2.500 4
 325  335     -0.244      0.699      2.500 4
 334  334     -0.239      0.249      2.500 4
 339  331     -0.238     -0.082      2.500 4
 338  332     -0.238      0.091      2.500 4
 340  333     -0.236     -0.151      2.500 4
 332  337     -0.234      0.552      2.500 4
 337  336     -0.233      0.418      2.500 4
 333  339     -0.230      0.783      2.500 4
 335  340     -0.228     -0.817      2.500 4
 336  343     -0.228     -0.838      2.500 4
 342  338     -0.226      0.358      2.500 4
 343  341     -0.223     -0.571      2.500 4
 344  345     -0.222     -0.608      2.500 4
 345  344     -0.222      0.405      2.500 4
 341  348     -0.219      0.828      2.500 4
 348  342     -0.217     -0.234      2.500 4
 346  347     -0.214      0.438      2.500 4
 347  346     -0.213     -0.899      2.500 4
 349  350     -0.209     -0.563      2.500 4
 355  349     -0.207     -0.451      2.500 4
 351  352     -0.207     -0.598      2.500 4
 350  353     -0.207      0.560      2.500 4
 352  351     -0.206      0.441      2.500 4
 353  354     -0.205     -0.622      2.500 4
 354  356     -0.202     -0.797      2.500 4
 356  357     -0.195      0.492      2.500 4
 359  355     -0.191      0.010      2.500 4
 357  358     -0.191      0.328      2.500 4
 360  360     -0.187      0.266      2.500 4
 363  359     -0.185     -0.084      2.500 4
 362  361     -0.184     -0.249      2.500 4
 358  364     -0.184      0.811      2.500 4
 361  367     -0.181      0.603      2.500 4
 364  362     -0.180     -0.414      2.500 4
 367  363     -0.177      0.108      2.500 4
 365  368     -0.175     -0.560      2.500 4
 368  366     -0.175     -0.329      2.500 4
 369  365     -0.174     -0.312      2.500 4
 366  370     -0.171      0.549      2.500 4
 370  369     -0.169     -0.386      2.500 4
 376  371     -0.162     -0.089      2.500 4
 378  372     -0.160     -0.160      2.500 4
 371  377     -0.160      0.496      2.500 4
 377  375     -0.159     -0.264      2.500 4
 380  373     -0.158     -0.071      2.500 4
 379  374     -0.158     -0.134      2.500 4
 375  376     -0.158     -0.402      2.500 4
 373  378     -0.157     -0.534      2.500 4
 372  383     -0.155      0.809      2.500 4
 374  382     -0.154      0.593      2.500 4
 381  381     -0.151      0.415      2.500 4
 383  379     -0.150     -0.151      2.500 4
 382  384     -0.148     -0.536      2.500 4
 386  380     -0.147     -0.264      2.500 4
 387  386     -0.145      0.301      2.500 4
 388  385     -0.145      0.281      2.500 4
 384  387     -0.143      0.483      2.500 4
 385  391     -0.140      0.760      2.500 4
 389  389     -0.139      0.648      2.500 4
 390  393     -0.138      0.713      2.500 4
 392  388     -0.137     -0.367      2.500 4
 394  394     -0.133     -0.507      2.500 4
 400  390     -0.131     -0.068      2.500 4
 391  400     -0.131     -0.899      2.500 4
 393  398     -0.131      0.672      2.500 4
 396  397     -0.130      0.538      2.500 4
 395  399     -0.129     -0.694      2.500 4
 401  392     -0.129      0.079      2.500 4
 399  396     -0.129     -0.457      2.500 4
  -1   -2     -0.129     -0.449      2.500 4
 397  401     -0.127     -0.623      2.500 4
 402  402     -0.115     -0.653      2.500 4
 403  403     -0.113      0.515      2.500 4
 404  405     -0.110      0.560      2.500 4
 405  404     -0.108      0.380      2.500 4
 406  406     -0.106     -0.610      2.500 4
 411  407     -0.102      0.086      2.500 4
 407  409     -0.101     -0.447      2.500 4
  -1  410     -0.101      0.309      2.500 4
 408   -2     -0.100      0.316      2.500 4
 409  411     -0.099     -0.550      2.500 4
 413  412     -0.093     -0.754      2.500 4
 412  413     -0.093      0.676      2.500 4
 414  417     -0.091      0.692      2.500 4
 416  419     -0.088      0.616      2.500 4
 415  420     -0.088      0.803      2.500 4
 418  415     -0.087     -0.429      2.500 4
 417  421     -0.087     -0.820      2.500 4
 419  416     -0.086      0.140      2.500 4
 420  414     -0.085     -0.078      2.500 4
 421  418     -0.085      0.122      2.500 4
 423  422     -0.080     -0.238      2.500 4
 422  426     -0.078     -0.760      2.500 4
 425  423     -0.076     -0.210      2.500 4
 424  427     -0.075      0.322      2.500 4
 427  424     -0.075      0.105      2.500 4
 426  425     -0.074     -0.289      2.500 4
 428  428     -0.071     -0.269      2.500 4
 430  429     -0.067      0.479      2.500 4
 429  430     -0.067      0.634      2.500 4
 431  431     -0.062     -0.332      2.500 4
 433  432     -0.057      0.200      2.500 4
 432  433     -0.056      0.601      2.500 4
 434  434     -0.053     -0.567      2.500 4
 437  435     -0.048     -0.264      2.500 4
 435  436     -0.047     -0.508      2.500 4
 436  438     -0.047      0.428      2.500 4
  -1   -2     -0.046      0.419      2.500 4
 439  437     -0.045     -0.187      2.500 4
 440  440     -0.043      0.139      2.500 4
 441  441     -0.040      0.325      2.500 4
 442  442     -0.039     -0.455      2.500 4
 443  443     -0.036     -0.031      2.500 4
 444  444     -0.036     -0.084      2.500 4
 445  446     -0.028      0.769      2.500 4
 446  445     -0.027     -0.315      2.500 4
 448  447     -0.025     -0.557      2.500 4
 447  448     -0.024      0.691      2.500 4
 449  449     -0.019     -0.493      2.500 4
 450  450     -0.019      0.502      2.500 4
 451  451     -0.017     -0.595      2.500 4
 452  453     -0.016      0.814      2.500 4
 453  452     -0.015     -0.051      2.500 4
 455  454     -0.011     -0.405      2.500 4
 454  457     -0.010     -0.832      2.500 4
 456  455     -0.009      0.182      2.500 4
 458  456     -0.009     -0.234      2.500 4
 457  459     -0.008      0.399      2.500 4
 459  458     -0.008      0.326      2.500 4
 460  460     -0.006     -0.846      2.500 4
 461  461     -0.004     -0.895      2.500 4
 462  462     -0.003     -0.702      2.500 4
 463  463     -0.001     -0.719      2.500 4
 464  464      0.000     -0.430      2.500 4
 465  466      0.001      0.626      2.500 4
 466  465      0.002     -0.085      2.500 4
 467  467      0.003      0.384      2.500 4
 469  468      0.004     -0.899      2.500 4
 468  469      0.004     -0.549      2.500 4
 470  471      0.005     -0.460      2.500 4
 472  472      0.005      0.005      2.500 4
 471  470      0.005      0.021      2.500 4
 473  473      0.007     -0.116      2.500 4
 474  474      0.007      0.264      2.500 4
 475  475      0.008     -0.619      2.500 4
 476  476      0.011     -0.822      2.500 4
 477  477      0.012      0.760      2.500 4
 478  478      0.013      0.160      2.500 4
 479  479      0.014      0.451      2.500 4
 480  480      0.015      0.301      2.500 4
 481  481      0.016      0.627      2.500 4
 483  482      0.017      0.041      2.500 4
 482  483      0.017     -0.458      2.500 4
 484  484      0.018     -0.765      2.500 4
 485  485      0.019      0.187      2.500 4
 486  486      0.019      0.690      2.500 4
 487  487      0.020     -0.283      2.500 4
 488  488      0.020     -0.530      2.500 4
 489  489      0.020      0.786      2.500 4
 490  490      0.021      0.074      2.500 4
 491  491      0.024      0.104      2.500 4
 492  492      0.025     -0.019      2.500 4
 493  493      0.026     -0.624      2.500 4
 494  494      0.027     -0.429      2.500 4
 495  495      0.027     -0.507      2.500 4
 496  496      0.029      0.539      2.500 4
 497  497      0.030     -0.460      2.500 4
 498  498      0.033     -0.669      2.500 4
  -1   -2      0.033     -0.503      2.500 4
 499  500      0.033      0.200      2.500 4
 501  501      0.035     -0.592      2.500 4
 502  502      0.035     -0.614      2.500 4
 503  503      0.036      0.815      2.500 4
 504  504      0.045      0.009      2.500 4
 505  505      0.048     -0.398      2.500 4
 506  506      0.049     -0.252      2.500 4
 507  507      0.052      0.185      2.500 4
 508  508      0.056      0.442      2.500 4
 511  509      0.059     -0.673      2.500 4
 509  513      0.060      0.021      2.500 4
 512  510      0.060      0.657      2.500 4
 510  512      0.060     -0.352      2.500 4
 515  511      0.062      0.607      2.500 4
 513  514      0.062     -0.141      2.500 4
 514  515      0.063     -0.121      2.500 4
 516  517      0.064     -0.219      2.500 4
 517  516      0.065     -0.658      2.500 4
 519  518      0.067      0.598      2.500 4
 518  519      0.069      0.086      2.500 4
 520  520      0.073      0.457      2.500 4
 521  521      0.075      0.051      2.500 4
 522  522      0.075     -0.221      2.500 4
 523  523      0.081      0.284      2.500 4
 524  525      0.083      0.122      2.500 4
 525  524      0.084     -0.488      2.500 4
 526  527      0.090     -0.409      2.500 4
 527  529      0.091      0.248      2.500 4
 529  526      0.091     -0.882      2.500 4
 528  531      0.092     -0.033      2.500 4
 530  528      0.093     -0.737      2.500 4
 531  530      0.095     -0.652      2.500 4
 532  532      0.104      0.308      2.500 4
 534  533      0.109      0.728      2.500 4
 536  534      0.111     -0.847      2.500 4
 533  539      0.112      0.014      2.500 4
 537  535      0.112      0.625      2.500 4
 538  538      0.115     -0.582      2.500 4
 535  540      0.115     -0.304      2.500 4
 541  536      0.115     -0.792      2.500 4
 539  537      0.115      0.575      2.500 4
 540  543      0.118     -0.396      2.500 4
 544  541      0.120     -0.886      2.500 4
 546  542      0.121      0.783      2.500 4
 545  544      0.122      0.561      2.500 4
 542  545      0.122      0.160      2.500 4
 543  546      0.125      0.135      2.500 4
 547  547      0.127     -0.415      2.500 4
  -1   -2      0.130      0.156      2.500 4
 551  548      0.132     -0.829      2.500 4
 549  551      0.138      0.013      2.500 4
 550  552      0.139     -0.084      2.500 4
 553  550      0.141     -0.507      2.500 4
 552  554      0.143     -0.196      2.500 4
 555  558      0.146      0.226      2.500 4
 554  559      0.147      0.038      2.500 4
 559  553      0.147     -0.882      2.500 4
 556  560      0.147     -0.219      2.500 4
 558  557      0.148      0.434      2.500 4
 557  563      0.149     -0.082      2.500 4
 562  555      0.150      0.702      2.500 4
 565  556      0.150     -0.809      2.500 4
 561  561      0.151     -0.484      2.500 4
 564  562      0.153     -0.542      2.500 4
 560  569      0.154     -0.021      2.500 4
 566  564      0.155     -0.470      2.500 4
 563  571      0.157     -0.206      2.500 4
 568  568      0.159     -0.619      2.500 4
 570  566      0.160     -0.803      2.500 4
 571  565      0.160     -0.887      2.500 4
 572  567      0.161      0.789      2.500 4
 573  570      0.162      0.628      2.500 4
 567  574      0.163      0.021      2.500 4
 574  572      0.165     -0.891      2.500 4
 569  576      0.166      0.209      2.500 4
 575  573      0.168     -0.847      2.500 4
 576  575      0.171      0.657      2.500 4
 577  578      0.177      0.273      2.500 4
 578  582      0.181     -0.226      2.500 4
 584  577      0.182      0.734      2.500 4
 579  584      0.182      0.071      2.500 4
 581  581      0.183      0.306      2.500 4
  -1   -2      0.183     -0.482      2.500 4
 580  587      0.185      0.014      2.500 4
 586  583      0.186      0.438      2.500 4
 585  585      0.186     -0.491      2.500 4
 582  589      0.187     -0.066      2.500 4
 590  580      0.189      0.726      2.500 4
 588  588      0.189     -0.443      2.500 4
 589  590      0.193      0.374      2.500 4
 587  592      0.193     -0.049      2.500 4
 592  586      0.193     -0.857      2.500 4
 594  591      0.197     -0.627      2.500 4
 591  596      0.200     -0.180      2.500 4
 596  594      0.201     -0.445      2.500 4
 597  595      0.202     -0.461      2.500 4
 595  598      0.203      0.217      2.500 4
 593  599      0.204      0.036      2.500 4
 600  593      0.207     -0.851      2.500 4
 598  601      0.208     -0.311      2.500 4
 603  597      0.209      0.701      2.500 4
 602  602      0.213     -0.497      2.500 4
 599  604      0.214     -0.355      2.500 4
 606  600      0.217      0.795      2.500 4
 601  606      0.217      0.101      2.500 4
 604  605      0.217      0.302      2.500 4
 608  603      0.219      0.556      2.500 4
 607  607      0.222     -0.898      2.500 4
 605  609      0.223     -0.233      2.500 4
 613  608      0.227      0.458      2.500 4
 609  612      0.230      0.127      2.500 4
 610  615      0.232     -0.171      2.500 4
 611  614      0.233      0.112      2.500 4
 615  610      0.233     -0.564      2.500 4
 612  616      0.233      0.037      2.500 4
 616  611      0.234     -0.591      2.500 4
 618  613      0.238      0.581      2.500 4
 614  618      0.239      0.029      2.500 4
 621  617      0.244      0.529      2.500 4
 617  622      0.245     -0.117      2.500 4
 620  621      0.248      0.242      2.500 4
 624  620      0.248      0.450      2.500 4
 619  624      0.248      0.001      2.500 4
 628  619      0.252      0.816      2.500 4
 627  623      0.254     -0.516      2.500 4
 622  628      0.254     -0.136      2.500 4
 623  626      0.254      0.076      2.500 4
 626  625      0.255      0.308      2.500 4
 625  629      0.256     -0.222      2.500 4
 631  627      0.261     -0.573      2.500 4
 629  634      0.263      0.133      2.500 4
 630  633      0.263     -0.355      2.500 4
 633  630      0.267      0.559      2.500 4
 635  631      0.268     -0.764      2.500 4
 637  632      0.270      0.614      2.500 4
 632  637      0.273     -0.130      2.500 4
 639  635      0.275      0.653      2.500 4
 634  642      0.277     -0.032      2.500 4
 638  638      0.278     -0.400      2.500 4
 640  636      0.278     -0.792      2.500 4
 636  644      0.280     -0.054      2.500 4
 641  643      0.284     -0.518      2.500 4
 643  639      0.286     -0.754      2.500 4
 644  640      0.288      0.738      2.500 4
 645  641      0.288     -0.883      2.500 4
 642  647      0.290     -0.253      2.500 4
 650  645      0.297     -0.746      2.500 4
 647  648      0.298      0.417      2.500 4
 653  646      0.300     -0.792      2.500 4
 646  653      0.302     -0.278      2.500 4
 649  650      0.302      0.364      2.500 4
 648  652      0.304      0.295      2.500 4
 659  649      0.306     -0.793      2.500 4
 658  651      0.308     -0.680      2.500 4
 651  655      0.308     -0.404      2.500 4
 654  657      0.310     -0.440      2.500 4
 652  658      0.311      0.207      2.500 4
 660  654      0.311      0.470      2.500 4
 656  656      0.312      0.375      2.500 4
 657  661      0.316     -0.318      2.500 4
 655  662      0.317     -0.110      2.500 4
 662  659      0.318     -0.621      2.500 4
 663  660      0.318      0.519      2.500 4
 661  667      0.327      0.058      2.500 4
 664  669      0.330      0.103      2.500 4
 665  666      0.332      0.399      2.500 4
 672  663      0.336     -0.756      2.500 4
 669  665      0.336      0.589      2.500 4
 677  664      0.338      0.723      2.500 4
 670  670      0.339     -0.584      2.500 4
 666  675      0.340      0.001      2.500 4
 678  668      0.342      0.669      2.500 4
 667  673      0.342      0.168      2.500 4
 668  679      0.346     -0.012      2.500 4
 676  676      0.347      0.273      2.500 4
 681  671      0.348      0.479      2.500 4
 671  682      0.348     -0.190      2.500 4
 680  674      0.349     -0.544      2.500 4
 675  681      0.349     -0.293      2.500 4
 674  684      0.350      0.125      2.500 4
 673  685      0.350      0.103      2.500 4
 682  677      0.351      0.392      2.500 4
 689  672      0.353     -0.748      2.500 4
 685  678      0.353     -0.559      2.500 4
 683  680      0.354      0.379      2.500 4
 679  691      0.356      0.055      2.500 4
 687  688      0.359     -0.439      2.500 4
 692  683      0.360      0.521      2.500 4
 684  694      0.361      0.088      2.500 4
 690  690      0.362      0.349      2.500 4
  -1   -2      0.363      0.680      2.500 4
 686  695      0.364      0.031      2.500 4
 694  687      0.365      0.725      2.500 4
 688  696      0.366     -0.032      2.500 4
 695  689      0.368     -0.701      2.500 4
 691  698      0.369      0.038      2.500 4
 698  692      0.372     -0.873      2.500 4
 699  693      0.375      0.680      2.500 4
 696  699      0.376     -0.389      2.500 4
 697  701      0.381      0.307      2.500 4
 703  697      0.384     -0.895      2.500 4
 701  700      0.385     -0.635      2.500 4
 700  704      0.389      0.382      2.500 4
 706  702      0.390     -0.662      2.500 4
 702  705      0.391      0.414      2.500 4
 711  703      0.394      0.708      2.500 4
 707  709      0.398      0.336      2.500 4
 705  710      0.398      0.238      2.500 4
 704  713      0.401      0.084      2.500 4
 713  706      0.402     -0.698      2.500 4
 710  711      0.403     -0.444      2.500 4
 715  707      0.403     -0.712      2.500 4
 716  708      0.404      0.641      2.500 4
 709  716      0.407     -0.211      2.500 4
 708  718      0.408      0.003      2.500 4
 718  712      0.411     -0.680      2.500 4
 717  715      0.412      0.353      2.500 4
 712  719      0.413     -0.140      2.500 4
 714  721      0.416     -0.188      2.500 4
 721  714      0.420     -0.822      2.500 4
 722  717      0.421     -0.764      2.500 4
 727  720      0.427     -0.719      2.500 4
 719  729      0.429     -0.182      2.500 4
 724  726      0.431     -0.515      2.500 4
 730  722      0.432      0.690      2.500 4
 733  723      0.434      0.830      2.500 4
 734  724      0.434     -0.888      2.500 4
 720  731      0.434      0.125      2.500 4
 736  725      0.436      0.790      2.500 4
 723  734      0.438     -0.105      2.500 4
 735  727      0.439      0.572      2.500 4
 732  730      0.439     -0.898      2.500 4
 728  733      0.440      0.234      2.500 4
 725  735      0.440     -0.004      2.500 4
 726  736      0.441      0.005      2.500 4
 739  728      0.442      0.723      2.500 4
 729  738      0.444      0.081      2.500 4
 738  732      0.445      0.517      2.500 4
 731  737      0.445     -0.276      2.500 4
 737  745      0.456     -0.109      2.500 4
 744  740      0.459      0.425      2.500 4
 741  743      0.460      0.317      2.500 4
 742  744      0.461     -0.413      2.500 4
 749  739      0.464      0.666      2.500 4
 743  746      0.464     -0.327      2.500 4
 740  749      0.465     -0.150      2.500 4
 748  741      0.466     -0.655      2.500 4
 750  742      0.467     -0.664      2.500 4
 745  747      0.469      0.337      2.500 4
 752  748      0.473     -0.552      2.500 4
 747  750      0.474      0.231      2.500 4
 746  751      0.476     -0.016      2.500 4
 751  754      0.482     -0.159      2.500 4
 753  755      0.484      0.022      2.500 4
 758  752      0.491      0.616      2.500 4
 756  753      0.491      0.458      2.500 4
 755  757      0.492     -0.391      2.500 4
 757  756      0.492     -0.510      2.500 4
 754  763      0.497     -0.036      2.500 4
 759  758      0.500     -0.547      2.500 4
 764  759      0.502      0.480      2.500 4
 766  760      0.505      0.540      2.500 4
 767  761      0.507     -0.638      2.500 4
 760  769      0.509     -0.159      2.500 4
 763  770      0.510     -0.206      2.500 4
 761  772      0.510     -0.148      2.500 4
 762  773      0.510     -0.023      2.500 4
 768  765      0.512     -0.607      2.500 4
 765  771      0.512      0.182      2.500 4
 770  762      0.513     -0.767      2.500 4
 774  764      0.514     -0.902      2.500 4
 769  766      0.517      0.500      2.500 4
 771  775      0.521     -0.469      2.500 4
 779  767      0.524      0.777      2.500 4
 775  776      0.524     -0.528      2.500 4
 780  768      0.524      0.764      2.500 4
 772  780      0.527      0.154      2.500 4
 777  778      0.527      0.345      2.500 4
 773  783      0.529      0.066      2.500 4
 787  774      0.530     -0.831      2.500 4
 776  784      0.531      0.161      2.500 4
 785  777      0.531     -0.734      2.500 4
 782  782      0.535     -0.517      2.500 4
 783  781      0.535     -0.524      2.500 4
 778  790      0.538     -0.128      2.500 4
 781  787      0.539      0.228      2.500 4
 784  788      0.540      0.271      2.500 4
 788  779      0.540      0.721      2.500 4
 786  792      0.545      0.039      2.500 4
 790  785      0.549      0.705      2.500 4
 792  786      0.549     -0.903      2.500 4
 793  789      0.552     -0.722      2.500 4
 791  791      0.554     -0.552      2.500 4
 789  793      0.555      0.366      2.500 4
 794  794      0.562      0.375      2.500 4
 796  795      0.567     -0.574      2.500 4
 797  796      0.569      0.522      2.500 4
 795  799      0.569     -0.375      2.500 4
 799  797      0.574     -0.593      2.500 4
 801  798      0.576      0.544      2.500 4
 798  802      0.581      0.134      2.500 4
 803  800      0.583     -0.553      2.500 4
 800  804      0.585     -0.000      2.500 4
 802  808      0.589     -0.132      2.500 4
 804  810      0.593     -0.226      2.500 4
 809  803      0.595      0.604      2.500 4
 810  801      0.594     -0.824      2.500 4
 808  805      0.596      0.495      2.500 4
 806  812      0.597     -0.256      2.500 4
 805  814      0.599      0.008      2.500 4
 813  806      0.601      0.739      2.500 4
 814  809      0.604      0.608      2.500 4
 815  807      0.603     -0.830      2.500 4
 807  817      0.604     -0.208      2.500 4
 811  815      0.606      0.348      2.500 4
 818  811      0.609     -0.817      2.500 4
 819  813      0.612      0.666      2.500 4
 812  819      0.613     -0.315      2.500 4
 820  818      0.616     -0.675      2.500 4
 821  816      0.617      0.785      2.500 4
  -1   -2      0.619     -0.317      2.500 4
 823  820      0.622      0.565      2.500 4
 817  824      0.622     -0.105      2.500 4
 824  821      0.625     -0.567      2.500 4
 822  826      0.630      0.209      2.500 4
 825  825      0.631     -0.444      2.500 4
 827  823      0.631      0.798      2.500 4
 831  828      0.642     -0.631      2.500 4
 828  831      0.643     -0.346      2.500 4
 833  827      0.643      0.611      2.500 4
 826  833      0.644      0.009      2.500 4
 834  830      0.647      0.545      2.500 4
 829  835      0.647     -0.091      2.500 4
 835  829      0.649     -0.830      2.500 4
 830  837      0.650     -0.155      2.500 4
 832  841      0.652     -0.197      2.500 4
 837  832      0.654      0.645      2.500 4
 840  834      0.656     -0.692      2.500 4
 836  839      0.657     -0.898      2.500 4
 843  838      0.660      0.516      2.500 4
 841  842      0.660      0.400      2.500 4
 838  840      0.660      0.366      2.500 4
 846  836      0.662      0.693      2.500 4
 845  846      0.667      0.396      2.500 4
 839  852      0.667      0.013      2.500 4
 842  854      0.667      0.000      2.500 4
 844  850      0.668      0.266      2.500 4
 847  847      0.670      0.420      2.500 4
 851  844      0.672     -0.847      2.500 4
 850  845      0.672     -0.793      2.500 4
 849  848      0.673     -0.654      2.500 4
 852  849      0.675      0.610      2.500 4
 853  851      0.677      0.647      2.500 4
 848  858      0.679      0.115      2.500 4
 855  855      0.680      0.719      2.500 4
 854  856      0.679     -0.664      2.500 4
 858  853      0.679     -0.804      2.500 4
 859  857      0.684     -0.770      2.500 4
 857  861      0.689      0.174      2.500 4
 856  862      0.691     -0.013      2.500 4
 860  860      0.692     -0.451      2.500 4
 862  859      0.693      0.741      2.500 4
 863  864      0.699     -0.511      2.500 4
 861  867      0.701     -0.235      2.500 4
 866  863      0.702     -0.802      2.500 4
 864  870      0.709      0.088      2.500 4
 872  866      0.709     -0.750      2.500 4
 871  868      0.710      0.605      2.500 4
 874  865      0.710     -0.859      2.500 4
 875  869      0.712     -0.803      2.500 4
 865  871      0.713     -0.179      2.500 4
 867  873      0.714     -0.209      2.500 4
 868  872      0.714     -0.259      2.500 4
 869  877      0.716      0.057      2.500 4
 870  878      0.716      0.078      2.500 4
 873  875      0.717      0.209      2.500 4
 876  879      0.722     -0.458      2.500 4
 877  874      0.724     -0.737      2.500 4
 880  876      0.725      0.686      2.500 4
  -1   -2      0.726     -0.632      2.500 4
 882  881      0.727     -0.621      2.500 4
 883  882      0.729      0.575      2.500 4
 881  884      0.732     -0.372      2.500 4
 878  887      0.733      0.035      2.500 4
 889  883      0.737      0.807      2.500 4
 885  893      0.739     -0.219      2.500 4
 884  894      0.740     -0.145      2.500 4
 886  891      0.740      0.190      2.500 4
 887  890      0.741     -0.411      2.500 4
 888  889      0.741      0.382      2.500 4
 892  885      0.741     -0.864      2.500 4
 891  886      0.742     -0.903      2.500 4
 893  888      0.744      0.731      2.500 4
 890  892      0.744      0.423      2.500 4
 898  895      0.750      0.759      2.500 4
 895  897      0.751      0.441      2.500 4
 894  901      0.751      0.084      2.500 4
 900  896      0.752      0.661      2.500 4
 899  899      0.754     -0.523      2.500 4
 905  898      0.754     -0.735      2.500 4
 897  903      0.756      0.234      2.500 4
 904  900      0.757      0.507      2.500 4
 896  906      0.757      0.046      2.500 4
 903  902      0.757     -0.502      2.500 4
  -1   -2      0.759      0.245      2.500 4
 902  908      0.761     -0.113      2.500 4
 908  905      0.765      0.744      2.500 4
 909  907      0.767      0.528      2.500 4
 907  911      0.767      0.353      2.500 4
 910  910      0.769      0.467      2.500 4
 906  915      0.770      0.006      2.500 4
  -1  909      0.770     -0.904      2.500 4
 911  914      0.772      0.323      2.500 4
 914  912      0.773      0.792      2.500 4
 913  913      0.774      0.577      2.500 4
 912  917      0.776     -0.241      2.500 4
 919  916      0.779      0.623      2.500 4
 917  919      0.780     -0.446      2.500 4
 916  921      0.782     -0.300      2.500 4
 915  923      0.782     -0.101      2.500 4
 921  918      0.784      0.708      2.500 4
 918  924      0.785     -0.009      2.500 4
 920  922      0.786     -0.512      2.500 4
 923  920      0.787      0.747      2.500 4
 922  927      0.790      0.187      2.500 4
 924  925      0.792     -0.750      2.500 4
  -1  928      0.794      0.596      2.500 4
 929   -2      0.800      0.589      2.500 4
 926  931      0.801     -0.061      2.500 4
 928  930      0.802      0.237      2.500 4
 930  929      0.802      0.333      2.500 4
 927  932      0.803     -0.020      2.500 4
 931  933      0.805     -0.313      2.500 4
 932  936      0.808     -0.008      2.500 4
 933  934      0.810      0.526      2.500 4
 934  935      0.810     -0.686      2.500 4
 936  937      0.816     -0.673      2.500 4
 937  938      0.817      0.573      2.500 4
 935  942      0.818     -0.051      2.500 4
 939  939      0.819      0.728      2.500 4
 940  941      0.820     -0.533      2.500 4
 941  940      0.821      0.500      2.500 4
 938  943      0.821      0.274      2.500 4
 943  944      0.824      0.397      2.500 4
  -1   -2      0.824      0.282      2.500 4
 944  945      0.826     -0.678      2.500 4
 945  947      0.829     -0.626      2.500 4
 946  949      0.836      0.139      2.500 4
 947  951      0.837     -0.074      2.500 4
 949  948      0.837     -0.525      2.500 4
 948  950      0.838      0.261      2.500 4
 953  952      0.842     -0.862      2.500 4
 952  953      0.843     -0.694      2.500 4
 950  956      0.844     -0.150      2.500 4
 956  954      0.844     -0.872      2.500 4
 951  957      0.845     -0.289      2.500 4
 955  958      0.846     -0.430      2.500 4
 957  955      0.845     -0.836      2.500 4
 954  959      0.848      0.000      2.500 4
 960  962      0.851      0.264      2.500 4
 958  963      0.851     -0.085      2.500 4
 959  964      0.852      0.036      2.500 4
 961  961      0.852      0.453      2.500 4
 962  960      0.852     -0.889      2.500 4
 963  965      0.858     -0.590      2.500 4
 964  966      0.863     -0.399      2.500 4
 965  967      0.865     -0.361      2.500 4
 966  968      0.866     -0.235      2.500 4
 968  969      0.871      0.442      2.500 4
 967  970      0.871     -0.191      2.500 4
 969  971      0.874      0.777      2.500 4
 971  972      0.875      0.737      2.500 4
 970  973      0.874     -0.898      2.500 4
 972  974      0.878      0.652      2.500 4
 973  975      0.878     -0.799      2.500 4
 974  977      0.880      0.216      2.500 4
 975  976      0.880     -0.568      2.500 4
 976  978      0.887     -0.692      2.500 4
 977  979      0.890      0.707      2.500 4
 978  980      0.891     -0.642      2.500 4
 979  981      0.893      0.415      2.500 4
 980  984      0.900     -0.241      2.500 4
 981  982      0.901      0.383      2.500 4
 982  983      0.901     -0.497      2.500 4
 984  985      0.903     -0.813      2.500 4
 983  986      0.904      0.610      2.500 4
 985  987      0.905      0.810      2.500 4
 987  990      0.906      0.635      2.500 4
 988  988      0.906     -0.756      2.500 4
 986  989      0.906      0.543      2.500 4
 989  991      0.908     -0.360      2.500 4
  -1   -2      0.910      0.332      2.500 4
 991  993      0.911      0.323      2.500 4
 992  994      0.913     -0.010      2.500 4
