996
   0   -2     -0.823      0.564      2.500 4
   1   -2     -0.822      0.207      2.500 4
   2   -2     -0.821      0.019      2.500 4
   3   -2     -0.819     -0.173      2.500 4
   4   -2     -0.816     -0.277      2.500 4
   5   -2     -0.816      0.356      2.500 4
   6   -2     -0.815     -0.516      2.500 4
   7   -2     -0.815     -0.080      2.500 4
   8   -2     -0.816      0.793      2.500 4
   9   -2     -0.815      0.138      2.500 4
  10   -2     -0.814     -0.734      2.500 4
  11   -2     -0.814     -0.298      2.500 4
  12   -2     -0.815      0.574      2.500 4
  13   -2     -0.813     -0.341      2.500 4
  17   -2     -0.810      0.256      2.500 4
  16   -2     -0.811      0.668      2.500 4
  15   -2     -0.809     -0.747      2.500 4
  -1   -2     -0.810      0.673      2.500 4
  18   -2     -0.808     -0.240      2.500 4
  19   -2     -0.805     -0.048      2.500 4
  20   -2     -0.803     -0.249      2.500 4
  21   -2     -0.802      0.368      2.500 4
  22   -2     -0.801      0.345      2.500 4
  23   -2     -0.799      0.538      2.500 4
  24   -2     -0.798     -0.511      2.500 4
  25   -2     -0.797     -0.155      2.500 4
  26   -2     -0.796     -0.276      2.500 4
  27   -2     -0.792     -0.485      2.500 4
  28   -2     -0.791      0.184      2.500 4
  29   -2     -0.790      0.621      2.500 4
  33   -2     -0.785      0.087      2.500 4
  30   -2     -0.785      0.813      2.500 4
  31   -2     -0.785      0.549      2.500 4
  32   -2     -0.782     -0.893      2.500 4
  34   -2     -0.783      0.180      2.500 4
  35   -2     -0.781     -0.343      2.500 4
  36   -2     -0.777      0.200      2.500 4
  38   -2     -0.775      0.411      2.500 4
  37   -2     -0.773     -0.666      2.500 4
  39   -2     -0.773      0.313      2.500 4
  41   -2     -0.770     -0.225      2.500 4
  40   -2     -0.770      0.531      2.500 4
  43   -2     -0.768      0.459      2.500 4
  44   -2     -0.768      0.367      2.500 4
  42   -2     -0.767      0.720      2.500 4
  45   -2     -0.762     -0.699      2.500 4
  47   -2     -0.762     -0.271      2.500 4
  46   -2     -0.762      0.640      2.500 4
  50   -2     -0.755     -0.065      2.500 4
  49   -2     -0.755     -0.300      2.500 4
  52   -2     -0.753      0.065      2.500 4
  48   -2     -0.752     -0.722      2.500 4
  51   -2     -0.749     -0.862      2.500 4
  53   -2     -0.749      0.169      2.500 4
  54   -2     -0.748     -0.231      2.500 4
  57   -2     -0.744      0.018      2.500 4
  55   -2     -0.743      0.672      2.500 4
  59   -2     -0.742     -0.033      2.500 4
  56   -2     -0.741     -0.558      2.500 4
  58   -2     -0.742     -0.324      2.500 4
  62   -2     -0.741     -0.182      2.500 4
  61   -2     -0.740     -0.389      2.500 4
  65   -2     -0.738     -0.135      2.500 4
  64   -2     -0.738      0.415      2.500 4
  63   -2     -0.737      0.596      2.500 4
  60   -2     -0.736     -0.862      2.500 4
  67   -2     -0.734     -0.104      2.500 4
  68   -2     -0.734      0.123      2.500 4
  66   -2     -0.733      0.796      2.500 4
  69   -2     -0.733      0.199      2.500 4
  70   -2     -0.730     -0.528      2.500 4
  71   -2     -0.729     -0.229      2.500 4
  72   -2     -0.725      0.463      2.500 4
  73   -2     -0.723      0.137      2.500 4
  76   -2     -0.717      0.276      2.500 4
  74   -2     -0.715     -0.684      2.500 4
  75   -2     -0.715      0.583      2.500 4
  79   -2     -0.714     -0.236      2.500 4
  77   -2     -0.715      0.571      2.500 4
  80   -2     -0.714      0.232      2.500 4
  81   -2     -0.713     -0.389      2.500 4
  78   -2     -0.712     -0.656      2.500 4
  83   -2     -0.709     -0.030      2.500 4
  82   -2     -0.707      0.517      2.500 4
  85   -2     -0.704      0.101      2.500 4
  84   -2     -0.703      0.257      2.500 4
  86   -2     -0.699      0.548      2.500 4
  87   -2     -0.695     -0.852      2.500 4
  88   -2     -0.692      0.780      2.500 4
  89   -2     -0.691     -0.395      2.500 4
  90   -2     -0.690     -0.084      2.500 4
  92   -2     -0.687     -0.297      2.500 4
  91   -2     -0.683     -0.712      2.500 4
  94   -2     -0.682     -0.227      2.500 4
  93   -2     -0.681     -0.577      2.500 4
  96   -2     -0.678      0.356      2.500 4
  95   -2     -0.675      0.701      2.500 4
 100   -2     -0.669      0.103      2.500 4
 102   -2     -0.668      0.066      2.500 4
  98   -2     -0.666     -0.453      2.500 4
  97   -2     -0.665      0.567      2.500 4
 104   -2     -0.664     -0.306      2.500 4
 105   -2     -0.663     -0.340      2.500 4
 108   -2     -0.661     -0.219      2.500 4
  99   -2     -0.659     -0.819      2.500 4
 101   -2     -0.659     -0.792      2.500 4
 103   -2     -0.659     -0.707      2.500 4
 109   -2     -0.657     -0.460      2.500 4
 106   -2     -0.655      0.615      2.500 4
 107   -2     -0.653      0.728      2.500 4
 110   -2     -0.652      0.488      2.500 4
 111   -2     -0.646     -0.898      2.500 4
 112   -2     -0.647      0.458      2.500 4
 118   -2     -0.642     -0.281      2.500 4
 117   -2     -0.642      0.184      2.500 4
 113   -2     -0.640     -0.853      2.500 4
 114   -2     -0.640      0.753      2.500 4
 115   -2     -0.636      0.586      2.500 4
 116   -2     -0.633     -0.815      2.500 4
 120   -2     -0.631     -0.258      2.500 4
 121   -2     -0.628     -0.337      2.500 4
 119   -2     -0.625      0.507      2.500 4
 122   -2     -0.623     -0.220      2.500 4
 125   -2     -0.622      0.005      2.500 4
 124   -2     -0.619      0.315      2.500 4
 123   -2     -0.618     -0.475      2.500 4
 129   -2     -0.614      0.029      2.500 4
 128   -2     -0.610     -0.503      2.500 4
 127   -2     -0.611      0.492      2.500 4
 126   -2     -0.607     -0.862      2.500 4
 135   -2     -0.607      0.005      2.500 4
 132   -2     -0.607      0.154      2.500 4
 131   -2     -0.606      0.415      2.500 4
 130   -2     -0.605     -0.609      2.500 4
 136   -2     -0.604     -0.266      2.500 4
 134   -2     -0.604      0.269      2.500 4
 138   -2     -0.603      0.123      2.500 4
 133   -2     -0.601     -0.521      2.500 4
 140   -2     -0.599     -0.238      2.500 4
 137   -2     -0.597      0.509      2.500 4
 139   -2     -0.594      0.474      2.500 4
 141   -2     -0.594      0.405      2.500 4
 144   -2     -0.593     -0.372      2.500 4
 145   -2     -0.591     -0.455      2.500 4
 142   -2     -0.591     -0.545      2.500 4
 143   -2     -0.590      0.449      2.500 4
 147   -2     -0.589      0.213      2.500 4
 150   -2     -0.586     -0.118      2.500 4
 152   -2     -0.583     -0.006      2.500 4
 148   -2     -0.583      0.501      2.500 4
 146   -2     -0.580     -0.791      2.500 4
 153   -2     -0.580     -0.089      2.500 4
 149   -2     -0.580      0.622      2.500 4
 154   -2     -0.580      0.031      2.500 4
 155   -2     -0.574      0.179      2.500 4
 151   -2     -0.570     -0.881      2.500 4
 156   -2     -0.568     -0.432      2.500 4
 157   -2     -0.564     -0.553      2.500 4
 161   -2     -0.564     -0.174      2.500 4
 158   -2     -0.562      0.445      2.500 4
 159   -2     -0.558      0.680      2.500 4
 160   -2     -0.556     -0.815      2.500 4
 166   -2     -0.550     -0.223      2.500 4
 165   -2     -0.549      0.219      2.500 4
 164   -2     -0.545     -0.509      2.500 4
 162   -2     -0.543     -0.904      2.500 4
 163   -2     -0.543     -0.771      2.500 4
 168   -2     -0.542     -0.060      2.500 4
 167   -2     -0.537      0.460      2.500 4
 170   -2     -0.535     -0.020      2.500 4
 171   -2     -0.531      0.271      2.500 4
 173   -2     -0.530     -0.199      2.500 4
 169   -2     -0.530      0.587      2.500 4
 178   -2     -0.526     -0.108      2.500 4
 177   -2     -0.521     -0.446      2.500 4
  -1   -2     -0.519     -0.073      2.500 4
 172   -2     -0.518     -0.710      2.500 4
 176   -2     -0.516     -0.673      2.500 4
 174   -2     -0.515     -0.790      2.500 4
 175   -2     -0.515      0.777      2.500 4
 179   -2     -0.509     -0.828      2.500 4
 180   -2     -0.507     -0.072      2.500 4
 181   -2     -0.507      0.493      2.500 4
 182   -2     -0.504      0.520      2.500 4
 186   -2     -0.498      0.424      2.500 4
 183   -2     -0.496      0.810      2.500 4
 184   -2     -0.496      0.535      2.500 4
 189   -2     -0.490     -0.190      2.500 4
 187   -2     -0.491      0.517      2.500 4
 185   -2     -0.487     -0.070      2.500 4
 190   -2     -0.486      0.220      2.500 4
 194   -2     -0.486     -0.200      2.500 4
 188   -2     -0.484      0.571      2.500 4
 191   -2     -0.479     -0.563      2.500 4
 198   -2     -0.475     -0.065      2.500 4
 197   -2     -0.475     -0.186      2.500 4
 199   -2     -0.473     -0.229      2.500 4
 192   -2     -0.473      0.735      2.500 4
 195   -2     -0.471      0.488      2.500 4
 202   -2     -0.467      0.122      2.500 4
 196   -2     -0.461     -0.894      2.500 4
 201   -2     -0.460      0.477      2.500 4
 210   -2     -0.457      0.038      2.500 4
 200   -2     -0.457      0.597      2.500 4
 213   -2     -0.456     -0.086      2.500 4
 204   -2     -0.454      0.446      2.500 4
  -1   -2     -0.452     -0.025      2.500 4
 206   -2     -0.452      0.403      2.500 4
 203   -2     -0.451      0.686      2.500 4
 207   -2     -0.450      0.439      2.500 4
 211   -2     -0.450      0.375      2.500 4
 214   -2     -0.449     -0.690      2.500 4
 212   -2     -0.448      0.396      2.500 4
 217   -2     -0.448      0.235      2.500 4
 215   -2     -0.447     -0.467      2.500 4
 222   -2     -0.446     -0.021      2.500 4
 221   -2     -0.445     -0.162      2.500 4
 208   -2     -0.445      0.661      2.500 4
 223   -2     -0.444      0.102      2.500 4
 209   -2     -0.444      0.744      2.500 4
  -1   -2     -0.441     -0.688      2.500 4
 219   -2     -0.440      0.428      2.500 4
 225   -2     -0.439      0.086      2.500 4
 218   -2     -0.436     -0.752      2.500 4
 224   -2     -0.432     -0.502      2.500 4
 226   -2     -0.432     -0.899      2.500 4
 220   -2     -0.432      0.711      2.500 4
 227   -2     -0.428     -0.471      2.500 4
 229   -2     -0.428     -0.367      2.500 4
 233   -2     -0.426     -0.125      2.500 4
 234   -2     -0.425     -0.118      2.500 4
 231   -2     -0.425      0.330      2.500 4
 235   -2     -0.423     -0.246      2.500 4
 228   -2     -0.423     -0.584      2.500 4
 232   -2     -0.420     -0.444      2.500 4
 237   -2     -0.418      0.263      2.500 4
 230   -2     -0.418      0.610      2.500 4
 236   -2     -0.411     -0.671      2.500 4
 239   -2     -0.406     -0.577      2.500 4
 238   -2     -0.406     -0.705      2.500 4
 244   -2     -0.405     -0.232      2.500 4
 245   -2     -0.404     -0.295      2.500 4
 240   -2     -0.401      0.775      2.500 4
 241   -2     -0.398     -0.613      2.500 4
 243   -2     -0.396      0.575      2.500 4
 248   -2     -0.395      0.327      2.500 4
 242   -2     -0.395      0.682      2.500 4
 246   -2     -0.393      0.539      2.500 4
 247   -2     -0.393      0.525      2.500 4
 250   -2     -0.388      0.477      2.500 4
 249   -2     -0.386     -0.688      2.500 4
 256   -2     -0.383     -0.087      2.500 4
 258   -2     -0.382     -0.118      2.500 4
 257   -2     -0.380     -0.294      2.500 4
 253   -2     -0.379      0.483      2.500 4
 255   -2     -0.379      0.339      2.500 4
 251   -2     -0.378      0.654      2.500 4
 252   -2     -0.377     -0.725      2.500 4
 261   -2     -0.373      0.066      2.500 4
 254   -2     -0.373      0.685      2.500 4
 260   -2     -0.372      0.278      2.500 4
 263   -2     -0.367     -0.236      2.500 4
 259   -2     -0.366      0.720      2.500 4
 262   -2     -0.364     -0.544      2.500 4
 268   -2     -0.363      0.175      2.500 4
 270   -2     -0.359      0.063      2.500 4
 269   -2     -0.358     -0.346      2.500 4
 266   -2     -0.354     -0.655      2.500 4
 264   -2     -0.354      0.662      2.500 4
 265   -2     -0.354      0.640      2.500 4
 267   -2     -0.352      0.693      2.500 4
 271   -2     -0.349      0.523      2.500 4
 279   -2     -0.347     -0.050      2.500 4
 276   -2     -0.346     -0.377      2.500 4
 272   -2     -0.347      0.585      2.500 4
 273   -2     -0.345      0.487      2.500 4
 277   -2     -0.344      0.213      2.500 4
 274   -2     -0.344      0.451      2.500 4
 283   -2     -0.341      0.067      2.500 4
 284   -2     -0.341      0.029      2.500 4
 287   -2     -0.337      0.101      2.500 4
 275   -2     -0.337      0.758      2.500 4
 289   -2     -0.336     -0.077      2.500 4
 278   -2     -0.335      0.576      2.500 4
 290   -2     -0.334      0.079      2.500 4
 282   -2     -0.333      0.441      2.500 4
 280   -2     -0.332      0.749      2.500 4
 288   -2     -0.331     -0.408      2.500 4
 291   -2     -0.330      0.568      2.500 4
 293   -2     -0.328     -0.134      2.500 4
 285   -2     -0.326     -0.766      2.500 4
 296   -2     -0.325     -0.234      2.500 4
 286   -2     -0.324     -0.830      2.500 4
 299   -2     -0.323      0.067      2.500 4
  -1   -2     -0.321      0.566      2.500 4
 297   -2     -0.319     -0.451      2.500 4
 298   -2     -0.318      0.350      2.500 4
 295   -2     -0.315      0.575      2.500 4
 300   -2     -0.315      0.170      2.500 4
 292   -2     -0.315      0.824      2.500 4
 294   -2     -0.313     -0.896      2.500 4
 301   -2     -0.311      0.352      2.500 4
 304   -2     -0.308      0.242      2.500 4
 302   -2     -0.306     -0.649      2.500 4
 303   -2     -0.300     -0.811      2.500 4
 306   -2     -0.297     -0.556      2.500 4
 305   -2     -0.296      0.821      2.500 4
 309   -2     -0.294     -0.200      2.500 4
 307   -2     -0.294      0.427      2.500 4
 311   -2     -0.288      0.200      2.500 4
 310   -2     -0.284     -0.642      2.500 4
 308   -2     -0.282      0.830      2.500 4
 314   -2     -0.280     -0.513      2.500 4
 312   -2     -0.278      0.581      2.500 4
 319   -2     -0.276     -0.004      2.500 4
 313   -2     -0.276      0.781      2.500 4
 315   -2     -0.275     -0.756      2.500 4
 316   -2     -0.275      0.643      2.500 4
 318   -2     -0.271      0.599      2.500 4
 317   -2     -0.270      0.763      2.500 4
 324   -2     -0.270     -0.077      2.500 4
 320   -2     -0.266      0.459      2.500 4
 322   -2     -0.265      0.445      2.500 4
 321   -2     -0.262      0.603      2.500 4
 323   -2     -0.256      0.791      2.500 4
 325   -2     -0.253     -0.597      2.500 4
 330   -2     -0.252     -0.207      2.500 4
 326   -2     -0.251      0.653      2.500 4
 327   -2     -0.250     -0.677      2.500 4
 329   -2     -0.248     -0.483      2.500 4
 332   -2     -0.247      0.072      2.500 4
 333   -2     -0.242      0.292      2.500 4
 328   -2     -0.242      0.786      2.500 4
 331   -2     -0.239      0.535      2.500 4
 335   -2     -0.238     -0.081      2.500 4
 339   -2     -0.235     -0.068      2.500 4
 334   -2     -0.233     -0.902      2.500 4
 343   -2     -0.233     -0.134      2.500 4
 344   -2     -0.233     -0.115      2.500 4
 338   -2     -0.230      0.349      2.500 4
 342   -2     -0.230     -0.379      2.500 4
 345   -2     -0.228     -0.255      2.500 4
 336   -2     -0.228      0.592      2.500 4
 337   -2     -0.226     -0.700      2.500 4
 346   -2     -0.226      0.200      2.500 4
 348   -2     -0.225     -0.268      2.500 4
 347   -2     -0.223      0.333      2.500 4
 340   -2     -0.223      0.627      2.500 4
 341   -2     -0.222      0.761      2.500 4
 352   -2     -0.219     -0.127      2.500 4
 351   -2     -0.218     -0.214      2.500 4
 355   -2     -0.215      0.254      2.500 4
 349   -2     -0.214     -0.719      2.500 4
 353   -2     -0.213     -0.899      2.500 4
 357   -2     -0.211     -0.340      2.500 4
 350   -2     -0.211      0.699      2.500 4
 356   -2     -0.209     -0.496      2.500 4
 354   -2     -0.207     -0.802      2.500 4
 360   -2     -0.207      0.362      2.500 4
 361   -2     -0.205     -0.314      2.500 4
 363   -2     -0.203     -0.212      2.500 4
 358   -2     -0.202     -0.747      2.500 4
 359   -2     -0.201      0.813      2.500 4
 368   -2     -0.198     -0.064      2.500 4
 366   -2     -0.198      0.363      2.500 4
 365   -2     -0.198     -0.485      2.500 4
 364   -2     -0.197     -0.534      2.500 4
 362   -2     -0.196      0.543      2.500 4
 367   -2     -0.192      0.486      2.500 4
 370   -2     -0.189     -0.325      2.500 4
 372   -2     -0.189      0.042      2.500 4
 369   -2     -0.186     -0.520      2.500 4
 371   -2     -0.180      0.710      2.500 4
 373   -2     -0.177     -0.544      2.500 4
 376   -2     -0.175      0.203      2.500 4
 374   -2     -0.174      0.412      2.500 4
 378   -2     -0.172     -0.291      2.500 4
 379   -2     -0.172      0.220      2.500 4
 375   -2     -0.170      0.662      2.500 4
 380   -2     -0.168     -0.473      2.500 4
 377   -2     -0.167      0.488      2.500 4
 383   -2     -0.157     -0.444      2.500 4
 381   -2     -0.156     -0.782      2.500 4
 382   -2     -0.153     -0.809      2.500 4
 385   -2     -0.152      0.324      2.500 4
 387   -2     -0.151      0.045      2.500 4
 384   -2     -0.150      0.772      2.500 4
 386   -2     -0.148     -0.443      2.500 4
  -1   -2     -0.146     -0.359      2.500 4
 389   -2     -0.144     -0.366      2.500 4
 392   -2     -0.142      0.408      2.500 4
 388   -2     -0.142      0.819      2.500 4
 393   -2     -0.140      0.467      2.500 4
 395   -2     -0.139     -0.412      2.500 4
 391   -2     -0.138     -0.751      2.500 4
 394   -2     -0.137      0.533      2.500 4
 396   -2     -0.135     -0.072      2.500 4
 397   -2     -0.129      0.390      2.500 4
 398   -2     -0.124      0.083      2.500 4
 399   -2     -0.123      0.070      2.500 4
 402   -2     -0.119      0.222      2.500 4
 404   -2     -0.118     -0.184      2.500 4
 401   -2     -0.117      0.516      2.500 4
 405   -2     -0.116     -0.353      2.500 4
 400   -2     -0.116      0.802      2.500 4
 406   -2     -0.115      0.282      2.500 4
 407   -2     -0.114     -0.164      2.500 4
 409   -2     -0.112      0.057      2.500 4
 408   -2     -0.109     -0.528      2.500 4
 410   -2     -0.107      0.448      2.500 4
 411   -2     -0.105     -0.221      2.500 4
 412   -2     -0.103     -0.335      2.500 4
 414   -2     -0.103     -0.207      2.500 4
 413   -2     -0.099     -0.610      2.500 4
 415   -2     -0.097      0.583      2.500 4
 417   -2     -0.096     -0.447      2.500 4
 418   -2     -0.096      0.419      2.500 4
 416   -2     -0.095      0.800      2.500 4
 419   -2     -0.093     -0.560      2.500 4
 420   -2     -0.093     -0.511      2.500 4
 421   -2     -0.088      0.670      2.500 4
 425   -2     -0.088      0.226      2.500 4
 422   -2     -0.088      0.613      2.500 4
 424   -2     -0.086      0.470      2.500 4
 423   -2     -0.086      0.735      2.500 4
 426   -2     -0.085     -0.253      2.500 4
 428   -2     -0.080      0.126      2.500 4
 427   -2     -0.079     -0.887      2.500 4
 429   -2     -0.073     -0.146      2.500 4
 430   -2     -0.072     -0.201      2.500 4
 432   -2     -0.066      0.079      2.500 4
 435   -2     -0.063     -0.040      2.500 4
 436   -2     -0.062     -0.075      2.500 4
 431   -2     -0.062     -0.681      2.500 4
 433   -2     -0.061      0.535      2.500 4
 437   -2     -0.060      0.374      2.500 4
 434   -2     -0.059      0.615      2.500 4
 438   -2     -0.057      0.637      2.500 4
 439   -2     -0.052     -0.771      2.500 4
 440   -2     -0.051     -0.688      2.500 4
 442   -2     -0.050     -0.401      2.500 4
 441   -2     -0.049      0.793      2.500 4
 443   -2     -0.049     -0.459      2.500 4
 444   -2     -0.048      0.224      2.500 4
  -1   -2     -0.046      0.310      2.500 4
 448   -2     -0.045     -0.352      2.500 4
 445   -2     -0.045      0.320      2.500 4
 446   -2     -0.044      0.556      2.500 4
 449   -2     -0.041     -0.237      2.500 4
 450   -2     -0.038      0.514      2.500 4
 451   -2     -0.031     -0.053      2.500 4
 452   -2     -0.023     -0.446      2.500 4
 453   -2     -0.021     -0.385      2.500 4
 454   -2     -0.019     -0.178      2.500 4
 455   -2     -0.017      0.108      2.500 4
 456   -2     -0.016     -0.307      2.500 4
 457   -2     -0.013      0.394      2.500 4
 458   -2     -0.013     -0.486      2.500 4
 460   -2     -0.010      0.222      2.500 4
 459   -2     -0.010      0.745      2.500 4
 461   -2     -0.009      0.632      2.500 4
 462   -2     -0.008      0.289      2.500 4
 463   -2     -0.005     -0.076      2.500 4
 465   -2     -0.002     -0.327      2.500 4
 464   -2     -0.002      0.804      2.500 4
 466   -2     -0.000     -0.005      2.500 4
 467   -2     -0.000     -0.016      2.500 4
 468   -2      0.002     -0.785      2.500 4
 469   -2      0.002     -0.096      2.500 4
 472   -2      0.004     -0.899      2.500 4
 473   -2      0.004      0.274      2.500 4
 470   -2      0.004     -0.608      2.500 4
 471   -2      0.004     -0.804      2.500 4
 474   -2      0.005     -0.354      2.500 4
 475   -2      0.005      0.171      2.500 4
 477   -2      0.006     -0.437      2.500 4
 478   -2      0.006     -0.630      2.500 4
 476   -2      0.007     -0.878      2.500 4
 479   -2      0.008      0.542      2.500 4
 480   -2      0.011     -0.511      2.500 4
 481   -2      0.012      0.092      2.500 4
 483   -2      0.016     -0.770      2.500 4
 482   -2      0.016      0.339      2.500 4
 484   -2      0.016      0.201      2.500 4
 486   -2      0.017      0.008      2.500 4
 485   -2      0.017      0.731      2.500 4
 487   -2      0.018     -0.352      2.500 4
 488   -2      0.019      0.543      2.500 4
 489   -2      0.020      0.112      2.500 4
 490   -2      0.020     -0.690      2.500 4
 491   -2      0.022     -0.212      2.500 4
 493   -2      0.022      0.630      2.500 4
 492   -2      0.022     -0.418      2.500 4
 494   -2      0.023      0.771      2.500 4
 495   -2      0.024      0.031      2.500 4
 496   -2      0.027      0.052      2.500 4
 497   -2      0.028     -0.516      2.500 4
 498   -2      0.030     -0.032      2.500 4
 499   -2      0.030      0.434      2.500 4
 500   -2      0.030     -0.396      2.500 4
 501   -2      0.030     -0.327      2.500 4
 503   -2      0.033     -0.568      2.500 4
 502   -2      0.033     -0.354      2.500 4
 504   -2      0.033      0.805      2.500 4
 506   -2      0.036     -0.481      2.500 4
 507   -2      0.036     -0.505      2.500 4
  -1   -2      0.036     -0.392      2.500 4
 508   -2      0.040      0.122      2.500 4
 509   -2      0.052      0.585      2.500 4
 510   -2      0.055      0.518      2.500 4
 511   -2      0.055     -0.574      2.500 4
 512   -2      0.057     -0.301      2.500 4
 514   -2      0.058      0.331      2.500 4
 513   -2      0.059     -0.013      2.500 4
 515   -2      0.059      0.507      2.500 4
 516   -2      0.061     -0.556      2.500 4
 517   -2      0.063     -0.190      2.500 4
 518   -2      0.065      0.111      2.500 4
 519   -2      0.070     -0.859      2.500 4
 521   -2      0.073      0.347      2.500 4
 520   -2      0.074     -0.265      2.500 4
 522   -2      0.078     -0.655      2.500 4
 523   -2      0.081     -0.005      2.500 4
 527   -2      0.083      0.686      2.500 4
 524   -2      0.084     -0.114      2.500 4
 528   -2      0.085     -0.808      2.500 4
 525   -2      0.086     -0.168      2.500 4
 526   -2      0.086     -0.100      2.500 4
 529   -2      0.087     -0.550      2.500 4
 532   -2      0.089     -0.865      2.500 4
 533   -2      0.090      0.767      2.500 4
 534   -2      0.091     -0.730      2.500 4
 531   -2      0.092     -0.381      2.500 4
 530   -2      0.092      0.040      2.500 4
 535   -2      0.093      0.545      2.500 4
 536   -2      0.097      0.189      2.500 4
 540   -2      0.100     -0.783      2.500 4
 539   -2      0.100      0.482      2.500 4
 537   -2      0.101     -0.169      2.500 4
 538   -2      0.102      0.016      2.500 4
 541   -2      0.106     -0.313      2.500 4
 542   -2      0.107      0.466      2.500 4
 545   -2      0.107     -0.860      2.500 4
 543   -2      0.111      0.066      2.500 4
 544   -2      0.111      0.161      2.500 4
 546   -2      0.112     -0.477      2.500 4
 547   -2      0.114      0.651      2.500 4
 548   -2      0.114     -0.756      2.500 4
 549   -2      0.116     -0.868      2.500 4
 550   -2      0.116      0.777      2.500 4
 552   -2      0.120     -0.875      2.500 4
 551   -2      0.122      0.211      2.500 4
 553   -2      0.122     -0.750      2.500 4
 554   -2      0.124     -0.811      2.500 4
 555   -2      0.130     -0.041      2.500 4
 556   -2      0.131      0.553      2.500 4
 558   -2      0.134      0.698      2.500 4
 557   -2      0.134      0.592      2.500 4
 560   -2      0.139      0.688      2.500 4
 561   -2      0.141     -0.827      2.500 4
 559   -2      0.142     -0.305      2.500 4
 564   -2      0.147     -0.521      2.500 4
 562   -2      0.149     -0.232      2.500 4
 563   -2      0.149     -0.322      2.500 4
 566   -2      0.150      0.333      2.500 4
 565   -2      0.150     -0.406      2.500 4
 568   -2      0.151     -0.820      2.500 4
 571   -2      0.155      0.786      2.500 4
 569   -2      0.156     -0.441      2.500 4
 567   -2      0.157     -0.008      2.500 4
 572   -2      0.157      0.654      2.500 4
 570   -2      0.161      0.097      2.500 4
 573   -2      0.165     -0.386      2.500 4
 574   -2      0.168      0.079      2.500 4
 575   -2      0.171      0.095      2.500 4
 576   -2      0.172     -0.374      2.500 4
 577   -2      0.179     -0.537      2.500 4
 579   -2      0.180      0.807      2.500 4
 578   -2      0.183      0.151      2.500 4
 580   -2      0.186      0.343      2.500 4
 582   -2      0.190      0.475      2.500 4
 581   -2      0.195     -0.008      2.500 4
 583   -2      0.196     -0.156      2.500 4
 584   -2      0.198     -0.076      2.500 4
  -1   -2      0.199     -0.390      2.500 4
 589   -2      0.200      0.508      2.500 4
 587   -2      0.201     -0.399      2.500 4
 585   -2      0.201     -0.173      2.500 4
 588   -2      0.205      0.011      2.500 4
 590   -2      0.207      0.284      2.500 4
 598   -2      0.208     -0.869      2.500 4
 596   -2      0.208     -0.712      2.500 4
 591   -2      0.211      0.140      2.500 4
 601   -2      0.211      0.711      2.500 4
 600   -2      0.212     -0.749      2.500 4
 593   -2      0.212      0.194      2.500 4
 592   -2      0.213     -0.075      2.500 4
 594   -2      0.213      0.222      2.500 4
 602   -2      0.214      0.602      2.500 4
 597   -2      0.215     -0.356      2.500 4
 595   -2      0.215     -0.164      2.500 4
 603   -2      0.217      0.451      2.500 4
 605   -2      0.218      0.554      2.500 4
 599   -2      0.219     -0.031      2.500 4
 604   -2      0.220      0.372      2.500 4
 606   -2      0.221     -0.507      2.500 4
 608   -2      0.222     -0.898      2.500 4
 607   -2      0.224     -0.376      2.500 4
 613   -2      0.224     -0.703      2.500 4
 611   -2      0.227     -0.410      2.500 4
 610   -2      0.227     -0.361      2.500 4
 612   -2      0.228     -0.479      2.500 4
 614   -2      0.229      0.489      2.500 4
 609   -2      0.229     -0.001      2.500 4
 615   -2      0.230     -0.753      2.500 4
 616   -2      0.234     -0.695      2.500 4
 618   -2      0.242      0.370      2.500 4
 617   -2      0.245     -0.182      2.500 4
 619   -2      0.251      0.037      2.500 4
 622   -2      0.252     -0.495      2.500 4
 620   -2      0.252      0.227      2.500 4
 624   -2      0.252      0.699      2.500 4
 621   -2      0.254      0.153      2.500 4
 630   -2      0.257     -0.902      2.500 4
 623   -2      0.259     -0.004      2.500 4
 629   -2      0.260     -0.621      2.500 4
 627   -2      0.261     -0.439      2.500 4
 632   -2      0.263     -0.715      2.500 4
 626   -2      0.263     -0.288      2.500 4
 625   -2      0.264     -0.063      2.500 4
 633   -2      0.265      0.633      2.500 4
 628   -2      0.266     -0.251      2.500 4
 631   -2      0.272     -0.051      2.500 4
 636   -2      0.274      0.704      2.500 4
 637   -2      0.274     -0.863      2.500 4
 634   -2      0.276     -0.149      2.500 4
 638   -2      0.279      0.541      2.500 4
 639   -2      0.279     -0.710      2.500 4
  -1   -2      0.280      0.650      2.500 4
 645   -2      0.282     -0.891      2.500 4
 635   -2      0.283      0.013      2.500 4
 641   -2      0.284      0.460      2.500 4
 644   -2      0.286     -0.561      2.500 4
 649   -2      0.289      0.653      2.500 4
 646   -2      0.290     -0.449      2.500 4
 643   -2      0.290      0.242      2.500 4
 642   -2      0.292      0.065      2.500 4
 648   -2      0.293      0.408      2.500 4
 647   -2      0.297     -0.193      2.500 4
 652   -2      0.300      0.353      2.500 4
 654   -2      0.301      0.687      2.500 4
 650   -2      0.301      0.183      2.500 4
 655   -2      0.304     -0.660      2.500 4
 651   -2      0.304      0.087      2.500 4
 653   -2      0.311      0.076      2.500 4
 660   -2      0.318     -0.529      2.500 4
 656   -2      0.318     -0.145      2.500 4
 662   -2      0.319      0.475      2.500 4
 666   -2      0.319     -0.809      2.500 4
 658   -2      0.320     -0.300      2.500 4
 657   -2      0.321      0.017      2.500 4
 661   -2      0.322      0.305      2.500 4
 659   -2      0.322     -0.341      2.500 4
 667   -2      0.323      0.615      2.500 4
 664   -2      0.324      0.429      2.500 4
 668   -2      0.324      0.824      2.500 4
 670   -2      0.325     -0.888      2.500 4
 665   -2      0.327      0.319      2.500 4
 672   -2      0.327      0.784      2.500 4
 663   -2      0.329      0.011      2.500 4
 673   -2      0.330     -0.681      2.500 4
 679   -2      0.332     -0.743      2.500 4
 678   -2      0.333     -0.666      2.500 4
 680   -2      0.335     -0.625      2.500 4
 687   -2      0.337      0.674      2.500 4
 676   -2      0.338      0.348      2.500 4
 669   -2      0.339     -0.104      2.500 4
 685   -2      0.340     -0.596      2.500 4
 682   -2      0.340     -0.509      2.500 4
 671   -2      0.340     -0.189      2.500 4
 688   -2      0.341      0.712      2.500 4
 684   -2      0.342     -0.494      2.500 4
 674   -2      0.342      0.051      2.500 4
 675   -2      0.343     -0.010      2.500 4
 681   -2      0.343     -0.386      2.500 4
 677   -2      0.344      0.098      2.500 4
 686   -2      0.346      0.245      2.500 4
 690   -2      0.347     -0.650      2.500 4
 683   -2      0.349     -0.119      2.500 4
 691   -2      0.349     -0.696      2.500 4
 689   -2      0.353     -0.353      2.500 4
 692   -2      0.358      0.348      2.500 4
 693   -2      0.366      0.337      2.500 4
 700   -2      0.371      0.655      2.500 4
 694   -2      0.372     -0.116      2.500 4
 701   -2      0.373      0.552      2.500 4
 695   -2      0.375     -0.220      2.500 4
 696   -2      0.380     -0.036      2.500 4
 697   -2      0.380      0.171      2.500 4
 699   -2      0.382     -0.244      2.500 4
 698   -2      0.384     -0.054      2.500 4
 703   -2      0.384      0.313      2.500 4
 704   -2      0.386      0.383      2.500 4
 702   -2      0.387     -0.282      2.500 4
 705   -2      0.392     -0.401      2.500 4
 708   -2      0.397      0.501      2.500 4
 706   -2      0.398      0.240      2.500 4
 707   -2      0.398      0.352      2.500 4
 709   -2      0.402     -0.651      2.500 4
 710   -2      0.404     -0.642      2.500 4
 711   -2      0.408      0.612      2.500 4
 716   -2      0.413     -0.767      2.500 4
 718   -2      0.414      0.775      2.500 4
 722   -2      0.415     -0.835      2.500 4
 721   -2      0.416      0.763      2.500 4
 712   -2      0.418      0.282      2.500 4
 717   -2      0.423      0.315      2.500 4
 714   -2      0.424      0.146      2.500 4
 715   -2      0.425      0.086      2.500 4
 713   -2      0.426     -0.102      2.500 4
 720   -2      0.427     -0.362      2.500 4
 724   -2      0.428     -0.497      2.500 4
 723   -2      0.429     -0.269      2.500 4
 719   -2      0.430      0.046      2.500 4
 726   -2      0.431      0.335      2.500 4
 725   -2      0.431     -0.421      2.500 4
 731   -2      0.436      0.724      2.500 4
 728   -2      0.439     -0.898      2.500 4
 734   -2      0.439     -0.738      2.500 4
 727   -2      0.442      0.110      2.500 4
 733   -2      0.444      0.420      2.500 4
 735   -2      0.444      0.544      2.500 4
 729   -2      0.447      0.090      2.500 4
 741   -2      0.447      0.711      2.500 4
 738   -2      0.449     -0.640      2.500 4
 737   -2      0.451     -0.547      2.500 4
 730   -2      0.451     -0.004      2.500 4
 732   -2      0.451     -0.177      2.500 4
 736   -2      0.458     -0.014      2.500 4
 742   -2      0.460      0.226      2.500 4
 743   -2      0.460      0.463      2.500 4
 744   -2      0.462      0.487      2.500 4
 739   -2      0.462      0.047      2.500 4
 740   -2      0.462      0.078      2.500 4
 747   -2      0.463     -0.731      2.500 4
 746   -2      0.464     -0.612      2.500 4
 749   -2      0.469      0.512      2.500 4
 745   -2      0.474      0.026      2.500 4
 751   -2      0.478     -0.553      2.500 4
 748   -2      0.478      0.034      2.500 4
 750   -2      0.481     -0.032      2.500 4
 755   -2      0.482     -0.834      2.500 4
 752   -2      0.486     -0.516      2.500 4
 754   -2      0.489      0.344      2.500 4
 753   -2      0.489      0.322      2.500 4
 759   -2      0.491     -0.840      2.500 4
 756   -2      0.498     -0.414      2.500 4
 761   -2      0.500      0.749      2.500 4
 762   -2      0.499     -0.829      2.500 4
 757   -2      0.501      0.237      2.500 4
 758   -2      0.504      0.083      2.500 4
 763   -2      0.507     -0.545      2.500 4
 760   -2      0.508     -0.206      2.500 4
 766   -2      0.513      0.550      2.500 4
 768   -2      0.513      0.571      2.500 4
 771   -2      0.516      0.630      2.500 4
 773   -2      0.517      0.791      2.500 4
 770   -2      0.520     -0.545      2.500 4
 765   -2      0.521     -0.185      2.500 4
 764   -2      0.521      0.005      2.500 4
 779   -2      0.523      0.688      2.500 4
 774   -2      0.523     -0.539      2.500 4
 781   -2      0.525      0.636      2.500 4
 767   -2      0.525     -0.138      2.500 4
 777   -2      0.526     -0.577      2.500 4
 769   -2      0.527      0.130      2.500 4
 772   -2      0.529     -0.278      2.500 4
 784   -2      0.529     -0.622      2.500 4
 783   -2      0.529     -0.602      2.500 4
 780   -2      0.530     -0.490      2.500 4
 775   -2      0.531     -0.334      2.500 4
 778   -2      0.533      0.246      2.500 4
 787   -2      0.534      0.804      2.500 4
 776   -2      0.535     -0.182      2.500 4
 782   -2      0.535     -0.406      2.500 4
 785   -2      0.539      0.374      2.500 4
 792   -2      0.542     -0.843      2.500 4
 791   -2      0.544     -0.706      2.500 4
 786   -2      0.546      0.088      2.500 4
 793   -2      0.549      0.535      2.500 4
 788   -2      0.552     -0.104      2.500 4
 794   -2      0.553     -0.589      2.500 4
 790   -2      0.554     -0.000      2.500 4
 789   -2      0.554      0.010      2.500 4
 797   -2      0.556      0.604      2.500 4
 795   -2      0.556      0.405      2.500 4
 796   -2      0.559      0.416      2.500 4
 800   -2      0.568      0.648      2.500 4
 802   -2      0.568     -0.859      2.500 4
 798   -2      0.570     -0.109      2.500 4
 799   -2      0.574     -0.154      2.500 4
 804   -2      0.574      0.679      2.500 4
 807   -2      0.576      0.720      2.500 4
 808   -2      0.576     -0.816      2.500 4
 801   -2      0.578      0.309      2.500 4
 810   -2      0.582     -0.730      2.500 4
 803   -2      0.583      0.210      2.500 4
 813   -2      0.584     -0.826      2.500 4
 812   -2      0.585     -0.676      2.500 4
 814   -2      0.588      0.594      2.500 4
 806   -2      0.588     -0.166      2.500 4
 805   -2      0.588     -0.010      2.500 4
 815   -2      0.590     -0.615      2.500 4
 809   -2      0.592      0.032      2.500 4
 811   -2      0.592      0.265      2.500 4
 819   -2      0.594      0.743      2.500 4
 821   -2      0.596     -0.799      2.500 4
 822   -2      0.600      0.685      2.500 4
 816   -2      0.604      0.184      2.500 4
 826   -2      0.605      0.655      2.500 4
 818   -2      0.606      0.193      2.500 4
 817   -2      0.606     -0.221      2.500 4
 820   -2      0.609     -0.031      2.500 4
 824   -2      0.609     -0.417      2.500 4
 830   -2      0.609      0.762      2.500 4
 829   -2      0.610      0.573      2.500 4
 827   -2      0.610      0.406      2.500 4
 831   -2      0.612     -0.703      2.500 4
 823   -2      0.613     -0.170      2.500 4
 833   -2      0.613     -0.826      2.500 4
 825   -2      0.615     -0.158      2.500 4
 835   -2      0.616     -0.869      2.500 4
 834   -2      0.617     -0.713      2.500 4
 828   -2      0.620     -0.015      2.500 4
 832   -2      0.625      0.088      2.500 4
 836   -2      0.625     -0.828      2.500 4
 839   -2      0.631     -0.786      2.500 4
 840   -2      0.640     -0.505      2.500 4
 837   -2      0.641     -0.137      2.500 4
 838   -2      0.644      0.060      2.500 4
 841   -2      0.644      0.473      2.500 4
 844   -2      0.648      0.659      2.500 4
 842   -2      0.648      0.493      2.500 4
 845   -2      0.652      0.471      2.500 4
 849   -2      0.653     -0.779      2.500 4
 846   -2      0.655      0.441      2.500 4
 850   -2      0.656      0.724      2.500 4
 843   -2      0.655      0.176      2.500 4
 847   -2      0.657     -0.898      2.500 4
 855   -2      0.661     -0.874      2.500 4
 856   -2      0.666      0.822      2.500 4
 851   -2      0.666     -0.367      2.500 4
 852   -2      0.668     -0.296      2.500 4
  -1   -2      0.671     -0.370      2.500 4
 853   -2      0.671     -0.261      2.500 4
 860   -2      0.672     -0.902      2.500 4
 857   -2      0.676      0.273      2.500 4
 864   -2      0.677      0.759      2.500 4
 863   -2      0.677      0.639      2.500 4
  -1   -2      0.680     -0.697      2.500 4
 858   -2      0.681      0.018      2.500 4
 862   -2      0.682     -0.408      2.500 4
 859   -2      0.683     -0.146      2.500 4
 869   -2      0.684      0.781      2.500 4
 867   -2      0.684     -0.587      2.500 4
 861   -2      0.684     -0.241      2.500 4
 865   -2      0.684     -0.689      2.500 4
 866   -2      0.691      0.029      2.500 4
 870   -2      0.693      0.344      2.500 4
 872   -2      0.693     -0.782      2.500 4
 873   -2      0.694      0.708      2.500 4
 871   -2      0.694     -0.529      2.500 4
 875   -2      0.705      0.771      2.500 4
 874   -2      0.712     -0.115      2.500 4
 876   -2      0.711     -0.903      2.500 4
 877   -2      0.715      0.808      2.500 4
 880   -2      0.721     -0.543      2.500 4
 882   -2      0.722      0.589      2.500 4
 878   -2      0.724     -0.235      2.500 4
 884   -2      0.724      0.516      2.500 4
 879   -2      0.726      0.033      2.500 4
 885   -2      0.728      0.533      2.500 4
 881   -2      0.728     -0.181      2.500 4
 886   -2      0.730      0.478      2.500 4
 883   -2      0.731     -0.097      2.500 4
 888   -2      0.731      0.608      2.500 4
 890   -2      0.733      0.648      2.500 4
 891   -2      0.733      0.684      2.500 4
 892   -2      0.734      0.747      2.500 4
 887   -2      0.734      0.248      2.500 4
 896   -2      0.736      0.775      2.500 4
 889   -2      0.738      0.174      2.500 4
 895   -2      0.737     -0.612      2.500 4
 898   -2      0.742     -0.797      2.500 4
 893   -2      0.743      0.042      2.500 4
 897   -2      0.744      0.559      2.500 4
 894   -2      0.744      0.025      2.500 4
 899   -2      0.745     -0.593      2.500 4
 900   -2      0.749      0.294      2.500 4
 901   -2      0.751     -0.501      2.500 4
 902   -2      0.752     -0.458      2.500 4
 903   -2      0.755     -0.290      2.500 4
  -1   -2      0.756      0.666      2.500 4
 905   -2      0.762     -0.323      2.500 4
 904   -2      0.763      0.008      2.500 4
 908   -2      0.763      0.455      2.500 4
 906   -2      0.764      0.661      2.500 4
 907   -2      0.766      0.145      2.500 4
 909   -2      0.769     -0.259      2.500 4
 913   -2      0.772      0.276      2.500 4
 911   -2      0.772     -0.219      2.500 4
 912   -2      0.773      0.133      2.500 4
 915   -2      0.774      0.427      2.500 4
 916   -2      0.774     -0.608      2.500 4
 914   -2      0.775      0.105      2.500 4
 919   -2      0.775     -0.753      2.500 4
 918   -2      0.777      0.330      2.500 4
  -1   -2      0.777      0.342      2.500 4
 920   -2      0.780     -0.544      2.500 4
 921   -2      0.782      0.763      2.500 4
 923   -2      0.784      0.614      2.500 4
 925   -2      0.784     -0.744      2.500 4
 922   -2      0.787     -0.275      2.500 4
 926   -2      0.789      0.651      2.500 4
 924   -2      0.790      0.076      2.500 4
 927   -2      0.795     -0.175      2.500 4
 929   -2      0.797     -0.749      2.500 4
 928   -2      0.798      0.145      2.500 4
 930   -2      0.800      0.595      2.500 4
 931   -2      0.801      0.441      2.500 4
 932   -2      0.806      0.093      2.500 4
 935   -2      0.807     -0.710      2.500 4
 934   -2      0.807     -0.632      2.500 4
 933   -2      0.808     -0.383      2.500 4
 939   -2      0.811     -0.874      2.500 4
 937   -2      0.812     -0.308      2.500 4
 936   -2      0.813     -0.131      2.500 4
 938   -2      0.814      0.280      2.500 4
 943   -2      0.814     -0.881      2.500 4
 941   -2      0.815      0.506      2.500 4
 942   -2      0.816      0.339      2.500 4
 944   -2      0.816     -0.857      2.500 4
 940   -2      0.818      0.038      2.500 4
 945   -2      0.819     -0.762      2.500 4
 946   -2      0.824     -0.401      2.500 4
 950   -2      0.827     -0.627      2.500 4
 951   -2      0.828      0.383      2.500 4
 952   -2      0.827     -0.893      2.500 4
 947   -2      0.828     -0.116      2.500 4
  -1   -2      0.829      0.393      2.500 4
 948   -2      0.829      0.017      2.500 4
 955   -2      0.842      0.559      2.500 4
 953   -2      0.842     -0.058      2.500 4
 954   -2      0.842      0.003      2.500 4
 957   -2      0.845      0.370      2.500 4
 956   -2      0.845      0.020      2.500 4
 958   -2      0.846     -0.536      2.500 4
 959   -2      0.846     -0.685      2.500 4
 960   -2      0.853     -0.042      2.500 4
 961   -2      0.855      0.224      2.500 4
 962   -2      0.856      0.373      2.500 4
 963   -2      0.860     -0.375      2.500 4
 964   -2      0.861      0.799      2.500 4
 965   -2      0.863      0.771      2.500 4
 966   -2      0.864      0.552      2.500 4
 968   -2      0.865     -0.503      2.500 4
 970   -2      0.866     -0.835      2.500 4
 967   -2      0.866     -0.078      2.500 4
 971   -2      0.869      0.713      2.500 4
 969   -2      0.869     -0.186      2.500 4
 972   -2      0.870     -0.461      2.500 4
 973   -2      0.873      0.033      2.500 4
 975   -2      0.873     -0.669      2.500 4
 974   -2      0.874      0.084      2.500 4
 976   -2      0.874     -0.898      2.500 4
 977   -2      0.876     -0.093      2.500 4
 978   -2      0.878     -0.764      2.500 4
 980   -2      0.880      0.752      2.500 4
 979   -2      0.881     -0.305      2.500 4
 981   -2      0.883     -0.727      2.500 4
 982   -2      0.887      0.319      2.500 4
 984   -2      0.887      0.528      2.500 4
 983   -2      0.888     -0.245      2.500 4
 985   -2      0.891     -0.845      2.500 4
 986   -2      0.894      0.830      2.500 4
 987   -2      0.895      0.683      2.500 4
 989   -2      0.895     -0.808      2.500 4
 988   -2      0.896      0.499      2.500 4
 990   -2      0.896     -0.605      2.500 4
 991   -2      0.898      0.702      2.500 4
 992   -2      0.899      0.634      2.500 4
  -1   -2      0.908      0.448      2.500 4
 993   -2      0.910      0.438      2.500 4
 995   -2      0.911     -0.660      2.500 4
 996   -2      0.912     -0.460      2.500 4
 997   -2      0.913     -0.314      2.500 4
