995
   0    1     -0.821      0.140      2.500 4
   1    2     -0.820     -0.146      2.500 4
   2    4     -0.818      0.608      2.500 4
   3    3     -0.816     -0.688      2.500 4
  -1   -2     -0.818      0.614      2.500 4
   5    6     -0.815     -0.226      2.500 4
   6    7     -0.815     -0.080      2.500 4
   7    8     -0.816      0.793      2.500 4
   9    9     -0.815      0.356      2.500 4
   8   10     -0.815     -0.516      2.500 4
  10   13     -0.814     -0.734      2.500 4
  11   11     -0.814     -0.298      2.500 4
  12   12     -0.815      0.574      2.500 4
  14   15     -0.812     -0.275      2.500 4
  15   16     -0.808      0.179      2.500 4
  16   17     -0.805     -0.195      2.500 4
  18   18     -0.802      0.451      2.500 4
  17   19     -0.802      0.797      2.500 4
  19   23     -0.799     -0.890      2.500 4
  21   20     -0.800     -0.054      2.500 4
  20   24     -0.800      0.550      2.500 4
  22   21     -0.799      0.275      2.500 4
  23   22     -0.799     -0.201      2.500 4
  24   25     -0.798      0.253      2.500 4
  25   26     -0.794     -0.421      2.500 4
  26   27     -0.791     -0.131      2.500 4
  28   28     -0.790     -0.220      2.500 4
  27   29     -0.791      0.465      2.500 4
  30   30     -0.787     -0.394      2.500 4
  29   32     -0.787      0.678      2.500 4
  31   31     -0.784      0.116      2.500 4
  32   33     -0.782     -0.590      2.500 4
  34   35     -0.778      0.575      2.500 4
  33   38     -0.777     -0.848      2.500 4
  35   36     -0.776     -0.630      2.500 4
  36   37     -0.776      0.445      2.500 4
  37   34     -0.776      0.042      2.500 4
  38   39     -0.773      0.111      2.500 4
  40   40     -0.771     -0.271      2.500 4
  42   41     -0.771      0.313      2.500 4
  39   42     -0.770     -0.660      2.500 4
  41   46     -0.767     -0.848      2.500 4
  43   43     -0.767      0.364      2.500 4
  46   44     -0.765      0.128      2.500 4
  44   47     -0.765      0.617      2.500 4
  47   45     -0.765      0.222      2.500 4
  45   49     -0.763      0.779      2.500 4
  48   48     -0.761      0.272      2.500 4
  50   50     -0.754     -0.181      2.500 4
  49   51     -0.754      0.523      2.500 4
  51   52     -0.744     -0.216      2.500 4
  53   53     -0.742     -0.472      2.500 4
  52   56     -0.738     -0.835      2.500 4
  56   54     -0.737     -0.239      2.500 4
  54   57     -0.736     -0.617      2.500 4
  57   55     -0.735      0.323      2.500 4
  55   58     -0.735      0.511      2.500 4
  59   62     -0.732      0.497      2.500 4
  -1   66     -0.731      0.761      2.500 4
  63   59     -0.730     -0.066      2.500 4
  64   60     -0.730      0.028      2.500 4
  60   63     -0.729     -0.585      2.500 4
  65   61     -0.729      0.106      2.500 4
  62   64     -0.728     -0.444      2.500 4
  61   65     -0.728      0.375      2.500 4
  66   68     -0.725     -0.312      2.500 4
  67   67     -0.724     -0.185      2.500 4
  68   69     -0.722     -0.259      2.500 4
  69   71     -0.719      0.436      2.500 4
  74   70     -0.716     -0.006      2.500 4
  70   74     -0.716      0.472      2.500 4
  72   76     -0.713     -0.655      2.500 4
  71   78     -0.714      0.659      2.500 4
  76   72     -0.713     -0.150      2.500 4
  77   73     -0.713     -0.043      2.500 4
  78   75     -0.710      0.131      2.500 4
  73   80     -0.709     -0.792      2.500 4
  79   77     -0.708     -0.116      2.500 4
  80   79     -0.707      0.072      2.500 4
  75   83     -0.706     -0.758      2.500 4
  84   81     -0.702     -0.094      2.500 4
  86   82     -0.700     -0.186      2.500 4
  85   84     -0.699      0.197      2.500 4
  81   87     -0.699      0.696      2.500 4
  82   88     -0.697     -0.839      2.500 4
  83   89     -0.696     -0.898      2.500 4
  90   86     -0.694     -0.317      2.500 4
  87   91     -0.693     -0.652      2.500 4
  93   85     -0.693      0.084      2.500 4
  96   90     -0.690      0.161      2.500 4
  91   93     -0.690      0.499      2.500 4
  88   97     -0.689     -0.789      2.500 4
  89   95     -0.690      0.728      2.500 4
  94   92     -0.689     -0.502      2.500 4
  92   94     -0.690      0.558      2.500 4
  95   98     -0.687      0.554      2.500 4
  97   96     -0.681     -0.193      2.500 4
  99   99     -0.680      0.184      2.500 4
  98  104     -0.672     -0.851      2.500 4
 101  100     -0.670     -0.326      2.500 4
 100  105     -0.669      0.525      2.500 4
 104  101     -0.667     -0.040      2.500 4
 103  103     -0.667      0.277      2.500 4
 105  102     -0.666      0.058      2.500 4
 102  106     -0.665      0.415      2.500 4
 106  108     -0.655      0.384      2.500 4
 109  107     -0.653     -0.245      2.500 4
 107  109     -0.652     -0.384      2.500 4
 108  110     -0.649     -0.899      2.500 4
 112  113     -0.645      0.440      2.500 4
 110  115     -0.644     -0.764      2.500 4
 113  112     -0.643     -0.392      2.500 4
 111  116     -0.642     -0.876      2.500 4
 114  111     -0.642     -0.080      2.500 4
 115  114     -0.639     -0.190      2.500 4
 120  117     -0.631     -0.285      2.500 4
 118  119     -0.629      0.428      2.500 4
 119  121     -0.627     -0.553      2.500 4
 116  124     -0.627     -0.795      2.500 4
 117  122     -0.627      0.577      2.500 4
 121  118     -0.626     -0.256      2.500 4
 125  120     -0.622      0.064      2.500 4
 123  125     -0.621      0.449      2.500 4
 127  123     -0.618      0.036      2.500 4
 122  127     -0.617      0.649      2.500 4
 124  132     -0.613     -0.905      2.500 4
 129  126     -0.612     -0.186      2.500 4
 126  133     -0.609     -0.745      2.500 4
 128  129     -0.609      0.413      2.500 4
 132  128     -0.608     -0.416      2.500 4
 131  131     -0.607      0.351      2.500 4
 133  130     -0.606     -0.444      2.500 4
 130  135     -0.606      0.444      2.500 4
 134  136     -0.602     -0.463      2.500 4
 135  139     -0.600      0.389      2.500 4
 140  134     -0.600      0.135      2.500 4
 136  140     -0.598     -0.491      2.500 4
 138  138     -0.598      0.253      2.500 4
 143  137     -0.596     -0.240      2.500 4
 142  141     -0.594      0.344      2.500 4
 137  144     -0.589     -0.814      2.500 4
 144  142     -0.589     -0.290      2.500 4
 139  145     -0.589     -0.770      2.500 4
 141  146     -0.589      0.767      2.500 4
 149  143     -0.580     -0.223      2.500 4
 145  150     -0.577      0.550      2.500 4
 148  149     -0.576     -0.505      2.500 4
 150  147     -0.575     -0.404      2.500 4
 146  153     -0.575     -0.681      2.500 4
 151  151     -0.573      0.393      2.500 4
 152  148     -0.573      0.216      2.500 4
 147  154     -0.573      0.804      2.500 4
 154  152     -0.566     -0.193      2.500 4
 153  157     -0.563     -0.642      2.500 4
 156  156     -0.558     -0.328      2.500 4
 159  155     -0.556     -0.009      2.500 4
 160  158     -0.554      0.116      2.500 4
 157  161     -0.553      0.415      2.500 4
 161  159     -0.551     -0.234      2.500 4
 155  168     -0.550      0.724      2.500 4
 165  160     -0.548      0.011      2.500 4
 163  163     -0.546     -0.390      2.500 4
 158  169     -0.545     -0.893      2.500 4
 162  166     -0.545     -0.468      2.500 4
 167  162     -0.545      0.091      2.500 4
 166  164     -0.544      0.171      2.500 4
 171  165     -0.541     -0.212      2.500 4
 164  170     -0.539      0.486      2.500 4
 173  167     -0.538     -0.008      2.500 4
 168  172     -0.536      0.503      2.500 4
 170  171     -0.535      0.458      2.500 4
 169  173     -0.533      0.544      2.500 4
 175  175     -0.526      0.486      2.500 4
 172  178     -0.525      0.737      2.500 4
 174  177     -0.525      0.673      2.500 4
 180  174     -0.522      0.144      2.500 4
 176  183     -0.516      0.647      2.500 4
 177  182     -0.515      0.578      2.500 4
 184  176     -0.512     -0.111      2.500 4
 178  187     -0.510     -0.741      2.500 4
 179  188     -0.511      0.703      2.500 4
 186  179     -0.509     -0.016      2.500 4
 181  189     -0.508     -0.676      2.500 4
 189  180     -0.508      0.016      2.500 4
 182  185     -0.508      0.391      2.500 4
 191  181     -0.505     -0.087      2.500 4
 187  186     -0.503     -0.415      2.500 4
 190  184     -0.503      0.186      2.500 4
  -1   -2     -0.500     -0.675      2.500 4
 185  192     -0.501      0.463      2.500 4
 188  193     -0.499     -0.540      2.500 4
 192  190     -0.497      0.238      2.500 4
 196  191     -0.492     -0.162      2.500 4
 194  196     -0.487      0.456      2.500 4
 193  197     -0.486      0.774      2.500 4
 199  195     -0.483     -0.207      2.500 4
 195  198     -0.481      0.600      2.500 4
 200  199     -0.472      0.427      2.500 4
 198  202     -0.471     -0.700      2.500 4
 197  204     -0.471      0.678      2.500 4
 201  205     -0.467     -0.666      2.500 4
 202  201     -0.467      0.421      2.500 4
 212  200     -0.461     -0.062      2.500 4
 214  203     -0.458     -0.188      2.500 4
 203  207     -0.457      0.386      2.500 4
 209  208     -0.455      0.414      2.500 4
 215  206     -0.454     -0.025      2.500 4
 207  211     -0.453     -0.578      2.500 4
 205  212     -0.453      0.571      2.500 4
 213  210     -0.452      0.381      2.500 4
 206  214     -0.451      0.653      2.500 4
 204  215     -0.451      0.685      2.500 4
 208  220     -0.449      0.721      2.500 4
 211  218     -0.448     -0.689      2.500 4
 210  219     -0.447     -0.726      2.500 4
 216  213     -0.447      0.361      2.500 4
 223  209     -0.445     -0.105      2.500 4
 217  222     -0.441      0.536      2.500 4
 222  221     -0.439     -0.459      2.500 4
 218  224     -0.439     -0.613      2.500 4
 226  217     -0.439      0.204      2.500 4
 219  226     -0.437      0.523      2.500 4
 224  223     -0.436     -0.497      2.500 4
  -1  228     -0.436     -0.074      2.500 4
 220  225     -0.435     -0.576      2.500 4
 227  227     -0.432     -0.899      2.500 4
 221  229     -0.431      0.696      2.500 4
 225  232     -0.429      0.665      2.500 4
 228  234     -0.425      0.645      2.500 4
 229  236     -0.423      0.761      2.500 4
 230  240     -0.422     -0.073      2.500 4
 233  230     -0.421     -0.468      2.500 4
 232  235     -0.420      0.478      2.500 4
 231  241     -0.417      0.753      2.500 4
 242  231     -0.415     -0.186      2.500 4
 235  239     -0.413      0.487      2.500 4
 244  233     -0.411     -0.196      2.500 4
 234  247     -0.411     -0.833      2.500 4
 243  237     -0.410      0.327      2.500 4
 237  246     -0.407     -0.665      2.500 4
 238  248     -0.406      0.593      2.500 4
 249   -2     -0.406     -0.228      2.500 4
 245  243     -0.405     -0.446      2.500 4
 246  242     -0.405      0.229      2.500 4
 239  250     -0.403     -0.774      2.500 4
 240  251     -0.403      0.828      2.500 4
  -1  238     -0.402     -0.224      2.500 4
 241  253     -0.401     -0.893      2.500 4
 236   -2     -0.402     -0.071      2.500 4
 251  245     -0.398      0.116      2.500 4
 253  244     -0.398     -0.184      2.500 4
 248  254     -0.394      0.534      2.500 4
 247  255     -0.394      0.588      2.500 4
 256  252     -0.390     -0.370      2.500 4
 260  249     -0.390     -0.067      2.500 4
 252  260     -0.387      0.581      2.500 4
 257  258     -0.384     -0.559      2.500 4
 261  256     -0.383      0.264      2.500 4
 255  265     -0.383      0.825      2.500 4
 254  264     -0.383     -0.818      2.500 4
 258  263     -0.382      0.501      2.500 4
 262  259     -0.380      0.334      2.500 4
  -1   -2     -0.377      0.581      2.500 4
 265  257     -0.377      0.036      2.500 4
 268  261     -0.373      0.101      2.500 4
 263  273     -0.373      0.592      2.500 4
 269  262     -0.370     -0.088      2.500 4
 264  272     -0.370      0.467      2.500 4
 267  270     -0.369      0.351      2.500 4
  -1   -2     -0.367     -0.026      2.500 4
 273  267     -0.366     -0.165      2.500 4
 275  269     -0.365      0.086      2.500 4
 276  271     -0.361     -0.022      2.500 4
 266  277     -0.361      0.787      2.500 4
 278  274     -0.357     -0.252      2.500 4
 270  278     -0.356     -0.672      2.500 4
 274  275     -0.356      0.462      2.500 4
 271  282     -0.353      0.770      2.500 4
 281  276     -0.348     -0.305      2.500 4
 277  284     -0.346     -0.773      2.500 4
 282  281     -0.345      0.293      2.500 4
 279  285     -0.343      0.662      2.500 4
 286  279     -0.343     -0.129      2.500 4
 287  280     -0.342     -0.122      2.500 4
 280  287     -0.340      0.795      2.500 4
 288  283     -0.337     -0.241      2.500 4
 283  288     -0.336      0.605      2.500 4
 285  289     -0.331     -0.670      2.500 4
 284  290     -0.332      0.623      2.500 4
 293  286     -0.327     -0.311      2.500 4
 291  292     -0.322     -0.589      2.500 4
 289  296     -0.323      0.792      2.500 4
 290  294     -0.322      0.628      2.500 4
 295  291     -0.319     -0.368      2.500 4
 292  300     -0.318      0.674      2.500 4
 298  293     -0.316     -0.404      2.500 4
 297  295     -0.315      0.380      2.500 4
 294  307     -0.313     -0.904      2.500 4
 296  301     -0.313      0.460      2.500 4
 299  299     -0.312     -0.484      2.500 4
 300  298     -0.311     -0.438      2.500 4
 303  297     -0.310      0.192      2.500 4
 302  302     -0.309      0.384      2.500 4
 301  309     -0.303     -0.709      2.500 4
 306  305     -0.302     -0.253      2.500 4
 305  308     -0.302      0.236      2.500 4
 309  303     -0.301     -0.125      2.500 4
 310  304     -0.301     -0.091      2.500 4
 311  306     -0.300      0.075      2.500 4
 304  313     -0.298      0.770      2.500 4
 307  312     -0.294      0.498      2.500 4
 308  311     -0.293     -0.553      2.500 4
 313  314     -0.289      0.486      2.500 4
 312  315     -0.289     -0.637      2.500 4
 321  310     -0.287      0.074      2.500 4
 315  316     -0.284      0.572      2.500 4
 314  320     -0.284      0.656      2.500 4
 316  321     -0.283      0.625      2.500 4
 317  322     -0.282     -0.733      2.500 4
 318  325     -0.280      0.719      2.500 4
 319  329     -0.275     -0.822      2.500 4
 323  318     -0.276      0.276      2.500 4
 320  330     -0.275      0.818      2.500 4
 325  317     -0.273      0.120      2.500 4
 322  331     -0.272     -0.752      2.500 4
 326  319     -0.271      0.081      2.500 4
 328  323     -0.268     -0.050      2.500 4
 329  324     -0.267      0.039      2.500 4
 330  326     -0.266      0.095      2.500 4
 327  327     -0.266      0.198      2.500 4
 331  328     -0.264     -0.258      2.500 4
 324  335     -0.262     -0.777      2.500 4
 333  332     -0.258     -0.081      2.500 4
 335  334     -0.255      0.084      2.500 4
 336  333     -0.254     -0.146      2.500 4
 332  336     -0.254     -0.534      2.500 4
 337  337     -0.248      0.236      2.500 4
 334  339     -0.243      0.731      2.500 4
 338  340     -0.239      0.588      2.500 4
 342  338     -0.232     -0.225      2.500 4
 340  341     -0.231      0.403      2.500 4
 341  342     -0.228      0.343      2.500 4
 339  344     -0.226      0.692      2.500 4
 343  345     -0.222      0.539      2.500 4
 344  343     -0.220      0.389      2.500 4
 345  346     -0.218     -0.555      2.500 4
 346  349     -0.215     -0.593      2.500 4
 350  348     -0.213     -0.899      2.500 4
 351  351     -0.211      0.421      2.500 4
 347  353     -0.210     -0.811      2.500 4
 352  350     -0.210     -0.434      2.500 4
 348  355     -0.210      0.781      2.500 4
 349  354     -0.210     -0.834      2.500 4
 357  347     -0.208      0.006      2.500 4
 354  356     -0.205     -0.547      2.500 4
 355  358     -0.203      0.425      2.500 4
 360  352     -0.201     -0.082      2.500 4
 356  359     -0.201     -0.582      2.500 4
 353  364     -0.200      0.826      2.500 4
 362  357     -0.197     -0.238      2.500 4
 358  363     -0.197     -0.606      2.500 4
 359  365     -0.196      0.546      2.500 4
 361  360     -0.195      0.311      2.500 4
 364  361     -0.194      0.250      2.500 4
 366  362     -0.191      0.099      2.500 4
 365  369     -0.189      0.475      2.500 4
 363  371     -0.186     -0.789      2.500 4
 367  368     -0.185     -0.397      2.500 4
 368  366     -0.184     -0.298      2.500 4
 369  367     -0.183     -0.314      2.500 4
 374  370     -0.176     -0.087      2.500 4
 371  375     -0.175     -0.369      2.500 4
 375  372     -0.174     -0.153      2.500 4
 376  373     -0.173     -0.070      2.500 4
 377  374     -0.173     -0.129      2.500 4
 370  377     -0.172     -0.542      2.500 4
 378  376     -0.171     -0.252      2.500 4
 372  379     -0.169      0.590      2.500 4
 373  381     -0.167      0.809      2.500 4
 380  380     -0.163     -0.384      2.500 4
 381  378     -0.163     -0.145      2.500 4
 379  383     -0.162      0.533      2.500 4
 384  382     -0.158     -0.251      2.500 4
 383  384     -0.155     -0.514      2.500 4
 382  385     -0.154      0.478      2.500 4
 386  386     -0.150      0.262      2.500 4
 385  388     -0.150      0.395      2.500 4
 387  387     -0.149      0.282      2.500 4
 389  390     -0.146     -0.516      2.500 4
 392  389     -0.144     -0.067      2.500 4
 388  393     -0.144      0.578      2.500 4
 391  391     -0.143     -0.348      2.500 4
 394  392     -0.141      0.069      2.500 4
 390  395     -0.140      0.807      2.500 4
 393  394     -0.138      0.463      2.500 4
 395  396     -0.133     -0.486      2.500 4
  -1   -2     -0.131     -0.428      2.500 4
 399  398     -0.131     -0.436      2.500 4
 396  399     -0.128      0.636      2.500 4
 397  400     -0.126      0.756      2.500 4
 400  402     -0.125      0.705      2.500 4
 401  401     -0.123      0.520      2.500 4
 403  403     -0.121     -0.604      2.500 4
 402  404     -0.121     -0.677      2.500 4
 404  405     -0.120      0.661      2.500 4
 405  407     -0.118     -0.897      2.500 4
 409  406     -0.111      0.075      2.500 4
 406  409     -0.109     -0.635      2.500 4
 408  408     -0.108      0.358      2.500 4
 407  410     -0.107      0.495      2.500 4
  -1  413     -0.104      0.288      2.500 4
 413  412     -0.103     -0.426      2.500 4
 410  414     -0.103      0.542      2.500 4
 412   -2     -0.103      0.295      2.500 4
 411  415     -0.102     -0.590      2.500 4
 415  417     -0.097     -0.528      2.500 4
 416  416     -0.095     -0.076      2.500 4
 417  418     -0.093      0.126      2.500 4
 418  419     -0.092      0.109      2.500 4
 419  420     -0.089     -0.407      2.500 4
 422  421     -0.087     -0.224      2.500 4
 420  424     -0.084     -0.740      2.500 4
 421  426     -0.084      0.664      2.500 4
 427  422     -0.083     -0.199      2.500 4
 423  428     -0.082      0.682      2.500 4
 428  423     -0.081      0.093      2.500 4
 424  429     -0.081      0.600      2.500 4
 429  425     -0.080     -0.272      2.500 4
 425  431     -0.078     -0.811      2.500 4
 426  432     -0.078      0.801      2.500 4
 430  430     -0.077      0.300      2.500 4
 431  427     -0.077     -0.254      2.500 4
 432  433     -0.071     -0.746      2.500 4
 434  434     -0.066     -0.313      2.500 4
 433  435     -0.065      0.457      2.500 4
 435  437     -0.061      0.619      2.500 4
 436  436     -0.061      0.182      2.500 4
 439  438     -0.053     -0.249      2.500 4
 437  441     -0.052      0.584      2.500 4
 438  440     -0.051     -0.544      2.500 4
 440  439     -0.050     -0.177      2.500 4
 444  442     -0.047      0.125      2.500 4
 441  443     -0.047     -0.484      2.500 4
  -1   -2     -0.046      0.395      2.500 4
 443  444     -0.045      0.405      2.500 4
 446  446     -0.041     -0.033      2.500 4
 445  448     -0.041      0.302      2.500 4
 448  447     -0.041     -0.082      2.500 4
 447  449     -0.040     -0.432      2.500 4
 449  450     -0.030     -0.296      2.500 4
 451  451     -0.024     -0.533      2.500 4
 450  452     -0.023      0.765      2.500 4
 452  455     -0.021      0.680      2.500 4
 453  454     -0.019     -0.469      2.500 4
 455  453     -0.018     -0.052      2.500 4
 454  456     -0.017      0.479      2.500 4
 456  457     -0.016     -0.572      2.500 4
 457  460     -0.012      0.812      2.500 4
 458  458     -0.012     -0.382      2.500 4
 459  459     -0.011     -0.220      2.500 4
 460  461     -0.011      0.164      2.500 4
 463  462     -0.008      0.302      2.500 4
 462  463     -0.008      0.375      2.500 4
 461  464     -0.007     -0.824      2.500 4
 464  465     -0.004     -0.838      2.500 4
 465  466     -0.001     -0.684      2.500 4
 467  467     -0.000     -0.406      2.500 4
 469  468      0.001     -0.083      2.500 4
 468  469      0.001     -0.702      2.500 4
 470  472      0.003      0.610      2.500 4
 471  471      0.003      0.360      2.500 4
 474  473      0.004      0.000      2.500 4
 473  470      0.004      0.014      2.500 4
 472  475      0.005     -0.525      2.500 4
 475  474      0.005     -0.436      2.500 4
 476  476      0.005     -0.111      2.500 4
 477  477      0.006      0.242      2.500 4
 478  478      0.009     -0.597      2.500 4
 479  480      0.012     -0.812      2.500 4
 480  479      0.013      0.144      2.500 4
 481  481      0.013      0.755      2.500 4
 482  482      0.014      0.427      2.500 4
 483  483      0.015      0.278      2.500 4
 485  484      0.017      0.033      2.500 4
 484  486      0.017      0.610      2.500 4
 486  485      0.017     -0.434      2.500 4
 487  487      0.018     -0.750      2.500 4
 488  488      0.019      0.169      2.500 4
 490  489      0.020     -0.266      2.500 4
 489  490      0.020      0.679      2.500 4
 491  491      0.020     -0.506      2.500 4
 492  492      0.021      0.783      2.500 4
 493  493      0.022      0.063      2.500 4
 494  494      0.024      0.091      2.500 4
 495  495      0.026     -0.022      2.500 4
 496  496      0.027     -0.602      2.500 4
 497  497      0.027     -0.406      2.500 4
 498  498      0.028     -0.483      2.500 4
 499  499      0.029      0.517      2.500 4
 500  500      0.030     -0.436      2.500 4
 501  501      0.032     -0.649      2.500 4
  -1   -2      0.033     -0.478      2.500 4
 503  503      0.034      0.181      2.500 4
 504  504      0.035     -0.568      2.500 4
 506  505      0.035      0.813      2.500 4
 505  506      0.035     -0.592      2.500 4
 507  507      0.048      0.004      2.500 4
 508  508      0.050     -0.376      2.500 4
 509  509      0.051     -0.237      2.500 4
 510  510      0.054      0.167      2.500 4
 511  511      0.056      0.418      2.500 4
 513  512      0.058      0.644      2.500 4
 512  513      0.058     -0.653      2.500 4
 514  514      0.060      0.590      2.500 4
 515  515      0.063     -0.331      2.500 4
 516  518      0.064      0.015      2.500 4
 517  516      0.064     -0.637      2.500 4
 519  517      0.065      0.580      2.500 4
 518  519      0.066     -0.134      2.500 4
 520  520      0.068     -0.116      2.500 4
 521  521      0.068     -0.206      2.500 4
 523  522      0.072      0.434      2.500 4
 522  523      0.073      0.075      2.500 4
 525  524      0.080      0.042      2.500 4
 524  525      0.080     -0.208      2.500 4
 526  527      0.084      0.262      2.500 4
 527  528      0.084     -0.464      2.500 4
 529  526      0.086     -0.877      2.500 4
 528  530      0.088      0.108      2.500 4
 530  529      0.089     -0.721      2.500 4
 531  532      0.092     -0.386      2.500 4
 533  531      0.092     -0.631      2.500 4
 532  533      0.094      0.227      2.500 4
 534  535      0.099     -0.035      2.500 4
 535  534      0.102      0.720      2.500 4
 537  536      0.104     -0.840      2.500 4
 536  539      0.107      0.285      2.500 4
 538  537      0.107      0.610      2.500 4
 539  538      0.109     -0.780      2.500 4
 540  540      0.111      0.556      2.500 4
 542  541      0.113     -0.882      2.500 4
 541  543      0.113     -0.560      2.500 4
 543  542      0.114      0.780      2.500 4
 545  544      0.117      0.542      2.500 4
 544  546      0.120      0.008      2.500 4
 546  547      0.121     -0.287      2.500 4
 547  548      0.122     -0.375      2.500 4
 549  545      0.125     -0.820      2.500 4
 548  549      0.129      0.145      2.500 4
 550  550      0.130     -0.393      2.500 4
 551  552      0.133      0.121      2.500 4
 553  551      0.137     -0.878      2.500 4
  -1   -2      0.137      0.141      2.500 4
 555  553      0.141      0.693      2.500 4
 556  554      0.141     -0.799      2.500 4
 554  556      0.142     -0.485      2.500 4
 559  559      0.147      0.412      2.500 4
 557  564      0.149      0.007      2.500 4
 564  557      0.149     -0.883      2.500 4
 558  567      0.150     -0.082      2.500 4
 567  558      0.150      0.787      2.500 4
 565  560      0.150     -0.794      2.500 4
 563  563      0.152     -0.520      2.500 4
 560  570      0.152     -0.186      2.500 4
 562  566      0.152     -0.462      2.500 4
 561  569      0.153      0.208      2.500 4
 573  561      0.154     -0.889      2.500 4
 571  562      0.154      0.613      2.500 4
 569  568      0.155     -0.599      2.500 4
 570  571      0.157     -0.448      2.500 4
 574  565      0.157     -0.841      2.500 4
 566  573      0.157     -0.207      2.500 4
 568  574      0.157      0.031      2.500 4
 572  575      0.161     -0.080      2.500 4
 577  572      0.162      0.644      2.500 4
 575  577      0.166     -0.023      2.500 4
 576  578      0.167     -0.196      2.500 4
 580  576      0.170      0.727      2.500 4
 579  581      0.174      0.192      2.500 4
 578  582      0.175      0.015      2.500 4
 581  579      0.176      0.719      2.500 4
 584  580      0.180     -0.852      2.500 4
 582  584      0.182      0.254      2.500 4
 585  583      0.184      0.417      2.500 4
  -1   -2      0.185     -0.461      2.500 4
 586  588      0.188      0.286      2.500 4
 587  586      0.188     -0.470      2.500 4
 591  589      0.191     -0.609      2.500 4
 590  592      0.193     -0.423      2.500 4
 588  594      0.193     -0.214      2.500 4
 595  587      0.193     -0.846      2.500 4
 592  591      0.194      0.353      2.500 4
 589  595      0.195      0.062      2.500 4
 596  590      0.196      0.692      2.500 4
 593  596      0.199      0.010      2.500 4
 600  593      0.201      0.793      2.500 4
 594  599      0.201     -0.065      2.500 4
 598  598      0.205     -0.425      2.500 4
 599  597      0.205     -0.442      2.500 4
 597  601      0.208     -0.050      2.500 4
 604  600      0.211      0.540      2.500 4
 601  603      0.212      0.201      2.500 4
 605  602      0.214     -0.478      2.500 4
 602  604      0.214     -0.172      2.500 4
 603  608      0.219      0.029      2.500 4
 606  607      0.219     -0.295      2.500 4
 609  605      0.222     -0.898      2.500 4
 607  611      0.223     -0.339      2.500 4
 608  610      0.223      0.284      2.500 4
 610  606      0.224      0.440      2.500 4
 613  609      0.228      0.567      2.500 4
 614  612      0.230     -0.574      2.500 4
 612  614      0.230     -0.546      2.500 4
 611  616      0.231      0.091      2.500 4
 618  613      0.234      0.814      2.500 4
 616  615      0.236      0.513      2.500 4
 615  617      0.237     -0.223      2.500 4
 617  620      0.244      0.116      2.500 4
 622  618      0.245      0.433      2.500 4
 619  622      0.248      0.102      2.500 4
 620  625      0.249     -0.164      2.500 4
 621  628      0.250      0.031      2.500 4
 627  619      0.253     -0.755      2.500 4
 624  623      0.253     -0.499      2.500 4
 630  624      0.256      0.545      2.500 4
 623  632      0.256      0.024      2.500 4
 632  621      0.257      0.603      2.500 4
 629  627      0.257     -0.557      2.500 4
 625  630      0.258      0.227      2.500 4
 633  626      0.259      0.644      2.500 4
 628  631      0.260      0.292      2.500 4
 637  629      0.262     -0.784      2.500 4
 626  636      0.263     -0.113      2.500 4
 631  637      0.267     -0.002      2.500 4
 641  633      0.269     -0.881      2.500 4
 640  634      0.269      0.733      2.500 4
 642  635      0.271     -0.745      2.500 4
 634  641      0.271      0.069      2.500 4
 636  642      0.272     -0.213      2.500 4
 635  643      0.272     -0.131      2.500 4
 638  640      0.274     -0.342      2.500 4
 639  646      0.279      0.123      2.500 4
 646  638      0.281     -0.737      2.500 4
 648  639      0.283     -0.785      2.500 4
 644  645      0.283     -0.503      2.500 4
 643  647      0.285     -0.386      2.500 4
  -1  644      0.288     -0.786      2.500 4
 645  650      0.293     -0.125      2.500 4
 651  648      0.295     -0.669      2.500 4
 650  649      0.297      0.403      2.500 4
 647  652      0.297     -0.033      2.500 4
 649  656      0.301     -0.054      2.500 4
 653  653      0.305      0.350      2.500 4
 654  651      0.305      0.458      2.500 4
 652  658      0.307     -0.244      2.500 4
 656  655      0.309     -0.610      2.500 4
 658  654      0.309      0.507      2.500 4
 655  661      0.311      0.283      2.500 4
 659  660      0.313      0.363      2.500 4
 661  663      0.316     -0.427      2.500 4
 660  665      0.316     -0.391      2.500 4
 657  666      0.317     -0.268      2.500 4
 664  657      0.318      0.719      2.500 4
 663  659      0.318     -0.750      2.500 4
 666  664      0.322      0.581      2.500 4
 667  662      0.323      0.663      2.500 4
 662  667      0.324      0.197      2.500 4
 665  671      0.329     -0.308      2.500 4
 668  670      0.332      0.388      2.500 4
 670  669      0.333     -0.573      2.500 4
 671  668      0.335     -0.742      2.500 4
 669  679      0.339     -0.108      2.500 4
 674  674      0.341      0.469      2.500 4
  -1   -2      0.343      0.675      2.500 4
 678  672      0.344      0.722      2.500 4
 675  676      0.346     -0.533      2.500 4
 672  685      0.348      0.053      2.500 4
 677  680      0.348     -0.549      2.500 4
 673  686      0.349      0.098      2.500 4
 685  675      0.349     -0.872      2.500 4
 680  677      0.349      0.512      2.500 4
 679  682      0.351      0.382      2.500 4
 686  678      0.352     -0.694      2.500 4
 688  681      0.355      0.676      2.500 4
 683  684      0.355      0.370      2.500 4
 682  687      0.357      0.264      2.500 4
 681  688      0.358      0.161      2.500 4
 695  683      0.360     -0.895      2.500 4
 684  694      0.363     -0.001      2.500 4
 691  691      0.364     -0.430      2.500 4
 687  693      0.365     -0.286      2.500 4
 694  690      0.365      0.340      2.500 4
 690  696      0.369      0.120      2.500 4
 689  699      0.369     -0.013      2.500 4
 693  697      0.370      0.098      2.500 4
 692  698      0.370     -0.186      2.500 4
 699  689      0.372      0.705      2.500 4
 698  692      0.373     -0.628      2.500 4
 701  695      0.376     -0.656      2.500 4
 696  703      0.378      0.052      2.500 4
 697  706      0.382      0.084      2.500 4
 709  700      0.385      0.637      2.500 4
 708  702      0.385     -0.693      2.500 4
 710  701      0.386     -0.707      2.500 4
 703  707      0.386     -0.381      2.500 4
 700  712      0.388      0.029      2.500 4
 705  709      0.388      0.300      2.500 4
 707  704      0.389      0.408      2.500 4
 702  713      0.390     -0.032      2.500 4
 706  708      0.390      0.375      2.500 4
 704  714      0.392      0.036      2.500 4
 711  710      0.395     -0.675      2.500 4
 713  705      0.396     -0.821      2.500 4
 716  711      0.400     -0.761      2.500 4
 712  720      0.403      0.331      2.500 4
 714  721      0.408     -0.438      2.500 4
 721  715      0.409      0.829      2.500 4
 718  718      0.409     -0.716      2.500 4
 722  716      0.409     -0.889      2.500 4
 720  717      0.410      0.688      2.500 4
 715  723      0.411      0.234      2.500 4
 723  719      0.412      0.789      2.500 4
 717  724      0.416      0.348      2.500 4
 726  722      0.419      0.722      2.500 4
 719  728      0.423      0.083      2.500 4
 727  725      0.424      0.569      2.500 4
 724  729      0.428     -0.208      2.500 4
 729  726      0.429     -0.511      2.500 4
 725  732      0.432      0.002      2.500 4
 731  727      0.434      0.515      2.500 4
 728  733      0.437     -0.139      2.500 4
 730  734      0.438     -0.186      2.500 4
 732  731      0.439     -0.898      2.500 4
 736  730      0.443      0.665      2.500 4
 733  739      0.452     -0.181      2.500 4
 739  735      0.452     -0.654      2.500 4
 740  736      0.452     -0.663      2.500 4
 735  738      0.453      0.233      2.500 4
 734  740      0.455      0.124      2.500 4
 738  737      0.456      0.425      2.500 4
 737  745      0.463     -0.104      2.500 4
 742  744      0.463     -0.274      2.500 4
 741  747      0.466     -0.004      2.500 4
 743  749      0.466      0.005      2.500 4
 745  743      0.467      0.317      2.500 4
 744  748      0.467      0.081      2.500 4
 747  742      0.468     -0.552      2.500 4
 746  746      0.469     -0.412      2.500 4
 751  741      0.473      0.617      2.500 4
 748  750      0.473      0.337      2.500 4
 750  753      0.478     -0.327      2.500 4
 749  756      0.481     -0.108      2.500 4
 754  751      0.484      0.460      2.500 4
 753  760      0.487      0.233      2.500 4
 752  765      0.489     -0.150      2.500 4
 762  752      0.490     -0.903      2.500 4
 761  754      0.491     -0.769      2.500 4
 755  758      0.491     -0.511      2.500 4
 758  755      0.492      0.543      2.500 4
 757  757      0.493      0.483      2.500 4
 764  759      0.495     -0.640      2.500 4
 759  763      0.496     -0.549      2.500 4
 767  761      0.500      0.777      2.500 4
 756  770      0.501     -0.015      2.500 4
 768  762      0.501      0.765      2.500 4
 766  766      0.502     -0.610      2.500 4
 763  769      0.502     -0.393      2.500 4
 770  764      0.504     -0.833      2.500 4
 760  772      0.506     -0.159      2.500 4
 769  767      0.507      0.504      2.500 4
 765  773      0.508      0.023      2.500 4
 772  768      0.511     -0.737      2.500 4
 778  771      0.518      0.723      2.500 4
 773  775      0.521     -0.533      2.500 4
 771  779      0.522     -0.035      2.500 4
 774  777      0.523     -0.474      2.500 4
 784  774      0.526     -0.903      2.500 4
 783  776      0.527      0.708      2.500 4
 775  783      0.529      0.186      2.500 4
 781  780      0.531      0.351      2.500 4
 776  784      0.532     -0.207      2.500 4
 777  785      0.533     -0.161      2.500 4
 782  781      0.533     -0.529      2.500 4
 785  782      0.533     -0.522      2.500 4
 787  778      0.533     -0.726      2.500 4
 779  786      0.534     -0.149      2.500 4
 780  787      0.535     -0.022      2.500 4
 786  789      0.545      0.158      2.500 4
 788  792      0.548      0.166      2.500 4
 792  788      0.549     -0.558      2.500 4
 790  790      0.550      0.277      2.500 4
 789  796      0.551      0.069      2.500 4
 791  793      0.551      0.234      2.500 4
 794  794      0.556      0.374      2.500 4
 796  791      0.558      0.530      2.500 4
 798  795      0.560     -0.581      2.500 4
 793  801      0.562     -0.129      2.500 4
 797  798      0.562      0.384      2.500 4
 799  797      0.563      0.551      2.500 4
 800  799      0.566     -0.601      2.500 4
 795  805      0.568      0.042      2.500 4
 802  800      0.571     -0.828      2.500 4
 803  806      0.577     -0.562      2.500 4
 804  803      0.579      0.612      2.500 4
 801  809      0.579     -0.383      2.500 4
 805  804      0.581      0.742      2.500 4
 806  802      0.580     -0.833      2.500 4
 810  807      0.586     -0.821      2.500 4
 807  810      0.587      0.505      2.500 4
 808  808      0.588      0.616      2.500 4
 811  811      0.594      0.673      2.500 4
 813  812      0.597      0.786      2.500 4
 809  815      0.599      0.141      2.500 4
 816  813      0.602     -0.684      2.500 4
 812  818      0.608      0.003      2.500 4
 817  817      0.609      0.360      2.500 4
 820  816      0.610      0.576      2.500 4
 814  821      0.611     -0.134      2.500 4
 822  814      0.612      0.799      2.500 4
 815  820      0.611     -0.232      2.500 4
 818  822      0.614     -0.263      2.500 4
 824  819      0.619     -0.578      2.500 4
 819  825      0.621      0.012      2.500 4
 821  827      0.623     -0.213      2.500 4
 823  828      0.625     -0.324      2.500 4
 828  823      0.628     -0.834      2.500 4
 826  824      0.629      0.620      2.500 4
  -1   -2      0.632     -0.327      2.500 4
 829  826      0.632     -0.643      2.500 4
 827  831      0.635     -0.457      2.500 4
 832  829      0.636      0.557      2.500 4
 833  830      0.638      0.655      2.500 4
 831  836      0.642      0.221      2.500 4
 834  833      0.642     -0.702      2.500 4
 830  839      0.644     -0.107      2.500 4
 836  834      0.645      0.700      2.500 4
 837  838      0.651      0.530      2.500 4
 840  835      0.651     -0.850      2.500 4
 835  842      0.653     -0.358      2.500 4
 842  837      0.653     -0.800      2.500 4
 839  845      0.657     -0.898      2.500 4
 841  846      0.659      0.416      2.500 4
 844  849      0.661      0.382      2.500 4
 851  840      0.661     -0.810      2.500 4
 848  843      0.662      0.622      2.500 4
 850  841      0.662      0.657      2.500 4
 847  847      0.662     -0.667      2.500 4
 852  844      0.663      0.726      2.500 4
 838  853      0.664      0.013      2.500 4
 849  851      0.666      0.412      2.500 4
 843  855      0.667     -0.092      2.500 4
 853  852      0.667      0.437      2.500 4
 855  848      0.667     -0.778      2.500 4
 854  850      0.668     -0.677      2.500 4
 845  856      0.669     -0.159      2.500 4
 846  857      0.669     -0.204      2.500 4
 856  858      0.676      0.282      2.500 4
 859  854      0.677      0.747      2.500 4
 857  863      0.685      0.018      2.500 4
 861  859      0.685     -0.808      2.500 4
 858  864      0.686      0.005      2.500 4
 864  860      0.691     -0.861      2.500 4
 860  868      0.694      0.126      2.500 4
 862  866      0.694     -0.467      2.500 4
 866  862      0.695     -0.759      2.500 4
 867  861      0.695     -0.810      2.500 4
 865  867      0.698     -0.528      2.500 4
 868  865      0.699      0.619      2.500 4
 863  869      0.701      0.188      2.500 4
 869  872      0.709     -0.010      2.500 4
 872  871      0.712      0.695      2.500 4
 871  870      0.711     -0.748      2.500 4
 870  877      0.714     -0.245      2.500 4
  -1   -2      0.718     -0.648      2.500 4
 876  873      0.720      0.591      2.500 4
 878  875      0.720     -0.638      2.500 4
 884  876      0.723      0.810      2.500 4
 873  882      0.723      0.099      2.500 4
 881  879      0.724     -0.476      2.500 4
 885  878      0.726     -0.866      2.500 4
 879  883      0.726      0.226      2.500 4
 877  884      0.727     -0.271      2.500 4
 875  885      0.727     -0.186      2.500 4
 880  886      0.728     -0.218      2.500 4
 886  880      0.729     -0.903      2.500 4
 882  889      0.730      0.066      2.500 4
 883  888      0.731      0.088      2.500 4
 887  881      0.731      0.738      2.500 4
 890  887      0.738      0.765      2.500 4
 888  893      0.738     -0.389      2.500 4
 889  892      0.741      0.404      2.500 4
 894  890      0.741      0.673      2.500 4
 891  894      0.742      0.444      2.500 4
 896  891      0.743     -0.747      2.500 4
 893  896      0.745     -0.430      2.500 4
 898  895      0.748      0.462      2.500 4
 892  900      0.748      0.042      2.500 4
 895  899      0.749      0.207      2.500 4
 900  897      0.751      0.527      2.500 4
 897  902      0.751     -0.229      2.500 4
 901  901      0.752     -0.543      2.500 4
 903  898      0.754      0.751      2.500 4
 899  905      0.753     -0.150      2.500 4
 902  904      0.756     -0.523      2.500 4
 908  903      0.759     -0.904      2.500 4
 906  907      0.761      0.547      2.500 4
 910  906      0.763      0.796      2.500 4
 905  909      0.762      0.253      2.500 4
 904  912      0.763      0.095      2.500 4
  -1   -2      0.764      0.265      2.500 4
 911  908      0.765      0.488      2.500 4
 913  910      0.767      0.595      2.500 4
 912  914      0.768      0.375      2.500 4
 909  916      0.769      0.054      2.500 4
 915  913      0.770      0.638      2.500 4
 914  919      0.774     -0.116      2.500 4
 916  918      0.775      0.345      2.500 4
 917  915      0.775      0.718      2.500 4
 919  917      0.778      0.755      2.500 4
 920  921      0.781     -0.467      2.500 4
 918  924      0.782      0.012      2.500 4
 923  920      0.783     -0.762      2.500 4
 922  923      0.785     -0.534      2.500 4
 921  925      0.785     -0.254      2.500 4
  -1   -2      0.787      0.614      2.500 4
 924  927      0.789     -0.317      2.500 4
 929  926      0.793      0.607      2.500 4
 926  928      0.794     -0.104      2.500 4
 927  930      0.796     -0.004      2.500 4
 928  929      0.797      0.205      2.500 4
 930  933      0.804      0.356      2.500 4
 932  931      0.804     -0.702      2.500 4
 933  932      0.805      0.547      2.500 4
 931  934      0.807      0.257      2.500 4
 935  938      0.810     -0.330      2.500 4
 937  935      0.810     -0.691      2.500 4
 934  939      0.812     -0.061      2.500 4
 939  936      0.812      0.737      2.500 4
 938  937      0.812      0.592      2.500 4
 936  941      0.813     -0.016      2.500 4
 941  940      0.817      0.523      2.500 4
 940  944      0.817     -0.002      2.500 4
 942  942      0.818     -0.555      2.500 4
 945  943      0.821     -0.695      2.500 4
 944  945      0.823      0.421      2.500 4
 943  947      0.824      0.297      2.500 4
 948  946      0.825     -0.646      2.500 4
  -1   -2      0.827      0.305      2.500 4
 946  949      0.827     -0.049      2.500 4
 949  951      0.835     -0.548      2.500 4
 950  950      0.837     -0.865      2.500 4
 953  952      0.838     -0.874      2.500 4
 954  953      0.839     -0.711      2.500 4
 952  955      0.841      0.284      2.500 4
 956  954      0.840     -0.841      2.500 4
 951  956      0.841      0.156      2.500 4
 955  958      0.844     -0.075      2.500 4
 957  959      0.847     -0.453      2.500 4
 960  957      0.847     -0.890      2.500 4
 958  961      0.849     -0.306      2.500 4
 961  960      0.851      0.477      2.500 4
 959  962      0.850     -0.157      2.500 4
 963  963      0.853      0.286      2.500 4
 962  965      0.854      0.006      2.500 4
 966  964      0.856     -0.613      2.500 4
 965  966      0.858      0.045      2.500 4
 964  967      0.857     -0.086      2.500 4
 967  968      0.864     -0.421      2.500 4
 968  969      0.867     -0.381      2.500 4
 970  970      0.870      0.467      2.500 4
 969  972      0.870     -0.248      2.500 4
 971  971      0.872      0.782      2.500 4
 972  973      0.873      0.746      2.500 4
 974  974      0.874     -0.899      2.500 4
 973  977      0.875     -0.201      2.500 4
 975  976      0.876      0.667      2.500 4
 976  975      0.875     -0.808      2.500 4
 977  978      0.879     -0.592      2.500 4
 978  979      0.882      0.236      2.500 4
 979  980      0.885     -0.710      2.500 4
 980  981      0.888      0.718      2.500 4
 981  982      0.890     -0.663      2.500 4
 982  983      0.892      0.440      2.500 4
 983  984      0.900      0.408      2.500 4
 984  986      0.900     -0.521      2.500 4
 985  985      0.900     -0.821      2.500 4
 986  987      0.902      0.628      2.500 4
 988  988      0.902      0.814      2.500 4
 987  992      0.903     -0.255      2.500 4
 989  989      0.903     -0.769      2.500 4
 990  990      0.905      0.652      2.500 4
 991  991      0.905      0.565      2.500 4
 992  993      0.909     -0.381      2.500 4
  -1   -2      0.911      0.357      2.500 4
 994  995      0.912      0.347      2.500 4
