1000
   0    0     -0.822     -0.509      2.500 4
   2    1     -0.822      0.403      2.500 4
  -1   -2     -0.822      0.553      2.500 4
   3    4     -0.822      0.545      2.500 4
   4    3     -0.820     -0.128      2.500 4
   5    5     -0.820     -0.626      2.500 4
   6    6     -0.815     -0.190      2.500 4
  -1    7     -0.815      0.356      2.500 4
   7    8     -0.816      0.793      2.500 4
   8    9     -0.815     -0.080      2.500 4
   9   10     -0.815      0.138      2.500 4
  11   11     -0.814     -0.734      2.500 4
  10   12     -0.814     -0.298      2.500 4
  12   13     -0.814     -0.516      2.500 4
  13   14     -0.814      0.574      2.500 4
  14   16     -0.812      0.783      2.500 4
  16   15     -0.811     -0.229      2.500 4
  15   17     -0.810     -0.886      2.500 4
  17   18     -0.806      0.125      2.500 4
  18   19     -0.803      0.479      2.500 4
  19   20     -0.801     -0.164      2.500 4
  20   21     -0.799      0.372      2.500 4
  21   22     -0.798      0.631      2.500 4
  23   23     -0.795      0.204      2.500 4
  22   27     -0.793     -0.830      2.500 4
  24   25     -0.793     -0.169      2.500 4
  26   24     -0.793     -0.056      2.500 4
  25   26     -0.793      0.185      2.500 4
  27   28     -0.790     -0.350      2.500 4
  29   29     -0.789      0.386      2.500 4
  28   30     -0.786     -0.831      2.500 4
  30   31     -0.786      0.509      2.500 4
  33   32     -0.783     -0.182      2.500 4
  32   34     -0.782     -0.518      2.500 4
  35   33     -0.782     -0.114      2.500 4
  36   35     -0.781     -0.324      2.500 4
  34   36     -0.781     -0.563      2.500 4
  31   37     -0.782      0.761      2.500 4
  37   38     -0.778     -0.597      2.500 4
  38   40     -0.778      0.558      2.500 4
  39   39     -0.775      0.072      2.500 4
  40   41     -0.774      0.365      2.500 4
  41   45     -0.764     -0.814      2.500 4
  42   42     -0.763      0.237      2.500 4
  45   43     -0.762      0.016      2.500 4
  44   44     -0.762      0.285      2.500 4
  46   46     -0.761      0.069      2.500 4
  43   48     -0.761      0.452      2.500 4
  48   47     -0.759     -0.222      2.500 4
  47   50     -0.757      0.738      2.500 4
  49   49     -0.754      0.158      2.500 4
  51   51     -0.751      0.082      2.500 4
  50   52     -0.751      0.201      2.500 4
  52   53     -0.744     -0.552      2.500 4
  54   54     -0.742      0.441      2.500 4
  53   57     -0.739     -0.760      2.500 4
  56   55     -0.739      0.426      2.500 4
  55   59     -0.738      0.613      2.500 4
  59   58     -0.736     -0.401      2.500 4
  62   56     -0.734     -0.153      2.500 4
  61   60     -0.734     -0.517      2.500 4
  58   61     -0.733     -0.717      2.500 4
  57   62     -0.733     -0.820      2.500 4
  60   63     -0.731     -0.899      2.500 4
  64   64     -0.728     -0.596      2.500 4
  63   67     -0.728      0.659      2.500 4
  67   65     -0.725      0.251      2.500 4
  65   70     -0.723     -0.758      2.500 4
  70   66     -0.723     -0.181      2.500 4
  66   73     -0.723      0.699      2.500 4
  68   68     -0.722      0.301      2.500 4
  69   69     -0.721      0.401      2.500 4
  72   72     -0.719      0.364      2.500 4
  73   71     -0.718     -0.376      2.500 4
  71   75     -0.714     -0.837      2.500 4
  74   74     -0.715     -0.199      2.500 4
  75   76     -0.710     -0.595      2.500 4
  76   80     -0.708      0.498      2.500 4
  78   77     -0.705      0.067      2.500 4
  77   78     -0.704     -0.260      2.500 4
  -1   82     -0.704      0.494      2.500 4
  80   79     -0.702      0.006      2.500 4
  81   81     -0.701     -0.065      2.500 4
  79   85     -0.701      0.434      2.500 4
  83   83     -0.697     -0.217      2.500 4
  84   84     -0.696     -0.158      2.500 4
  82   89     -0.690     -0.869      2.500 4
  87   88     -0.685     -0.438      2.500 4
  86   91     -0.685      0.465      2.500 4
  85   93     -0.683     -0.731      2.500 4
  88   86     -0.683     -0.019      2.500 4
  89   87     -0.682      0.090      2.500 4
  91   90     -0.681     -0.131      2.500 4
  92   92     -0.678     -0.048      2.500 4
  94   94     -0.675      0.042      2.500 4
  93   96     -0.674      0.145      2.500 4
  90   99     -0.673     -0.769      2.500 4
  95   95     -0.674     -0.105      2.500 4
  96   97     -0.668     -0.268      2.500 4
  98   98     -0.666     -0.161      2.500 4
  97  101     -0.665      0.351      2.500 4
  99  100     -0.664     -0.087      2.500 4
 102  102     -0.661      0.116      2.500 4
 104  103     -0.659      0.053      2.500 4
 100  106     -0.656      0.612      2.500 4
 101  105     -0.655      0.529      2.500 4
 103  112     -0.652     -0.712      2.500 4
 109  104     -0.651      0.137      2.500 4
 106  108     -0.649     -0.899      2.500 4
 108  107     -0.649      0.322      2.500 4
 107  109     -0.649      0.380      2.500 4
 111  110     -0.646      0.220      2.500 4
 105  114     -0.645     -0.795      2.500 4
 113  111     -0.643     -0.167      2.500 4
 114  113     -0.641     -0.280      2.500 4
 110  115     -0.641      0.754      2.500 4
 112  116     -0.638     -0.743      2.500 4
 116  117     -0.633     -0.500      2.500 4
 117  119     -0.632      0.371      2.500 4
 119  118     -0.630     -0.334      2.500 4
 115  124     -0.629      0.797      2.500 4
 118  121     -0.628      0.394      2.500 4
 121  120     -0.624      0.035      2.500 4
 120  123     -0.622     -0.343      2.500 4
 122  122     -0.621     -0.045      2.500 4
 129  125     -0.613     -0.214      2.500 4
 125  126     -0.612      0.392      2.500 4
 124  128     -0.610     -0.645      2.500 4
 127  127     -0.610      0.360      2.500 4
 123  130     -0.608     -0.891      2.500 4
 128  129     -0.606      0.508      2.500 4
 126  131     -0.606      0.706      2.500 4
 131  134     -0.596      0.338      2.500 4
 132  132     -0.596      0.300      2.500 4
 133  138     -0.593     -0.445      2.500 4
 130  141     -0.593     -0.605      2.500 4
 135  137     -0.592     -0.398      2.500 4
 137  135     -0.592     -0.251      2.500 4
 138  133     -0.592     -0.169      2.500 4
 136  139     -0.591     -0.417      2.500 4
 141  136     -0.590     -0.077      2.500 4
 139  140     -0.588     -0.372      2.500 4
 134  144     -0.585      0.724      2.500 4
 143  142     -0.584     -0.226      2.500 4
 142  143     -0.581      0.298      2.500 4
 140  147     -0.579      0.652      2.500 4
 145  146     -0.574     -0.464      2.500 4
 151  145     -0.571      0.044      2.500 4
 148  149     -0.571      0.349      2.500 4
 150  148     -0.569      0.212      2.500 4
 144  152     -0.569      0.687      2.500 4
 146  154     -0.567      0.625      2.500 4
 147  155     -0.565     -0.721      2.500 4
 149  153     -0.565      0.511      2.500 4
 156  150     -0.564      0.020      2.500 4
 159  151     -0.560     -0.168      2.500 4
 152  158     -0.559      0.468      2.500 4
 153  157     -0.559      0.450      2.500 4
 157  159     -0.556      0.375      2.500 4
 154  163     -0.555      0.550      2.500 4
 160  160     -0.552     -0.368      2.500 4
 164  156     -0.552      0.107      2.500 4
 155  167     -0.552      0.769      2.500 4
 158  165     -0.549     -0.652      2.500 4
 161  164     -0.548      0.422      2.500 4
 165  161     -0.548     -0.217      2.500 4
 166  162     -0.547     -0.262      2.500 4
 162  166     -0.547      0.453      2.500 4
  -1   -2     -0.542     -0.653      2.500 4
 168  170     -0.536     -0.435      2.500 4
 170  168     -0.535      0.184      2.500 4
 167  172     -0.531      0.665      2.500 4
 169  175     -0.528      0.581      2.500 4
 173  171     -0.528     -0.204      2.500 4
 171  176     -0.521     -0.684      2.500 4
 176  174     -0.519     -0.361      2.500 4
 178  173     -0.519     -0.302      2.500 4
 175  177     -0.517      0.436      2.500 4
 172  180     -0.515      0.714      2.500 4
 174  183     -0.513      0.675      2.500 4
 179  184     -0.509     -0.650      2.500 4
 181  179     -0.508     -0.516      2.500 4
 177  187     -0.509      0.642      2.500 4
 187  178     -0.508     -0.179      2.500 4
 182  181     -0.507      0.364      2.500 4
 180  190     -0.503     -0.716      2.500 4
 183  188     -0.503      0.432      2.500 4
 192  182     -0.500      0.097      2.500 4
 193  186     -0.497      0.148      2.500 4
 185  192     -0.496     -0.677      2.500 4
 194  185     -0.497     -0.218      2.500 4
 188  193     -0.497      0.557      2.500 4
 184  196     -0.496      0.690      2.500 4
 186  197     -0.495      0.759      2.500 4
 197  189     -0.491     -0.016      2.500 4
 189  199     -0.491      0.658      2.500 4
 190  201     -0.489      0.751      2.500 4
 201  191     -0.486      0.075      2.500 4
 191  203     -0.486     -0.828      2.500 4
 195  204     -0.483      0.638      2.500 4
 206  195     -0.483     -0.200      2.500 4
 207  194     -0.483      0.004      2.500 4
 202  198     -0.482     -0.396      2.500 4
 199  200     -0.482      0.408      2.500 4
 200  207     -0.478      0.524      2.500 4
 196  209     -0.477     -0.890      2.500 4
 205  206     -0.475      0.404      2.500 4
 204  208     -0.475     -0.566      2.500 4
 198  211     -0.475      0.829      2.500 4
 212  202     -0.471     -0.014      2.500 4
 203  214     -0.471     -0.770      2.500 4
 208  210     -0.471      0.512      2.500 4
 209  212     -0.470     -0.604      2.500 4
 213  205     -0.469      0.128      2.500 4
 214  216     -0.462      0.401      2.500 4
 219  213     -0.461      0.221      2.500 4
 216  218     -0.457     -0.569      2.500 4
 218  217     -0.458      0.373      2.500 4
 220  215     -0.456      0.171      2.500 4
 215  221     -0.457      0.589      2.500 4
 210  222     -0.456      0.827      2.500 4
 211  224     -0.455     -0.816      2.500 4
 217  223     -0.452     -0.662      2.500 4
 222  220     -0.451      0.369      2.500 4
 224  228     -0.445      0.472      2.500 4
 231  219     -0.444     -0.109      2.500 4
 223  230     -0.443      0.586      2.500 4
 221  234     -0.442     -0.905      2.500 4
 228  229     -0.441      0.351      2.500 4
 226  232     -0.440      0.482      2.500 4
 235  226     -0.440     -0.020      2.500 4
 234  225     -0.440      0.010      2.500 4
 229  231     -0.437     -0.491      2.500 4
 227  236     -0.435      0.581      2.500 4
 239  227     -0.434     -0.086      2.500 4
 225  239     -0.434      0.789      2.500 4
 230  238     -0.433      0.533      2.500 4
 233   -2     -0.432     -0.899      2.500 4
 238  235     -0.429     -0.454      2.500 4
 232  241     -0.426      0.773      2.500 4
  -1   -2     -0.426      0.584      2.500 4
 242  233     -0.426     -0.158      2.500 4
 237  242     -0.424      0.594      2.500 4
 244  237     -0.422     -0.202      2.500 4
 245  243     -0.415     -0.468      2.500 4
 240  246     -0.414      0.799      2.500 4
 243  244     -0.413      0.504      2.500 4
 241  245     -0.412     -0.777      2.500 4
 246  251     -0.406      0.668      2.500 4
 247  250     -0.403     -0.679      2.500 4
 248  247     -0.403     -0.565      2.500 4
 249  257     -0.397      0.795      2.500 4
 254  252     -0.396      0.328      2.500 4
 256  249     -0.395      0.202      2.500 4
 258  248     -0.394     -0.187      2.500 4
 255  254     -0.394     -0.450      2.500 4
 251  256     -0.394      0.475      2.500 4
 252  258     -0.389      0.614      2.500 4
 262  253     -0.389     -0.063      2.500 4
 253  260     -0.388      0.632      2.500 4
 250  261     -0.387     -0.902      2.500 4
 264  255     -0.383     -0.027      2.500 4
 257  263     -0.382      0.683      2.500 4
 259  265     -0.379      0.639      2.500 4
 261  262     -0.379      0.473      2.500 4
 260  264     -0.378     -0.683      2.500 4
 266  259     -0.374     -0.107      2.500 4
 263  271     -0.370      0.776      2.500 4
 265  268     -0.369      0.343      2.500 4
 267  266     -0.368      0.234      2.500 4
  -1  272     -0.364     -0.075      2.500 4
 269  270     -0.363      0.362      2.500 4
 270  269     -0.360     -0.380      2.500 4
 268  277     -0.356     -0.724      2.500 4
 275  273     -0.355      0.274      2.500 4
 280  274     -0.351     -0.191      2.500 4
 271  283     -0.351     -0.075      2.500 4
 273  280     -0.350     -0.609      2.500 4
 282  275     -0.348     -0.201      2.500 4
 272  282     -0.347      0.822      2.500 4
 274  284     -0.346      0.729      2.500 4
 285  276     -0.345     -0.232      2.500 4
 276  286     -0.342     -0.830      2.500 4
 277  285     -0.343      0.670      2.500 4
 288  279     -0.341      0.123      2.500 4
 278  288     -0.338     -0.750      2.500 4
 279  289     -0.338      0.642      2.500 4
 284  287     -0.336      0.482      2.500 4
 292  281     -0.335     -0.191      2.500 4
 281   -2     -0.330     -0.073      2.500 4
 286  293     -0.330     -0.768      2.500 4
 287  292     -0.330      0.593      2.500 4
 289  294     -0.327     -0.661      2.500 4
 293  290     -0.326      0.313      2.500 4
 291  295     -0.325      0.522      2.500 4
 290  299     -0.323     -0.792      2.500 4
 301  291     -0.319     -0.068      2.500 4
 296  298     -0.319      0.405      2.500 4
 295  300     -0.318      0.512      2.500 4
 302  296     -0.315      0.110      2.500 4
 298  301     -0.314     -0.511      2.500 4
 299  302     -0.313      0.411      2.500 4
 297  306     -0.312     -0.582      2.500 4
 303  297     -0.311      0.041      2.500 4
 304  304     -0.307     -0.324      2.500 4
 300  313     -0.307      0.742      2.500 4
 306  305     -0.305     -0.267      2.500 4
 307  303     -0.305      0.095      2.500 4
 309  308     -0.302     -0.174      2.500 4
 310  307     -0.302     -0.091      2.500 4
 305  310     -0.301     -0.467      2.500 4
 308  312     -0.298     -0.431      2.500 4
  -1   -2     -0.298     -0.024      2.500 4
 315  311     -0.293     -0.019      2.500 4
 313  314     -0.293     -0.395      2.500 4
 316  315     -0.288     -0.334      2.500 4
 318  316     -0.286     -0.258      2.500 4
 314  319     -0.284      0.616      2.500 4
 312  320     -0.284      0.709      2.500 4
 321  317     -0.278     -0.137      2.500 4
 322  318     -0.277     -0.129      2.500 4
 317  324     -0.273      0.787      2.500 4
 324  321     -0.272      0.265      2.500 4
 326  322     -0.271      0.217      2.500 4
 319  325     -0.268     -0.846      2.500 4
 320  326     -0.268     -0.827      2.500 4
 323  323     -0.268     -0.573      2.500 4
 325  329     -0.262      0.831      2.500 4
 327  330     -0.258      0.574      2.500 4
 328  328     -0.257      0.311      2.500 4
 329  327     -0.255     -0.277      2.500 4
  -1   -2     -0.245      0.092      2.500 4
 332  334     -0.241      0.447      2.500 4
 330  336     -0.240     -0.635      2.500 4
 336  332     -0.241     -0.135      2.500 4
 337  333     -0.239     -0.097      2.500 4
 331  340     -0.237     -0.811      2.500 4
 333  338     -0.237     -0.599      2.500 4
 341  335     -0.233      0.092      2.500 4
 338  337     -0.232      0.232      2.500 4
 335  341     -0.231      0.585      2.500 4
 339  343     -0.228      0.436      2.500 4
 347  339     -0.226      0.145      2.500 4
 345  345     -0.226      0.389      2.500 4
 344  348     -0.224      0.469      2.500 4
 342  350     -0.223     -0.650      2.500 4
 343  349     -0.223     -0.628      2.500 4
 348  346     -0.223      0.276      2.500 4
 350  342     -0.222     -0.288      2.500 4
 340  354     -0.222      0.814      2.500 4
 346  351     -0.221     -0.594      2.500 4
 351  344     -0.220      0.102      2.500 4
 354  347     -0.217      0.119      2.500 4
 349  355     -0.217      0.473      2.500 4
 353  356     -0.213     -0.899      2.500 4
 356  352     -0.212      0.054      2.500 4
 352  358     -0.211      0.522      2.500 4
 358  353     -0.210     -0.049      2.500 4
 355  362     -0.207      0.627      2.500 4
 359  357     -0.207      0.107      2.500 4
 357  361     -0.204     -0.484      2.500 4
 360  360     -0.202     -0.162      2.500 4
 361  359     -0.201     -0.085      2.500 4
 362  365     -0.191      0.578      2.500 4
 366  363     -0.190     -0.255      2.500 4
 363  367     -0.188      0.813      2.500 4
 365  364     -0.188      0.363      2.500 4
 364  366     -0.186     -0.595      2.500 4
 367  370     -0.177      0.620      2.500 4
 370  368     -0.176      0.300      2.500 4
 368  371     -0.175      0.530      2.500 4
 371  369     -0.173     -0.450      2.500 4
 369  374     -0.170      0.768      2.500 4
 372  377     -0.166      0.727      2.500 4
 373  380     -0.165      0.670      2.500 4
 375  375     -0.164     -0.572      2.500 4
 379  373     -0.162     -0.274      2.500 4
 383  372     -0.161      0.019      2.500 4
 374  384     -0.161     -0.903      2.500 4
 378  378     -0.159     -0.422      2.500 4
 381  376     -0.159     -0.362      2.500 4
 384  379     -0.157     -0.344      2.500 4
 377  383     -0.157      0.454      2.500 4
 376  388     -0.156      0.691      2.500 4
 382  385     -0.155     -0.575      2.500 4
 380  386     -0.155      0.519      2.500 4
 387  381     -0.154     -0.088      2.500 4
 388  382     -0.153      0.131      2.500 4
 386  387     -0.151     -0.440      2.500 4
 385  389     -0.149     -0.723      2.500 4
 389  391     -0.146      0.572      2.500 4
 390  396     -0.141     -0.659      2.500 4
 393  390     -0.140     -0.293      2.500 4
 391  392     -0.140      0.340      2.500 4
 394  394     -0.138      0.320      2.500 4
 392  398     -0.137     -0.548      2.500 4
 396  393     -0.135     -0.175      2.500 4
 397  395     -0.134     -0.094      2.500 4
 399  397     -0.133     -0.146      2.500 4
 403  399     -0.131     -0.074      2.500 4
 395  404     -0.130     -0.688      2.500 4
 404  400     -0.129     -0.293      2.500 4
 400  403     -0.127     -0.499      2.500 4
 405  402     -0.127     -0.405      2.500 4
  -1   -2     -0.127     -0.491      2.500 4
 398  407     -0.126      0.593      2.500 4
 401  406     -0.126      0.552      2.500 4
 406  401     -0.125     -0.166      2.500 4
 407  408     -0.118     -0.648      2.500 4
 408  412     -0.113      0.696      2.500 4
 410  413     -0.111     -0.779      2.500 4
 409  414     -0.111      0.710      2.500 4
 413  411     -0.111      0.423      2.500 4
 411  415     -0.110      0.807      2.500 4
 416  409     -0.109      0.100      2.500 4
 412  417     -0.107     -0.836      2.500 4
 417  410     -0.107     -0.069      2.500 4
 415  416     -0.106     -0.592      2.500 4
 414  418     -0.105      0.644      2.500 4
 418  419     -0.100     -0.491      2.500 4
  -1  421     -0.098      0.353      2.500 4
 420   -2     -0.098      0.360      2.500 4
 419  422     -0.095     -0.784      2.500 4
 424  423     -0.086      0.109      2.500 4
 422  424     -0.085     -0.474      2.500 4
 423  425     -0.082      0.661      2.500 4
 425  429     -0.075      0.521      2.500 4
 427  426     -0.074      0.171      2.500 4
 426  427     -0.073      0.368      2.500 4
 429  428     -0.072      0.151      2.500 4
 431  430     -0.069     -0.082      2.500 4
 430  431     -0.068     -0.267      2.500 4
 428  433     -0.068      0.632      2.500 4
 432  432     -0.065     -0.325      2.500 4
 433  434     -0.063     -0.237      2.500 4
 434  435     -0.063      0.133      2.500 4
 435  436     -0.061     -0.304      2.500 4
 436  437     -0.058     -0.612      2.500 4
 437  438     -0.056     -0.373      2.500 4
 438  440     -0.050      0.475      2.500 4
 441  439     -0.050      0.240      2.500 4
 440  441     -0.050     -0.555      2.500 4
  -1   -2     -0.050      0.465      2.500 4
 444  443     -0.041     -0.299      2.500 4
 443  445     -0.039     -0.503      2.500 4
 445  444     -0.039      0.373      2.500 4
 442  447     -0.039      0.777      2.500 4
 447  446     -0.036     -0.211      2.500 4
 448  448     -0.036      0.173      2.500 4
 446  449     -0.034      0.711      2.500 4
 449  452     -0.028     -0.603      2.500 4
 452  451     -0.027     -0.089      2.500 4
 451  450     -0.027     -0.026      2.500 4
 450  454     -0.025      0.818      2.500 4
 454  453     -0.023     -0.355      2.500 4
 453  455     -0.023      0.544      2.500 4
 455  457     -0.021     -0.639      2.500 4
 456  456     -0.021     -0.542      2.500 4
 457  458     -0.017     -0.848      2.500 4
 458  459     -0.013     -0.859      2.500 4
 459  462     -0.011     -0.900      2.500 4
 460  460     -0.011     -0.452      2.500 4
 462  461     -0.010     -0.050      2.500 4
 461  463     -0.010      0.448      2.500 4
 464  464     -0.008      0.374      2.500 4
 463  466     -0.007     -0.736      2.500 4
 465  465     -0.006      0.221      2.500 4
 467  467     -0.005     -0.265      2.500 4
 466  468     -0.005     -0.752      2.500 4
 468  469     -0.003      0.656      2.500 4
 469  470     -0.000     -0.478      2.500 4
 470  472      0.002     -0.597      2.500 4
 471  471      0.002      0.433      2.500 4
 473  473      0.004     -0.898      2.500 4
 472  474      0.004     -0.510      2.500 4
 474  475      0.005     -0.090      2.500 4
 475  476      0.006     -0.662      2.500 4
 476  477      0.007      0.310      2.500 4
 478  478      0.007      0.036      2.500 4
 479  479      0.007      0.017      2.500 4
 477  481      0.008     -0.840      2.500 4
 481  480      0.009     -0.127      2.500 4
 480  482      0.009      0.769      2.500 4
 482  483      0.013      0.497      2.500 4
 483  484      0.013      0.197      2.500 4
 484  485      0.014      0.656      2.500 4
 485  486      0.015      0.349      2.500 4
 486  487      0.016     -0.791      2.500 4
 487  488      0.016     -0.507      2.500 4
 488  489      0.017      0.059      2.500 4
 489  490      0.018      0.711      2.500 4
 491  491      0.018      0.227      2.500 4
 490  492      0.019     -0.578      2.500 4
 492  494      0.019      0.791      2.500 4
 493  493      0.019     -0.321      2.500 4
 494  495      0.021      0.098      2.500 4
 495  496      0.023      0.133      2.500 4
 496  497      0.024     -0.012      2.500 4
 498  498      0.026     -0.667      2.500 4
 497  499      0.026     -0.478      2.500 4
 499  500      0.027     -0.556      2.500 4
 500  501      0.029      0.579      2.500 4
 501  502      0.029     -0.510      2.500 4
 502  503      0.032      0.242      2.500 4
  -1   -2      0.033     -0.552      2.500 4
 504  505      0.033     -0.708      2.500 4
 505  506      0.035     -0.637      2.500 4
 506  507      0.036     -0.658      2.500 4
 507  508      0.038      0.820      2.500 4
 508  509      0.041      0.022      2.500 4
 509  510      0.045     -0.286      2.500 4
 510  511      0.047     -0.446      2.500 4
 511  512      0.048      0.225      2.500 4
 512  513      0.053      0.036      2.500 4
 513  514      0.056     -0.157      2.500 4
 514  516      0.056     -0.133      2.500 4
 515  517      0.057     -0.396      2.500 4
 516  515      0.057      0.489      2.500 4
 517  518      0.058     -0.248      2.500 4
 518  520      0.062      0.112      2.500 4
 519  519      0.063     -0.711      2.500 4
 521  521      0.065      0.683      2.500 4
 523  522      0.066      0.639      2.500 4
 520  523      0.067      0.070      2.500 4
 522  524      0.068     -0.250      2.500 4
 524  525      0.069     -0.696      2.500 4
 525  526      0.072      0.631      2.500 4
 526  528      0.075      0.153      2.500 4
 527  527      0.075      0.503      2.500 4
 528  529      0.078      0.331      2.500 4
 529  530      0.080     -0.029      2.500 4
 530  531      0.084     -0.536      2.500 4
 531  532      0.085      0.293      2.500 4
 532  533      0.086     -0.456      2.500 4
 533  534      0.097      0.027      2.500 4
 534  538      0.101      0.355      2.500 4
 535  536      0.102     -0.691      2.500 4
 537  535      0.102     -0.766      2.500 4
 538  537      0.103     -0.889      2.500 4
 536  539      0.105     -0.342      2.500 4
 539  540      0.111      0.195      2.500 4
 540  542      0.112      0.167      2.500 4
 541  541      0.113     -0.441      2.500 4
  -1   -2      0.117      0.190      2.500 4
 544  547      0.120      0.025      2.500 4
 543  548      0.120     -0.089      2.500 4
 545  543      0.120     -0.626      2.500 4
 546  549      0.123     -0.460      2.500 4
 550  545      0.124      0.742      2.500 4
 551  546      0.125      0.653      2.500 4
 547  553      0.125     -0.220      2.500 4
 553  551      0.126      0.609      2.500 4
 554  550      0.127     -0.859      2.500 4
 548  555      0.128      0.055      2.500 4
 549  556      0.129     -0.087      2.500 4
 556  552      0.131     -0.812      2.500 4
 552  557      0.131     -0.245      2.500 4
 558  554      0.133      0.596      2.500 4
 555  559      0.133     -0.014      2.500 4
 557  561      0.136      0.266      2.500 4
 559  562      0.138     -0.231      2.500 4
 561  558      0.138     -0.892      2.500 4
 562  560      0.140      0.788      2.500 4
 560  564      0.141      0.033      2.500 4
 563  563      0.143     -0.552      2.500 4
 567   -2      0.151     -0.528      2.500 4
 568  565      0.151     -0.843      2.500 4
 566  567      0.153      0.477      2.500 4
 564  569      0.153      0.246      2.500 4
  -1  566      0.154     -0.514      2.500 4
 573  570      0.158     -0.585      2.500 4
 570  571      0.160      0.091      2.500 4
 569  573      0.160      0.026      2.500 4
 572  572      0.161     -0.252      2.500 4
 571  574      0.161     -0.067      2.500 4
 574  580      0.165     -0.048      2.500 4
 575  579      0.168      0.314      2.500 4
 579  575      0.169     -0.888      2.500 4
 578  578      0.171     -0.657      2.500 4
 580  576      0.171      0.719      2.500 4
 581  577      0.172     -0.826      2.500 4
 576  583      0.175     -0.199      2.500 4
 577  586      0.177      0.050      2.500 4
 582  581      0.177      0.347      2.500 4
 585  582      0.182      0.653      2.500 4
 587  584      0.183     -0.821      2.500 4
  -1   -2      0.183     -0.524      2.500 4
  -1   -2      0.185     -0.892      2.500 4
 584  589      0.185     -0.484      2.500 4
 592  587      0.187      0.794      2.500 4
 589  591      0.188     -0.532      2.500 4
 586  594      0.188      0.252      2.500 4
 590  597      0.191     -0.344      2.500 4
 596  590      0.191     -0.896      2.500 4
 588  598      0.192      0.123      2.500 4
 594  595      0.193      0.477      2.500 4
 593  596      0.193      0.414      2.500 4
 598  592      0.193     -0.858      2.500 4
 599  593      0.194      0.679      2.500 4
 597  599      0.197     -0.485      2.500 4
 595  601      0.198     -0.258      2.500 4
 603  600      0.200     -0.502      2.500 4
 602  602      0.201     -0.391      2.500 4
 600  605      0.203      0.050      2.500 4
 601  604      0.203     -0.188      2.500 4
 604  606      0.205      0.151      2.500 4
 605  608      0.206      0.135      2.500 4
 606  611      0.208      0.041      2.500 4
 610  603      0.209      0.745      2.500 4
 608  609      0.210      0.340      2.500 4
 611  607      0.212     -0.662      2.500 4
 607  613      0.212     -0.126      2.500 4
 609  615      0.215      0.009      2.500 4
 612  612      0.215     -0.536      2.500 4
 615  610      0.217      0.738      2.500 4
 613  617      0.221     -0.146      2.500 4
 616  616      0.222     -0.899      2.500 4
 618  614      0.224     -0.866      2.500 4
 614  618      0.224      0.094      2.500 4
 617  619      0.227     -0.243      2.500 4
 619  622      0.233      0.274      2.500 4
 621  625      0.236      0.155      2.500 4
 620  627      0.237     -0.139      2.500 4
 624  623      0.237      0.492      2.500 4
 627  620      0.239     -0.861      2.500 4
 622  630      0.240     -0.029      2.500 4
 628  621      0.240      0.715      2.500 4
 625  624      0.240      0.585      2.500 4
 623  632      0.242     -0.054      2.500 4
 629  626      0.243     -0.599      2.500 4
 630  631      0.247      0.342      2.500 4
 626  633      0.247     -0.386      2.500 4
 631  628      0.248     -0.624      2.500 4
 633  629      0.251      0.799      2.500 4
 634  635      0.258     -0.551      2.500 4
 635  634      0.258      0.483      2.500 4
 632  638      0.261     -0.274      2.500 4
 638  636      0.262      0.606      2.500 4
 637  637      0.263      0.557      2.500 4
 636  639      0.265     -0.431      2.500 4
 641  640      0.273     -0.604      2.500 4
 639  641      0.274     -0.300      2.500 4
 640  642      0.276     -0.116      2.500 4
 643  646      0.287      0.230      2.500 4
 642  648      0.288      0.068      2.500 4
 646  645      0.289     -0.549      2.500 4
 650  644      0.291      0.583      2.500 4
 644  650      0.291     -0.341      2.500 4
 652  643      0.292      0.819      2.500 4
 648  647      0.292      0.322      2.500 4
 645  653      0.294      0.118      2.500 4
 649  652      0.295     -0.431      2.500 4
 647  658      0.297      0.006      2.500 4
 656  649      0.300      0.634      2.500 4
 653  654      0.301      0.391      2.500 4
 661  651      0.302     -0.780      2.500 4
 651  660      0.302     -0.008      2.500 4
 654  657      0.303     -0.468      2.500 4
 658  656      0.305      0.444      2.500 4
 666  655      0.309      0.669      2.500 4
 655  663      0.309     -0.202      2.500 4
 663  661      0.312      0.402      2.500 4
 659  664      0.312      0.186      2.500 4
 657  665      0.312      0.116      2.500 4
 660  667      0.314      0.064      2.500 4
 662  666      0.314      0.139      2.500 4
 670  659      0.316     -0.805      2.500 4
 667  671      0.320     -0.311      2.500 4
 664  673      0.320     -0.030      2.500 4
 671  662      0.321     -0.769      2.500 4
 665  675      0.321      0.037      2.500 4
 668  674      0.322      0.098      2.500 4
 669  678      0.326      0.045      2.500 4
 672  669      0.326      0.494      2.500 4
 674  668      0.329      0.745      2.500 4
 673  679      0.331      0.294      2.500 4
 676  672      0.331     -0.761      2.500 4
 677  670      0.331     -0.887      2.500 4
 675  680      0.336      0.422      2.500 4
 678  676      0.336     -0.699      2.500 4
 679  681      0.338     -0.643      2.500 4
  -1   -2      0.339     -0.803      2.500 4
 680  682      0.340      0.539      2.500 4
 685  683      0.345     -0.803      2.500 4
 682  684      0.350     -0.459      2.500 4
 686  686      0.354      0.412      2.500 4
 687  687      0.354      0.399      2.500 4
 690  685      0.355     -0.604      2.500 4
 688  689      0.357      0.368      2.500 4
 693  688      0.358     -0.564      2.500 4
 689  691      0.359     -0.406      2.500 4
 684  694      0.359      0.092      2.500 4
 683  695      0.360      0.006      2.500 4
 697  690      0.364      0.497      2.500 4
 696  693      0.365     -0.578      2.500 4
 691  698      0.365     -0.219      2.500 4
 692  699      0.366     -0.145      2.500 4
 699  692      0.368      0.604      2.500 4
 695  697      0.369      0.323      2.500 4
 694  704      0.372     -0.194      2.500 4
 702  696      0.374     -0.767      2.500 4
 698  702      0.375      0.250      2.500 4
 708  701      0.382      0.679      2.500 4
 710  700      0.383      0.730      2.500 4
 705  703      0.383      0.535      2.500 4
 700  708      0.384     -0.188      2.500 4
 701  712      0.389     -0.107      2.500 4
 709  706      0.390      0.395      2.500 4
 707  707      0.390      0.349      2.500 4
 703  714      0.392     -0.003      2.500 4
 715  705      0.392     -0.758      2.500 4
 704  715      0.392      0.006      2.500 4
 712  709      0.394     -0.457      2.500 4
 706  716      0.395      0.131      2.500 4
 713  711      0.397      0.427      2.500 4
 711  719      0.400      0.084      2.500 4
 718  710      0.401     -0.711      2.500 4
 721   -2      0.403     -0.904      2.500 4
  -1   -2      0.405      0.687      2.500 4
 714  724      0.407     -0.110      2.500 4
 717  720      0.407      0.363      2.500 4
 716  725      0.409     -0.281      2.500 4
 723  718      0.409     -0.646      2.500 4
 725  717      0.411      0.731      2.500 4
 720  726      0.415      0.240      2.500 4
 719  727      0.417     -0.153      2.500 4
 727  721      0.417      0.687      2.500 4
 726  723      0.418     -0.671      2.500 4
 731  722      0.421     -0.874      2.500 4
 724  733      0.426     -0.016      2.500 4
 728  738      0.434     -0.160      2.500 4
 730  736      0.434     -0.331      2.500 4
 734  728      0.434     -0.894      2.500 4
 732  732      0.435     -0.522      2.500 4
 729  739      0.435      0.021      2.500 4
 735  729      0.436     -0.704      2.500 4
 740  730      0.439      0.712      2.500 4
 738  731      0.439     -0.718      2.500 4
 741  735      0.442     -0.686      2.500 4
 742  734      0.443      0.646      2.500 4
 737  740      0.446     -0.416      2.500 4
 733  743      0.447     -0.037      2.500 4
 736  742      0.447      0.232      2.500 4
 739  741      0.448      0.319      2.500 4
 746  747      0.460      0.337      2.500 4
 743  752      0.460     -0.024      2.500 4
 745  753      0.462     -0.159      2.500 4
 744  754      0.462     -0.148      2.500 4
 752  744      0.464     -0.766      2.500 4
 750  745      0.464     -0.722      2.500 4
 748  749      0.466      0.426      2.500 4
 747  755      0.466     -0.205      2.500 4
 751  748      0.468      0.518      2.500 4
 756  746      0.468     -0.822      2.500 4
 755  750      0.470      0.573      2.500 4
 749  757      0.473     -0.389      2.500 4
 759  751      0.476      0.692      2.500 4
 753  762      0.478      0.178      2.500 4
 754  764      0.483      0.062      2.500 4
 763  756      0.483      0.831      2.500 4
 760  761      0.483     -0.551      2.500 4
 764  759      0.485      0.792      2.500 4
 765  758      0.485     -0.886      2.500 4
 767  760      0.489      0.724      2.500 4
 757  768      0.489     -0.127      2.500 4
 758  767      0.490      0.148      2.500 4
 768  763      0.493     -0.654      2.500 4
 766  766      0.494     -0.506      2.500 4
 761  770      0.495      0.155      2.500 4
 769  765      0.496     -0.662      2.500 4
 762  772      0.498      0.035      2.500 4
 770  771      0.503      0.452      2.500 4
 773  769      0.506      0.664      2.500 4
 772  773      0.508     -0.541      2.500 4
 771  775      0.511      0.219      2.500 4
 774  776      0.515     -0.462      2.500 4
 777  774      0.517      0.473      2.500 4
 776  777      0.519      0.335      2.500 4
 775  779      0.519      0.260      2.500 4
 780  778      0.526      0.611      2.500 4
 778  782      0.528     -0.519      2.500 4
 781  780      0.530      0.532      2.500 4
 783  783      0.531     -0.599      2.500 4
 784  781      0.532     -0.631      2.500 4
 787  784      0.536      0.490      2.500 4
 779  787      0.538     -0.004      2.500 4
 786  785      0.538     -0.505      2.500 4
 788  786      0.539     -0.513      2.500 4
 782  790      0.542     -0.129      2.500 4
 785  789      0.543      0.123      2.500 4
 789  792      0.547     -0.362      2.500 4
 792  791      0.550      0.350      2.500 4
 790  796      0.552      0.003      2.500 4
 791  795      0.553     -0.217      2.500 4
 796  788      0.556     -0.761      2.500 4
 795  794      0.559      0.358      2.500 4
 793  801      0.561     -0.245      2.500 4
 799  793      0.562     -0.901      2.500 4
 797  797      0.562     -0.537      2.500 4
 794  802      0.563     -0.199      2.500 4
 800  800      0.569     -0.725      2.500 4
 801  798      0.570      0.775      2.500 4
 802  799      0.571      0.762      2.500 4
 798  808      0.577     -0.102      2.500 4
 806  803      0.578     -0.826      2.500 4
 804  805      0.578     -0.557      2.500 4
 803  812      0.583     -0.299      2.500 4
 807  804      0.583      0.715      2.500 4
 811  806      0.587     -0.710      2.500 4
 810  809      0.589      0.504      2.500 4
 808  810      0.589     -0.575      2.500 4
 814  807      0.590      0.698      2.500 4
  -1   -2      0.590     -0.300      2.500 4
 809  813      0.591     -0.534      2.500 4
 818  811      0.595     -0.902      2.500 4
 815  816      0.598      0.324      2.500 4
 819  814      0.599      0.525      2.500 4
 812  818      0.601      0.002      2.500 4
 816  817      0.602      0.188      2.500 4
 813  820      0.604     -0.089      2.500 4
 817  821      0.609     -0.147      2.500 4
 821  819      0.611      0.472      2.500 4
 820  823      0.614     -0.186      2.500 4
 822  825      0.619     -0.325      2.500 4
 823  824      0.621     -0.420      2.500 4
 826  822      0.624      0.586      2.500 4
 824  829      0.626      0.005      2.500 4
 825  830      0.627     -0.006      2.500 4
 828  826      0.633      0.589      2.500 4
 827  828      0.634     -0.541      2.500 4
 830  827      0.638     -0.816      2.500 4
 834  831      0.641      0.730      2.500 4
 831  832      0.641     -0.654      2.500 4
 835  835      0.646      0.542      2.500 4
 829  838      0.646      0.097      2.500 4
 836  834      0.646      0.650      2.500 4
 837  833      0.647     -0.822      2.500 4
 833  839      0.650      0.237      2.500 4
 841  836      0.651     -0.807      2.500 4
 832  843      0.653     -0.019      2.500 4
 838   -2      0.653      0.334      2.500 4
 843  837      0.656      0.780      2.500 4
 840  842      0.657     -0.898      2.500 4
  -1  840      0.659      0.334      2.500 4
 844  841      0.660     -0.605      2.500 4
 842  844      0.660      0.367      2.500 4
 839  849      0.662      0.150      2.500 4
 847  846      0.666      0.517      2.500 4
 846  848      0.666      0.362      2.500 4
 852  845      0.669      0.793      2.500 4
 850  847      0.670      0.587      2.500 4
 845  852      0.670     -0.216      2.500 4
 849  851      0.673      0.386      2.500 4
 853  850      0.675      0.485      2.500 4
 848  856      0.678      0.071      2.500 4
 851  857      0.680     -0.166      2.500 4
 859  853      0.680     -0.667      2.500 4
 860  854      0.683      0.624      2.500 4
 854  860      0.683      0.043      2.500 4
 855  861      0.683     -0.193      2.500 4
 857  858      0.684     -0.418      2.500 4
 856  863      0.685      0.061      2.500 4
 858  864      0.687     -0.238      2.500 4
 862  855      0.688     -0.820      2.500 4
 863  862      0.691     -0.625      2.500 4
 865  859      0.693      0.675      2.500 4
 861  869      0.696      0.179      2.500 4
 867  865      0.699      0.583      2.500 4
 868  866      0.699     -0.635      2.500 4
 866  868      0.699     -0.476      2.500 4
 864  873      0.702      0.022      2.500 4
 870  867      0.703      0.623      2.500 4
 872  870      0.705     -0.777      2.500 4
 869  876      0.709     -0.135      2.500 4
 877  871      0.709     -0.838      2.500 4
 875  872      0.710      0.704      2.500 4
 871  877      0.712     -0.200      2.500 4
 878  874      0.713     -0.790      2.500 4
 879  875      0.714     -0.750      2.500 4
 874  878      0.716     -0.421      2.500 4
 873  880      0.716     -0.339      2.500 4
 876  881      0.719      0.160      2.500 4
 882  879      0.723      0.728      2.500 4
 880  884      0.725      0.065      2.500 4
 881  887      0.729      0.031      2.500 4
 885  882      0.730      0.575      2.500 4
 884  886      0.730     -0.374      2.500 4
 883  892      0.733     -0.106      2.500 4
 887  883      0.733     -0.785      2.500 4
 890  885      0.735     -0.726      2.500 4
 888  893      0.739      0.340      2.500 4
 891  890      0.739     -0.585      2.500 4
  -1   -2      0.739     -0.596      2.500 4
 886  895      0.740      0.199      2.500 4
 895  888      0.741     -0.787      2.500 4
 897  889      0.742     -0.851      2.500 4
 889  900      0.743     -0.004      2.500 4
  -1   -2      0.744      0.209      2.500 4
 896  894      0.745      0.540      2.500 4
 894  898      0.746      0.380      2.500 4
 898  896      0.747     -0.711      2.500 4
 900  897      0.749      0.663      2.500 4
 902  901      0.754      0.397      2.500 4
 899  905      0.755     -0.217      2.500 4
 903  902      0.755     -0.482      2.500 4
 904  903      0.756     -0.461      2.500 4
 901  906      0.758     -0.096      2.500 4
 905  910      0.760     -0.017      2.500 4
 909  904      0.762      0.800      2.500 4
 906  908      0.763      0.309      2.500 4
 907  913      0.765     -0.270      2.500 4
 908  912      0.765      0.280      2.500 4
 910  909      0.766      0.465      2.500 4
 911  907      0.767      0.713      2.500 4
 914  911      0.769     -0.857      2.500 4
 915  914      0.771      0.633      2.500 4
 918  915      0.773      0.746      2.500 4
 916  917      0.774      0.422      2.500 4
 912  920      0.774      0.154      2.500 4
 919  916      0.773     -0.707      2.500 4
 913  919      0.774     -0.405      2.500 4
 921  918      0.777      0.486      2.500 4
 917  922      0.779     -0.062      2.500 4
 920  924      0.781     -0.026      2.500 4
 925  921      0.786      0.729      2.500 4
 923  925      0.786     -0.468      2.500 4
 924  923      0.787      0.538      2.500 4
 922  928      0.787     -0.016      2.500 4
 926  929      0.791      0.198      2.500 4
 927  930      0.791     -0.280      2.500 4
 928  927      0.793      0.589      2.500 4
 930  926      0.793      0.784      2.500 4
 931  932      0.798      0.287      2.500 4
 929  934      0.799     -0.053      2.500 4
 932  931      0.801      0.686      2.500 4
 934  933      0.805      0.731      2.500 4
  -1   -2      0.806      0.558      2.500 4
 935  936      0.807     -0.721      2.500 4
 936  937      0.810      0.550      2.500 4
 937  938      0.814      0.230      2.500 4
 939  939      0.816      0.481      2.500 4
  -1   -2      0.817      0.239      2.500 4
 942  940      0.820     -0.648      2.500 4
 940  945      0.821     -0.073      2.500 4
 943  942      0.821     -0.486      2.500 4
 941  948      0.823      0.110      2.500 4
 944  944      0.824      0.347      2.500 4
 945  943      0.824     -0.634      2.500 4
 947  946      0.826      0.531      2.500 4
 946  947      0.826      0.453      2.500 4
 948  950      0.830     -0.137      2.500 4
 951  949      0.831      0.708      2.500 4
 949  951      0.831      0.218      2.500 4
 950  954      0.834     -0.010      2.500 4
 953  952      0.834     -0.638      2.500 4
 954  953      0.834     -0.582      2.500 4
 952  955      0.835     -0.258      2.500 4
 955  957      0.838     -0.082      2.500 4
 957  956      0.838     -0.477      2.500 4
 956  958      0.839      0.020      2.500 4
 958  959      0.843     -0.386      2.500 4
 959  960      0.846      0.220      2.500 4
 960  961      0.850     -0.656      2.500 4
 961  962      0.853     -0.854      2.500 4
 963  963      0.853     -0.866      2.500 4
 962  965      0.855      0.402      2.500 4
 965  964      0.855     -0.821      2.500 4
 964  967      0.858     -0.209      2.500 4
 966  968      0.859     -0.356      2.500 4
 967  970      0.860     -0.322      2.500 4
 969  966      0.860     -0.887      2.500 4
 968  969      0.861     -0.543      2.500 4
 970  971      0.863     -0.172      2.500 4
 971  972      0.873      0.390      2.500 4
 972  973      0.874     -0.898      2.500 4
 973  974      0.876      0.177      2.500 4
 974  975      0.879      0.764      2.500 4
 975  976      0.879      0.717      2.500 4
 976  977      0.879      0.827      2.500 4
 977  978      0.882      0.618      2.500 4
 978  980      0.882     -0.520      2.500 4
 979  979      0.883     -0.777      2.500 4
 980  981      0.891     -0.653      2.500 4
 981  985      0.893     -0.215      2.500 4
 983  982      0.894      0.682      2.500 4
 982  983      0.894      0.363      2.500 4
 984  984      0.894     -0.597      2.500 4
 985  986      0.901      0.332      2.500 4
 986  987      0.901     -0.450      2.500 4
 987  988      0.904     -0.321      2.500 4
 988  990      0.905     -0.019      2.500 4
 989  989      0.907      0.570      2.500 4
 990  991      0.907     -0.794      2.500 4
 993  992      0.909      0.801      2.500 4
  -1   -2      0.909      0.284      2.500 4
 994  993      0.909      0.496      2.500 4
 995  994      0.910      0.599      2.500 4
 992  997      0.910      0.275      2.500 4
 996  996      0.910     -0.726      2.500 4
 997  998      0.913      0.096      2.500 4
