997
  -1   -2     -0.823      0.481      2.500 4
  -1    1     -0.823      0.472      2.500 4
  -1    2     -0.822     -0.553      2.500 4
  -1    4     -0.820     -0.112      2.500 4
  -1    3     -0.820     -0.433      2.500 4
  -1    7     -0.821      0.768      2.500 4
  -1    6     -0.819     -0.878      2.500 4
  -1    5     -0.820      0.323      2.500 4
  -1   10     -0.815      0.356      2.500 4
  -1   12     -0.815     -0.080      2.500 4
  -1    8     -0.814     -0.516      2.500 4
  -1    9     -0.815      0.793      2.500 4
  -1   15     -0.815      0.138      2.500 4
  -1   14     -0.814     -0.298      2.500 4
  -1   13     -0.814     -0.734      2.500 4
  -1   11     -0.814      0.574      2.500 4
  -1   16     -0.813     -0.160      2.500 4
  -1   17     -0.808     -0.190      2.500 4
  -1   18     -0.806     -0.801      2.500 4
  -1   19     -0.806      0.575      2.500 4
  -1   20     -0.804      0.401      2.500 4
  -1   22     -0.801     -0.802      2.500 4
  -1   21     -0.801      0.081      2.500 4
  -1   24     -0.797      0.739      2.500 4
  -1   23     -0.796      0.293      2.500 4
  -1   25     -0.793     -0.139      2.500 4
  -1   26     -0.790      0.435      2.500 4
  -1   27     -0.786      0.144      2.500 4
  -1   30     -0.786      0.490      2.500 4
  -1   28     -0.785      0.306      2.500 4
  -1   29     -0.784      0.128      2.500 4
  -1   34     -0.783     -0.781      2.500 4
  -1   31     -0.782     -0.142      2.500 4
  -1   32     -0.781     -0.058      2.500 4
  -1   35     -0.781     -0.523      2.500 4
  -1   36     -0.781     -0.486      2.500 4
  -1   33     -0.781     -0.286      2.500 4
  -1   37     -0.779     -0.440      2.500 4
  -1   38     -0.777      0.711      2.500 4
  -1   39     -0.770     -0.265      2.500 4
  -1   42     -0.769      0.287      2.500 4
  -1   40     -0.768     -0.153      2.500 4
  -1   41     -0.767     -0.101      2.500 4
  -1   43     -0.762      0.376      2.500 4
  -1   45     -0.761     -0.715      2.500 4
  -1   46     -0.759     -0.790      2.500 4
  -1   47     -0.759     -0.896      2.500 4
  -1   44     -0.758      0.040      2.500 4
  -1   48     -0.756      0.557      2.500 4
  -1   51     -0.752     -0.663      2.500 4
  -1   52     -0.751      0.613      2.500 4
  -1   49     -0.750      0.215      2.500 4
  -1   50     -0.749      0.173      2.500 4
  -1   53     -0.749      0.664      2.500 4
  -1   54     -0.747     -0.713      2.500 4
  -1   56     -0.746     -0.813      2.500 4
  -1   55     -0.744     -0.479      2.500 4
  -1   -2     -0.743      0.366      2.500 4
  -1   57     -0.740     -0.003      2.500 4
  -1   59     -0.739      0.038      2.500 4
  -1   60     -0.739     -0.185      2.500 4
  -1   61     -0.738      0.351      2.500 4
  -1   64     -0.735     -0.527      2.500 4
  -1   62     -0.733      0.109      2.500 4
  -1   63     -0.733      0.145      2.500 4
  -1   65     -0.731     -0.446      2.500 4
  -1   67     -0.730     -0.856      2.500 4
  -1   66     -0.727      0.049      2.500 4
  -1   68     -0.722     -0.336      2.500 4
  -1   70     -0.718     -0.529      2.500 4
  -1   69     -0.718      0.330      2.500 4
  -1   -2     -0.717      0.431      2.500 4
  -1   73     -0.713      0.427      2.500 4
  -1   75     -0.712     -0.684      2.500 4
  -1   72     -0.712      0.293      2.500 4
  -1   78     -0.708     -0.731      2.500 4
  -1   74     -0.708      0.234      2.500 4
  -1   76     -0.707      0.190      2.500 4
  -1   77     -0.705     -0.132      2.500 4
  -1   80     -0.702      0.365      2.500 4
  -1   79     -0.700     -0.316      2.500 4
  -1   81     -0.691     -0.154      2.500 4
  -1   82     -0.691      0.400      2.500 4
  -1   84     -0.687     -0.765      2.500 4
  -1   86     -0.687      0.736      2.500 4
  -1   85     -0.686      0.565      2.500 4
  -1   87     -0.682     -0.666      2.500 4
  -1   83     -0.682     -0.170      2.500 4
  -1   93     -0.678      0.790      2.500 4
  -1   91     -0.675     -0.704      2.500 4
  -1   92     -0.674      0.473      2.500 4
  -1   88     -0.673     -0.220      2.500 4
  -1   89     -0.671     -0.377      2.500 4
  -1   90     -0.668      0.040      2.500 4
  -1   98     -0.663     -0.886      2.500 4
  -1   94     -0.662     -0.008      2.500 4
  -1   95     -0.661     -0.185      2.500 4
  -1   96     -0.660     -0.065      2.500 4
  -1   97     -0.657     -0.138      2.500 4
  -1  101     -0.654      0.681      2.500 4
  -1   99     -0.654      0.290      2.500 4
  -1  100     -0.649     -0.899      2.500 4
  -1  104     -0.643      0.321      2.500 4
  -1  102     -0.642      0.060      2.500 4
  -1  103     -0.639     -0.028      2.500 4
  -1  112     -0.639      0.704      2.500 4
  -1  106     -0.637      0.107      2.500 4
  -1  105     -0.636     -0.117      2.500 4
  -1  111     -0.635     -0.598      2.500 4
  -1  109     -0.633      0.267      2.500 4
  -1  107     -0.632     -0.051      2.500 4
  -1  108     -0.631     -0.231      2.500 4
  -1  110     -0.629      0.022      2.500 4
  -1  114     -0.629     -0.446      2.500 4
  -1  113     -0.626     -0.096      2.500 4
  -1  118     -0.626      0.459      2.500 4
  -1  121     -0.625      0.622      2.500 4
  -1  117     -0.624      0.339      2.500 4
  -1  115     -0.624      0.316      2.500 4
  -1  124     -0.621      0.663      2.500 4
  -1  116     -0.619     -0.142      2.500 4
  -1  119     -0.618      0.084      2.500 4
  -1  120     -0.615     -0.083      2.500 4
  -1  122     -0.614      0.175      2.500 4
  -1  130     -0.614      0.760      2.500 4
  -1  126     -0.611     -0.560      2.500 4
  -1  128     -0.611      0.593      2.500 4
  -1  123     -0.611      0.032      2.500 4
  -1  131     -0.609     -0.689      2.500 4
  -1  125     -0.609      0.103      2.500 4
  -1  127     -0.609      0.340      2.500 4
  -1  129     -0.601     -0.245      2.500 4
  -1  132     -0.600      0.309      2.500 4
  -1  133     -0.596     -0.294      2.500 4
  -1  134     -0.592     -0.149      2.500 4
  -1  136     -0.589      0.470      2.500 4
  -1  135     -0.588     -0.302      2.500 4
  -1  137     -0.588      0.514      2.500 4
  -1  139     -0.586      0.643      2.500 4
  -1  138     -0.582      0.293      2.500 4
  -1  141     -0.581     -0.617      2.500 4
  -1  147     -0.577      0.700      2.500 4
  -1  140     -0.577     -0.401      2.500 4
  -1   -2     -0.575     -0.620      2.500 4
  -1  145     -0.574      0.428      2.500 4
  -1  142     -0.574      0.257      2.500 4
  -1  152     -0.572      0.657      2.500 4
  -1  150     -0.570      0.410      2.500 4
  -1  144     -0.569     -0.377      2.500 4
  -1  153     -0.569      0.552      2.500 4
  -1  143     -0.568      0.020      2.500 4
  -1  148     -0.566     -0.359      2.500 4
  -1  161     -0.563      0.753      2.500 4
  -1  158     -0.562     -0.657      2.500 4
  -1  160     -0.563      0.621      2.500 4
  -1  154     -0.562     -0.424      2.500 4
  -1  149     -0.562     -0.048      2.500 4
  -1  151     -0.561     -0.191      2.500 4
  -1  159     -0.559      0.416      2.500 4
  -1  157     -0.559      0.309      2.500 4
  -1  155     -0.557     -0.335      2.500 4
  -1  164     -0.558      0.675      2.500 4
  -1  156     -0.557      0.258      2.500 4
  -1  165     -0.557      0.744      2.500 4
  -1  166     -0.555     -0.817      2.500 4
  -1  167     -0.552     -0.693      2.500 4
  -1  162     -0.553      0.385      2.500 4
  -1  169     -0.550     -0.886      2.500 4
  -1  163     -0.550      0.337      2.500 4
  -1  170     -0.549      0.642      2.500 4
  -1  173     -0.547      0.827      2.500 4
  -1  171     -0.544     -0.624      2.500 4
  -1  168     -0.541     -0.226      2.500 4
  -1  175     -0.538     -0.654      2.500 4
  -1  178     -0.539      0.621      2.500 4
  -1  179     -0.535      0.533      2.500 4
  -1  180     -0.533     -0.756      2.500 4
  -1  172     -0.532     -0.155      2.500 4
  -1  183     -0.530      0.825      2.500 4
  -1  174     -0.529     -0.207      2.500 4
  -1  176     -0.528      0.182      2.500 4
  -1  181     -0.527      0.406      2.500 4
  -1  185     -0.526     -0.808      2.500 4
  -1  177     -0.525     -0.076      2.500 4
  -1  182     -0.519     -0.339      2.500 4
  -1  189     -0.518     -0.904      2.500 4
  -1  184     -0.517     -0.406      2.500 4
  -1  187     -0.513      0.406      2.500 4
  -1  190     -0.511      0.504      2.500 4
  -1  188     -0.510     -0.491      2.500 4
  -1  193     -0.510      0.789      2.500 4
  -1  186     -0.508      0.031      2.500 4
  -1  197     -0.505      0.575      2.500 4
  -1  198     -0.502      0.493      2.500 4
  -1  202     -0.502      0.772      2.500 4
  -1  191     -0.499      0.011      2.500 4
  -1  196     -0.499      0.339      2.500 4
  -1  192     -0.497     -0.157      2.500 4
  -1  200     -0.496     -0.587      2.500 4
  -1  195     -0.494     -0.244      2.500 4
  -1  204     -0.494     -0.649      2.500 4
  -1  194     -0.494      0.090      2.500 4
  -1  206     -0.492      0.575      2.500 4
  -1  203     -0.491     -0.547      2.500 4
  -1  208     -0.491      0.799      2.500 4
  -1  199     -0.488     -0.203      2.500 4
  -1  201     -0.487      0.163      2.500 4
  -1  207     -0.486      0.388      2.500 4
  -1  205     -0.484     -0.341      2.500 4
  -1  210     -0.484      0.571      2.500 4
  -1  214     -0.479     -0.773      2.500 4
  -1  209     -0.479      0.386      2.500 4
  -1  212     -0.475     -0.555      2.500 4
  -1   -2     -0.475      0.576      2.500 4
  -1  216     -0.475      0.587      2.500 4
  -1   -2     -0.475      0.796      2.500 4
  -1  211     -0.472     -0.286      2.500 4
  -1  221     -0.471      0.664      2.500 4
  -1  217     -0.471      0.524      2.500 4
  -1  220     -0.467      0.461      2.500 4
  -1  223     -0.466     -0.899      2.500 4
  -1  213     -0.465     -0.193      2.500 4
  -1  222     -0.465      0.472      2.500 4
  -1  219     -0.465      0.386      2.500 4
  -1  224     -0.453     -0.382      2.500 4
  -1  225     -0.453      0.360      2.500 4
  -1  229     -0.451     -0.676      2.500 4
  -1  232     -0.450      0.683      2.500 4
  -1  234     -0.448      0.632      2.500 4
  -1  236     -0.447      0.777      2.500 4
  -1  235     -0.446      0.614      2.500 4
  -1  228     -0.446      0.359      2.500 4
  -1  233     -0.445      0.501      2.500 4
  -1  226     -0.442     -0.173      2.500 4
  -1  227     -0.442      0.137      2.500 4
  -1  238     -0.440      0.640      2.500 4
  -1  230     -0.437      0.089      2.500 4
  -1  237     -0.435     -0.485      2.500 4
  -1  231     -0.434     -0.211      2.500 4
  -1  239     -0.432     -0.899      2.500 4
  -1  240     -0.431      0.344      2.500 4
  -1  245     -0.427     -0.685      2.500 4
  -1  250     -0.426      0.825      2.500 4
  -1  246     -0.422     -0.565      2.500 4
  -1  241     -0.421      0.070      2.500 4
  -1  244     -0.419      0.214      2.500 4
  -1  253     -0.419      0.732      2.500 4
  -1  242     -0.418     -0.018      2.500 4
  -1  251     -0.418      0.477      2.500 4
  -1  243     -0.418     -0.195      2.500 4
  -1  247     -0.417     -0.451      2.500 4
  -1  255     -0.416     -0.833      2.500 4
  -1  256     -0.414     -0.729      2.500 4
  -1  248     -0.410      0.001      2.500 4
  -1  249     -0.410      0.123      2.500 4
  -1  258     -0.409      0.676      2.500 4
  -1  254     -0.407     -0.469      2.500 4
  -1  252     -0.405      0.166      2.500 4
  -1  259     -0.404      0.478      2.500 4
  -1  260     -0.400     -0.757      2.500 4
  -1  261     -0.399      0.650      2.500 4
  -1  257     -0.398     -0.015      2.500 4
  -1  262     -0.394     -0.775      2.500 4
  -1  265     -0.390     -0.799      2.500 4
  -1  268     -0.383      0.605      2.500 4
  -1  264     -0.382     -0.457      2.500 4
  -1  267     -0.382     -0.621      2.500 4
  -1  263     -0.382      0.335      2.500 4
  -1  271     -0.380      0.748      2.500 4
  -1  273     -0.371     -0.676      2.500 4
  -1  266     -0.370     -0.110      2.500 4
  -1  269     -0.368      0.010      2.500 4
  -1  270     -0.366     -0.020      2.500 4
  -1  277     -0.365      0.498      2.500 4
  -1  279     -0.363      0.538      2.500 4
  -1  276     -0.361      0.356      2.500 4
  -1  272     -0.360     -0.087      2.500 4
  -1  278     -0.360      0.377      2.500 4
  -1  274     -0.357     -0.206      2.500 4
  -1  275     -0.356     -0.161      2.500 4
  -1  281     -0.353      0.530      2.500 4
  -1  282     -0.352      0.719      2.500 4
  -1  280     -0.352      0.210      2.500 4
  -1  283     -0.347      0.791      2.500 4
  -1  288     -0.340      0.634      2.500 4
  -1  290     -0.338     -0.854      2.500 4
  -1  287     -0.337     -0.605      2.500 4
  -1  291     -0.336     -0.837      2.500 4
  -1  284     -0.333      0.249      2.500 4
  -1  286     -0.332     -0.397      2.500 4
  -1  289     -0.330      0.292      2.500 4
  -1  285     -0.329     -0.194      2.500 4
  -1  292     -0.328      0.429      2.500 4
  -1  294     -0.324      0.436      2.500 4
  -1  295     -0.321     -0.537      2.500 4
  -1  293     -0.316     -0.064      2.500 4
  -1  297     -0.311      0.338      2.500 4
  -1  296     -0.311     -0.025      2.500 4
  -1  300     -0.304      0.601      2.500 4
  -1  298     -0.303     -0.110      2.500 4
  -1  306     -0.299     -0.825      2.500 4
  -1  301     -0.298     -0.497      2.500 4
  -1   -2     -0.293     -0.077      2.500 4
  -1  308     -0.291     -0.606      2.500 4
  -1  303     -0.289     -0.249      2.500 4
  -1  302     -0.289     -0.203      2.500 4
  -1  311     -0.289      0.818      2.500 4
  -1  304     -0.288     -0.214      2.500 4
  -1  305     -0.287      0.138      2.500 4
  -1  309     -0.286     -0.463      2.500 4
  -1  307     -0.281     -0.077      2.500 4
  -1  315     -0.276      0.614      2.500 4
  -1  314     -0.275     -0.669      2.500 4
  -1  310     -0.274     -0.205      2.500 4
  -1  312     -0.273     -0.428      2.500 4
  -1  313     -0.271     -0.352      2.500 4
  -1  319     -0.264     -0.638      2.500 4
  -1   -2     -0.263     -0.075      2.500 4
  -1  317     -0.260      0.129      2.500 4
  -1  325     -0.260     -0.686      2.500 4
  -1  322     -0.260      0.487      2.500 4
  -1  318     -0.258     -0.292      2.500 4
  -1  328     -0.256      0.655      2.500 4
  -1  327     -0.255     -0.666      2.500 4
  -1  321     -0.255     -0.366      2.500 4
  -1  320     -0.252     -0.070      2.500 4
  -1  326     -0.250      0.302      2.500 4
  -1  324     -0.250      0.114      2.500 4
  -1  323     -0.250      0.054      2.500 4
  -1  337     -0.249      0.818      2.500 4
  -1  331     -0.248      0.510      2.500 4
  -1  334     -0.246     -0.636      2.500 4
  -1  330     -0.245      0.352      2.500 4
  -1  336     -0.244      0.480      2.500 4
  -1  339     -0.244      0.562      2.500 4
  -1  329     -0.243     -0.190      2.500 4
  -1  340     -0.241      0.516      2.500 4
  -1  335     -0.240      0.252      2.500 4
  -1  333     -0.239     -0.286      2.500 4
  -1  332     -0.238     -0.096      2.500 4
  -1   -2     -0.234     -0.020      2.500 4
  -1  342     -0.232      0.436      2.500 4
  -1  343     -0.231      0.614      2.500 4
  -1  341     -0.230     -0.014      2.500 4
  -1  347     -0.226      0.777      2.500 4
  -1  348     -0.220      0.652      2.500 4
  -1  344     -0.219     -0.150      2.500 4
  -1  350     -0.219      0.743      2.500 4
  -1  345     -0.218     -0.141      2.500 4
  -1  346     -0.216     -0.311      2.500 4
  -1  349     -0.213     -0.899      2.500 4
  -1  355     -0.212      0.696      2.500 4
  -1  353     -0.210     -0.643      2.500 4
  -1  354     -0.207     -0.536      2.500 4
  -1  351     -0.207      0.275      2.500 4
  -1  352     -0.207      0.323      2.500 4
  -1  357     -0.206      0.575      2.500 4
  -1  358     -0.204      0.714      2.500 4
  -1   -2     -0.197      0.118      2.500 4
  -1  364     -0.189      0.418      2.500 4
  -1  362     -0.188     -0.328      2.500 4
  -1  365     -0.187     -0.760      2.500 4
  -1  361     -0.188      0.181      2.500 4
  -1  359     -0.187     -0.150      2.500 4
  -1  360     -0.187      0.120      2.500 4
  -1  363     -0.184     -0.104      2.500 4
  -1  368     -0.182     -0.626      2.500 4
  -1  369     -0.182      0.568      2.500 4
  -1  370     -0.179      0.615      2.500 4
  -1  366     -0.177      0.132      2.500 4
  -1  367     -0.176      0.152      2.500 4
  -1  371     -0.175      0.509      2.500 4
  -1  372     -0.173     -0.630      2.500 4
  -1  373     -0.171     -0.508      2.500 4
  -1  377     -0.170     -0.706      2.500 4
  -1  376     -0.167      0.357      2.500 4
  -1  374     -0.166      0.077      2.500 4
  -1  375     -0.166      0.140      2.500 4
  -1  382     -0.161     -0.732      2.500 4
  -1  378     -0.159     -0.048      2.500 4
  -1  383     -0.158      0.635      2.500 4
  -1  379     -0.156     -0.185      2.500 4
  -1  380     -0.155     -0.295      2.500 4
  -1  385     -0.153      0.600      2.500 4
  -1  381     -0.153     -0.091      2.500 4
  -1  387     -0.153      0.813      2.500 4
  -1  384     -0.152     -0.482      2.500 4
  -1  389     -0.151      0.721      2.500 4
  -1  390     -0.150      0.732      2.500 4
  -1  386     -0.149     -0.608      2.500 4
  -1  392     -0.147     -0.809      2.500 4
  -1  388     -0.147     -0.501      2.500 4
  -1  393     -0.146     -0.855      2.500 4
  -1  391     -0.143     -0.418      2.500 4
  -1  395     -0.142     -0.700      2.500 4
  -1  394     -0.139     -0.399      2.500 4
  -1  396     -0.138      0.403      2.500 4
  -1  399     -0.138      0.680      2.500 4
  -1  398     -0.134      0.383      2.500 4
  -1  397     -0.133     -0.321      2.500 4
  -1  400     -0.133     -0.563      2.500 4
  -1   -2     -0.131     -0.555      2.500 4
  -1  404     -0.128     -0.815      2.500 4
  -1  402     -0.124      0.173      2.500 4
  -1  406     -0.122     -0.652      2.500 4
  -1  403     -0.121      0.037      2.500 4
  -1  408     -0.120      0.487      2.500 4
  -1  405     -0.119     -0.469      2.500 4
  -1  407     -0.117     -0.344      2.500 4
  -1  409     -0.114     -0.096      2.500 4
  -1  411     -0.110      0.694      2.500 4
  -1  410     -0.107     -0.346      2.500 4
  -1  413     -0.104     -0.559      2.500 4
  -1  412     -0.103     -0.205      2.500 4
  -1   -2     -0.100      0.428      2.500 4
  -1  414     -0.099     -0.169      2.500 4
  -1  417     -0.099      0.421      2.500 4
  -1  415     -0.099     -0.104      2.500 4
  -1  416     -0.096     -0.078      2.500 4
  -1  419     -0.094     -0.195      2.500 4
  -1  421     -0.092      0.672      2.500 4
  -1  420     -0.091      0.579      2.500 4
  -1  423     -0.087     -0.544      2.500 4
  -1  422     -0.084      0.140      2.500 4
  -1  424     -0.077     -0.073      2.500 4
  -1  425     -0.076      0.439      2.500 4
  -1  426     -0.070     -0.674      2.500 4
  -1  427     -0.065      0.153      2.500 4
  -1  429     -0.060      0.540      2.500 4
  -1  432     -0.060      0.786      2.500 4
  -1  428     -0.059      0.228      2.500 4
  -1   -2     -0.059      0.531      2.500 4
  -1  433     -0.057     -0.624      2.500 4
  -1  430     -0.057      0.204      2.500 4
  -1  434     -0.054     -0.387      2.500 4
  -1  435     -0.054     -0.321      2.500 4
  -1  439     -0.052      0.735      2.500 4
  -1  436     -0.050     -0.364      2.500 4
  -1  437     -0.050     -0.442      2.500 4
  -1  441     -0.048     -0.284      2.500 4
  -1  440     -0.048      0.182      2.500 4
  -1  438     -0.047     -0.089      2.500 4
  -1  442     -0.043      0.307      2.500 4
  -1  443     -0.042     -0.576      2.500 4
  -1  444     -0.042      0.446      2.500 4
  -1  445     -0.042      0.825      2.500 4
  -1  446     -0.036     -0.668      2.500 4
  -1  448     -0.033      0.602      2.500 4
  -1  447     -0.032     -0.359      2.500 4
  -1  449     -0.031     -0.867      2.500 4
  -1  450     -0.029     -0.699      2.500 4
  -1  451     -0.027      0.231      2.500 4
  -1  454     -0.025     -0.876      2.500 4
  -1  453     -0.025     -0.613      2.500 4
  -1  452     -0.024     -0.254      2.500 4
  -1  455     -0.019     -0.424      2.500 4
  -1  458     -0.016     -0.780      2.500 4
  -1  457     -0.015     -0.099      2.500 4
  -1  456     -0.015     -0.017      2.500 4
  -1  459     -0.013      0.518      2.500 4
  -1  460     -0.013     -0.792      2.500 4
  -1  461     -0.011     -0.527      2.500 4
  -1  462     -0.011      0.693      2.500 4
  -1  463     -0.009      0.448      2.500 4
  -1  464     -0.004      0.288      2.500 4
  -1  465     -0.002     -0.048      2.500 4
  -1  468     -0.001     -0.663      2.500 4
  -1  467     -0.001     -0.553      2.500 4
  -1  466     -0.001     -0.321      2.500 4
  -1  469     -0.000      0.504      2.500 4
  -1  470      0.002     -0.720      2.500 4
  -1  472      0.002     -0.861      2.500 4
  -1  471      0.003     -0.584      2.500 4
  -1  474      0.004      0.780      2.500 4
  -1  473      0.004     -0.898      2.500 4
  -1  475      0.007      0.385      2.500 4
  -1  476      0.009     -0.101      2.500 4
  -1  478      0.010      0.563      2.500 4
  -1  480      0.010      0.694      2.500 4
  -1  477      0.011      0.064      2.500 4
  -1  479      0.011      0.040      2.500 4
  -1  481      0.012     -0.148      2.500 4
  -1  482      0.012     -0.823      2.500 4
  -1  483      0.014      0.424      2.500 4
  -1  484      0.015      0.261      2.500 4
  -1  486      0.015      0.736      2.500 4
  -1  485      0.015     -0.581      2.500 4
  -1  487      0.017      0.798      2.500 4
  -1  488      0.018     -0.647      2.500 4
  -1  489      0.018      0.094      2.500 4
  -1  490      0.019      0.296      2.500 4
  -1  491      0.020     -0.386      2.500 4
  -1  492      0.021      0.143      2.500 4
  -1  493      0.023      0.185      2.500 4
  -1  494      0.024      0.002      2.500 4
  -1  495      0.025     -0.553      2.500 4
  -1  496      0.026     -0.724      2.500 4
  -1  497      0.026     -0.627      2.500 4
  -1  498      0.029     -0.583      2.500 4
  -1  499      0.029      0.631      2.500 4
  -1  500      0.031      0.312      2.500 4
  -1   -2      0.033     -0.623      2.500 4
  -1  502      0.034     -0.757      2.500 4
  -1  503      0.036     -0.698      2.500 4
  -1  505      0.037      0.046      2.500 4
  -1  504      0.038     -0.716      2.500 4
  -1  506      0.041      0.826      2.500 4
  -1  507      0.042     -0.346      2.500 4
  -1  508      0.045      0.293      2.500 4
  -1  509      0.046     -0.521      2.500 4
  -1  510      0.047      0.064      2.500 4
  -1  511      0.049     -0.186      2.500 4
  -1  512      0.049     -0.156      2.500 4
  -1  513      0.052     -0.300      2.500 4
  -1  515      0.055      0.160      2.500 4
  -1  514      0.055     -0.469      2.500 4
  -1  516      0.057      0.108      2.500 4
  -1  517      0.060     -0.302      2.500 4
  -1  518      0.061      0.554      2.500 4
  -1  519      0.066      0.208      2.500 4
  -1  520      0.067     -0.020      2.500 4
  -1  521      0.071     -0.759      2.500 4
  -1  524      0.077      0.404      2.500 4
  -1  523      0.077      0.679      2.500 4
  -1  522      0.077      0.714      2.500 4
  -1  525      0.079     -0.748      2.500 4
  -1  528      0.081      0.052      2.500 4
  -1  527      0.082      0.365      2.500 4
  -1  526      0.082      0.566      2.500 4
  -1  529      0.084      0.673      2.500 4
  -1  530      0.086     -0.529      2.500 4
  -1  531      0.088     -0.607      2.500 4
  -1  532      0.096     -0.408      2.500 4
  -1  533      0.097     -0.098      2.500 4
  -1  536      0.098      0.049      2.500 4
  -1  534      0.099      0.223      2.500 4
  -1  535      0.099      0.256      2.500 4
  -1  537      0.101      0.427      2.500 4
  -1  539      0.104     -0.095      2.500 4
  -1   -2      0.104      0.250      2.500 4
  -1  540      0.105      0.086      2.500 4
  -1  541      0.106     -0.263      2.500 4
  -1  542      0.108     -0.002      2.500 4
  -1  543      0.111     -0.512      2.500 4
  -1  544      0.112     -0.294      2.500 4
  -1  546      0.115      0.059      2.500 4
  -1  547      0.117     -0.276      2.500 4
  -1  545      0.118     -0.741      2.500 4
  -1  549      0.122     -0.531      2.500 4
  -1  548      0.122     -0.803      2.500 4
  -1  551      0.127      0.333      2.500 4
  -1  550      0.128     -0.898      2.500 4
  -1  552      0.129     -0.070      2.500 4
  -1  554      0.130      0.049      2.500 4
  -1  556      0.133     -0.046      2.500 4
  -1  555      0.133      0.129      2.500 4
  -1  553      0.134     -0.685      2.500 4
  -1  557      0.137     -0.300      2.500 4
  -1  558      0.141      0.311      2.500 4
  -1  561      0.144      0.078      2.500 4
  -1  562      0.145     -0.235      2.500 4
  -1  559      0.149      0.652      2.500 4
  -1  560      0.150      0.689      2.500 4
  -1  564      0.153     -0.617      2.500 4
  -1  563      0.154      0.758      2.500 4
  -1  565      0.156      0.642      2.500 4
  -1  566      0.157     -0.875      2.500 4
  -1  568      0.158     -0.594      2.500 4
  -1   -2      0.160     -0.581      2.500 4
  -1  567      0.160     -0.838      2.500 4
  -1  571      0.162      0.167      2.500 4
  -1  570      0.163      0.380      2.500 4
  -1  574      0.166      0.076      2.500 4
  -1  576      0.167     -0.219      2.500 4
  -1  572      0.167      0.537      2.500 4
  -1  579      0.169      0.066      2.500 4
  -1  578      0.169     -0.303      2.500 4
  -1  582      0.171     -0.142      2.500 4
  -1  575      0.172     -0.646      2.500 4
  -1  584      0.173      0.026      2.500 4
  -1  580      0.173      0.313      2.500 4
  -1  581      0.173     -0.402      2.500 4
  -1  573      0.173     -0.900      2.500 4
  -1  585      0.176      0.178      2.500 4
  -1  577      0.176      0.795      2.500 4
  -1  586      0.176      0.198      2.500 4
  -1  583      0.176      0.412      2.500 4
  -1  587      0.179     -0.168      2.500 4
  -1  591      0.186      0.128      2.500 4
  -1  589      0.187     -0.548      2.500 4
  -1  590      0.188     -0.451      2.500 4
  -1  588      0.188     -0.862      2.500 4
  -1   -2      0.191     -0.586      2.500 4
  -1  596      0.192     -0.157      2.500 4
  -1  597      0.192     -0.023      2.500 4
  -1  594      0.192     -0.284      2.500 4
  -1  598      0.193     -0.053      2.500 4
  -1  593      0.195     -0.707      2.500 4
  -1  595      0.197     -0.593      2.500 4
  -1  599      0.200     -0.547      2.500 4
  -1  600      0.202      0.475      2.500 4
  -1  602      0.203      0.199      2.500 4
  -1  601      0.205     -0.563      2.500 4
  -1  606      0.207      0.400      2.500 4
  -1  607      0.211      0.533      2.500 4
  -1  603      0.212      0.739      2.500 4
  -1  605      0.213     -0.847      2.500 4
  -1  604      0.213     -0.897      2.500 4
  -1  609      0.218      0.329      2.500 4
  -1  608      0.220      0.685      2.500 4
  -1  615      0.223     -0.129      2.500 4
  -1  614      0.225     -0.315      2.500 4
  -1  610      0.226     -0.842      2.500 4
  -1  612      0.226     -0.593      2.500 4
  -1  617      0.231     -0.439      2.500 4
  -1   -2      0.233     -0.899      2.500 4
  -1  616      0.235      0.799      2.500 4
  -1  618      0.237      0.704      2.500 4
  -1  622      0.238      0.092      2.500 4
  -1  624      0.240     -0.342      2.500 4
  -1  625      0.241      0.018      2.500 4
  -1  619      0.241     -0.903      2.500 4
  -1  620      0.241     -0.872      2.500 4
  -1  621      0.243     -0.706      2.500 4
  -1  623      0.243      0.396      2.500 4
  -1  626      0.244      0.001      2.500 4
  -1  627      0.248      0.148      2.500 4
  -1  629      0.256     -0.481      2.500 4
  -1  632      0.257     -0.227      2.500 4
  -1  635      0.259     -0.025      2.500 4
  -1  636      0.260      0.084      2.500 4
  -1  631      0.260      0.273      2.500 4
  -1  628      0.261      0.758      2.500 4
  -1  630      0.263      0.539      2.500 4
  -1  639      0.263      0.053      2.500 4
  -1  637      0.263     -0.384      2.500 4
  -1  638      0.264      0.144      2.500 4
  -1  634      0.267     -0.646      2.500 4
  -1  643      0.267      0.061      2.500 4
  -1  644      0.269      0.170      2.500 4
  -1  633      0.270      0.752      2.500 4
  -1  646      0.270      0.123      2.500 4
  -1  640      0.273     -0.599      2.500 4
  -1  647      0.274      0.221      2.500 4
  -1  642      0.276     -0.668      2.500 4
  -1  641      0.278     -0.877      2.500 4
  -1  645      0.280      0.621      2.500 4
  -1  648      0.283      0.527      2.500 4
  -1  651      0.283     -0.346      2.500 4
  -1  649      0.283      0.367      2.500 4
  -1  650      0.285     -0.475      2.500 4
  -1  652      0.295      0.732      2.500 4
  -1  657      0.295      0.014      2.500 4
  -1  653      0.296     -0.872      2.500 4
  -1  655      0.300     -0.645      2.500 4
  -1  656      0.301     -0.510      2.500 4
  -1  654      0.301      0.593      2.500 4
  -1  662      0.302      0.111      2.500 4
  -1  663      0.302     -0.157      2.500 4
  -1  659      0.305     -0.590      2.500 4
  -1  660      0.307      0.433      2.500 4
  -1  658      0.308      0.636      2.500 4
  -1  664      0.309     -0.238      2.500 4
  -1  666      0.312     -0.210      2.500 4
  -1  665      0.313      0.330      2.500 4
  -1  661      0.314      0.803      2.500 4
  -1  669      0.319     -0.113      2.500 4
  -1  667      0.320      0.440      2.500 4
  -1  670      0.322     -0.202      2.500 4
  -1  671      0.322      0.002      2.500 4
  -1  668      0.323      0.482      2.500 4
  -1  673      0.323      0.013      2.500 4
  -1  672      0.336      0.611      2.500 4
  -1  675      0.336     -0.116      2.500 4
  -1  676      0.338      0.097      2.500 4
  -1  674      0.339     -0.436      2.500 4
  -1  678      0.340      0.148      2.500 4
  -1  677      0.344     -0.491      2.500 4
  -1  681      0.345      0.276      2.500 4
  -1  685      0.348     -0.161      2.500 4
  -1  679      0.349      0.454      2.500 4
  -1  689      0.353     -0.013      2.500 4
  -1  680      0.355      0.655      2.500 4
  -1  682      0.355      0.524      2.500 4
  -1  686      0.356      0.397      2.500 4
  -1  687      0.357      0.350      2.500 4
  -1  692      0.359     -0.298      2.500 4
  -1  683      0.361      0.823      2.500 4
  -1  688      0.362      0.428      2.500 4
  -1  684      0.362     -0.797      2.500 4
  -1  693      0.364      0.026      2.500 4
  -1  691      0.364      0.441      2.500 4
  -1  695      0.365     -0.167      2.500 4
  -1  690      0.369      0.686      2.500 4
  -1  701      0.372     -0.036      2.500 4
  -1  694      0.377     -0.667      2.500 4
  -1  699      0.378     -0.589      2.500 4
  -1  703      0.380      0.257      2.500 4
  -1  698      0.380      0.563      2.500 4
  -1  696      0.380     -0.817      2.500 4
  -1  697      0.381     -0.785      2.500 4
  -1  704      0.384      0.370      2.500 4
  -1  702      0.385     -0.628      2.500 4
  -1  710      0.385     -0.023      2.500 4
  -1  707      0.385     -0.478      2.500 4
  -1  700      0.385     -0.719      2.500 4
  -1  706      0.388     -0.601      2.500 4
  -1  715      0.390     -0.152      2.500 4
  -1  716      0.391     -0.163      2.500 4
  -1  705      0.391     -0.776      2.500 4
  -1  713      0.393     -0.343      2.500 4
  -1  711      0.395      0.416      2.500 4
  -1  709      0.396      0.518      2.500 4
  -1  708      0.400      0.753      2.500 4
  -1  719      0.400     -0.210      2.500 4
  -1  717      0.404      0.379      2.500 4
  -1  712      0.404     -0.890      2.500 4
  -1   -2      0.406     -0.813      2.500 4
  -1  721      0.409      0.241      2.500 4
  -1  720      0.411      0.444      2.500 4
  -1  718      0.412     -0.813      2.500 4
  -1  724      0.413      0.064      2.500 4
  -1  725      0.415     -0.128      2.500 4
  -1  722      0.422      0.617      2.500 4
  -1  723      0.423      0.550      2.500 4
  -1  726      0.425     -0.425      2.500 4
  -1  730      0.426      0.035      2.500 4
  -1  728      0.427      0.181      2.500 4
  -1  729      0.431      0.326      2.500 4
  -1  731      0.432      0.149      2.500 4
  -1  727      0.438     -0.776      2.500 4
  -1  735      0.439      0.155      2.500 4
  -1  732      0.439     -0.898      2.500 4
  -1  734      0.442     -0.531      2.500 4
  -1  738      0.444     -0.392      2.500 4
  -1  740      0.447      0.341      2.500 4
  -1  733      0.449      0.685      2.500 4
  -1  736      0.450     -0.655      2.500 4
  -1  739      0.454     -0.764      2.500 4
  -1  737      0.455      0.735      2.500 4
  -1  741      0.455     -0.719      2.500 4
  -1  744      0.463     -0.006      2.500 4
  -1  742      0.465     -0.677      2.500 4
  -1  745      0.468      0.214      2.500 4
  -1  749      0.469     -0.127      2.500 4
  -1   -2      0.474      0.691      2.500 4
  -1  747      0.477      0.425      2.500 4
  -1  753      0.479      0.000      2.500 4
  -1  754      0.482      0.115      2.500 4
  -1  746      0.482     -0.903      2.500 4
  -1  748      0.484      0.733      2.500 4
  -1  750      0.486      0.689      2.500 4
  -1  756      0.486      0.251      2.500 4
  -1  760      0.489     -0.210      2.500 4
  -1  751      0.489     -0.705      2.500 4
  -1  752      0.491     -0.686      2.500 4
  -1  755      0.495     -0.717      2.500 4
  -1  758      0.495     -0.499      2.500 4
  -1  765      0.497     -0.192      2.500 4
  -1  759      0.497     -0.545      2.500 4
  -1  757      0.499     -0.872      2.500 4
  -1  768      0.501     -0.235      2.500 4
  -1  762      0.502      0.514      2.500 4
  -1  766      0.504     -0.451      2.500 4
  -1  767      0.504      0.323      2.500 4
  -1  770      0.504     -0.100      2.500 4
  -1  761      0.505      0.645      2.500 4
  -1  763      0.511      0.712      2.500 4
  -1  772      0.510     -0.349      2.500 4
  -1  764      0.512     -0.891      2.500 4
  -1  769      0.517      0.567      2.500 4
  -1  774      0.519     -0.529      2.500 4
  -1  773      0.520      0.440      2.500 4
  -1  771      0.520     -0.717      2.500 4
  -1  775      0.528     -0.761      2.500 4
  -1  783      0.530     -0.004      2.500 4
  -1  786      0.532     -0.087      2.500 4
  -1  777      0.532     -0.502      2.500 4
  -1  784      0.534     -0.282      2.500 4
  -1  776      0.534     -0.643      2.500 4
  -1  782      0.538     -0.487      2.500 4
  -1  778      0.538     -0.651      2.500 4
  -1  785      0.538      0.329      2.500 4
  -1  781      0.539      0.456      2.500 4
  -1  787      0.541     -0.494      2.500 4
  -1  789      0.541     -0.139      2.500 4
  -1  779      0.541     -0.817      2.500 4
  -1   -2      0.541     -0.281      2.500 4
  -1  780      0.543      0.687      2.500 4
  -1  791      0.548      0.335      2.500 4
  -1  796      0.550     -0.173      2.500 4
  -1  798      0.555      0.166      2.500 4
  -1  794      0.555     -0.580      2.500 4
  -1  790      0.559      0.831      2.500 4
  -1  802      0.559     -0.013      2.500 4
  -1  803      0.559     -0.002      2.500 4
  -1  792      0.559      0.719      2.500 4
  -1  793      0.560      0.791      2.500 4
  -1  797      0.560      0.469      2.500 4
  -1  795      0.562     -0.882      2.500 4
  -1  801      0.564     -0.611      2.500 4
  -1  800      0.565      0.513      2.500 4
  -1  799      0.568      0.654      2.500 4
  -1  804      0.569     -0.511      2.500 4
  -1  806      0.576     -0.299      2.500 4
  -1  805      0.578      0.594      2.500 4
  -1  807      0.580      0.292      2.500 4
  -1  810      0.588     -0.025      2.500 4
  -1  809      0.588      0.077      2.500 4
  -1  808      0.590     -0.527      2.500 4
  -1  811      0.596     -0.502      2.500 4
  -1  812      0.598     -0.385      2.500 4
  -1  813      0.605     -0.543      2.500 4
  -1  815      0.614      0.471      2.500 4
  -1  814      0.613     -0.742      2.500 4
  -1  818      0.614      0.121      2.500 4
  -1  817      0.615      0.201      2.500 4
  -1  819      0.616     -0.195      2.500 4
  -1  816      0.619     -0.702      2.500 4
  -1  824      0.622      0.051      2.500 4
  -1  827      0.622     -0.151      2.500 4
  -1  828      0.626      0.027      2.500 4
  -1  821      0.627      0.490      2.500 4
  -1  822      0.627      0.433      2.500 4
  -1  829      0.629     -0.173      2.500 4
  -1  830      0.630      0.042      2.500 4
  -1  820      0.631     -0.899      2.500 4
  -1  823      0.632     -0.683      2.500 4
  -1  825      0.636      0.769      2.500 4
  -1  826      0.637      0.754      2.500 4
  -1  835      0.638      0.289      2.500 4
  -1  836      0.638     -0.211      2.500 4
  -1  833      0.639     -0.498      2.500 4
  -1   -2      0.643      0.288      2.500 4
  -1  831      0.643     -0.812      2.500 4
  -1  832      0.644      0.699      2.500 4
  -1  839      0.647      0.008      2.500 4
  -1  834      0.648      0.679      2.500 4
  -1  838      0.652      0.319      2.500 4
  -1  843      0.655     -0.123      2.500 4
  -1  842      0.655      0.142      2.500 4
  -1  841      0.656      0.313      2.500 4
  -1   -2      0.657     -0.894      2.500 4
  -1  837      0.659     -0.900      2.500 4
  -1  840      0.662      0.549      2.500 4
  -1  845      0.663     -0.370      2.500 4
  -1  848      0.664     -0.177      2.500 4
  -1  847      0.668      0.334      2.500 4
  -1  844      0.670      0.551      2.500 4
  -1  846      0.670     -0.612      2.500 4
  -1  849      0.673      0.498      2.500 4
  -1  851      0.677      0.042      2.500 4
  -1  850      0.677     -0.557      2.500 4
  -1  852      0.679      0.123      2.500 4
  -1  855      0.680      0.014      2.500 4
  -1  859      0.683     -0.098      2.500 4
  -1  860      0.685     -0.295      2.500 4
  -1  853      0.687      0.467      2.500 4
  -1  856      0.689      0.432      2.500 4
  -1  861      0.690     -0.422      2.500 4
  -1  854      0.691      0.618      2.500 4
  -1  857      0.693     -0.795      2.500 4
  -1  858      0.694      0.712      2.500 4
  -1  866      0.695     -0.015      2.500 4
  -1  865      0.698     -0.368      2.500 4
  -1  862      0.701     -0.801      2.500 4
  -1  864      0.702      0.543      2.500 4
  -1  863      0.703     -0.783      2.500 4
  -1  869      0.706     -0.324      2.500 4
  -1  868      0.707     -0.620      2.500 4
  -1  871      0.709      0.153      2.500 4
  -1  867      0.710      0.770      2.500 4
  -1  870      0.710     -0.572      2.500 4
  -1  876      0.713     -0.090      2.500 4
  -1   -2      0.714      0.161      2.500 4
  -1  877      0.716     -0.188      2.500 4
  -1  878      0.717     -0.026      2.500 4
  -1  873      0.718      0.582      2.500 4
  -1  874      0.719     -0.582      2.500 4
  -1  872      0.721      0.786      2.500 4
  -1  879      0.727      0.534      2.500 4
  -1  881      0.727      0.279      2.500 4
  -1  884      0.733     -0.230      2.500 4
  -1  880      0.733      0.642      2.500 4
  -1  882      0.734     -0.796      2.500 4
  -1  883      0.736      0.579      2.500 4
  -1  887      0.740     -0.062      2.500 4
  -1  886      0.741      0.315      2.500 4
  -1  891      0.743     -0.034      2.500 4
  -1  890      0.744      0.112      2.500 4
  -1  885      0.744     -0.743      2.500 4
  -1  893      0.746     -0.398      2.500 4
  -1  897      0.747      0.221      2.500 4
  -1  892      0.748     -0.523      2.500 4
  -1  899      0.749      0.247      2.500 4
  -1  889      0.748     -0.710      2.500 4
  -1  888      0.749      0.674      2.500 4
  -1  898      0.749     -0.418      2.500 4
  -1   -2      0.750     -0.534      2.500 4
  -1  902      0.750     -0.026      2.500 4
  -1  901      0.752      0.331      2.500 4
  -1  894      0.752     -0.758      2.500 4
  -1  900      0.753      0.519      2.500 4
  -1  895      0.753     -0.817      2.500 4
  -1  906      0.759     -0.345      2.500 4
  -1  903      0.761      0.703      2.500 4
  -1  904      0.762      0.479      2.500 4
  -1  905      0.763     -0.679      2.500 4
  -1  909      0.765     -0.055      2.500 4
  -1  908      0.765     -0.236      2.500 4
  -1  911      0.768      0.147      2.500 4
  -1  907      0.767     -0.750      2.500 4
  -1  912      0.772      0.396      2.500 4
  -1  910      0.772     -0.660      2.500 4
  -1  913      0.774     -0.752      2.500 4
  -1  915      0.775      0.352      2.500 4
  -1  914      0.778      0.621      2.500 4
  -1  917      0.779     -0.402      2.500 4
  -1  916      0.780     -0.833      2.500 4
  -1  919      0.784      0.223      2.500 4
  -1  918      0.785      0.416      2.500 4
  -1  924      0.793     -0.070      2.500 4
  -1  921      0.794      0.583      2.500 4
  -1  922      0.794     -0.652      2.500 4
  -1  920      0.795      0.791      2.500 4
  -1  923      0.796      0.682      2.500 4
  -1  928      0.797      0.172      2.500 4
  -1   -2      0.799      0.831      2.500 4
  -1  925      0.799      0.472      2.500 4
  -1  929      0.801      0.072      2.500 4
  -1  926      0.802      0.723      2.500 4
  -1  927      0.801     -0.840      2.500 4
  -1   -2      0.803      0.179      2.500 4
  -1  933      0.806     -0.120      2.500 4
  -1  931      0.809      0.529      2.500 4
  -1  934      0.811     -0.022      2.500 4
  -1  932      0.811      0.700      2.500 4
  -1  938      0.816     -0.077      2.500 4
  -1  940      0.817     -0.215      2.500 4
  -1  939      0.817      0.160      2.500 4
  -1  935      0.817      0.827      2.500 4
  -1   -2      0.818      0.493      2.500 4
  -1  936      0.818      0.771      2.500 4
  -1  945      0.818      0.002      2.500 4
  -1  942      0.819      0.275      2.500 4
  -1  943      0.818     -0.415      2.500 4
  -1  944      0.821      0.482      2.500 4
  -1  941      0.821      0.645      2.500 4
  -1  946      0.822      0.407      2.500 4
  -1  947      0.823     -0.667      2.500 4
  -1  948      0.826      0.703      2.500 4
  -1  950      0.829      0.377      2.500 4
  -1  949      0.829     -0.581      2.500 4
  -1  951      0.832     -0.564      2.500 4
  -1  952      0.834      0.460      2.500 4
  -1  953      0.834     -0.322      2.500 4
  -1  954      0.835      0.161      2.500 4
  -1  955      0.835     -0.405      2.500 4
  -1  956      0.838     -0.508      2.500 4
  -1  957      0.841     -0.569      2.500 4
  -1  959      0.844     -0.176      2.500 4
  -1  958      0.846      0.671      2.500 4
  -1  960      0.850     -0.146      2.500 4
  -1  961      0.851     -0.267      2.500 4
  -1  962      0.852     -0.296      2.500 4
  -1  963      0.855      0.325      2.500 4
  -1  964      0.856     -0.587      2.500 4
  -1  965      0.863     -0.467      2.500 4
  -1  966      0.864     -0.833      2.500 4
  -1  967      0.865     -0.850      2.500 4
  -1  968      0.865     -0.790      2.500 4
  -1  970      0.869      0.125      2.500 4
  -1  969      0.870     -0.879      2.500 4
  -1  971      0.873      0.312      2.500 4
  -1  972      0.874     -0.898      2.500 4
  -1  973      0.883     -0.444      2.500 4
  -1  974      0.885      0.682      2.500 4
  -1  975      0.885      0.744      2.500 4
  -1  976      0.886      0.817      2.500 4
  -1  978      0.885     -0.180      2.500 4
  -1  977      0.887      0.557      2.500 4
  -1  979      0.888     -0.732      2.500 4
  -1  980      0.893      0.287      2.500 4
  -1  981      0.894     -0.582      2.500 4
  -1  982      0.896     -0.029      2.500 4
  -1  983      0.897     -0.521      2.500 4
  -1  985      0.898     -0.266      2.500 4
  -1  984      0.900      0.637      2.500 4
  -1  986      0.900      0.258      2.500 4
  -1  987      0.900     -0.377      2.500 4
  -1  988      0.904      0.060      2.500 4
  -1   -2      0.906      0.215      2.500 4
  -1  990      0.906      0.208      2.500 4
  -1  991      0.911      0.500      2.500 4
  -1  992      0.912      0.418      2.500 4
  -1  993      0.913     -0.754      2.500 4
  -1  994      0.914      0.534      2.500 4
