999
  -1   -2     -0.822      0.530      2.500 4
   2    0     -0.821     -0.484      2.500 4
   1    1     -0.822      0.521      2.500 4
   3    4     -0.821     -0.603      2.500 4
   4    5     -0.821     -0.122      2.500 4
   5    3     -0.821      0.376      2.500 4
   6    6     -0.815     -0.179      2.500 4
   9    7     -0.816      0.793      2.500 4
  11    9     -0.815      0.138      2.500 4
  12    8     -0.815     -0.080      2.500 4
  13   10     -0.814     -0.516      2.500 4
  16   11     -0.814     -0.734      2.500 4
  15   12     -0.814     -0.298      2.500 4
   7   14     -0.815      0.778      2.500 4
  14   13     -0.815      0.574      2.500 4
   8   15     -0.814     -0.884      2.500 4
  17   16     -0.810     -0.216      2.500 4
  18   17     -0.805      0.109      2.500 4
  19   18     -0.804      0.454      2.500 4
  20   20     -0.801      0.614      2.500 4
  22   19     -0.799     -0.155      2.500 4
  21   22     -0.798     -0.822      2.500 4
  23   21     -0.798      0.345      2.500 4
  25   23     -0.793      0.183      2.500 4
  24   27     -0.792     -0.823      2.500 4
  26   24     -0.791      0.165      2.500 4
  27   25     -0.791     -0.160      2.500 4
  28   26     -0.790     -0.057      2.500 4
  32   28     -0.787     -0.327      2.500 4
  30   30     -0.788      0.485      2.500 4
  31   29     -0.788      0.359      2.500 4
  29   31     -0.787      0.754      2.500 4
  33   32     -0.782     -0.492      2.500 4
  34   33     -0.781     -0.538      2.500 4
  35   38     -0.781      0.536      2.500 4
  36   37     -0.779     -0.573      2.500 4
  38   34     -0.779     -0.171      2.500 4
  37   36     -0.778     -0.303      2.500 4
  39   35     -0.778     -0.109      2.500 4
  41   39     -0.772      0.338      2.500 4
  40   41     -0.771     -0.805      2.500 4
  42   40     -0.771      0.060      2.500 4
  43   43     -0.764      0.730      2.500 4
  44   42     -0.762      0.427      2.500 4
  45   44     -0.760      0.213      2.500 4
  46   45     -0.758      0.260      2.500 4
  47   46     -0.756      0.009      2.500 4
  48   47     -0.755      0.057      2.500 4
  49   48     -0.753     -0.208      2.500 4
  50   52     -0.747     -0.747      2.500 4
  53   49     -0.748      0.140      2.500 4
  56   50     -0.746      0.180      2.500 4
  54   53     -0.744     -0.528      2.500 4
  59   51     -0.745      0.069      2.500 4
  52   55     -0.745      0.595      2.500 4
  51   57     -0.743     -0.812      2.500 4
  -1   -2     -0.744      0.414      2.500 4
  58   56     -0.742      0.418      2.500 4
  55   60     -0.740     -0.898      2.500 4
  57   59     -0.740     -0.701      2.500 4
  60   58     -0.739      0.401      2.500 4
  61   63     -0.737      0.645      2.500 4
  64   61     -0.734     -0.493      2.500 4
  62   65     -0.732     -0.744      2.500 4
  66   62     -0.732     -0.378      2.500 4
  63   67     -0.732      0.688      2.500 4
  65   64     -0.731     -0.574      2.500 4
  67   68     -0.726     -0.831      2.500 4
  68   66     -0.726     -0.145      2.500 4
  70   69     -0.720      0.229      2.500 4
  69   70     -0.720      0.377      2.500 4
  72   71     -0.719      0.277      2.500 4
  71   72     -0.718      0.339      2.500 4
  76   73     -0.714     -0.171      2.500 4
  73   75     -0.713     -0.574      2.500 4
  74   74     -0.713     -0.354      2.500 4
  75   76     -0.710      0.475      2.500 4
  77   80     -0.705     -0.866      2.500 4
  79   77     -0.705     -0.188      2.500 4
  78   79     -0.702      0.411      2.500 4
  81   81     -0.695     -0.246      2.500 4
  80   85     -0.694     -0.716      2.500 4
  83   82     -0.694      0.057      2.500 4
  85   83     -0.690      0.001      2.500 4
  86   84     -0.689     -0.065      2.500 4
  84   88     -0.688      0.444      2.500 4
  87   86     -0.687     -0.205      2.500 4
  82   90     -0.686     -0.758      2.500 4
  88   87     -0.685     -0.151      2.500 4
  89   89     -0.681     -0.417      2.500 4
  92   92     -0.671      0.078      2.500 4
  94   91     -0.670     -0.023      2.500 4
  96   93     -0.668     -0.126      2.500 4
  90   99     -0.667      0.597      2.500 4
  99   94     -0.664     -0.049      2.500 4
  91  102     -0.663     -0.698      2.500 4
 100   95     -0.663      0.131      2.500 4
  95  101     -0.663      0.511      2.500 4
  98   98     -0.662      0.330      2.500 4
 102   96     -0.661      0.035      2.500 4
  93  104     -0.660     -0.787      2.500 4
 103   97     -0.660     -0.101      2.500 4
 104  100     -0.657     -0.255      2.500 4
  97  107     -0.657      0.748      2.500 4
 101  111     -0.652     -0.731      2.500 4
 108  103     -0.651     -0.154      2.500 4
 109  105     -0.650     -0.086      2.500 4
 106  108     -0.649     -0.899      2.500 4
 107  110     -0.648      0.360      2.500 4
 111  106     -0.648      0.104      2.500 4
 110  112     -0.646      0.303      2.500 4
 105  115     -0.645      0.794      2.500 4
 112  109     -0.644      0.045      2.500 4
 113  113     -0.638      0.124      2.500 4
 115  114     -0.637      0.204      2.500 4
 116  116     -0.633     -0.482      2.500 4
 117  119     -0.630      0.352      2.500 4
 120  117     -0.630     -0.267      2.500 4
 122  118     -0.628     -0.161      2.500 4
 114  122     -0.627     -0.890      2.500 4
 119  120     -0.627      0.375      2.500 4
 118  124     -0.623      0.698      2.500 4
 121  123     -0.620     -0.630      2.500 4
 123  121     -0.620     -0.319      2.500 4
 124  128     -0.614      0.492      2.500 4
 125  127     -0.612      0.374      2.500 4
 127  125     -0.612     -0.328      2.500 4
 128  130     -0.608      0.342      2.500 4
 130  126     -0.607      0.029      2.500 4
 126  133     -0.604      0.718      2.500 4
 132  129     -0.603     -0.046      2.500 4
 129  132     -0.600     -0.591      2.500 4
 134  131     -0.598     -0.206      2.500 4
 131  137     -0.595      0.643      2.500 4
 135  134     -0.593      0.322      2.500 4
 137  135     -0.590      0.285      2.500 4
 138  136     -0.589     -0.430      2.500 4
 133  142     -0.587      0.680      2.500 4
 140  139     -0.585     -0.403      2.500 4
 141  138     -0.585     -0.384      2.500 4
 136  144     -0.583      0.616      2.500 4
 139  147     -0.581     -0.712      2.500 4
 144  140     -0.579     -0.359      2.500 4
 146  141     -0.576     -0.241      2.500 4
 145  145     -0.574      0.283      2.500 4
 143  150     -0.574      0.498      2.500 4
 149  143     -0.573     -0.164      2.500 4
 142  152     -0.573      0.766      2.500 4
 147  149     -0.571     -0.451      2.500 4
 154  146     -0.569     -0.077      2.500 4
 150  151     -0.568      0.335      2.500 4
 155  148     -0.567     -0.219      2.500 4
 148  154     -0.567      0.539      2.500 4
 151  153     -0.565      0.455      2.500 4
 153  155     -0.563      0.437      2.500 4
 152  158     -0.561     -0.642      2.500 4
 160  156     -0.556      0.200      2.500 4
 158  159     -0.555      0.362      2.500 4
  -1   -2     -0.554     -0.643      2.500 4
 159  162     -0.552      0.441      2.500 4
 163  157     -0.551      0.039      2.500 4
 161  163     -0.551      0.410      2.500 4
 157  166     -0.550      0.659      2.500 4
 168  160     -0.544      0.016      2.500 4
 167  165     -0.542     -0.357      2.500 4
 162  168     -0.543      0.572      2.500 4
 169  164     -0.541     -0.164      2.500 4
 165  172     -0.536     -0.676      2.500 4
 164  173     -0.536      0.711      2.500 4
 172  167     -0.534      0.100      2.500 4
 166  174     -0.533      0.670      2.500 4
 171  171     -0.530     -0.425      2.500 4
 176  169     -0.530     -0.255      2.500 4
 178  170     -0.529     -0.211      2.500 4
 170  176     -0.527      0.636      2.500 4
 174  178     -0.522     -0.642      2.500 4
 173  179     -0.521     -0.709      2.500 4
 179  177     -0.521      0.426      2.500 4
 184  175     -0.520      0.176      2.500 4
 175  184     -0.518      0.758      2.500 4
 177  183     -0.517      0.686      2.500 4
 183  186     -0.511     -0.671      2.500 4
 180  190     -0.512      0.749      2.500 4
 181  192     -0.510     -0.825      2.500 4
 182  191     -0.511      0.654      2.500 4
 186  185     -0.510     -0.508      2.500 4
 185  189     -0.510      0.550      2.500 4
 191  181     -0.508     -0.353      2.500 4
 193  180     -0.508     -0.200      2.500 4
 189  188     -0.507      0.424      2.500 4
 192  187     -0.505      0.355      2.500 4
 195  182     -0.504     -0.296      2.500 4
 187  195     -0.502     -0.889      2.500 4
 188  193     -0.502      0.633      2.500 4
 190  196     -0.499      0.828      2.500 4
 194  198     -0.492     -0.766      2.500 4
 196  199     -0.489      0.519      2.500 4
 203  194     -0.487     -0.176      2.500 4
 200  202     -0.484      0.401      2.500 4
 199  204     -0.482      0.506      2.500 4
 201  203     -0.481     -0.560      2.500 4
 197  209     -0.481      0.827      2.500 4
 198  211     -0.480     -0.814      2.500 4
 208  197     -0.480      0.093      2.500 4
 202  205     -0.479     -0.599      2.500 4
 207  200     -0.479      0.143      2.500 4
 205  206     -0.477      0.398      2.500 4
 211  201     -0.477     -0.215      2.500 4
 210  207     -0.473     -0.390      2.500 4
 204  213     -0.473      0.585      2.500 4
 206  218     -0.467     -0.904      2.500 4
 216  208     -0.467     -0.017      2.500 4
 209  216     -0.467     -0.659      2.500 4
 218  210     -0.465      0.073      2.500 4
 213  217     -0.464     -0.565      2.500 4
 215  215     -0.463      0.396      2.500 4
 221  212     -0.462     -0.197      2.500 4
 212  224     -0.460      0.789      2.500 4
 214  222     -0.460      0.583      2.500 4
 224  214     -0.459      0.002      2.500 4
 220  219     -0.457      0.368      2.500 4
 222  226     -0.452      0.469      2.500 4
 219  228     -0.451      0.579      2.500 4
 217  230     -0.451      0.773      2.500 4
 230  220     -0.450      0.125      2.500 4
 226  225     -0.449      0.365      2.500 4
 223  227     -0.449      0.479      2.500 4
 233  221     -0.448     -0.015      2.500 4
 232  223     -0.447      0.217      2.500 4
 225  231     -0.445      0.531      2.500 4
  -1   -2     -0.443      0.582      2.500 4
 229  235     -0.441      0.593      2.500 4
 237  229     -0.440      0.168      2.500 4
 228  237     -0.439      0.799      2.500 4
 235  232     -0.438      0.348      2.500 4
 234  234     -0.436     -0.489      2.500 4
 231  238     -0.435     -0.777      2.500 4
 238  236     -0.432     -0.898      2.500 4
 236  243     -0.428      0.668      2.500 4
 242  240     -0.425     -0.452      2.500 4
 240  244     -0.424      0.504      2.500 4
 239  247     -0.423      0.796      2.500 4
 241  246     -0.419     -0.680      2.500 4
 248  239     -0.420     -0.109      2.500 4
 250  241     -0.416      0.010      2.500 4
 251  242     -0.415     -0.020      2.500 4
 243  252     -0.413     -0.901      2.500 4
 247  248     -0.413     -0.468      2.500 4
 255  245     -0.410     -0.086      2.500 4
 246  251     -0.409     -0.565      2.500 4
 245  253     -0.408      0.616      2.500 4
 244  254     -0.408      0.633      2.500 4
 249  256     -0.404      0.684      2.500 4
 257  249     -0.403     -0.159      2.500 4
 253  255     -0.402      0.476      2.500 4
 258  250     -0.400     -0.203      2.500 4
 252  257     -0.399      0.640      2.500 4
 254  261     -0.395      0.777      2.500 4
 256  260     -0.394     -0.685      2.500 4
 259  258     -0.391      0.330      2.500 4
 261  259     -0.390     -0.452      2.500 4
 260  263     -0.387      0.475      2.500 4
 265  262     -0.381      0.203      2.500 4
 262  266     -0.375     -0.727      2.500 4
 263  269     -0.373      0.823      2.500 4
 269  264     -0.372     -0.189      2.500 4
 264  271     -0.370      0.731      2.500 4
 266  273     -0.366     -0.832      2.500 4
 270  267     -0.366      0.347      2.500 4
 275  265     -0.365     -0.063      2.500 4
 267  276     -0.364      0.673      2.500 4
 273  270     -0.362      0.367      2.500 4
 271  275     -0.361     -0.614      2.500 4
 279  268     -0.359     -0.026      2.500 4
 268  278     -0.358     -0.753      2.500 4
 272  279     -0.357      0.646      2.500 4
 278  272     -0.356      0.238      2.500 4
 274  282     -0.351     -0.772      2.500 4
 281  277     -0.351     -0.385      2.500 4
 284  274     -0.350     -0.108      2.500 4
 277  284     -0.347      0.598      2.500 4
 283  280     -0.346      0.279      2.500 4
 276  285     -0.345     -0.795      2.500 4
 280  283     -0.345      0.488      2.500 4
 282  287     -0.341     -0.667      2.500 4
  -1  288     -0.340     -0.076      2.500 4
 285  290     -0.337      0.528      2.500 4
 289  286     -0.330     -0.194      2.500 4
 286  294     -0.330      0.744      2.500 4
 287  293     -0.329      0.519      2.500 4
 293  289     -0.328     -0.205      2.500 4
 288  299     -0.327     -0.075      2.500 4
 296  291     -0.326     -0.237      2.500 4
 299  292     -0.322      0.127      2.500 4
 292  297     -0.321      0.413      2.500 4
 295  295     -0.320      0.321      2.500 4
 290  298     -0.320     -0.590      2.500 4
 297  301     -0.316      0.419      2.500 4
 298  300     -0.315     -0.520      2.500 4
 302  296     -0.314     -0.195      2.500 4
 294   -2     -0.307     -0.074      2.500 4
 300  306     -0.306      0.714      2.500 4
 301  308     -0.302      0.623      2.500 4
 305  304     -0.300     -0.477      2.500 4
 312  302     -0.296     -0.069      2.500 4
 311  303     -0.296      0.115      2.500 4
 303  313     -0.296      0.789      2.500 4
 310  305     -0.294     -0.332      2.500 4
 309  309     -0.293     -0.441      2.500 4
 306  317     -0.290     -0.850      2.500 4
 314  307     -0.290      0.044      2.500 4
 307  318     -0.289     -0.831      2.500 4
 313  310     -0.289     -0.274      2.500 4
 316  311     -0.286      0.101      2.500 4
 315  314     -0.285     -0.405      2.500 4
 308  321     -0.285      0.832      2.500 4
 319  312     -0.282     -0.178      2.500 4
 320  315     -0.280     -0.092      2.500 4
  -1   -2     -0.276     -0.023      2.500 4
 321  319     -0.276     -0.343      2.500 4
 318  323     -0.275     -0.584      2.500 4
 317  324     -0.273      0.584      2.500 4
 323  320     -0.271     -0.018      2.500 4
 324  322     -0.270     -0.267      2.500 4
 326  325     -0.264      0.276      2.500 4
 327  327     -0.260      0.228      2.500 4
 329  326     -0.258     -0.140      2.500 4
 325  330     -0.256     -0.816      2.500 4
 331  328     -0.256     -0.133      2.500 4
 330  329     -0.252      0.324      2.500 4
 328  331     -0.251     -0.647      2.500 4
 335  333     -0.246      0.460      2.500 4
 333  335     -0.245      0.596      2.500 4
 334  334     -0.245     -0.613      2.500 4
 332  336     -0.243      0.816      2.500 4
 337  332     -0.241     -0.287      2.500 4
 336  338     -0.235     -0.663      2.500 4
 338  340     -0.233     -0.641      2.500 4
 339  339     -0.232      0.451      2.500 4
 340  341     -0.231      0.483      2.500 4
 341  346     -0.228     -0.609      2.500 4
  -1   -2     -0.228      0.099      2.500 4
 342  343     -0.227      0.405      2.500 4
 344  348     -0.224      0.488      2.500 4
 347  345     -0.223      0.245      2.500 4
 343  352     -0.222      0.637      2.500 4
 348  342     -0.222     -0.139      2.500 4
 345  350     -0.221      0.537      2.500 4
 350  344     -0.220     -0.099      2.500 4
 353  347     -0.217      0.100      2.500 4
 349  349     -0.217      0.291      2.500 4
 351  354     -0.213     -0.898      2.500 4
 354  351     -0.212      0.155      2.500 4
 356  353     -0.210     -0.300      2.500 4
 352  359     -0.207      0.815      2.500 4
 358  355     -0.205      0.111      2.500 4
 357  357     -0.204     -0.501      2.500 4
 355  360     -0.204      0.591      2.500 4
 359  356     -0.203      0.128      2.500 4
 363  358     -0.196      0.060      2.500 4
 360  364     -0.193     -0.612      2.500 4
 365  362     -0.192      0.117      2.500 4
 368  361     -0.192     -0.049      2.500 4
 361  367     -0.190      0.632      2.500 4
 367  366     -0.187      0.381      2.500 4
 362  369     -0.187      0.771      2.500 4
 371  363     -0.185     -0.169      2.500 4
 372  365     -0.184     -0.087      2.500 4
 366  370     -0.184      0.546      2.500 4
 364  371     -0.182      0.733      2.500 4
 369  372     -0.179      0.680      2.500 4
 370  375     -0.178     -0.904      2.500 4
 374  368     -0.177     -0.267      2.500 4
 377  373     -0.172      0.318      2.500 4
 375  374     -0.172     -0.469      2.500 4
 373  377     -0.171      0.700      2.500 4
 376  376     -0.169     -0.591      2.500 4
 378  379     -0.163      0.536      2.500 4
 380  378     -0.162      0.473      2.500 4
 379  382     -0.161     -0.736      2.500 4
 381  380     -0.160     -0.593      2.500 4
 383  381     -0.156     -0.442      2.500 4
 382  386     -0.156      0.587      2.500 4
 385  383     -0.153     -0.380      2.500 4
 388  384     -0.151     -0.289      2.500 4
 387  385     -0.151     -0.361      2.500 4
 384  389     -0.149     -0.676      2.500 4
 386  388     -0.149     -0.460      2.500 4
 390  387     -0.147      0.024      2.500 4
 392  390     -0.143      0.144      2.500 4
 396  391     -0.140     -0.091      2.500 4
 391  392     -0.140     -0.569      2.500 4
 389  394     -0.139     -0.703      2.500 4
 394  393     -0.138      0.361      2.500 4
 397  395     -0.135      0.340      2.500 4
 393  397     -0.135      0.608      2.500 4
 395  398     -0.134      0.569      2.500 4
 399  396     -0.132     -0.308      2.500 4
 398  399     -0.128     -0.520      2.500 4
  -1   -2     -0.127     -0.512      2.500 4
 402  407     -0.125     -0.667      2.500 4
 400  408     -0.124      0.705      2.500 4
 407  403     -0.124     -0.426      2.500 4
 408  401     -0.123     -0.184      2.500 4
 403  410     -0.123      0.809      2.500 4
 404  409     -0.123      0.719      2.500 4
 405  411     -0.122     -0.790      2.500 4
 411  402     -0.121     -0.097      2.500 4
 409  405     -0.121     -0.310      2.500 4
 412  404     -0.120     -0.153      2.500 4
 406  413     -0.119     -0.843      2.500 4
 413  406     -0.119     -0.075      2.500 4
 410  415     -0.115      0.657      2.500 4
 416  412     -0.114     -0.175      2.500 4
 414  414     -0.113      0.445      2.500 4
 415  416     -0.110     -0.613      2.500 4
 417  418     -0.105     -0.795      2.500 4
 418  420     -0.100     -0.514      2.500 4
 421  417     -0.100      0.112      2.500 4
 419  421     -0.098      0.382      2.500 4
  -1   -2     -0.098      0.375      2.500 4
 422  419     -0.097     -0.070      2.500 4
 423  423     -0.090      0.673      2.500 4
 424  424     -0.085     -0.497      2.500 4
 425  426     -0.079      0.541      2.500 4
 427  425     -0.078      0.123      2.500 4
 426  428     -0.075      0.647      2.500 4
 428  427     -0.074      0.392      2.500 4
 429  429     -0.068      0.189      2.500 4
 430  430     -0.066      0.168      2.500 4
 432  431     -0.063     -0.284      2.500 4
 431  434     -0.061     -0.633      2.500 4
 434  432     -0.061     -0.084      2.500 4
 433  433     -0.061     -0.344      2.500 4
 436  435     -0.057     -0.252      2.500 4
 437  436     -0.057      0.148      2.500 4
 435  437     -0.057     -0.323      2.500 4
 440  438     -0.053     -0.395      2.500 4
 438  439     -0.053      0.497      2.500 4
  -1   -2     -0.052      0.488      2.500 4
 441  440     -0.052     -0.579      2.500 4
 443  442     -0.047      0.261      2.500 4
 442  443     -0.046      0.780      2.500 4
 445  444     -0.040     -0.527      2.500 4
 446  445     -0.040      0.397      2.500 4
 444  447     -0.039      0.720      2.500 4
 447  446     -0.037     -0.318      2.500 4
 449  448     -0.033      0.191      2.500 4
 451  449     -0.032     -0.224      2.500 4
 450  450     -0.031     -0.625      2.500 4
 448  451     -0.030      0.820      2.500 4
 452  452     -0.026      0.565      2.500 4
 453  455     -0.024     -0.660      2.500 4
 457  454     -0.023     -0.092      2.500 4
 456  453     -0.023     -0.023      2.500 4
 455  457     -0.022     -0.566      2.500 4
 458  456     -0.022     -0.377      2.500 4
 454  458     -0.021     -0.855      2.500 4
 459  459     -0.017     -0.865      2.500 4
 460  460     -0.014     -0.903      2.500 4
 461  462     -0.011      0.472      2.500 4
 463  461     -0.010     -0.477      2.500 4
 462  463     -0.010     -0.752      2.500 4
 465  464     -0.008      0.399      2.500 4
 464  466     -0.008     -0.766      2.500 4
 466  465     -0.007     -0.050      2.500 4
 468  467     -0.005      0.242      2.500 4
 467  469     -0.005      0.669      2.500 4
 469  468     -0.004     -0.282      2.500 4
 470  470     -0.000     -0.503      2.500 4
 471  471      0.001     -0.619      2.500 4
 472  472      0.001      0.457      2.500 4
 473  474      0.004     -0.534      2.500 4
 474  473      0.004     -0.898      2.500 4
 475  475      0.005     -0.682      2.500 4
 476  478      0.006     -0.847      2.500 4
 479  476      0.006     -0.094      2.500 4
 478  477      0.007      0.335      2.500 4
 477  479      0.008      0.773      2.500 4
 481  481      0.009      0.024      2.500 4
 480  480      0.009      0.044      2.500 4
 482  482      0.010     -0.133      2.500 4
 483  483      0.012      0.520      2.500 4
 484  484      0.013      0.670      2.500 4
 485  485      0.014      0.218      2.500 4
 486  487      0.015     -0.802      2.500 4
 487  486      0.015      0.374      2.500 4
 488  488      0.016     -0.532      2.500 4
 489  489      0.017      0.720      2.500 4
 490  490      0.017      0.070      2.500 4
 493  491      0.018      0.249      2.500 4
 492  492      0.019     -0.602      2.500 4
 491  493      0.019      0.793      2.500 4
 494  494      0.019     -0.342      2.500 4
 495  495      0.021      0.112      2.500 4
 496  496      0.023      0.149      2.500 4
 497  497      0.024     -0.008      2.500 4
 498  499      0.026     -0.686      2.500 4
 499  498      0.026     -0.503      2.500 4
 500  500      0.027     -0.580      2.500 4
 501  501      0.028      0.597      2.500 4
 502  502      0.029     -0.534      2.500 4
 503  503      0.031      0.264      2.500 4
  -1   -2      0.033     -0.576      2.500 4
 505  505      0.033     -0.725      2.500 4
 506  506      0.035     -0.658      2.500 4
 507  507      0.036     -0.678      2.500 4
 509  508      0.039      0.822      2.500 4
 508  509      0.039      0.029      2.500 4
 510  510      0.044     -0.305      2.500 4
 511  511      0.046     -0.470      2.500 4
 512  512      0.047      0.247      2.500 4
 513  513      0.051      0.044      2.500 4
 514  514      0.053     -0.166      2.500 4
 515  515      0.054     -0.140      2.500 4
 517  516      0.056     -0.420      2.500 4
 516  517      0.056     -0.264      2.500 4
 519  518      0.058      0.512      2.500 4
 518  519      0.059      0.127      2.500 4
 520  520      0.063      0.082      2.500 4
 521  522      0.065     -0.266      2.500 4
 522  521      0.066     -0.728      2.500 4
 523  523      0.069      0.694      2.500 4
 524  524      0.069      0.653      2.500 4
 525  526      0.072      0.170      2.500 4
 526  525      0.072     -0.714      2.500 4
 527  529      0.075     -0.026      2.500 4
 529  527      0.076      0.646      2.500 4
 530  528      0.077      0.525      2.500 4
 528  530      0.077      0.355      2.500 4
 531  532      0.084      0.316      2.500 4
 532  531      0.084     -0.560      2.500 4
 533  533      0.085     -0.480      2.500 4
 534  534      0.091      0.034      2.500 4
 535  535      0.101      0.379      2.500 4
 536  536      0.102     -0.363      2.500 4
 537  539      0.106      0.214      2.500 4
 539  537      0.106     -0.708      2.500 4
 538  541      0.107      0.184      2.500 4
 542  538      0.108     -0.779      2.500 4
 545  540      0.111     -0.892      2.500 4
 540  544      0.112     -0.092      2.500 4
 544  542      0.112     -0.464      2.500 4
 541  545      0.112      0.032      2.500 4
  -1   -2      0.112      0.209      2.500 4
 546  546      0.118     -0.233      2.500 4
 547  548      0.120      0.064      2.500 4
 548  549      0.120     -0.089      2.500 4
 551  547      0.122     -0.483      2.500 4
 550  551      0.123     -0.260      2.500 4
 549  552      0.124     -0.011      2.500 4
 552  550      0.124     -0.647      2.500 4
 553  556      0.130     -0.245      2.500 4
 554  559      0.132      0.041      2.500 4
 555  558      0.132      0.288      2.500 4
 556  554      0.132      0.666      2.500 4
 557  555      0.133      0.624      2.500 4
 558  553      0.133      0.748      2.500 4
 559  557      0.136     -0.865      2.500 4
 560  561      0.139      0.612      2.500 4
 561  560      0.139     -0.822      2.500 4
 564  562      0.145     -0.574      2.500 4
 565  565      0.148      0.267      2.500 4
 569  563      0.149     -0.895      2.500 4
 563  567      0.149      0.033      2.500 4
 562  568      0.149     -0.068      2.500 4
 566  569      0.150      0.103      2.500 4
 571  564      0.151      0.791      2.500 4
 567  571      0.152     -0.267      2.500 4
 570   -2      0.153     -0.551      2.500 4
 568  573      0.154     -0.047      2.500 4
  -1  566      0.155     -0.537      2.500 4
 573  572      0.156      0.498      2.500 4
 576  575      0.162     -0.606      2.500 4
 578  574      0.162     -0.850      2.500 4
 574  577      0.164     -0.210      2.500 4
 575  578      0.165      0.058      2.500 4
 577  576      0.165      0.335      2.500 4
 579  580      0.176      0.369      2.500 4
 582  579      0.178     -0.674      2.500 4
 580  585      0.180      0.136      2.500 4
 581  584      0.182      0.271      2.500 4
 589  581      0.183     -0.891      2.500 4
 590  582      0.183      0.726      2.500 4
 583  588      0.184     -0.362      2.500 4
 591  583      0.184     -0.833      2.500 4
 585  587      0.185     -0.505      2.500 4
  -1   -2      0.185     -0.545      2.500 4
 584  591      0.187     -0.272      2.500 4
 587  589      0.190     -0.553      2.500 4
 586  594      0.190      0.058      2.500 4
 588  595      0.190     -0.197      2.500 4
 601  590      0.193      0.665      2.500 4
 592  602      0.194      0.048      2.500 4
 593  601      0.194      0.166      2.500 4
 599  593      0.195      0.435      2.500 4
 595  603      0.195      0.148      2.500 4
 597  600      0.195     -0.411      2.500 4
 603  592      0.196     -0.829      2.500 4
 600  599      0.197     -0.506      2.500 4
 596  606      0.197     -0.130      2.500 4
 602  597      0.198      0.496      2.500 4
 598  609      0.200      0.014      2.500 4
  -1   -2      0.200     -0.895      2.500 4
 604  604      0.201     -0.522      2.500 4
 608  598      0.202      0.795      2.500 4
 605  611      0.206     -0.153      2.500 4
 612  605      0.206     -0.899      2.500 4
 611  607      0.207      0.688      2.500 4
 613  608      0.208     -0.863      2.500 4
 609  610      0.208      0.360      2.500 4
 607  612      0.210      0.104      2.500 4
 610  615      0.214     -0.256      2.500 4
 616  613      0.217     -0.555      2.500 4
 614  618      0.221     -0.144      2.500 4
 620  614      0.221     -0.678      2.500 4
 619  617      0.222     -0.899      2.500 4
 615  621      0.222     -0.027      2.500 4
 618  620      0.224      0.169      2.500 4
 617  623      0.225     -0.054      2.500 4
 622  616      0.225      0.750      2.500 4
 621  622      0.226      0.291      2.500 4
 624  619      0.233      0.744      2.500 4
 623  626      0.240     -0.403      2.500 4
 627  624      0.240     -0.870      2.500 4
 626  627      0.244      0.360      2.500 4
 628  625      0.245      0.509      2.500 4
 625  632      0.248     -0.287      2.500 4
 630  629      0.250     -0.615      2.500 4
 631  628      0.252      0.598      2.500 4
 633  633      0.256     -0.640      2.500 4
 636  630      0.256     -0.865      2.500 4
 635  631      0.257      0.722      2.500 4
 629  637      0.257     -0.120      2.500 4
 634  635      0.261     -0.447      2.500 4
 632  639      0.261     -0.313      2.500 4
 637  634      0.262     -0.567      2.500 4
 639  636      0.265      0.498      2.500 4
 638  642      0.270      0.075      2.500 4
 644  638      0.271      0.800      2.500 4
 646  640      0.274      0.571      2.500 4
 647  641      0.276      0.617      2.500 4
 642  644      0.277      0.244      2.500 4
 640  646      0.277      0.009      2.500 4
 641  645      0.277      0.127      2.500 4
 645  647      0.281     -0.354      2.500 4
 648  643      0.281     -0.618      2.500 4
 643  648      0.282     -0.005      2.500 4
 650  649      0.288      0.337      2.500 4
 649  652      0.291     -0.209      2.500 4
 653  651      0.291     -0.445      2.500 4
 658  650      0.293     -0.563      2.500 4
 651  655      0.295      0.069      2.500 4
 652  654      0.295      0.124      2.500 4
 656  658      0.298      0.196      2.500 4
 655  659      0.298      0.148      2.500 4
 654  660      0.299     -0.029      2.500 4
 657  662      0.300      0.041      2.500 4
 661  657      0.301     -0.482      2.500 4
 663  656      0.302      0.405      2.500 4
 659  664      0.303      0.105      2.500 4
 664  653      0.305      0.594      2.500 4
 660  667      0.305      0.049      2.500 4
 662  665      0.306     -0.322      2.500 4
 665  663      0.310      0.457      2.500 4
 667  661      0.313      0.821      2.500 4
 666  668      0.313      0.415      2.500 4
 669  666      0.317      0.642      2.500 4
 670  669      0.321     -0.786      2.500 4
 668  671      0.324      0.305      2.500 4
 673  670      0.328      0.675      2.500 4
 675  673      0.334      0.505      2.500 4
 678  672      0.336     -0.809      2.500 4
 671  678      0.337      0.008      2.500 4
 672  679      0.339      0.097      2.500 4
 677  675      0.339      0.433      2.500 4
 680  674      0.340     -0.776      2.500 4
 674  685      0.344     -0.149      2.500 4
 676  686      0.346     -0.224      2.500 4
 681  683      0.347     -0.469      2.500 4
 689  677      0.350     -0.767      2.500 4
 683  682      0.351     -0.652      2.500 4
 679  692      0.351     -0.199      2.500 4
 692  676      0.351      0.748      2.500 4
 691  680      0.352     -0.707      2.500 4
 682  688      0.352     -0.415      2.500 4
 687  684      0.353      0.548      2.500 4
 697  681      0.355     -0.888      2.500 4
 684  691      0.355      0.378      2.500 4
 686  689      0.355      0.409      2.500 4
 690  690      0.356      0.422      2.500 4
  -1   -2      0.360     -0.807      2.500 4
 685  698      0.362     -0.191      2.500 4
 696  696      0.364      0.331      2.500 4
 695  697      0.364      0.258      2.500 4
 699  694      0.364     -0.613      2.500 4
 698  695      0.364     -0.573      2.500 4
 688  701      0.365     -0.108      2.500 4
 703  693      0.367     -0.807      2.500 4
 693  702      0.368     -0.002      2.500 4
 694  703      0.368      0.008      2.500 4
 705  699      0.372     -0.586      2.500 4
 706  700      0.374      0.504      2.500 4
 701  705      0.376      0.135      2.500 4
 702  706      0.378      0.088      2.500 4
 704  710      0.382     -0.112      2.500 4
 711  704      0.385      0.609      2.500 4
 709  707      0.387      0.356      2.500 4
 710  712      0.390     -0.463      2.500 4
 712  709      0.391      0.402      2.500 4
 708  714      0.392     -0.286      2.500 4
 707  717      0.393     -0.155      2.500 4
 716  708      0.395     -0.771      2.500 4
 715  711      0.395      0.541      2.500 4
 713  721      0.401     -0.016      2.500 4
 718  716      0.401      0.433      2.500 4
 714  720      0.402      0.245      2.500 4
 721  713      0.403      0.682      2.500 4
 720  719      0.405      0.368      2.500 4
 723  715      0.406      0.732      2.500 4
 717  725      0.410      0.022      2.500 4
 719  724      0.410     -0.162      2.500 4
 725  718      0.412     -0.761      2.500 4
 726  722      0.419     -0.715      2.500 4
 724  728      0.420     -0.334      2.500 4
 722  731      0.421     -0.037      2.500 4
 728  723      0.423     -0.650      2.500 4
  -1   -2      0.427      0.689      2.500 4
 735  727      0.429     -0.904      2.500 4
 737  730      0.434     -0.674      2.500 4
 729  735      0.434      0.234      2.500 4
 740  729      0.435      0.732      2.500 4
 727  738      0.435     -0.024      2.500 4
 736  733      0.437     -0.525      2.500 4
 731  740      0.438     -0.149      2.500 4
 730  741      0.438     -0.160      2.500 4
 733  737      0.439     -0.418      2.500 4
 741  732      0.439      0.688      2.500 4
 738  736      0.439     -0.898      2.500 4
 739  739      0.442      0.321      2.500 4
 734  743      0.444     -0.206      2.500 4
 745  734      0.447     -0.873      2.500 4
 748  742      0.454     -0.706      2.500 4
 743  749      0.455      0.338      2.500 4
 749  745      0.458     -0.719      2.500 4
 751  746      0.458     -0.687      2.500 4
 742  752      0.460      0.062      2.500 4
 753  744      0.460     -0.892      2.500 4
 744  751      0.461      0.178      2.500 4
 755  747      0.462      0.712      2.500 4
 747  750      0.463     -0.390      2.500 4
 756  748      0.463      0.647      2.500 4
 746  754      0.464     -0.127      2.500 4
 757  753      0.469      0.426      2.500 4
 750  756      0.470      0.148      2.500 4
 752  761      0.474      0.035      2.500 4
 754  760      0.476      0.154      2.500 4
 758  755      0.479      0.518      2.500 4
 759  757      0.483     -0.721      2.500 4
 761  759      0.486      0.572      2.500 4
 763  758      0.486     -0.765      2.500 4
 760  763      0.488     -0.550      2.500 4
 765  762      0.493     -0.822      2.500 4
 764  765      0.495     -0.504      2.500 4
 762  768      0.497      0.216      2.500 4
 768  764      0.498      0.691      2.500 4
 772  770      0.507     -0.652      2.500 4
 777  766      0.508      0.831      2.500 4
 766  775      0.508      0.256      2.500 4
 770  773      0.509      0.449      2.500 4
 778  767      0.510      0.792      2.500 4
 775  772      0.510     -0.660      2.500 4
 779  769      0.511     -0.885      2.500 4
 771  776      0.512     -0.458      2.500 4
 780  771      0.512      0.723      2.500 4
 774  774      0.512     -0.538      2.500 4
 767  779      0.513     -0.005      2.500 4
 773  777      0.514      0.331      2.500 4
 769  781      0.518     -0.127      2.500 4
 776  782      0.523      0.119      2.500 4
 783  780      0.525      0.468      2.500 4
 786  778      0.526      0.662      2.500 4
 781  784      0.528      0.002      2.500 4
 784  783      0.530     -0.514      2.500 4
 782  789      0.532     -0.214      2.500 4
 785  790      0.535     -0.357      2.500 4
 789  788      0.538     -0.499      2.500 4
 791  785      0.540     -0.593      2.500 4
 790  792      0.540     -0.507      2.500 4
 788  794      0.541     -0.241      2.500 4
 787  796      0.541     -0.196      2.500 4
 794  787      0.542      0.527      2.500 4
 796  791      0.543     -0.625      2.500 4
 797  786      0.544      0.607      2.500 4
 795  793      0.544      0.484      2.500 4
 792  795      0.546      0.343      2.500 4
 793  798      0.554     -0.101      2.500 4
 798  797      0.556      0.350      2.500 4
 800  799      0.566     -0.529      2.500 4
 799  801      0.567     -0.292      2.500 4
  -1   -2      0.575     -0.293      2.500 4
 806  800      0.576     -0.756      2.500 4
 802  808      0.578     -0.001      2.500 4
 803  809      0.580     -0.088      2.500 4
 807  805      0.583     -0.547      2.500 4
 811  802      0.585     -0.901      2.500 4
 810  804      0.586     -0.719      2.500 4
 805  810      0.587      0.180      2.500 4
 804  814      0.587     -0.144      2.500 4
 816  806      0.592      0.773      2.500 4
 809  815      0.593      0.313      2.500 4
 817  807      0.593      0.759      2.500 4
 808  819      0.593     -0.181      2.500 4
 812  811      0.593     -0.524      2.500 4
 815  812      0.595     -0.565      2.500 4
 818  816      0.598      0.494      2.500 4
 821  813      0.601     -0.822      2.500 4
 820  818      0.603     -0.703      2.500 4
 822  817      0.604      0.711      2.500 4
 813  825      0.605      0.002      2.500 4
 814  824      0.605     -0.009      2.500 4
 819  823      0.606     -0.315      2.500 4
 824  821      0.609      0.514      2.500 4
 825  820      0.610      0.692      2.500 4
 823  827      0.614     -0.408      2.500 4
 828  822      0.616     -0.902      2.500 4
 826  826      0.618      0.460      2.500 4
 827  829      0.627      0.089      2.500 4
 829  831      0.632     -0.022      2.500 4
 831  830      0.637     -0.527      2.500 4
 832  828      0.637      0.575      2.500 4
 830  833      0.639      0.224      2.500 4
 836  832      0.646      0.577      2.500 4
 833  836      0.647      0.140      2.500 4
 835  838      0.652      0.319      2.500 4
 839  834      0.652     -0.641      2.500 4
 834  842      0.653     -0.209      2.500 4
 843  837      0.656      0.528      2.500 4
 841  841      0.657     -0.898      2.500 4
 840  843      0.659      0.351      2.500 4
 847  835      0.658     -0.810      2.500 4
 848  839      0.660      0.725      2.500 4
 837  848      0.660      0.063      2.500 4
 849  840      0.662      0.641      2.500 4
 838  849      0.662     -0.160      2.500 4
 846  846      0.664      0.346      2.500 4
 842  851      0.665      0.037      2.500 4
 844  853      0.666     -0.185      2.500 4
 853  844      0.666     -0.816      2.500 4
 851  847      0.667     -0.590      2.500 4
 845  855      0.667      0.054      2.500 4
 856  845      0.670     -0.800      2.500 4
 852  854      0.672      0.369      2.500 4
 850  857      0.672     -0.228      2.500 4
 855  852      0.674      0.501      2.500 4
 859  850      0.675      0.777      2.500 4
 854  859      0.678     -0.401      2.500 4
 860  858      0.681      0.468      2.500 4
 861  856      0.681      0.573      2.500 4
 858  862      0.684      0.166      2.500 4
 857  863      0.685      0.017      2.500 4
 864  860      0.687      0.791      2.500 4
 865  861      0.691     -0.653      2.500 4
 862  866      0.692     -0.131      2.500 4
 867  864      0.696      0.611      2.500 4
 863  869      0.697     -0.192      2.500 4
 866  867      0.697     -0.458      2.500 4
 868  865      0.699     -0.608      2.500 4
 875  868      0.705     -0.813      2.500 4
 869  874      0.707      0.147      2.500 4
 877  870      0.707      0.665      2.500 4
 874  871      0.707     -0.619      2.500 4
 870  873      0.707     -0.324      2.500 4
 878  872      0.709      0.568      2.500 4
 871  877      0.710      0.056      2.500 4
 873  876      0.711     -0.403      2.500 4
 872  879      0.714      0.025      2.500 4
 879  875      0.715      0.609      2.500 4
 876  882      0.717     -0.103      2.500 4
 882  878      0.720     -0.767      2.500 4
 880  885      0.723     -0.357      2.500 4
 884  880      0.724      0.695      2.500 4
 885  881      0.725     -0.832      2.500 4
 886  883      0.727     -0.738      2.500 4
 888  884      0.727     -0.781      2.500 4
 881  887      0.728     -0.008      2.500 4
 883  888      0.731      0.183      2.500 4
  -1   -2      0.735      0.192      2.500 4
 889  890      0.736      0.319      2.500 4
 892  886      0.737      0.720      2.500 4
 893  889      0.739      0.558      2.500 4
 890  897      0.743     -0.207      2.500 4
 891  898      0.744     -0.094      2.500 4
 896  894      0.743     -0.565      2.500 4
  -1   -2      0.744     -0.576      2.500 4
 895  896      0.745      0.358      2.500 4
 898  893      0.745     -0.712      2.500 4
 899  892      0.746     -0.775      2.500 4
 894  901      0.746     -0.020      2.500 4
 902  899      0.752      0.521      2.500 4
 906  900      0.753     -0.777      2.500 4
 901  905      0.754     -0.440      2.500 4
 903  904      0.754      0.375      2.500 4
 904  906      0.754     -0.460      2.500 4
 900  908      0.755     -0.256      2.500 4
 908  903      0.756     -0.696      2.500 4
 910  902      0.757     -0.847      2.500 4
 911  907      0.759      0.650      2.500 4
 905  909      0.759      0.288      2.500 4
 907  910      0.760      0.259      2.500 4
 909  912      0.765      0.139      2.500 4
 912  914      0.767     -0.062      2.500 4
 915  911      0.769      0.442      2.500 4
 913  917      0.769     -0.030      2.500 4
 914  915      0.770     -0.385      2.500 4
 918  913      0.774      0.797      2.500 4
 917  918      0.775      0.398      2.500 4
 916  923      0.775     -0.020      2.500 4
 919  916      0.777      0.703      2.500 4
 923  919      0.780      0.617      2.500 4
 921  922      0.780      0.463      2.500 4
 924  921      0.781     -0.690      2.500 4
 927  920      0.781     -0.853      2.500 4
 928  924      0.783      0.739      2.500 4
 920  926      0.783     -0.265      2.500 4
 922  927      0.784      0.180      2.500 4
 926  925      0.785     -0.446      2.500 4
 925  930      0.788     -0.054      2.500 4
 930  928      0.792      0.517      2.500 4
 929  931      0.794      0.265      2.500 4
 931  929      0.795      0.719      2.500 4
 932  932      0.799      0.570      2.500 4
 934  933      0.802      0.779      2.500 4
 937  934      0.808      0.673      2.500 4
 935  937      0.809      0.210      2.500 4
  -1   -2      0.810      0.538      2.500 4
 936  941      0.812     -0.072      2.500 4
 941  936      0.813      0.722      2.500 4
  -1   -2      0.813      0.218      2.500 4
 942  938      0.813     -0.705      2.500 4
 943  939      0.814      0.528      2.500 4
 940  943      0.816      0.096      2.500 4
 944  942      0.819      0.457      2.500 4
 946  944      0.821     -0.463      2.500 4
 947  946      0.823      0.323      2.500 4
 945  947      0.822     -0.131      2.500 4
 949  945      0.823     -0.627      2.500 4
 948  952      0.826     -0.014      2.500 4
 950  951      0.827      0.198      2.500 4
 952  948      0.828      0.428      2.500 4
 954  949      0.828     -0.612      2.500 4
 955  950      0.829      0.508      2.500 4
 951  953      0.829     -0.243      2.500 4
 953  954      0.831     -0.080      2.500 4
 956  956      0.832      0.014      2.500 4
 959  955      0.837      0.696      2.500 4
 957  957      0.837     -0.558      2.500 4
 960  958      0.837     -0.617      2.500 4
 958  959      0.838     -0.453      2.500 4
 961  960      0.840     -0.364      2.500 4
 962  961      0.842      0.200      2.500 4
 964  962      0.852     -0.634      2.500 4
 963  963      0.853     -0.198      2.500 4
 965  964      0.855      0.376      2.500 4
 969  965      0.857     -0.848      2.500 4
 966  967      0.857     -0.336      2.500 4
 967  969      0.857     -0.303      2.500 4
 970  966      0.858     -0.862      2.500 4
 968  970      0.858     -0.162      2.500 4
 971  968      0.859     -0.813      2.500 4
 972  971      0.862     -0.518      2.500 4
 973  972      0.864     -0.885      2.500 4
 975  973      0.873      0.365      2.500 4
 974  974      0.873      0.159      2.500 4
 976  975      0.874     -0.898      2.500 4
 977  976      0.881      0.758      2.500 4
 978  977      0.881      0.706      2.500 4
 979  978      0.881      0.823      2.500 4
 980  980      0.883     -0.495      2.500 4
 981  979      0.884      0.599      2.500 4
 982  981      0.884     -0.763      2.500 4
 983  982      0.890     -0.203      2.500 4
 984  983      0.892     -0.631      2.500 4
 985  984      0.894      0.338      2.500 4
 987  985      0.896      0.668      2.500 4
 986  986      0.895     -0.573      2.500 4
 989  987      0.901      0.307      2.500 4
 988  989      0.901     -0.022      2.500 4
 990  988      0.901     -0.426      2.500 4
 991  990      0.902     -0.302      2.500 4
 993  991      0.908      0.547      2.500 4
  -1   -2      0.908      0.261      2.500 4
 995  994      0.909      0.252      2.500 4
 994  997      0.909      0.084      2.500 4
 997  993      0.909     -0.782      2.500 4
 996  995      0.911      0.471      2.500 4
 998  996      0.912      0.797      2.500 4
 999  998      0.912      0.578      2.500 4
1000  999      0.912     -0.709      2.500 4
