996
   0    0     -0.823     -0.001      2.500 4
   1    1     -0.823      0.152      2.500 4
   2    2     -0.819     -0.151      2.500 4
   4    4     -0.817      0.620      2.500 4
   3    5     -0.816     -0.700      2.500 4
  -1   -2     -0.817      0.626      2.500 4
   6    3     -0.815     -0.234      2.500 4
   7    7     -0.815     -0.080      2.500 4
   8    8     -0.816      0.793      2.500 4
   9   10     -0.815      0.356      2.500 4
  10    9     -0.815     -0.516      2.500 4
  12   11     -0.815      0.574      2.500 4
  11   12     -0.814     -0.298      2.500 4
  13   13     -0.814     -0.734      2.500 4
  14   14     -0.814      0.138      2.500 4
  15   15     -0.812     -0.286      2.500 4
  16   16     -0.809      0.192      2.500 4
  17   17     -0.805     -0.203      2.500 4
  18   18     -0.802      0.467      2.500 4
  20   19     -0.800     -0.053      2.500 4
  21   20     -0.800      0.291      2.500 4
  22   21     -0.799     -0.210      2.500 4
  19   23     -0.800      0.800      2.500 4
  25   22     -0.799      0.269      2.500 4
  24   24     -0.798      0.564      2.500 4
  23   25     -0.797     -0.890      2.500 4
  26   26     -0.795     -0.438      2.500 4
  27   27     -0.793     -0.135      2.500 4
  28   28     -0.791     -0.229      2.500 4
  29   29     -0.790      0.481      2.500 4
  30   30     -0.788     -0.411      2.500 4
  31   31     -0.786      0.128      2.500 4
  32   32     -0.783      0.687      2.500 4
  33   33     -0.781     -0.605      2.500 4
  34   34     -0.778      0.049      2.500 4
  35   38     -0.776      0.588      2.500 4
  37   36     -0.776      0.462      2.500 4
  39   35     -0.775      0.123      2.500 4
  36   39     -0.774     -0.644      2.500 4
  40   37     -0.773     -0.283      2.500 4
  38   41     -0.772     -0.851      2.500 4
  41   40     -0.772      0.331      2.500 4
  44   42     -0.768      0.140      2.500 4
  42   45     -0.767     -0.673      2.500 4
  43   43     -0.768      0.382      2.500 4
  45   44     -0.767      0.238      2.500 4
  46   47     -0.762     -0.851      2.500 4
  48   46     -0.763      0.289      2.500 4
  47   48     -0.762      0.628      2.500 4
  50   49     -0.758     -0.188      2.500 4
  49   50     -0.758      0.782      2.500 4
  51   51     -0.752      0.537      2.500 4
  52   52     -0.748     -0.225      2.500 4
  53   53     -0.742     -0.488      2.500 4
  54   54     -0.741     -0.249      2.500 4
  55   57     -0.736      0.340      2.500 4
  59   55     -0.735     -0.066      2.500 4
  60   56     -0.735      0.033      2.500 4
  61   58     -0.734      0.116      2.500 4
  57   60     -0.733     -0.631      2.500 4
  58   61     -0.732      0.525      2.500 4
  56   67     -0.731     -0.839      2.500 4
  62   64     -0.730      0.512      2.500 4
  67   59     -0.729     -0.193      2.500 4
  64   63     -0.729     -0.459      2.500 4
  65   66     -0.729      0.391      2.500 4
  68   62     -0.728     -0.325      2.500 4
  63   68     -0.727     -0.599      2.500 4
  69   65     -0.726     -0.270      2.500 4
  66   72     -0.725      0.765      2.500 4
  70   69     -0.722     -0.003      2.500 4
  72   70     -0.719     -0.155      2.500 4
  73   71     -0.719     -0.041      2.500 4
  71   75     -0.718      0.452      2.500 4
  75   74     -0.715      0.142      2.500 4
  77   73     -0.715     -0.119      2.500 4
  74   77     -0.714      0.487      2.500 4
  79   76     -0.712      0.080      2.500 4
  76   80     -0.709     -0.667      2.500 4
  81   78     -0.708     -0.095      2.500 4
  78   82     -0.708      0.667      2.500 4
  82   79     -0.706     -0.193      2.500 4
  84   81     -0.704      0.210      2.500 4
  80   86     -0.701     -0.798      2.500 4
  85   83     -0.700      0.092      2.500 4
  83   87     -0.699     -0.765      2.500 4
  86   84     -0.698     -0.329      2.500 4
  90   85     -0.695      0.173      2.500 4
  87   91     -0.692      0.703      2.500 4
  92   89     -0.688     -0.517      2.500 4
  89   94     -0.688     -0.898      2.500 4
  96   88     -0.688     -0.199      2.500 4
  88   95     -0.688     -0.842      2.500 4
  91   92     -0.688     -0.664      2.500 4
  93   93     -0.687      0.513      2.500 4
  99   90     -0.686      0.196      2.500 4
  94   -2     -0.685      0.570      2.500 4
  95   99     -0.682      0.733      2.500 4
  98   96     -0.682      0.566      2.500 4
  97  101     -0.680     -0.795      2.500 4
 101   97     -0.676     -0.039      2.500 4
 100  100     -0.674     -0.338      2.500 4
 102   98     -0.674      0.065      2.500 4
 103  102     -0.670      0.291      2.500 4
 106  104     -0.664      0.429      2.500 4
 105  105     -0.664      0.537      2.500 4
 104  107     -0.662     -0.854      2.500 4
 107  103     -0.660     -0.254      2.500 4
 109  106     -0.656     -0.396      2.500 4
 108  109     -0.654      0.398      2.500 4
 111  108     -0.652     -0.081      2.500 4
 110  111     -0.649     -0.899      2.500 4
 114  110     -0.648     -0.196      2.500 4
 112  112     -0.647     -0.404      2.500 4
 113  113     -0.642      0.453      2.500 4
 117  114     -0.637     -0.294      2.500 4
 118  115     -0.634     -0.264      2.500 4
 115  118     -0.633     -0.770      2.500 4
 120  116     -0.632      0.070      2.500 4
 116  121     -0.630     -0.877      2.500 4
 123  117     -0.629      0.040      2.500 4
 119  120     -0.627      0.440      2.500 4
 121  122     -0.624     -0.564      2.500 4
 126  119     -0.622     -0.191      2.500 4
 122  123     -0.620      0.587      2.500 4
 125  124     -0.617      0.461      2.500 4
 124  128     -0.615     -0.799      2.500 4
 128  126     -0.611     -0.427      2.500 4
 130  129     -0.608     -0.455      2.500 4
 134  125     -0.608      0.143      2.500 4
 131  130     -0.608      0.362      2.500 4
 129  131     -0.608      0.425      2.500 4
 127  134     -0.607      0.656      2.500 4
 137  127     -0.606     -0.246      2.500 4
 138  132     -0.603      0.263      2.500 4
 136  133     -0.602     -0.474      2.500 4
 135  136     -0.602      0.456      2.500 4
 132  139     -0.601     -0.905      2.500 4
 139  137     -0.600      0.400      2.500 4
 133  142     -0.598     -0.751      2.500 4
 140  138     -0.598     -0.501      2.500 4
 142  135     -0.598     -0.298      2.500 4
 141  141     -0.594      0.355      2.500 4
 143  140     -0.591     -0.229      2.500 4
 147  145     -0.579     -0.413      2.500 4
 148  144     -0.580      0.225      2.500 4
 152  143     -0.577     -0.197      2.500 4
 145  149     -0.576     -0.774      2.500 4
 144  153     -0.575     -0.818      2.500 4
 146  152     -0.576      0.769      2.500 4
 149  147     -0.574     -0.514      2.500 4
 151  148     -0.572      0.403      2.500 4
 150  156     -0.570      0.558      2.500 4
 155  146     -0.569     -0.007      2.500 4
 153  158     -0.565     -0.687      2.500 4
 156  151     -0.565     -0.335      2.500 4
 158  150     -0.565      0.122      2.500 4
 159  155     -0.562     -0.239      2.500 4
 160  154     -0.561      0.014      2.500 4
 154  163     -0.560      0.805      2.500 4
 162  157     -0.556      0.095      2.500 4
 157  164     -0.556     -0.649      2.500 4
 164  161     -0.554      0.177      2.500 4
 165  160     -0.552     -0.216      2.500 4
 167  159     -0.552     -0.006      2.500 4
 163  162     -0.551     -0.397      2.500 4
 161  165     -0.551      0.423      2.500 4
 166  166     -0.546     -0.475      2.500 4
 168  171     -0.537      0.726      2.500 4
 170  170     -0.534      0.493      2.500 4
 174  167     -0.532      0.149      2.500 4
 169  176     -0.531     -0.893      2.500 4
 171  173     -0.530      0.465      2.500 4
 172  175     -0.529      0.509      2.500 4
 176  168     -0.526     -0.112      2.500 4
 173  177     -0.525      0.550      2.500 4
 179  169     -0.523     -0.015      2.500 4
 180  172     -0.522      0.018      2.500 4
 175  178     -0.521      0.492      2.500 4
 181  174     -0.519     -0.087      2.500 4
 184  179     -0.513      0.191      2.500 4
 177  184     -0.512      0.676      2.500 4
 178  185     -0.511      0.739      2.500 4
 186  181     -0.507     -0.421      2.500 4
 185  183     -0.507      0.398      2.500 4
 191  180     -0.506     -0.163      2.500 4
 182  187     -0.505      0.582      2.500 4
 190  182     -0.504      0.243      2.500 4
 183  188     -0.503      0.651      2.500 4
 189  191     -0.498     -0.680      2.500 4
 187  192     -0.497     -0.744      2.500 4
 195  186     -0.496     -0.209      2.500 4
 188  193     -0.497      0.705      2.500 4
 193  189     -0.495     -0.545      2.500 4
 192  190     -0.496      0.468      2.500 4
  -1   -2     -0.490     -0.679      2.500 4
 196  196     -0.483      0.461      2.500 4
 200  195     -0.476     -0.062      2.500 4
 203  197     -0.472     -0.189      2.500 4
 197  203     -0.471      0.775      2.500 4
 206  198     -0.470     -0.025      2.500 4
 198  201     -0.470      0.603      2.500 4
 199  200     -0.469      0.431      2.500 4
 201  202     -0.464      0.425      2.500 4
 209  199     -0.460     -0.105      2.500 4
 202  206     -0.459     -0.702      2.500 4
 204  211     -0.458      0.680      2.500 4
 205  207     -0.457     -0.667      2.500 4
 207  205     -0.457      0.389      2.500 4
 208  210     -0.452      0.417      2.500 4
 210  209     -0.452      0.384      2.500 4
  -1  213     -0.451     -0.074      2.500 4
 211  214     -0.448     -0.580      2.500 4
 213  212     -0.448      0.363      2.500 4
 217  208     -0.448      0.206      2.500 4
 212  216     -0.442      0.572      2.500 4
 221  215     -0.440     -0.460      2.500 4
 216  229     -0.438     -0.073      2.500 4
 214  222     -0.438      0.654      2.500 4
 215  223     -0.437      0.686      2.500 4
 218  221     -0.436     -0.690      2.500 4
 223  218     -0.435     -0.498      2.500 4
 219  224     -0.434     -0.727      2.500 4
 220  228     -0.434      0.721      2.500 4
 227  219     -0.432     -0.899      2.500 4
 222  227     -0.432      0.538      2.500 4
 224  225     -0.431     -0.614      2.500 4
 225  226     -0.430     -0.577      2.500 4
 231  217     -0.429     -0.186      2.500 4
 226  230     -0.429      0.524      2.500 4
 233  220     -0.425     -0.196      2.500 4
 230  231     -0.423     -0.469      2.500 4
 228   -2     -0.417     -0.071      2.500 4
 238  232     -0.416     -0.225      2.500 4
 229  240     -0.417      0.696      2.500 4
 232  241     -0.416      0.665      2.500 4
 235  238     -0.414      0.479      2.500 4
 242  235     -0.413      0.229      2.500 4
 244  233     -0.412     -0.184      2.500 4
 237  236     -0.412      0.327      2.500 4
 234  242     -0.412      0.645      2.500 4
 245  234     -0.411      0.117      2.500 4
 243  239     -0.408     -0.445      2.500 4
 236  245     -0.408      0.761      2.500 4
 239  243     -0.407      0.487      2.500 4
 249  237     -0.405     -0.067      2.500 4
 241  248     -0.401      0.753      2.500 4
 246  250     -0.398     -0.665      2.500 4
 252  244     -0.397     -0.369      2.500 4
 248  253     -0.395      0.593      2.500 4
 247  255     -0.394     -0.833      2.500 4
 257  246     -0.392      0.036      2.500 4
 256  249     -0.390      0.263      2.500 4
 250  259     -0.389     -0.774      2.500 4
 251  262     -0.387      0.827      2.500 4
 262  247     -0.386     -0.087      2.500 4
 261  251     -0.386      0.100      2.500 4
 254  260     -0.386      0.533      2.500 4
 253  264     -0.385     -0.894      2.500 4
 255  263     -0.383      0.587      2.500 4
  -1   -2     -0.382     -0.026      2.500 4
 259  258     -0.383      0.332      2.500 4
 258  261     -0.380     -0.557      2.500 4
 267  254     -0.380     -0.164      2.500 4
 269  256     -0.379      0.085      2.500 4
 271  257     -0.377     -0.022      2.500 4
 260  268     -0.376      0.580      2.500 4
 263  267     -0.375      0.499      2.500 4
 270  266     -0.371      0.348      2.500 4
 274  265     -0.369     -0.250      2.500 4
 264  274     -0.367     -0.818      2.500 4
 265  275     -0.367      0.825      2.500 4
  -1   -2     -0.367      0.580      2.500 4
 272  272     -0.365      0.465      2.500 4
 273  276     -0.362      0.590      2.500 4
 276  271     -0.358     -0.302      2.500 4
 279  269     -0.358     -0.128      2.500 4
 280  270     -0.357     -0.121      2.500 4
 275  279     -0.352      0.458      2.500 4
 283  277     -0.350     -0.238      2.500 4
 281  278     -0.350      0.290      2.500 4
 278  280     -0.346     -0.669      2.500 4
 277  282     -0.345      0.786      2.500 4
 282  283     -0.337      0.770      2.500 4
 286  281     -0.336     -0.306      2.500 4
 284  285     -0.332     -0.772      2.500 4
 285  288     -0.330      0.659      2.500 4
 291  284     -0.326     -0.363      2.500 4
 288  293     -0.325      0.602      2.500 4
 287  297     -0.323      0.795      2.500 4
 289  294     -0.322     -0.666      2.500 4
 293  286     -0.321     -0.398      2.500 4
 290  299     -0.320      0.620      2.500 4
 297  287     -0.319      0.188      2.500 4
 292  298     -0.317     -0.584      2.500 4
 303  289     -0.316     -0.123      2.500 4
 304  290     -0.316     -0.091      2.500 4
 295  296     -0.315      0.375      2.500 4
 298  295     -0.314     -0.432      2.500 4
 305  291     -0.314     -0.249      2.500 4
 299  300     -0.313     -0.478      2.500 4
 306  292     -0.313      0.073      2.500 4
 294  305     -0.311      0.625      2.500 4
 301  303     -0.309      0.455      2.500 4
 308  301     -0.309      0.231      2.500 4
 302  302     -0.309      0.378      2.500 4
 296  306     -0.307      0.791      2.500 4
 300  307     -0.305      0.671      2.500 4
 310  304     -0.300      0.071      2.500 4
 307  308     -0.297     -0.904      2.500 4
 309  313     -0.293     -0.704      2.500 4
 311  312     -0.290     -0.546      2.500 4
 312  315     -0.288      0.491      2.500 4
 314  318     -0.284      0.479      2.500 4
 317  309     -0.284      0.115      2.500 4
 319  310     -0.283      0.077      2.500 4
 313  323     -0.283      0.769      2.500 4
 315  322     -0.281     -0.631      2.500 4
 323  311     -0.281     -0.050      2.500 4
 318  317     -0.280      0.269      2.500 4
 324  314     -0.280      0.036      2.500 4
 326  316     -0.278      0.091      2.500 4
 316  326     -0.275      0.566      2.500 4
 328  319     -0.274     -0.253      2.500 4
 327  321     -0.274      0.192      2.500 4
 321  327     -0.272      0.620      2.500 4
 332  320     -0.272     -0.080      2.500 4
 320  329     -0.272      0.651      2.500 4
 322  328     -0.271     -0.728      2.500 4
 333  324     -0.267     -0.144      2.500 4
 334  325     -0.266      0.080      2.500 4
 325  330     -0.266      0.716      2.500 4
 329  332     -0.262     -0.819      2.500 4
 331  333     -0.260     -0.747      2.500 4
 330  334     -0.260      0.817      2.500 4
 337  331     -0.254      0.229      2.500 4
 336  335     -0.251     -0.525      2.500 4
 335  337     -0.250     -0.773      2.500 4
 338  336     -0.242     -0.219      2.500 4
 339  342     -0.230      0.727      2.500 4
 340  340     -0.230      0.581      2.500 4
 342  338     -0.230      0.333      2.500 4
 341  339     -0.230      0.393      2.500 4
 343  343     -0.220      0.379      2.500 4
 347  341     -0.219      0.004      2.500 4
 346  345     -0.216     -0.545      2.500 4
 345  348     -0.216      0.531      2.500 4
 344  350     -0.214      0.688      2.500 4
 348  347     -0.213     -0.899      2.500 4
 352  344     -0.213     -0.081      2.500 4
 350  346     -0.213     -0.423      2.500 4
 349  352     -0.211     -0.583      2.500 4
 351  351     -0.209      0.411      2.500 4
 357  349     -0.206     -0.232      2.500 4
 356  354     -0.202     -0.536      2.500 4
 358  356     -0.201      0.414      2.500 4
 362  353     -0.200      0.093      2.500 4
 353  360     -0.199     -0.807      2.500 4
 361  355     -0.198      0.240      2.500 4
 354  363     -0.198     -0.830      2.500 4
 355  364     -0.198      0.780      2.500 4
 360  357     -0.197      0.300      2.500 4
 359  358     -0.197     -0.571      2.500 4
 363  366     -0.192     -0.596      2.500 4
 366  359     -0.192     -0.289      2.500 4
 367  361     -0.190     -0.305      2.500 4
 365  370     -0.190      0.537      2.500 4
 368  365     -0.189     -0.386      2.500 4
 364  373     -0.189      0.825      2.500 4
 370  362     -0.187     -0.086      2.500 4
 369  371     -0.185      0.464      2.500 4
 372  368     -0.184     -0.149      2.500 4
 373  367     -0.184     -0.070      2.500 4
 374  369     -0.183     -0.126      2.500 4
 375  374     -0.180     -0.358      2.500 4
 376  372     -0.179     -0.244      2.500 4
 371  376     -0.176     -0.783      2.500 4
 378  375     -0.172     -0.141      2.500 4
 377  377     -0.170     -0.529      2.500 4
 380  379     -0.167     -0.372      2.500 4
 382  378     -0.165     -0.243      2.500 4
 379  380     -0.162      0.581      2.500 4
 383  384     -0.157      0.522      2.500 4
 381  387     -0.157      0.808      2.500 4
 384  383     -0.154     -0.502      2.500 4
 386  382     -0.154      0.251      2.500 4
 389  381     -0.153     -0.066      2.500 4
 387  385     -0.152      0.270      2.500 4
 385  388     -0.151      0.466      2.500 4
 388  390     -0.150      0.382      2.500 4
 392  386     -0.149      0.064      2.500 4
 391  389     -0.147     -0.337      2.500 4
 390  391     -0.146     -0.502      2.500 4
 393  392     -0.138      0.568      2.500 4
 394  393     -0.135      0.450      2.500 4
  -1  395     -0.133     -0.415      2.500 4
 396  396     -0.133     -0.472      2.500 4
 397   -2     -0.132     -0.422      2.500 4
 395  397     -0.131      0.806      2.500 4
 399  399     -0.122      0.627      2.500 4
 401  400     -0.119      0.508      2.500 4
 403  401     -0.118     -0.590      2.500 4
 400  403     -0.118      0.752      2.500 4
 406  398     -0.118      0.069      2.500 4
 402  404     -0.118      0.700      2.500 4
 404  402     -0.116     -0.666      2.500 4
 405  405     -0.113      0.653      2.500 4
 407  409     -0.110     -0.895      2.500 4
 408  406     -0.109      0.344      2.500 4
  -1  408     -0.106      0.275      2.500 4
 411   -2     -0.105      0.281      2.500 4
 409  412     -0.105     -0.621      2.500 4
 412  410     -0.105     -0.412      2.500 4
 410  413     -0.104      0.482      2.500 4
 416  411     -0.101     -0.075      2.500 4
 415  416     -0.100     -0.576      2.500 4
 414  417     -0.099      0.529      2.500 4
 418  414     -0.098      0.117      2.500 4
 419  415     -0.097      0.101      2.500 4
 417  418     -0.096     -0.513      2.500 4
 421  419     -0.092     -0.216      2.500 4
 420  420     -0.091     -0.393      2.500 4
 422  421     -0.088     -0.192      2.500 4
 423  422     -0.087      0.086      2.500 4
 425  423     -0.084     -0.262      2.500 4
 427  424     -0.081     -0.245      2.500 4
 424  426     -0.080     -0.730      2.500 4
 426  427     -0.079      0.656      2.500 4
 430  425     -0.078      0.286      2.500 4
 428  429     -0.077      0.674      2.500 4
 429  428     -0.077      0.590      2.500 4
 431  431     -0.073     -0.804      2.500 4
 432  432     -0.072      0.800      2.500 4
 434  430     -0.069     -0.301      2.500 4
 433  434     -0.067     -0.736      2.500 4
 436  433     -0.064      0.171      2.500 4
 435  435     -0.063      0.442      2.500 4
 437  438     -0.057      0.608      2.500 4
 438  436     -0.056     -0.239      2.500 4
 439  437     -0.054     -0.170      2.500 4
 440  440     -0.050     -0.529      2.500 4
 442  439     -0.050      0.115      2.500 4
 441  442     -0.049      0.572      2.500 4
 443  441     -0.047     -0.469      2.500 4
 444  446     -0.045      0.389      2.500 4
  -1   -2     -0.045      0.379      2.500 4
 446  443     -0.045     -0.035      2.500 4
 447  444     -0.044     -0.080      2.500 4
 448  447     -0.042      0.287      2.500 4
 449  448     -0.041     -0.416      2.500 4
 450  449     -0.031     -0.284      2.500 4
 451  450     -0.024     -0.517      2.500 4
 453  451     -0.020     -0.052      2.500 4
 452  453     -0.020      0.762      2.500 4
 454  452     -0.019     -0.453      2.500 4
 455  454     -0.018      0.672      2.500 4
 456  455     -0.016      0.464      2.500 4
 457  456     -0.015     -0.556      2.500 4
 458  457     -0.013     -0.368      2.500 4
 459  458     -0.012     -0.211      2.500 4
 461  459     -0.012      0.152      2.500 4
 460  460     -0.010      0.810      2.500 4
 462  461     -0.008      0.286      2.500 4
 463  462     -0.008      0.359      2.500 4
 464  463     -0.005     -0.817      2.500 4
 465  464     -0.002     -0.833      2.500 4
 467  466     -0.001     -0.391      2.500 4
 468  465     -0.000     -0.081      2.500 4
 466  467     -0.000     -0.671      2.500 4
 469  469      0.002     -0.690      2.500 4
 470  470      0.003      0.011      2.500 4
 473  471      0.003     -0.003      2.500 4
 471  472      0.004      0.344      2.500 4
 472  476      0.004      0.598      2.500 4
 474  475      0.005     -0.420      2.500 4
 476  474      0.005     -0.108      2.500 4
 475  477      0.005     -0.508      2.500 4
 477  478      0.006      0.228      2.500 4
 478  479      0.010     -0.581      2.500 4
 479  480      0.013      0.133      2.500 4
 480  481      0.013     -0.805      2.500 4
 481  482      0.014      0.751      2.500 4
 482  483      0.015      0.411      2.500 4
 483  484      0.016      0.263      2.500 4
 484  485      0.017      0.028      2.500 4
 485  486      0.017     -0.418      2.500 4
 486  487      0.017      0.599      2.500 4
 487  488      0.019     -0.741      2.500 4
 488  489      0.019      0.158      2.500 4
 489  490      0.020     -0.255      2.500 4
 490  491      0.020      0.671      2.500 4
 491  492      0.021     -0.490      2.500 4
 492  493      0.022      0.781      2.500 4
 493  494      0.022      0.057      2.500 4
 494  495      0.025      0.083      2.500 4
 495  496      0.026     -0.024      2.500 4
 496  497      0.027     -0.586      2.500 4
 497  498      0.028     -0.391      2.500 4
 498  499      0.028     -0.466      2.500 4
 499  500      0.029      0.503      2.500 4
 500  501      0.031     -0.420      2.500 4
 501  502      0.032     -0.635      2.500 4
  -1   -2      0.034     -0.462      2.500 4
 504  505      0.035     -0.552      2.500 4
 505  504      0.035      0.811      2.500 4
 503  507      0.035      0.169      2.500 4
 506  506      0.035     -0.576      2.500 4
 507  508      0.049      0.000      2.500 4
 508  509      0.051     -0.361      2.500 4
 509  510      0.053     -0.227      2.500 4
 510  513      0.056      0.156      2.500 4
 511  512      0.056      0.402      2.500 4
 512  511      0.057      0.634      2.500 4
 513  514      0.057     -0.640      2.500 4
 514  515      0.058      0.578      2.500 4
 516  516      0.063     -0.623      2.500 4
 517  517      0.064      0.567      2.500 4
 515  518      0.064     -0.318      2.500 4
 518  519      0.066      0.011      2.500 4
 519  520      0.069     -0.130      2.500 4
 520  522      0.071     -0.112      2.500 4
 521  523      0.071     -0.199      2.500 4
 522  521      0.072      0.418      2.500 4
 523  524      0.076      0.068      2.500 4
 526  525      0.082     -0.875      2.500 4
 525  526      0.083     -0.200      2.500 4
 524  528      0.083      0.036      2.500 4
 528  529      0.085     -0.448      2.500 4
 527  530      0.085      0.247      2.500 4
 529  527      0.086     -0.711      2.500 4
 531  531      0.091     -0.617      2.500 4
 530  532      0.092      0.099      2.500 4
 532  533      0.094     -0.372      2.500 4
 533  535      0.096      0.214      2.500 4
 534  534      0.098      0.714      2.500 4
 536  536      0.100     -0.835      2.500 4
 535  540      0.104     -0.036      2.500 4
 537  537      0.104      0.599      2.500 4
 538  538      0.105     -0.772      2.500 4
 541  539      0.108     -0.879      2.500 4
 540  542      0.108      0.543      2.500 4
 542  541      0.109      0.778      2.500 4
 539  543      0.109      0.271      2.500 4
 543  544      0.112     -0.545      2.500 4
 544  545      0.115      0.528      2.500 4
 545  546      0.119     -0.814      2.500 4
 548  547      0.125     -0.361      2.500 4
 547  548      0.125     -0.276      2.500 4
 546  550      0.126      0.005      2.500 4
 551  549      0.131     -0.875      2.500 4
 550  553      0.133     -0.379      2.500 4
 549  554      0.134      0.135      2.500 4
 553  551      0.135      0.686      2.500 4
 554  552      0.136     -0.792      2.500 4
 552  557      0.138      0.113      2.500 4
 556  559      0.142     -0.470      2.500 4
 557  555      0.142     -0.881      2.500 4
 555  561      0.143      0.132      2.500 4
 558  556      0.143      0.786      2.500 4
 560  558      0.144     -0.787      2.500 4
 559  562      0.146      0.397      2.500 4
 561  560      0.147     -0.886      2.500 4
 562  563      0.149      0.603      2.500 4
 565  564      0.150     -0.836      2.500 4
 563  565      0.152     -0.506      2.500 4
 568  566      0.153     -0.585      2.500 4
 566  568      0.154     -0.447      2.500 4
 572  567      0.156      0.636      2.500 4
 564  572      0.156      0.004      2.500 4
 569  570      0.157      0.196      2.500 4
 567  573      0.157     -0.081      2.500 4
 571  571      0.159     -0.434      2.500 4
 570  574      0.159     -0.179      2.500 4
 576  569      0.162      0.723      2.500 4
 573  576      0.164     -0.200      2.500 4
 574  578      0.165      0.027      2.500 4
 579  575      0.169      0.714      2.500 4
 575  579      0.169     -0.079      2.500 4
 580  577      0.172     -0.848      2.500 4
 577  581      0.175     -0.025      2.500 4
 578  580      0.175     -0.189      2.500 4
 581  583      0.179      0.182      2.500 4
 582  589      0.184      0.011      2.500 4
 583  584      0.184      0.404      2.500 4
 587  582      0.184     -0.842      2.500 4
  -1   -2      0.186     -0.448      2.500 4
 584  590      0.187      0.242      2.500 4
 590  585      0.188      0.686      2.500 4
 589  586      0.188     -0.597      2.500 4
 586  591      0.189     -0.457      2.500 4
 588  592      0.191      0.274      2.500 4
 593  588      0.192      0.792      2.500 4
 591  593      0.195      0.340      2.500 4
 592  594      0.195     -0.410      2.500 4
 594  596      0.201     -0.208      2.500 4
 595  598      0.204      0.057      2.500 4
 600  595      0.206      0.529      2.500 4
 597  597      0.207     -0.429      2.500 4
 598  599      0.208     -0.413      2.500 4
 596  600      0.209      0.007      2.500 4
 599  602      0.212     -0.065      2.500 4
 602  601      0.215     -0.465      2.500 4
 601  608      0.218     -0.050      2.500 4
 603  606      0.218      0.191      2.500 4
 609  604      0.222      0.557      2.500 4
 606  605      0.222      0.427      2.500 4
 605  607      0.222     -0.898      2.500 4
 613  603      0.223      0.813      2.500 4
 604  613      0.224     -0.167      2.500 4
 607  614      0.226     -0.286      2.500 4
 610  612      0.227      0.273      2.500 4
 612  609      0.227     -0.562      2.500 4
 614  610      0.228     -0.534      2.500 4
 608  616      0.229      0.026      2.500 4
 611  615      0.229     -0.329      2.500 4
 615  611      0.231      0.502      2.500 4
 616  621      0.241      0.086      2.500 4
 618  618      0.243      0.421      2.500 4
 619  617      0.244     -0.748      2.500 4
 617  626      0.247     -0.216      2.500 4
 621  619      0.248      0.595      2.500 4
 626  620      0.250      0.637      2.500 4
 624  623      0.250      0.535      2.500 4
 629  622      0.252     -0.779      2.500 4
 623  627      0.254     -0.488      2.500 4
 620  630      0.254      0.110      2.500 4
 627  628      0.255     -0.545      2.500 4
 633  624      0.256     -0.879      2.500 4
 634  625      0.257      0.730      2.500 4
 622  631      0.258      0.096      2.500 4
 625  632      0.260     -0.160      2.500 4
 635  629      0.261     -0.738      2.500 4
 628  635      0.263      0.028      2.500 4
 630  637      0.265      0.218      2.500 4
 631  634      0.265      0.282      2.500 4
 632  638      0.269      0.022      2.500 4
 638  633      0.271     -0.730      2.500 4
 644  636      0.274     -0.781      2.500 4
 636  639      0.276     -0.111      2.500 4
 637  643      0.279     -0.004      2.500 4
 640  642      0.281     -0.333      2.500 4
 645  640      0.283     -0.493      2.500 4
 641  645      0.283      0.065      2.500 4
 642  644      0.283     -0.208      2.500 4
 643  646      0.286     -0.129      2.500 4
 648  641      0.288     -0.661      2.500 4
 646  648      0.290      0.117      2.500 4
 647  647      0.291     -0.377      2.500 4
 649  649      0.296      0.394      2.500 4
 651  651      0.302      0.449      2.500 4
 654  652      0.304      0.499      2.500 4
 655  653      0.304     -0.601      2.500 4
 657  650      0.305      0.716      2.500 4
 650  659      0.306     -0.123      2.500 4
 653  656      0.307      0.341      2.500 4
 659  654      0.307     -0.744      2.500 4
 652  662      0.311     -0.034      2.500 4
 662  655      0.312      0.658      2.500 4
 664  657      0.313      0.574      2.500 4
 660  660      0.315      0.354      2.500 4
 656  665      0.315     -0.054      2.500 4
 661  663      0.317      0.275      2.500 4
  -1  658      0.317     -0.904      2.500 4
 658  667      0.318     -0.239      2.500 4
 663  664      0.319     -0.419      2.500 4
 665  668      0.322     -0.383      2.500 4
 668  661      0.324     -0.737      2.500 4
 666  673      0.328     -0.263      2.500 4
 669  671      0.329     -0.566      2.500 4
 672  666      0.330      0.719      2.500 4
  -1   -2      0.331      0.671      2.500 4
 670  672      0.332      0.380      2.500 4
 667  678      0.333      0.191      2.500 4
 675  670      0.335     -0.871      2.500 4
 674  674      0.337      0.462      2.500 4
 671  681      0.339     -0.302      2.500 4
 681  675      0.342      0.673      2.500 4
 678  676      0.342     -0.688      2.500 4
 677  679      0.343      0.506      2.500 4
 676  680      0.344     -0.526      2.500 4
 683  677      0.345     -0.895      2.500 4
 680  682      0.346     -0.542      2.500 4
 682  684      0.352      0.376      2.500 4
 679  686      0.355     -0.107      2.500 4
 684  685      0.356      0.364      2.500 4
 689  683      0.358      0.702      2.500 4
 686  691      0.362      0.095      2.500 4
 685  694      0.363      0.051      2.500 4
 687  690      0.364      0.259      2.500 4
 692  687      0.366     -0.623      2.500 4
 690  692      0.368      0.335      2.500 4
 695  688      0.368     -0.651      2.500 4
 691  696      0.369     -0.424      2.500 4
 688  698      0.370      0.157      2.500 4
 700  689      0.373      0.634      2.500 4
 701  693      0.375     -0.704      2.500 4
 702  695      0.375     -0.689      2.500 4
 693  701      0.376     -0.282      2.500 4
 694  704      0.379     -0.002      2.500 4
 705  697      0.381     -0.819      2.500 4
 696  707      0.382      0.117      2.500 4
 697  709      0.383      0.096      2.500 4
 698  711      0.384     -0.184      2.500 4
 699  713      0.385     -0.013      2.500 4
 710  700      0.386     -0.671      2.500 4
 711  699      0.387     -0.759      2.500 4
 704  706      0.388      0.403      2.500 4
 708  710      0.391      0.370      2.500 4
 707  715      0.393     -0.377      2.500 4
 703  717      0.393      0.050      2.500 4
 715  702      0.393      0.828      2.500 4
 709  714      0.393      0.296      2.500 4
 716  703      0.393     -0.889      2.500 4
 719  705      0.395      0.789      2.500 4
 717  708      0.396      0.687      2.500 4
 706  718      0.397      0.082      2.500 4
 718  712      0.397     -0.713      2.500 4
 712  721      0.403      0.027      2.500 4
 722  716      0.405      0.721      2.500 4
 720  719      0.406      0.327      2.500 4
 713  723      0.406     -0.032      2.500 4
 714  724      0.407      0.035      2.500 4
 721  722      0.412     -0.434      2.500 4
 725  720      0.414      0.567      2.500 4
 724  725      0.418      0.345      2.500 4
 723  728      0.420      0.232      2.500 4
 727  727      0.427      0.513      2.500 4
 726  729      0.429     -0.509      2.500 4
 730  726      0.430      0.664      2.500 4
 728  733      0.438      0.082      2.500 4
 731  732      0.439     -0.898      2.500 4
 736  730      0.442     -0.662      2.500 4
 729  734      0.443     -0.207      2.500 4
 735  731      0.443     -0.653      2.500 4
 732  737      0.448      0.002      2.500 4
 737  735      0.453      0.424      2.500 4
 733  738      0.453     -0.139      2.500 4
 734  739      0.454     -0.185      2.500 4
 741  736      0.461      0.617      2.500 4
 738  741      0.462      0.233      2.500 4
 742  740      0.465     -0.551      2.500 4
 739  745      0.467     -0.180      2.500 4
 740  746      0.468      0.125      2.500 4
 743  744      0.471      0.317      2.500 4
 746  748      0.475     -0.412      2.500 4
 752  742      0.475     -0.904      2.500 4
 744  754      0.475     -0.274      2.500 4
 750  750      0.476      0.338      2.500 4
 754  743      0.476     -0.770      2.500 4
 745  757      0.479     -0.104      2.500 4
 751  751      0.480      0.461      2.500 4
 748  758      0.481      0.081      2.500 4
 747  761      0.482     -0.004      2.500 4
 749  760      0.482      0.005      2.500 4
 755  752      0.483      0.544      2.500 4
 761  747      0.484      0.777      2.500 4
 762  749      0.486      0.765      2.500 4
 759  755      0.486     -0.641      2.500 4
 757  756      0.487      0.484      2.500 4
 764  753      0.488     -0.834      2.500 4
 753  765      0.488     -0.327      2.500 4
 758  759      0.490     -0.512      2.500 4
 763  762      0.492     -0.550      2.500 4
 766  764      0.495     -0.611      2.500 4
 760  768      0.496      0.234      2.500 4
 756  771      0.498     -0.108      2.500 4
 768  763      0.498     -0.738      2.500 4
 767  767      0.500      0.506      2.500 4
 771  766      0.503      0.724      2.500 4
 765  773      0.505     -0.150      2.500 4
 769  772      0.508     -0.394      2.500 4
 774  769      0.510     -0.903      2.500 4
 776  770      0.513      0.709      2.500 4
 770  776      0.517     -0.015      2.500 4
 775  775      0.518     -0.535      2.500 4
 778  774      0.520     -0.728      2.500 4
 772  778      0.521     -0.160      2.500 4
 773  781      0.524      0.024      2.500 4
 777  777      0.525     -0.477      2.500 4
 781  779      0.531     -0.533      2.500 4
 782  780      0.532     -0.525      2.500 4
 780  782      0.533      0.355      2.500 4
 779  786      0.539     -0.035      2.500 4
 783  784      0.539      0.189      2.500 4
 788  783      0.545     -0.562      2.500 4
 784  790      0.546     -0.209      2.500 4
 785  791      0.548     -0.162      2.500 4
 786  794      0.549     -0.150      2.500 4
 791  785      0.550      0.535      2.500 4
 787  798      0.551     -0.021      2.500 4
 797  788      0.555      0.556      2.500 4
 800  787      0.555     -0.829      2.500 4
 795  789      0.555     -0.586      2.500 4
 790  796      0.556      0.282      2.500 4
 789  799      0.556      0.162      2.500 4
 794  795      0.557      0.379      2.500 4
 793  802      0.560      0.239      2.500 4
 792  804      0.560      0.170      2.500 4
 799  793      0.560     -0.606      2.500 4
 798  800      0.562      0.390      2.500 4
 802  792      0.564     -0.835      2.500 4
 796  807      0.565      0.072      2.500 4
 804  797      0.566      0.744      2.500 4
 803  801      0.568      0.616      2.500 4
 807  803      0.571     -0.823      2.500 4
 806  806      0.574     -0.568      2.500 4
 808  805      0.577      0.621      2.500 4
 801  811      0.577     -0.130      2.500 4
 810  810      0.581      0.511      2.500 4
 811  808      0.582      0.677      2.500 4
 812  809      0.583      0.788      2.500 4
 805  814      0.583      0.044      2.500 4
 809  813      0.585     -0.389      2.500 4
 813  812      0.592     -0.689      2.500 4
 814  815      0.598      0.801      2.500 4
 816  816      0.600      0.582      2.500 4
 817  818      0.610      0.368      2.500 4
 815  821      0.610      0.146      2.500 4
 823  817      0.613     -0.836      2.500 4
 819  819      0.615     -0.586      2.500 4
 824  820      0.618      0.627      2.500 4
 818  827      0.622      0.005      2.500 4
 820  828      0.623     -0.237      2.500 4
 826  822      0.624     -0.650      2.500 4
 821  831      0.625     -0.136      2.500 4
 822  830      0.625     -0.268      2.500 4
 830  823      0.628      0.660      2.500 4
 829  824      0.628      0.565      2.500 4
 833  825      0.632     -0.708      2.500 4
 834  826      0.633      0.705      2.500 4
 828  834      0.634     -0.331      2.500 4
 825  838      0.635      0.014      2.500 4
 827  836      0.635     -0.218      2.500 4
 831  833      0.636     -0.466      2.500 4
 835  829      0.637     -0.852      2.500 4
  -1   -2      0.640     -0.334      2.500 4
 837  832      0.640     -0.803      2.500 4
 838  835      0.644      0.539      2.500 4
 840  837      0.648     -0.814      2.500 4
 836  845      0.649      0.229      2.500 4
 844  840      0.651      0.730      2.500 4
 841  841      0.652      0.663      2.500 4
 843  842      0.652      0.629      2.500 4
 847  844      0.654     -0.674      2.500 4
 848  843      0.655     -0.782      2.500 4
 846  847      0.657      0.427      2.500 4
 839  854      0.657     -0.108      2.500 4
 845  848      0.657     -0.898      2.500 4
 842  851      0.659     -0.367      2.500 4
 850  846      0.659     -0.684      2.500 4
 849  850      0.661      0.393      2.500 4
 851  852      0.664      0.424      2.500 4
 852  853      0.665      0.448      2.500 4
 854  849      0.665      0.751      2.500 4
 859  855      0.673     -0.812      2.500 4
 853  860      0.676      0.016      2.500 4
 860  856      0.678     -0.863      2.500 4
 858  859      0.680      0.293      2.500 4
 855  863      0.680     -0.093      2.500 4
 857  862      0.680     -0.208      2.500 4
 856  864      0.681     -0.162      2.500 4
 861  857      0.683     -0.814      2.500 4
 862  858      0.684     -0.765      2.500 4
 865  861      0.690      0.627      2.500 4
 866  866      0.696     -0.478      2.500 4
 867  865      0.696     -0.539      2.500 4
 863  869      0.697      0.022      2.500 4
 864  870      0.698      0.008      2.500 4
 870  867      0.702     -0.755      2.500 4
 871  868      0.703      0.702      2.500 4
 868  871      0.703      0.133      2.500 4
 869  877      0.708      0.198      2.500 4
 873  873      0.713      0.601      2.500 4
  -1   -2      0.713     -0.658      2.500 4
 876  872      0.714      0.813      2.500 4
 875  876      0.714     -0.649      2.500 4
 878  874      0.715     -0.868      2.500 4
 880  878      0.719     -0.903      2.500 4
 872  882      0.720     -0.007      2.500 4
 881  879      0.722      0.742      2.500 4
 877  883      0.723     -0.252      2.500 4
 879  881      0.724     -0.488      2.500 4
 887  880      0.729      0.768      2.500 4
 883  886      0.732      0.237      2.500 4
 882  887      0.732      0.106      2.500 4
 890  884      0.734      0.680      2.500 4
 884  888      0.734     -0.280      2.500 4
 891  885      0.735     -0.754      2.500 4
 885  892      0.736     -0.191      2.500 4
 886  891      0.737     -0.225      2.500 4
 894  889      0.740      0.458      2.500 4
 888  896      0.739      0.095      2.500 4
 889  897      0.739      0.072      2.500 4
 892  890      0.740      0.418      2.500 4
 893  894      0.741     -0.401      2.500 4
 895  895      0.745      0.476      2.500 4
 898  893      0.746      0.755      2.500 4
 897  898      0.747      0.539      2.500 4
 896  900      0.747     -0.442      2.500 4
 901  901      0.751     -0.556      2.500 4
 903  899      0.751     -0.904      2.500 4
 899  905      0.754      0.219      2.500 4
 906  902      0.755      0.798      2.500 4
 904  904      0.755     -0.536      2.500 4
 907  903      0.756      0.559      2.500 4
 900  908      0.756      0.048      2.500 4
 902  910      0.759     -0.237      2.500 4
 910  906      0.762      0.606      2.500 4
 908  907      0.762      0.502      2.500 4
 905  912      0.762     -0.154      2.500 4
 913  909      0.764      0.648      2.500 4
 909  914      0.766      0.267      2.500 4
  -1   -2      0.768      0.278      2.500 4
 915  911      0.768      0.724      2.500 4
 914  915      0.768      0.390      2.500 4
 917  913      0.771      0.759      2.500 4
 912  918      0.771      0.103      2.500 4
 918  919      0.775      0.360      2.500 4
 916  921      0.777      0.060      2.500 4
 920  917      0.777     -0.769      2.500 4
 919  924      0.782     -0.118      2.500 4
  -1   -2      0.782      0.624      2.500 4
 921  922      0.782     -0.481      2.500 4
 923  923      0.784     -0.548      2.500 4
 926  925      0.789      0.618      2.500 4
 924  926      0.789      0.016      2.500 4
 925  927      0.791     -0.262      2.500 4
 927  928      0.793     -0.328      2.500 4
 931  929      0.799     -0.713      2.500 4
 929  931      0.801      0.218      2.500 4
 928  934      0.801     -0.106      2.500 4
 932  930      0.802      0.561      2.500 4
 930  936      0.803     -0.001      2.500 4
 933  932      0.804      0.372      2.500 4
 936  933      0.807      0.742      2.500 4
 935  935      0.807     -0.702      2.500 4
 937  937      0.809      0.604      2.500 4
 934  938      0.809      0.272      2.500 4
 938  940      0.813     -0.343      2.500 4
 940  939      0.815      0.537      2.500 4
 942  942      0.817     -0.570      2.500 4
 939  943      0.818     -0.060      2.500 4
 943  941      0.817     -0.706      2.500 4
 941  946      0.819     -0.013      2.500 4
 945  944      0.822      0.437      2.500 4
 946  945      0.823     -0.659      2.500 4
 944  948      0.823      0.001      2.500 4
 947  947      0.825      0.312      2.500 4
  -1   -2      0.828      0.321      2.500 4
 949  954      0.832     -0.048      2.500 4
 950  950      0.832     -0.867      2.500 4
 952  951      0.834     -0.876      2.500 4
 951  952      0.834     -0.563      2.500 4
 953  955      0.836     -0.721      2.500 4
 954  953      0.836     -0.845      2.500 4
 955  956      0.842      0.299      2.500 4
 956  958      0.844      0.167      2.500 4
 957  957      0.844     -0.890      2.500 4
 959  959      0.847     -0.468      2.500 4
 958  961      0.849     -0.075      2.500 4
 960  960      0.849      0.493      2.500 4
 961  962      0.851     -0.318      2.500 4
 962  965      0.854     -0.162      2.500 4
 963  964      0.854      0.302      2.500 4
 964  963      0.854     -0.627      2.500 4
 965  966      0.858      0.010      2.500 4
 966  967      0.861      0.051      2.500 4
 967  968      0.861     -0.087      2.500 4
 968  969      0.864     -0.435      2.500 4
 969  971      0.867     -0.395      2.500 4
 970  970      0.868      0.484      2.500 4
 971  972      0.870      0.786      2.500 4
 973  973      0.871      0.751      2.500 4
 972  974      0.872     -0.258      2.500 4
 975  975      0.874     -0.814      2.500 4
 974  977      0.874     -0.898      2.500 4
 976  976      0.875      0.677      2.500 4
 977  979      0.878     -0.208      2.500 4
 978  978      0.878     -0.607      2.500 4
 979  980      0.883      0.251      2.500 4
 980  981      0.884     -0.721      2.500 4
 981  982      0.886      0.725      2.500 4
 982  983      0.888     -0.676      2.500 4
 983  984      0.891      0.457      2.500 4
 985  985      0.898     -0.826      2.500 4
 986  987      0.899     -0.536      2.500 4
 984  986      0.900      0.425      2.500 4
 987  988      0.901      0.639      2.500 4
 988  989      0.901      0.817      2.500 4
 989  990      0.902     -0.777      2.500 4
 990  991      0.904      0.662      2.500 4
 991  992      0.904      0.579      2.500 4
 992  993      0.905     -0.265      2.500 4
  -1   -2      0.910      0.373      2.500 4
 993  995      0.910     -0.395      2.500 4
 995  996      0.912      0.364      2.500 4
