997
  -1    1     -0.823      0.489      2.500 4
   1   -2     -0.823      0.480      2.500 4
   2    2     -0.822     -0.561      2.500 4
   4    4     -0.821     -0.441      2.500 4
   3    3     -0.821     -0.114      2.500 4
   7    5     -0.820      0.332      2.500 4
   6    6     -0.818     -0.879      2.500 4
   5    7     -0.820      0.770      2.500 4
  10    8     -0.814     -0.516      2.500 4
  11   10     -0.815      0.793      2.500 4
   8   11     -0.815      0.356      2.500 4
  15   12     -0.815      0.574      2.500 4
   9   13     -0.815     -0.080      2.500 4
  14   14     -0.814     -0.734      2.500 4
  13   16     -0.814     -0.298      2.500 4
  12   15     -0.815      0.138      2.500 4
  16    9     -0.814     -0.163      2.500 4
  17   17     -0.808     -0.194      2.500 4
  18   21     -0.805     -0.805      2.500 4
  19   18     -0.805      0.581      2.500 4
  20   19     -0.804      0.410      2.500 4
  22   20     -0.802      0.086      2.500 4
  21   -2     -0.799     -0.806      2.500 4
  24   22     -0.796      0.302      2.500 4
  23   24     -0.796      0.742      2.500 4
  25   23     -0.794     -0.142      2.500 4
  26   25     -0.790      0.443      2.500 4
  27   26     -0.788      0.150      2.500 4
  29   28     -0.786      0.315      2.500 4
  30   27     -0.785      0.134      2.500 4
  28   32     -0.785      0.498      2.500 4
  32   29     -0.784     -0.145      2.500 4
  33   30     -0.783     -0.057      2.500 4
  36   31     -0.782     -0.293      2.500 4
  31   36     -0.781     -0.786      2.500 4
  34   34     -0.781     -0.531      2.500 4
  35   33     -0.781     -0.495      2.500 4
  37   35     -0.780     -0.448      2.500 4
  38   38     -0.776      0.714      2.500 4
  39   37     -0.772     -0.271      2.500 4
  41   39     -0.770     -0.155      2.500 4
  42   40     -0.769     -0.102      2.500 4
  40   41     -0.769      0.296      2.500 4
  43   43     -0.762      0.384      2.500 4
  47   42     -0.761      0.043      2.500 4
  44   44     -0.758     -0.721      2.500 4
  45   45     -0.757     -0.794      2.500 4
  46   46     -0.756     -0.897      2.500 4
  48   49     -0.754      0.563      2.500 4
  51   47     -0.752      0.222      2.500 4
  52   48     -0.751      0.179      2.500 4
  49   50     -0.751     -0.670      2.500 4
  50   52     -0.749      0.619      2.500 4
  53   57     -0.746      0.668      2.500 4
  54   58     -0.745     -0.718      2.500 4
  56   54     -0.744     -0.487      2.500 4
  55   59     -0.743     -0.816      2.500 4
  58   51     -0.743     -0.001      2.500 4
  -1   -2     -0.743      0.374      2.500 4
  59   53     -0.742      0.041      2.500 4
  60   55     -0.742     -0.188      2.500 4
  61   61     -0.739      0.359      2.500 4
  63   60     -0.736      0.114      2.500 4
  64   62     -0.736      0.150      2.500 4
  62   63     -0.734     -0.535      2.500 4
  65   65     -0.732     -0.453      2.500 4
  67   64     -0.731      0.052      2.500 4
  66   67     -0.726     -0.858      2.500 4
  68   66     -0.724     -0.343      2.500 4
  70   68     -0.718      0.337      2.500 4
  69   69     -0.717     -0.537      2.500 4
  -1   -2     -0.716      0.439      2.500 4
  74   70     -0.713      0.300      2.500 4
  72   71     -0.713      0.434      2.500 4
  76   73     -0.710      0.241      2.500 4
  73   75     -0.709     -0.690      2.500 4
  77   74     -0.709      0.196      2.500 4
  78   72     -0.709     -0.134      2.500 4
  75   78     -0.705     -0.736      2.500 4
  80   76     -0.703     -0.322      2.500 4
  79   77     -0.702      0.373      2.500 4
  81   79     -0.695     -0.157      2.500 4
  82   81     -0.691      0.407      2.500 4
  87   80     -0.686     -0.173      2.500 4
  83   84     -0.683     -0.769      2.500 4
  85   83     -0.683      0.570      2.500 4
  84   87     -0.682      0.738      2.500 4
  86   86     -0.680     -0.672      2.500 4
  91   82     -0.677     -0.224      2.500 4
  92   88     -0.673     -0.383      2.500 4
  93   85     -0.673      0.043      2.500 4
  89   93     -0.672     -0.709      2.500 4
  90   92     -0.673      0.479      2.500 4
  88   95     -0.673      0.791      2.500 4
  95   89     -0.668     -0.007      2.500 4
  96   90     -0.666     -0.188      2.500 4
  97   91     -0.665     -0.065      2.500 4
  98   94     -0.662     -0.140      2.500 4
  94   98     -0.657     -0.887      2.500 4
 100   96     -0.656      0.296      2.500 4
 101  100     -0.649     -0.899      2.500 4
  99  105     -0.649      0.684      2.500 4
 103   97     -0.647      0.063      2.500 4
 104   99     -0.644     -0.028      2.500 4
 102  103     -0.644      0.327      2.500 4
 107  101     -0.642     -0.119      2.500 4
 106  102     -0.642      0.110      2.500 4
 110  104     -0.638     -0.050      2.500 4
 111  106     -0.636     -0.235      2.500 4
 109  109     -0.636      0.272      2.500 4
 112  107     -0.635      0.024      2.500 4
 108  110     -0.633     -0.604      2.500 4
 105  115     -0.633      0.707      2.500 4
 114  108     -0.632     -0.097      2.500 4
 113  111     -0.630     -0.452      2.500 4
 118  116     -0.625      0.321      2.500 4
 120  112     -0.625     -0.144      2.500 4
 117  117     -0.625      0.345      2.500 4
 115  120     -0.624      0.464      2.500 4
 121  113     -0.624      0.087      2.500 4
 122  114     -0.621     -0.083      2.500 4
 116  122     -0.621      0.626      2.500 4
 123  119     -0.618      0.180      2.500 4
 127  118     -0.617      0.034      2.500 4
 119  125     -0.616      0.666      2.500 4
 129  121     -0.614      0.106      2.500 4
 125  126     -0.610     -0.565      2.500 4
 130  124     -0.610      0.345      2.500 4
 126  130     -0.607      0.597      2.500 4
 131  123     -0.606     -0.248      2.500 4
 124  132     -0.607      0.761      2.500 4
 128  131     -0.604     -0.693      2.500 4
 132  129     -0.602      0.315      2.500 4
 133  128     -0.600     -0.298      2.500 4
 134  127     -0.599     -0.151      2.500 4
 136  133     -0.593     -0.306      2.500 4
 135  135     -0.587      0.475      2.500 4
 137  138     -0.584      0.518      2.500 4
 139  134     -0.584      0.297      2.500 4
 138  144     -0.580      0.646      2.500 4
 142  136     -0.579     -0.406      2.500 4
 140  141     -0.578     -0.622      2.500 4
 145  139     -0.577      0.261      2.500 4
 150  137     -0.575      0.021      2.500 4
 148  142     -0.572     -0.381      2.500 4
 144  146     -0.572      0.432      2.500 4
  -1   -2     -0.572     -0.624      2.500 4
 141  151     -0.571      0.702      2.500 4
 151  145     -0.570     -0.363      2.500 4
 156  140     -0.569     -0.048      2.500 4
 147  148     -0.569      0.414      2.500 4
 157  143     -0.568     -0.193      2.500 4
 146  155     -0.565      0.660      2.500 4
 149  154     -0.565      0.555      2.500 4
 155  149     -0.564     -0.428      2.500 4
 160  150     -0.561     -0.339      2.500 4
 162  152     -0.560      0.262      2.500 4
 159  153     -0.560      0.313      2.500 4
 153  157     -0.558     -0.661      2.500 4
 158  156     -0.558      0.420      2.500 4
 154  161     -0.557      0.624      2.500 4
 152  162     -0.556      0.754      2.500 4
 166  159     -0.553      0.389      2.500 4
 168  160     -0.551      0.341      2.500 4
 161  164     -0.551      0.677      2.500 4
 163  167     -0.550      0.745      2.500 4
 164  168     -0.548     -0.819      2.500 4
 165  165     -0.547     -0.696      2.500 4
 172  158     -0.547     -0.229      2.500 4
 167  173     -0.542     -0.887      2.500 4
 169  172     -0.543      0.644      2.500 4
 171  171     -0.540     -0.627      2.500 4
 177  163     -0.540     -0.156      2.500 4
 170  174     -0.539      0.827      2.500 4
 179  166     -0.536     -0.208      2.500 4
 173  175     -0.534     -0.657      2.500 4
 180  170     -0.533      0.185      2.500 4
 183  169     -0.533     -0.076      2.500 4
 174  178     -0.533      0.623      2.500 4
 175  177     -0.531      0.536      2.500 4
 176  182     -0.526     -0.758      2.500 4
 181  179     -0.526      0.410      2.500 4
 184  176     -0.523     -0.342      2.500 4
 178  184     -0.522      0.826      2.500 4
 186  181     -0.519     -0.409      2.500 4
 182  186     -0.518     -0.809      2.500 4
 191  180     -0.516      0.032      2.500 4
 187  188     -0.511      0.410      2.500 4
 189  187     -0.510     -0.493      2.500 4
 185  193     -0.509     -0.904      2.500 4
 188  191     -0.508      0.507      2.500 4
 195  183     -0.507      0.011      2.500 4
 197  185     -0.504     -0.158      2.500 4
 190  198     -0.502      0.789      2.500 4
 201  189     -0.501      0.092      2.500 4
 199  190     -0.500     -0.245      2.500 4
 196  194     -0.500      0.341      2.500 4
 192  197     -0.500      0.577      2.500 4
 193  196     -0.499      0.496      2.500 4
 205  192     -0.495     -0.204      2.500 4
 198  200     -0.494     -0.589      2.500 4
 206  195     -0.493      0.165      2.500 4
 194  204     -0.493      0.772      2.500 4
 203  201     -0.490     -0.550      2.500 4
 200  202     -0.489     -0.651      2.500 4
 208  199     -0.488     -0.342      2.500 4
 202  206     -0.487      0.576      2.500 4
 207  203     -0.486      0.390      2.500 4
 204  209     -0.482      0.799      2.500 4
 211  208     -0.479      0.388      2.500 4
 209  210     -0.478      0.573      2.500 4
 216  205     -0.477     -0.287      2.500 4
 212  211     -0.473     -0.557      2.500 4
 221  207     -0.473     -0.195      2.500 4
 210  212     -0.472     -0.774      2.500 4
  -1   -2     -0.470      0.577      2.500 4
 214  215     -0.469      0.588      2.500 4
 218  216     -0.467      0.526      2.500 4
  -1   -2     -0.466      0.796      2.500 4
 223  214     -0.465      0.388      2.500 4
 219  217     -0.464      0.463      2.500 4
 217  222     -0.464      0.666      2.500 4
 222  219     -0.463      0.473      2.500 4
 220  227     -0.457     -0.900      2.500 4
 224  218     -0.457     -0.383      2.500 4
 225  224     -0.454      0.361      2.500 4
 233  220     -0.450     -0.173      2.500 4
 234  223     -0.448      0.138      2.500 4
 231  228     -0.447      0.360      2.500 4
 226  229     -0.446     -0.677      2.500 4
 236  225     -0.444      0.089      2.500 4
 238  226     -0.442     -0.211      2.500 4
 227  235     -0.442      0.684      2.500 4
 232  230     -0.441      0.501      2.500 4
 228  234     -0.441      0.632      2.500 4
 230  237     -0.439      0.614      2.500 4
 229  240     -0.438      0.777      2.500 4
 237  232     -0.435     -0.486      2.500 4
 235  243     -0.434      0.640      2.500 4
 239  239     -0.432     -0.899      2.500 4
 240  236     -0.432      0.344      2.500 4
 244  231     -0.428      0.070      2.500 4
 247  233     -0.426     -0.018      2.500 4
 249  238     -0.425     -0.195      2.500 4
 245  241     -0.424      0.214      2.500 4
 241  248     -0.422     -0.685      2.500 4
 243  246     -0.420     -0.565      2.500 4
 250  245     -0.419     -0.451      2.500 4
 253  242     -0.418      0.001      2.500 4
 254  244     -0.417      0.123      2.500 4
 242  252     -0.417      0.825      2.500 4
 248  250     -0.416      0.477      2.500 4
 257  247     -0.411      0.166      2.500 4
 246  253     -0.411      0.732      2.500 4
 256  251     -0.408     -0.468      2.500 4
 251  255     -0.407     -0.833      2.500 4
 252  254     -0.407     -0.729      2.500 4
 261  249     -0.407     -0.015      2.500 4
 255  257     -0.401      0.676      2.500 4
 258  256     -0.401      0.478      2.500 4
 259  259     -0.393     -0.757      2.500 4
 260  261     -0.392      0.649      2.500 4
 262  265     -0.387     -0.775      2.500 4
 267  260     -0.384      0.334      2.500 4
 265  262     -0.383     -0.457      2.500 4
 263  267     -0.383     -0.799      2.500 4
 270  258     -0.379     -0.109      2.500 4
 266  268     -0.378     -0.620      2.500 4
 264  271     -0.377      0.604      2.500 4
 271  263     -0.376      0.010      2.500 4
 272  264     -0.374     -0.020      2.500 4
 268  272     -0.371      0.747      2.500 4
 276  266     -0.369     -0.087      2.500 4
 269  275     -0.366     -0.674      2.500 4
 278  270     -0.364     -0.205      2.500 4
 279  269     -0.364     -0.160      2.500 4
 275  273     -0.362      0.355      2.500 4
 273  277     -0.361      0.497      2.500 4
 277  276     -0.360      0.375      2.500 4
 274  278     -0.358      0.537      2.500 4
 282  274     -0.357      0.209      2.500 4
 280  279     -0.349      0.529      2.500 4
 281  283     -0.344      0.719      2.500 4
 283  287     -0.338      0.790      2.500 4
 288  281     -0.337      0.247      2.500 4
 291  280     -0.336     -0.193      2.500 4
 289  282     -0.335     -0.395      2.500 4
 286  286     -0.334     -0.602      2.500 4
 284  289     -0.333      0.632      2.500 4
 290  284     -0.333      0.289      2.500 4
 285  291     -0.330     -0.854      2.500 4
 287  293     -0.328     -0.836      2.500 4
 292  290     -0.326      0.427      2.500 4
 295  285     -0.324     -0.063      2.500 4
 293  292     -0.322      0.433      2.500 4
 294  294     -0.320     -0.534      2.500 4
 297  288     -0.319     -0.025      2.500 4
 296  296     -0.313      0.335      2.500 4
 299  295     -0.311     -0.110      2.500 4
  -1  303     -0.300     -0.077      2.500 4
 298  304     -0.299      0.598      2.500 4
 301  301     -0.298     -0.494      2.500 4
 305  298     -0.296     -0.201      2.500 4
 304  299     -0.295     -0.246      2.500 4
 307  300     -0.295     -0.212      2.500 4
 308  302     -0.292      0.136      2.500 4
 300  308     -0.292     -0.824      2.500 4
 310   -2     -0.289     -0.077      2.500 4
 303  307     -0.287     -0.603      2.500 4
 309  305     -0.287     -0.459      2.500 4
 313  306     -0.281     -0.203      2.500 4
 306  312     -0.281      0.818      2.500 4
 314  311     -0.274     -0.424      2.500 4
 315  309     -0.274     -0.348      2.500 4
 312  315     -0.271     -0.666      2.500 4
 311  317     -0.271      0.612      2.500 4
  -1   -2     -0.270     -0.075      2.500 4
 318  313     -0.266      0.127      2.500 4
 321  314     -0.263     -0.289      2.500 4
 316  321     -0.260     -0.634      2.500 4
 325  316     -0.259     -0.070      2.500 4
 324  320     -0.258     -0.362      2.500 4
 320  323     -0.257      0.482      2.500 4
 328  318     -0.256      0.052      2.500 4
 327  319     -0.256      0.112      2.500 4
 319  325     -0.256     -0.683      2.500 4
 326  324     -0.252      0.297      2.500 4
 323  329     -0.251     -0.662      2.500 4
 322  333     -0.250      0.652      2.500 4
 335  322     -0.249     -0.188      2.500 4
 332  330     -0.246      0.348      2.500 4
 330  334     -0.245      0.506      2.500 4
 339  326     -0.244     -0.095      2.500 4
 338  327     -0.244     -0.282      2.500 4
 331  335     -0.243     -0.632      2.500 4
 337  331     -0.243      0.248      2.500 4
 333  336     -0.242      0.475      2.500 4
 329  338     -0.242      0.817      2.500 4
  -1   -2     -0.241     -0.021      2.500 4
 334  337     -0.240      0.558      2.500 4
 336  339     -0.237      0.511      2.500 4
 343  332     -0.237     -0.015      2.500 4
 341  342     -0.231      0.431      2.500 4
 342  344     -0.226      0.611      2.500 4
 346  340     -0.225     -0.148      2.500 4
 348  341     -0.224     -0.140      2.500 4
 349  343     -0.219     -0.306      2.500 4
 344  346     -0.219      0.776      2.500 4
 345  348     -0.215      0.649      2.500 4
 350  345     -0.213     -0.900      2.500 4
 347  352     -0.212      0.742      2.500 4
 354  347     -0.209      0.270      2.500 4
 355  349     -0.208      0.318      2.500 4
 352  353     -0.206     -0.638      2.500 4
 353  351     -0.206     -0.530      2.500 4
 351  354     -0.206      0.694      2.500 4
  -1   -2     -0.202      0.115      2.500 4
 356  356     -0.202      0.570      2.500 4
 357  361     -0.198      0.712      2.500 4
 363  355     -0.193     -0.148      2.500 4
 364  357     -0.192      0.116      2.500 4
 362  359     -0.191      0.176      2.500 4
 360  360     -0.191     -0.323      2.500 4
 365  358     -0.190     -0.103      2.500 4
 359  362     -0.189      0.412      2.500 4
 361  365     -0.182     -0.757      2.500 4
 369  363     -0.181      0.128      2.500 4
 370  364     -0.180      0.147      2.500 4
 366  366     -0.180     -0.620      2.500 4
 367  368     -0.178      0.563      2.500 4
 368  371     -0.175      0.611      2.500 4
 371  372     -0.172      0.503      2.500 4
 372  374     -0.171     -0.624      2.500 4
 373  370     -0.170     -0.502      2.500 4
 376  367     -0.171      0.074      2.500 4
 377  369     -0.170      0.136      2.500 4
 375  375     -0.167      0.350      2.500 4
 374  378     -0.166     -0.702      2.500 4
 379  373     -0.164     -0.048      2.500 4
 381  376     -0.161     -0.182      2.500 4
 382  379     -0.159     -0.290      2.500 4
 384  377     -0.158     -0.090      2.500 4
 378  381     -0.157     -0.728      2.500 4
 380  382     -0.154      0.631      2.500 4
 386  380     -0.153     -0.475      2.500 4
 383  386     -0.149      0.595      2.500 4
 389  384     -0.148     -0.602      2.500 4
 385  388     -0.148      0.813      2.500 4
 391  383     -0.147     -0.494      2.500 4
 387  389     -0.146      0.719      2.500 4
 388  390     -0.145      0.730      2.500 4
 393  385     -0.144     -0.411      2.500 4
 390  392     -0.142     -0.806      2.500 4
 392  394     -0.142     -0.853      2.500 4
 395  387     -0.140     -0.392      2.500 4
 394  395     -0.139     -0.695      2.500 4
 396  393     -0.138      0.396      2.500 4
 399  391     -0.136     -0.315      2.500 4
 398  396     -0.134      0.375      2.500 4
 397  401     -0.133      0.676      2.500 4
 400  397     -0.132     -0.556      2.500 4
  -1   -2     -0.130     -0.548      2.500 4
 403  400     -0.127      0.168      2.500 4
 405  398     -0.125      0.035      2.500 4
 402  405     -0.124     -0.812      2.500 4
 407  404     -0.120     -0.461      2.500 4
 404  406     -0.120     -0.645      2.500 4
 408  403     -0.119     -0.338      2.500 4
 406  407     -0.119      0.480      2.500 4
 409  402     -0.118     -0.095      2.500 4
 411  408     -0.110     -0.340      2.500 4
 410  413     -0.107      0.691      2.500 4
 413  409     -0.106     -0.201      2.500 4
 412  414     -0.103     -0.551      2.500 4
 415  411     -0.102     -0.166      2.500 4
 417  410     -0.102     -0.103      2.500 4
 418  412     -0.100     -0.078      2.500 4
 416  416     -0.099      0.420      2.500 4
  -1   -2     -0.099      0.413      2.500 4
 419  415     -0.097     -0.191      2.500 4
 421  419     -0.089      0.573      2.500 4
 420  420     -0.089      0.668      2.500 4
 423  418     -0.087      0.135      2.500 4
 422  421     -0.086     -0.536      2.500 4
 424  422     -0.081     -0.072      2.500 4
 425  423     -0.075      0.431      2.500 4
 426  425     -0.069     -0.667      2.500 4
 427  424     -0.067      0.148      2.500 4
 430  426     -0.061      0.221      2.500 4
 428  428     -0.059      0.533      2.500 4
 433  427     -0.058      0.198      2.500 4
  -1   -2     -0.057      0.524      2.500 4
 429  433     -0.057      0.785      2.500 4
 432  432     -0.056     -0.616      2.500 4
 434  430     -0.055     -0.380      2.500 4
 435  429     -0.055     -0.314      2.500 4
 437  434     -0.051     -0.357      2.500 4
 438  438     -0.050     -0.433      2.500 4
 441  435     -0.050     -0.088      2.500 4
 436  439     -0.049      0.733      2.500 4
 440  437     -0.049      0.176      2.500 4
 439  436     -0.049     -0.278      2.500 4
 442  440     -0.044      0.300      2.500 4
 443  441     -0.042     -0.568      2.500 4
 444  442     -0.041      0.438      2.500 4
 445  443     -0.039      0.824      2.500 4
 446  444     -0.035     -0.661      2.500 4
 448  445     -0.033     -0.352      2.500 4
 447  446     -0.031      0.596      2.500 4
 449  448     -0.029     -0.865      2.500 4
 450  449     -0.028     -0.693      2.500 4
 451  447     -0.028      0.224      2.500 4
 454  450     -0.026     -0.248      2.500 4
 453  451     -0.024     -0.605      2.500 4
 452  452     -0.024     -0.874      2.500 4
 455  453     -0.019     -0.416      2.500 4
 458  454     -0.017     -0.018      2.500 4
 457  455     -0.017     -0.098      2.500 4
 456  456     -0.015     -0.776      2.500 4
 459  457     -0.013      0.510      2.500 4
 460  458     -0.012     -0.788      2.500 4
 461  459     -0.011     -0.519      2.500 4
 462  461     -0.010      0.689      2.500 4
 463  460     -0.009      0.440      2.500 4
 464  462     -0.004      0.280      2.500 4
 465  463     -0.003     -0.048      2.500 4
 468  464     -0.001     -0.314      2.500 4
 467  465     -0.001     -0.545      2.500 4
 466  466     -0.001     -0.656      2.500 4
 469  467      0.000      0.497      2.500 4
 470  468      0.002     -0.714      2.500 4
 472  469      0.003     -0.575      2.500 4
 471  470      0.003     -0.859      2.500 4
 474  471      0.004     -0.898      2.500 4
 473  472      0.004      0.779      2.500 4
 475  473      0.007      0.376      2.500 4
 476  474      0.009     -0.099      2.500 4
 479  475      0.010      0.061      2.500 4
 477  477      0.010      0.556      2.500 4
 480  476      0.011      0.037      2.500 4
 478  479      0.011      0.690      2.500 4
 481  478      0.011     -0.145      2.500 4
 482  480      0.013     -0.820      2.500 4
 483  481      0.014      0.416      2.500 4
 484  482      0.014      0.254      2.500 4
 486  483      0.015     -0.573      2.500 4
 485  484      0.015      0.734      2.500 4
 487  485      0.017      0.797      2.500 4
 488  486      0.018     -0.640      2.500 4
 489  487      0.018      0.090      2.500 4
 490  488      0.019      0.288      2.500 4
 491  489      0.020     -0.379      2.500 4
 492  490      0.021      0.137      2.500 4
 493  491      0.023      0.179      2.500 4
 494  492      0.024      0.000      2.500 4
 495  494      0.025     -0.545      2.500 4
 496  493      0.026     -0.718      2.500 4
 497  495      0.027     -0.619      2.500 4
 498  496      0.029     -0.575      2.500 4
 499  497      0.029      0.626      2.500 4
 500  498      0.031      0.304      2.500 4
  -1   -2      0.033     -0.615      2.500 4
 502  500      0.034     -0.752      2.500 4
 503  501      0.036     -0.692      2.500 4
 505  502      0.037     -0.710      2.500 4
 504  503      0.037      0.043      2.500 4
 506  504      0.041      0.826      2.500 4
 507  505      0.042     -0.338      2.500 4
 508  506      0.046      0.285      2.500 4
 509  507      0.046     -0.512      2.500 4
 510  508      0.047      0.060      2.500 4
 511  509      0.049     -0.183      2.500 4
 512  510      0.049     -0.153      2.500 4
 513  511      0.053     -0.294      2.500 4
 515  512      0.055     -0.460      2.500 4
 514  513      0.055      0.154      2.500 4
 516  514      0.058      0.103      2.500 4
 517  516      0.061     -0.295      2.500 4
 518  515      0.061      0.548      2.500 4
 519  517      0.067      0.202      2.500 4
 520  519      0.068     -0.021      2.500 4
 521  518      0.070     -0.755      2.500 4
 524  521      0.075      0.711      2.500 4
 523  520      0.075      0.675      2.500 4
 522  523      0.077      0.396      2.500 4
 525  522      0.077     -0.742      2.500 4
 528  524      0.081      0.560      2.500 4
 527  526      0.082      0.357      2.500 4
 526  527      0.082      0.048      2.500 4
 529  525      0.082      0.668      2.500 4
 530  528      0.085     -0.521      2.500 4
 531  529      0.087     -0.600      2.500 4
 532  530      0.097     -0.400      2.500 4
 533  534      0.100     -0.097      2.500 4
 535  532      0.100      0.216      2.500 4
 536  533      0.100      0.249      2.500 4
 534  535      0.101      0.046      2.500 4
 537  531      0.101      0.419      2.500 4
  -1   -2      0.105      0.243      2.500 4
 538  537      0.107     -0.094      2.500 4
 540  539      0.108      0.083      2.500 4
 541  538      0.108     -0.258      2.500 4
 542  541      0.110     -0.003      2.500 4
 543  540      0.111     -0.504      2.500 4
 544  543      0.113     -0.288      2.500 4
 547  542      0.116     -0.736      2.500 4
 545  545      0.118      0.056      2.500 4
 546  546      0.119     -0.271      2.500 4
 549  544      0.120     -0.799      2.500 4
 548  547      0.122     -0.523      2.500 4
 551  548      0.125     -0.897      2.500 4
 550  549      0.128      0.325      2.500 4
 552  551      0.132     -0.070      2.500 4
 556  550      0.132     -0.679      2.500 4
 553  552      0.133      0.046      2.500 4
 555  553      0.135      0.125      2.500 4
 554  554      0.136     -0.046      2.500 4
 557  555      0.139     -0.294      2.500 4
 558  556      0.142      0.303      2.500 4
 561  557      0.146      0.648      2.500 4
 562  558      0.147      0.685      2.500 4
 559  564      0.148      0.074      2.500 4
 560  563      0.148     -0.231      2.500 4
 564  559      0.150      0.757      2.500 4
 563  561      0.151     -0.610      2.500 4
 565  562      0.153      0.637      2.500 4
 566  560      0.153     -0.873      2.500 4
 569  565      0.156     -0.835      2.500 4
 567  566      0.157     -0.587      2.500 4
  -1   -2      0.158     -0.574      2.500 4
 571  568      0.163      0.372      2.500 4
 570  572      0.165      0.161      2.500 4
 574  569      0.165      0.531      2.500 4
 582  570      0.169     -0.899      2.500 4
 572  574      0.169      0.073      2.500 4
 578  573      0.170     -0.639      2.500 4
 573  575      0.171     -0.215      2.500 4
 584  571      0.171      0.794      2.500 4
 576  576      0.172     -0.298      2.500 4
 575  579      0.173      0.063      2.500 4
 580  577      0.174      0.305      2.500 4
 581  580      0.175     -0.395      2.500 4
 577  582      0.175     -0.140      2.500 4
 586  578      0.176      0.405      2.500 4
 579  584      0.177      0.024      2.500 4
 583  585      0.178      0.173      2.500 4
 585  583      0.178      0.192      2.500 4
 587  587      0.183     -0.165      2.500 4
 591  581      0.184     -0.860      2.500 4
 589  586      0.187     -0.541      2.500 4
 590  590      0.189     -0.444      2.500 4
 588  591      0.189      0.123      2.500 4
  -1   -2      0.190     -0.580      2.500 4
 597  589      0.192     -0.702      2.500 4
 595  594      0.195     -0.278      2.500 4
 598  592      0.195     -0.587      2.500 4
 593  596      0.196     -0.155      2.500 4
 594  597      0.197     -0.024      2.500 4
 596  602      0.199     -0.053      2.500 4
 599  593      0.199     -0.540      2.500 4
 600  595      0.200      0.469      2.500 4
 602  601      0.204     -0.556      2.500 4
 601  605      0.206      0.193      2.500 4
 605  598      0.207      0.737      2.500 4
 607  599      0.207     -0.896      2.500 4
 606  600      0.207     -0.845      2.500 4
 603  604      0.207      0.394      2.500 4
 604  603      0.209      0.527      2.500 4
 609  606      0.215      0.682      2.500 4
 608  608      0.219      0.322      2.500 4
 612  607      0.221     -0.840      2.500 4
  -1  609      0.222     -0.898      2.500 4
 613  610      0.224     -0.587      2.500 4
  -1   -2      0.227     -0.899      2.500 4
 611  615      0.228     -0.310      2.500 4
 610  617      0.228     -0.127      2.500 4
 616  611      0.229      0.798      2.500 4
 614  616      0.232     -0.433      2.500 4
 617  612      0.232      0.702      2.500 4
 621  613      0.234     -0.902      2.500 4
 622  614      0.235     -0.871      2.500 4
 623  618      0.239     -0.702      2.500 4
 618  621      0.243      0.089      2.500 4
 624  619      0.243      0.390      2.500 4
 619  620      0.243     -0.337      2.500 4
 620  623      0.247      0.016      2.500 4
 625  625      0.250      0.000      2.500 4
 626  627      0.252      0.145      2.500 4
 632  622      0.254      0.757      2.500 4
 627  628      0.257     -0.476      2.500 4
 633  624      0.259      0.535      2.500 4
 631  630      0.262      0.268      2.500 4
 628  632      0.263     -0.224      2.500 4
 640  626      0.263      0.751      2.500 4
 637  629      0.264     -0.641      2.500 4
 629  638      0.265     -0.026      2.500 4
 630  637      0.265      0.081      2.500 4
 635  633      0.266     -0.379      2.500 4
 636  639      0.269      0.140      2.500 4
 634  640      0.269      0.051      2.500 4
 642  634      0.271     -0.594      2.500 4
 645  631      0.272     -0.876      2.500 4
 644  635      0.273     -0.663      2.500 4
 638  643      0.273      0.059      2.500 4
 639  642      0.274      0.166      2.500 4
 646  636      0.275      0.617      2.500 4
 641  644      0.275      0.120      2.500 4
 643  646      0.278      0.216      2.500 4
 647  641      0.280      0.522      2.500 4
 649  648      0.284      0.362      2.500 4
 650  649      0.286     -0.470      2.500 4
 648  650      0.286     -0.342      2.500 4
 651  645      0.288      0.730      2.500 4
 653  647      0.289     -0.871      2.500 4
 656  651      0.296      0.590      2.500 4
 654  652      0.297     -0.641      2.500 4
 655  655      0.300     -0.505      2.500 4
 652  658      0.301      0.013      2.500 4
 661  653      0.302      0.633      2.500 4
 659  656      0.302     -0.586      2.500 4
 660  657      0.306      0.428      2.500 4
 665  654      0.307      0.802      2.500 4
 657  659      0.308      0.108      2.500 4
 658  660      0.309     -0.155      2.500 4
 662  664      0.315     -0.236      2.500 4
 664  661      0.315      0.326      2.500 4
 663  665      0.318     -0.208      2.500 4
 667  662      0.319      0.436      2.500 4
 670  663      0.320      0.478      2.500 4
 666  667      0.327     -0.112      2.500 4
 668  668      0.328     -0.200      2.500 4
 669  669      0.330      0.002      2.500 4
 672  666      0.330      0.609      2.500 4
 671  670      0.330      0.012      2.500 4
 675  672      0.341     -0.432      2.500 4
 673  680      0.343     -0.115      2.500 4
 674  679      0.344      0.096      2.500 4
 677  674      0.344     -0.487      2.500 4
 676  681      0.345      0.145      2.500 4
 680  675      0.347      0.451      2.500 4
 682  671      0.348      0.653      2.500 4
 678  678      0.348      0.273      2.500 4
 683  677      0.352      0.521      2.500 4
 687  673      0.352      0.823      2.500 4
 689  676      0.354     -0.795      2.500 4
 679  687      0.355     -0.159      2.500 4
 684  683      0.356      0.394      2.500 4
 685  684      0.358      0.347      2.500 4
 688  685      0.360      0.425      2.500 4
 681  691      0.361     -0.014      2.500 4
 693  682      0.362      0.684      2.500 4
 691  686      0.363      0.438      2.500 4
 686  692      0.364     -0.296      2.500 4
 690  698      0.371      0.025      2.500 4
 695  690      0.372     -0.665      2.500 4
 692  699      0.372     -0.166      2.500 4
 699  688      0.372     -0.816      2.500 4
 700  689      0.374     -0.784      2.500 4
 698  693      0.375      0.560      2.500 4
 696  694      0.376     -0.587      2.500 4
 705  695      0.380     -0.717      2.500 4
 694  706      0.380     -0.036      2.500 4
 702  697      0.381     -0.626      2.500 4
 697  703      0.383      0.255      2.500 4
 701  702      0.384      0.368      2.500 4
 709  696      0.384     -0.774      2.500 4
 706  700      0.385     -0.598      2.500 4
 704  704      0.386     -0.475      2.500 4
 713  701      0.391      0.752      2.500 4
 712  707      0.392      0.516      2.500 4
 703  711      0.393     -0.024      2.500 4
 711  709      0.394      0.413      2.500 4
 716  705      0.396     -0.889      2.500 4
 710  712      0.397     -0.341      2.500 4
  -1   -2      0.398     -0.812      2.500 4
 707  714      0.398     -0.151      2.500 4
 708  715      0.399     -0.163      2.500 4
 715  713      0.404      0.377      2.500 4
 720  710      0.405     -0.812      2.500 4
 714  719      0.407     -0.209      2.500 4
 719  716      0.409      0.442      2.500 4
 718  720      0.413      0.240      2.500 4
 723  717      0.415      0.616      2.500 4
 724  718      0.418      0.549      2.500 4
 721  722      0.421      0.064      2.500 4
 722  724      0.423     -0.128      2.500 4
 725  723      0.427     -0.424      2.500 4
 730  721      0.431     -0.775      2.500 4
 727  727      0.432      0.180      2.500 4
 728  726      0.433      0.325      2.500 4
 726  733      0.434      0.035      2.500 4
 729  735      0.439      0.149      2.500 4
 732  729      0.439     -0.898      2.500 4
 736  725      0.441      0.685      2.500 4
 733  731      0.441     -0.530      2.500 4
 731  738      0.445      0.155      2.500 4
 737  732      0.445     -0.655      2.500 4
 739  728      0.447      0.734      2.500 4
 734  737      0.447     -0.392      2.500 4
 738  730      0.447     -0.764      2.500 4
 735  736      0.449      0.340      2.500 4
 740  734      0.449     -0.718      2.500 4
 742  739      0.459     -0.677      2.500 4
  -1   -2      0.466      0.691      2.500 4
 741  747      0.471     -0.006      2.500 4
 743  746      0.473      0.214      2.500 4
 749  741      0.473     -0.903      2.500 4
 746  744      0.476      0.425      2.500 4
 750  742      0.476      0.733      2.500 4
 744  751      0.477     -0.127      2.500 4
 751  743      0.478      0.689      2.500 4
 754  745      0.483     -0.706      2.500 4
 755  748      0.486     -0.686      2.500 4
 747  759      0.487      0.000      2.500 4
 748  760      0.489      0.116      2.500 4
 756  750      0.488     -0.718      2.500 4
 752  753      0.489      0.252      2.500 4
 760  749      0.490     -0.872      2.500 4
 757  758      0.495     -0.500      2.500 4
 759  755      0.496     -0.546      2.500 4
 753  761      0.496     -0.211      2.500 4
 766  752      0.499      0.646      2.500 4
 762  756      0.499      0.515      2.500 4
 767  754      0.502      0.712      2.500 4
 769  757      0.503     -0.891      2.500 4
 758  766      0.505     -0.192      2.500 4
 763  762      0.505     -0.452      2.500 4
 764  764      0.506      0.324      2.500 4
 761  768      0.508     -0.236      2.500 4
 770  763      0.512      0.568      2.500 4
 765  772      0.513     -0.100      2.500 4
 773  765      0.514     -0.718      2.500 4
 768  771      0.515     -0.350      2.500 4
 772  769      0.518      0.442      2.500 4
 771  770      0.518     -0.531      2.500 4
 774  767      0.521     -0.762      2.500 4
 779  773      0.530     -0.645      2.500 4
 777  777      0.532     -0.505      2.500 4
 781  776      0.533     -0.653      2.500 4
 786  774      0.533     -0.818      2.500 4
 788  775      0.536      0.688      2.500 4
 783  778      0.537      0.458      2.500 4
 780  779      0.538     -0.489      2.500 4
 775  787      0.539     -0.004      2.500 4
 778  785      0.539     -0.283      2.500 4
 782  780      0.540      0.332      2.500 4
 776  788      0.540     -0.087      2.500 4
 784  781      0.541     -0.496      2.500 4
  -1   -2      0.547     -0.283      2.500 4
 785  794      0.549     -0.140      2.500 4
 793  782      0.550      0.831      2.500 4
 789  790      0.550      0.337      2.500 4
 796  784      0.552      0.720      2.500 4
 797  783      0.552      0.791      2.500 4
 792  789      0.553     -0.582      2.500 4
 799  786      0.553     -0.883      2.500 4
 790  797      0.557     -0.174      2.500 4
 798  793      0.558      0.472      2.500 4
 791  798      0.560      0.168      2.500 4
 802  792      0.561      0.656      2.500 4
 801  795      0.561      0.515      2.500 4
 800  796      0.561     -0.614      2.500 4
 794  801      0.567     -0.012      2.500 4
 795  802      0.567     -0.002      2.500 4
 803  800      0.569     -0.514      2.500 4
 805  799      0.572      0.597      2.500 4
 804  804      0.581     -0.301      2.500 4
 806  803      0.582      0.296      2.500 4
 809  805      0.589     -0.530      2.500 4
 808  808      0.595      0.079      2.500 4
 807  810      0.595     -0.024      2.500 4
 810  806      0.596     -0.505      2.500 4
 811  811      0.601     -0.389      2.500 4
 812  809      0.603     -0.547      2.500 4
 814  807      0.607     -0.745      2.500 4
 813  813      0.611      0.475      2.500 4
 818  812      0.613     -0.705      2.500 4
 816  818      0.619      0.205      2.500 4
 815  821      0.620      0.124      2.500 4
 817  822      0.622     -0.197      2.500 4
 826  814      0.623     -0.900      2.500 4
 822  816      0.624      0.494      2.500 4
 823  820      0.626      0.437      2.500 4
 827  819      0.628     -0.687      2.500 4
 819  825      0.628      0.053      2.500 4
 828  815      0.629      0.770      2.500 4
 829  817      0.629      0.755      2.500 4
 820  827      0.629     -0.152      2.500 4
 821  828      0.632      0.028      2.500 4
 824  830      0.636     -0.175      2.500 4
 825  831      0.636      0.044      2.500 4
 834  823      0.636     -0.814      2.500 4
 835  824      0.637      0.701      2.500 4
 832  829      0.639     -0.503      2.500 4
 837  826      0.642      0.682      2.500 4
 830  832      0.642      0.293      2.500 4
 831  834      0.644     -0.214      2.500 4
 843  833      0.652     -0.901      2.500 4
 838  836      0.653      0.324      2.500 4
 836  838      0.654      0.009      2.500 4
 844  835      0.658      0.554      2.500 4
 841  837      0.658      0.318      2.500 4
 840  841      0.661      0.146      2.500 4
 839  843      0.661     -0.124      2.500 4
 848  839      0.666      0.556      2.500 4
 845  844      0.666     -0.376      2.500 4
 849  840      0.668     -0.617      2.500 4
 847  845      0.669      0.340      2.500 4
 846  847      0.669     -0.179      2.500 4
 850  842      0.670      0.503      2.500 4
 852  846      0.676     -0.563      2.500 4
 851  853      0.683      0.044      2.500 4
 853  854      0.684      0.126      2.500 4
 857  850      0.685      0.473      2.500 4
 860  848      0.686      0.622      2.500 4
 854  856      0.686      0.016      2.500 4
 858  852      0.688      0.438      2.500 4
 861  849      0.688     -0.798      2.500 4
 862  851      0.689      0.714      2.500 4
 855  860      0.689     -0.099      2.500 4
 856  859      0.689     -0.299      2.500 4
 859  858      0.691     -0.428      2.500 4
 865  855      0.696     -0.804      2.500 4
 867  857      0.698     -0.787      2.500 4
 866  861      0.699      0.548      2.500 4
 864  863      0.700     -0.374      2.500 4
 863  865      0.701     -0.014      2.500 4
 871  862      0.704      0.771      2.500 4
 869  864      0.705     -0.626      2.500 4
 868  869      0.709     -0.329      2.500 4
 872  866      0.709     -0.579      2.500 4
 870  871      0.713      0.158      2.500 4
 879  867      0.715      0.787      2.500 4
 877  868      0.715      0.587      2.500 4
 878  870      0.717     -0.589      2.500 4
  -1   -2      0.718      0.166      2.500 4
 873  874      0.718     -0.090      2.500 4
 875  876      0.721     -0.191      2.500 4
 876  878      0.722     -0.025      2.500 4
 880  872      0.724      0.540      2.500 4
 883  875      0.729      0.646      2.500 4
 881  880      0.729      0.285      2.500 4
 884  877      0.730     -0.799      2.500 4
 885  879      0.732      0.584      2.500 4
 882  882      0.737     -0.234      2.500 4
 890  881      0.741     -0.748      2.500 4
 887  885      0.742      0.322      2.500 4
 886  891      0.745     -0.062      2.500 4
 896  883      0.745      0.678      2.500 4
 895  884      0.745     -0.715      2.500 4
 889  893      0.747      0.116      2.500 4
 888  895      0.748     -0.033      2.500 4
 893  888      0.747     -0.530      2.500 4
 891  892      0.748     -0.405      2.500 4
 901  886      0.748     -0.762      2.500 4
 903  887      0.749     -0.820      2.500 4
  -1   -2      0.749     -0.541      2.500 4
 892  896      0.750      0.227      2.500 4
 897  894      0.750     -0.425      2.500 4
 894  897      0.751      0.253      2.500 4
 902  890      0.751      0.526      2.500 4
 900  898      0.753      0.338      2.500 4
 899  901      0.755     -0.025      2.500 4
 905  899      0.757      0.706      2.500 4
 906  902      0.761      0.487      2.500 4
 907  900      0.760     -0.685      2.500 4
 904  904      0.761     -0.352      2.500 4
 911  903      0.765     -0.755      2.500 4
 909  908      0.768     -0.241      2.500 4
 908  910      0.769     -0.055      2.500 4
 913  905      0.769     -0.667      2.500 4
 910  911      0.770      0.152      2.500 4
 912  907      0.772      0.404      2.500 4
 914  906      0.772     -0.757      2.500 4
 916  909      0.775      0.626      2.500 4
 915  913      0.775      0.360      2.500 4
 918  912      0.777     -0.836      2.500 4
 917  914      0.781     -0.409      2.500 4
 920  915      0.784      0.424      2.500 4
 919  917      0.786      0.230      2.500 4
 924  916      0.791      0.792      2.500 4
 922  919      0.792      0.589      2.500 4
 923  920      0.792     -0.659      2.500 4
 925  918      0.793      0.685      2.500 4
 921  924      0.797     -0.071      2.500 4
 928  923      0.798      0.480      2.500 4
 930  922      0.799      0.726      2.500 4
 931  921      0.798     -0.842      2.500 4
 926  925      0.800      0.178      2.500 4
 929  928      0.803      0.076      2.500 4
  -1   -2      0.805      0.185      2.500 4
 934  927      0.808      0.536      2.500 4
 936  926      0.809      0.703      2.500 4
 933  931      0.809     -0.122      2.500 4
 935  934      0.813     -0.021      2.500 4
 940  930      0.815      0.827      2.500 4
 942  932      0.816      0.772      2.500 4
  -1   -2      0.817      0.501      2.500 4
 937  941      0.818     -0.078      2.500 4
 939  940      0.819      0.166      2.500 4
 938  943      0.819     -0.219      2.500 4
 947  935      0.820      0.650      2.500 4
 944  938      0.819      0.283      2.500 4
 945  937      0.819     -0.422      2.500 4
 946  936      0.820      0.490      2.500 4
 943  945      0.821      0.003      2.500 4
 948  942      0.822      0.416      2.500 4
 949  939      0.821     -0.674      2.500 4
 950  944      0.824      0.706      2.500 4
 952  946      0.828     -0.589      2.500 4
 951  947      0.829      0.386      2.500 4
 953  948      0.832     -0.573      2.500 4
 954  949      0.833      0.468      2.500 4
 955  950      0.835     -0.329      2.500 4
 956  952      0.836      0.168      2.500 4
 957  951      0.836     -0.413      2.500 4
 958  953      0.838     -0.517      2.500 4
 959  954      0.840     -0.577      2.500 4
 961  955      0.845      0.676      2.500 4
 960  956      0.845     -0.179      2.500 4
 962  957      0.851     -0.149      2.500 4
 963  958      0.852     -0.273      2.500 4
 964  959      0.853     -0.303      2.500 4
 965  960      0.855      0.333      2.500 4
 966  961      0.855     -0.595      2.500 4
 967  963      0.863     -0.476      2.500 4
 968  962      0.863     -0.836      2.500 4
 969  964      0.864     -0.853      2.500 4
 970  965      0.864     -0.794      2.500 4
 972  966      0.869     -0.881      2.500 4
 971  967      0.869      0.130      2.500 4
 973  968      0.873      0.321      2.500 4
 974  969      0.874     -0.898      2.500 4
 975  972      0.883     -0.452      2.500 4
 976  970      0.884      0.686      2.500 4
 977  971      0.885      0.746      2.500 4
 978  973      0.885      0.818      2.500 4
 980  974      0.886      0.564      2.500 4
 979  975      0.886     -0.184      2.500 4
 981  976      0.888     -0.737      2.500 4
 982  977      0.893      0.295      2.500 4
 983  978      0.894     -0.590      2.500 4
 984  980      0.896     -0.028      2.500 4
 985  979      0.897     -0.530      2.500 4
 987  981      0.899      0.642      2.500 4
 986  982      0.899     -0.272      2.500 4
 988  983      0.900      0.266      2.500 4
 989  984      0.900     -0.385      2.500 4
 990  985      0.905      0.064      2.500 4
  -1   -2      0.906      0.223      2.500 4
 992  987      0.907      0.215      2.500 4
 993  988      0.910      0.508      2.500 4
 994  989      0.912      0.427      2.500 4
 995  990      0.912     -0.759      2.500 4
 996  991      0.914      0.542      2.500 4
  -1  993      0.913     -0.675      2.500 4
  -1  992      0.914      0.792      2.500 4
