999
   0    0     -0.822     -0.517      2.500 4
   1    1     -0.822      0.411      2.500 4
  -1   -2     -0.821      0.561      2.500 4
   4    2     -0.820     -0.129      2.500 4
   3    4     -0.821      0.552      2.500 4
   5    5     -0.820     -0.634      2.500 4
   6    6     -0.816     -0.194      2.500 4
   7    7     -0.815      0.356      2.500 4
   8    9     -0.816      0.793      2.500 4
   9    8     -0.815     -0.080      2.500 4
  10   10     -0.815      0.138      2.500 4
  11   11     -0.814     -0.734      2.500 4
  12   12     -0.814     -0.298      2.500 4
  13   13     -0.814     -0.516      2.500 4
  14   14     -0.814      0.574      2.500 4
  16   15     -0.811     -0.234      2.500 4
  15   16     -0.811      0.785      2.500 4
  17   17     -0.809     -0.887      2.500 4
  18   18     -0.807      0.130      2.500 4
  19   20     -0.803      0.487      2.500 4
  20   19     -0.802     -0.168      2.500 4
  21   21     -0.800      0.381      2.500 4
  22   24     -0.797      0.637      2.500 4
  23   22     -0.795      0.212      2.500 4
  26   23     -0.794     -0.056      2.500 4
  25   25     -0.794     -0.172      2.500 4
  27   26     -0.794      0.192      2.500 4
  24   28     -0.792     -0.832      2.500 4
  28   27     -0.790     -0.358      2.500 4
  29   29     -0.789      0.395      2.500 4
  30   33     -0.785     -0.833      2.500 4
  31   32     -0.786      0.517      2.500 4
  32   30     -0.784     -0.186      2.500 4
  34   31     -0.783     -0.116      2.500 4
  33   35     -0.783     -0.526      2.500 4
  35   34     -0.782     -0.332      2.500 4
  36   36     -0.780     -0.571      2.500 4
  37   38     -0.780      0.763      2.500 4
  38   39     -0.777     -0.604      2.500 4
  40   37     -0.776      0.076      2.500 4
  39   40     -0.776      0.566      2.500 4
  41   41     -0.775      0.375      2.500 4
  43   43     -0.764      0.244      2.500 4
  44   42     -0.764      0.018      2.500 4
  45   45     -0.763      0.293      2.500 4
  42   47     -0.762     -0.817      2.500 4
  46   44     -0.762      0.073      2.500 4
  48   46     -0.761     -0.227      2.500 4
  47   48     -0.761      0.461      2.500 4
  50   49     -0.755      0.165      2.500 4
  49   52     -0.754      0.741      2.500 4
  51   50     -0.753      0.086      2.500 4
  52   51     -0.753      0.209      2.500 4
  53   53     -0.743     -0.559      2.500 4
  54   54     -0.742      0.449      2.500 4
  56   56     -0.739      0.434      2.500 4
  59   55     -0.737     -0.156      2.500 4
  55   59     -0.737     -0.764      2.500 4
  58   57     -0.737     -0.409      2.500 4
  57   60     -0.736      0.619      2.500 4
  60   58     -0.734     -0.525      2.500 4
  61   61     -0.731     -0.722      2.500 4
  62   64     -0.729     -0.822      2.500 4
  63   66     -0.727     -0.898      2.500 4
  64   65     -0.727     -0.603      2.500 4
  66   63     -0.727      0.259      2.500 4
  68   62     -0.726     -0.184      2.500 4
  65   68     -0.725      0.664      2.500 4
  70   67     -0.723      0.309      2.500 4
  71   71     -0.721      0.409      2.500 4
  67   73     -0.719     -0.762      2.500 4
  73   69     -0.720     -0.383      2.500 4
  72   72     -0.720      0.372      2.500 4
  69   74     -0.719      0.703      2.500 4
  75   70     -0.718     -0.203      2.500 4
  74   80     -0.710     -0.839      2.500 4
  76   79     -0.708     -0.602      2.500 4
  78   75     -0.708      0.071      2.500 4
  79   76     -0.707     -0.266      2.500 4
  81   77     -0.706      0.008      2.500 4
  77   83     -0.706      0.506      2.500 4
  82   78     -0.705     -0.066      2.500 4
  80   84     -0.703      0.501      2.500 4
  84   81     -0.701     -0.221      2.500 4
  85   82     -0.700     -0.161      2.500 4
  83   85     -0.700      0.441      2.500 4
  90   86     -0.688     -0.019      2.500 4
  91   87     -0.686      0.093      2.500 4
  87   90     -0.686     -0.445      2.500 4
  86   94     -0.685     -0.871      2.500 4
  92   88     -0.685     -0.133      2.500 4
  88   93     -0.683      0.473      2.500 4
  93   89     -0.683     -0.047      2.500 4
  89   96     -0.679     -0.735      2.500 4
  94   91     -0.678      0.045      2.500 4
  97   92     -0.678     -0.106      2.500 4
  95   95     -0.677      0.150      2.500 4
  98   97     -0.672     -0.273      2.500 4
  99   98     -0.670     -0.163      2.500 4
  96  103     -0.669     -0.773      2.500 4
 101   99     -0.669     -0.088      2.500 4
 100  102     -0.665      0.358      2.500 4
 102  100     -0.664      0.121      2.500 4
 103  101     -0.663      0.056      2.500 4
 107  104     -0.655      0.141      2.500 4
 105  108     -0.653      0.535      2.500 4
 104  112     -0.652      0.617      2.500 4
 109  107     -0.651      0.329      2.500 4
 108  109     -0.649     -0.899      2.500 4
 110  110     -0.649      0.387      2.500 4
 111  106     -0.649      0.226      2.500 4
 113  105     -0.648     -0.170      2.500 4
 106  113     -0.647     -0.716      2.500 4
 114  111     -0.645     -0.284      2.500 4
 112  116     -0.639     -0.798      2.500 4
 115  120     -0.636      0.755      2.500 4
 116  121     -0.633     -0.747      2.500 4
 117  117     -0.633     -0.506      2.500 4
 119  114     -0.633     -0.339      2.500 4
 118  119     -0.632      0.377      2.500 4
 122  115     -0.629      0.037      2.500 4
 121  123     -0.627      0.400      2.500 4
 124  118     -0.627     -0.045      2.500 4
 123  122     -0.624     -0.348      2.500 4
 120  125     -0.623      0.798      2.500 4
 125  124     -0.618     -0.217      2.500 4
 126  126     -0.612      0.398      2.500 4
 128  127     -0.611      0.366      2.500 4
 127  128     -0.607     -0.649      2.500 4
 130  132     -0.604      0.513      2.500 4
 129  137     -0.601     -0.891      2.500 4
 131  140     -0.600      0.708      2.500 4
 133  133     -0.598      0.305      2.500 4
 138  129     -0.597     -0.171      2.500 4
 132  134     -0.597      0.344      2.500 4
 137  131     -0.596     -0.254      2.500 4
 140  130     -0.596     -0.078      2.500 4
 136  135     -0.594     -0.403      2.500 4
 134  136     -0.594     -0.450      2.500 4
 139  138     -0.593     -0.422      2.500 4
 141  141     -0.591     -0.376      2.500 4
 135  142     -0.590     -0.610      2.500 4
 143  139     -0.589     -0.230      2.500 4
 144  143     -0.583      0.303      2.500 4
 142  150     -0.579      0.726      2.500 4
 147  144     -0.577      0.046      2.500 4
 146  147     -0.575     -0.469      2.500 4
 145  151     -0.573      0.655      2.500 4
 149  146     -0.573      0.216      2.500 4
 148  149     -0.572      0.354      2.500 4
 154  145     -0.571      0.021      2.500 4
 155  148     -0.567     -0.170      2.500 4
 150  158     -0.563      0.689      2.500 4
 153  154     -0.562      0.515      2.500 4
 151  159     -0.562      0.628      2.500 4
 152  162     -0.559     -0.724      2.500 4
 161  152     -0.558      0.110      2.500 4
 157  160     -0.557      0.454      2.500 4
 156  161     -0.557      0.472      2.500 4
 158  157     -0.556      0.380      2.500 4
 160  155     -0.555     -0.372      2.500 4
 165  153     -0.554     -0.219      2.500 4
 166  156     -0.552     -0.265      2.500 4
 159  163     -0.551      0.554      2.500 4
 164  164     -0.547      0.427      2.500 4
 163  167     -0.545     -0.655      2.500 4
 167  166     -0.545      0.457      2.500 4
 162  170     -0.545      0.770      2.500 4
 170  165     -0.540      0.187      2.500 4
  -1   -2     -0.538     -0.656      2.500 4
 169  169     -0.537     -0.439      2.500 4
 173  168     -0.534     -0.206      2.500 4
 171  175     -0.525      0.667      2.500 4
 176  172     -0.524     -0.305      2.500 4
 175  173     -0.523     -0.364      2.500 4
 172  176     -0.523      0.583      2.500 4
 174  179     -0.515     -0.687      2.500 4
 177  177     -0.516      0.439      2.500 4
 183  174     -0.515     -0.180      2.500 4
 181  183     -0.508     -0.519      2.500 4
 178  186     -0.508      0.715      2.500 4
 184  182     -0.508      0.367      2.500 4
 187  178     -0.507      0.099      2.500 4
 179  189     -0.506      0.677      2.500 4
 180  185     -0.505     -0.652      2.500 4
 190  180     -0.503     -0.219      2.500 4
 188  181     -0.503      0.150      2.500 4
 182  192     -0.503      0.644      2.500 4
 186  188     -0.502      0.435      2.500 4
 194  184     -0.499     -0.015      2.500 4
 185  193     -0.497     -0.717      2.500 4
 197  187     -0.493      0.077      2.500 4
 189  197     -0.491     -0.679      2.500 4
 191  195     -0.492      0.559      2.500 4
 201  190     -0.490      0.004      2.500 4
 200  191     -0.489     -0.201      2.500 4
 192  199     -0.489      0.691      2.500 4
 193  201     -0.487      0.760      2.500 4
 202  194     -0.484     -0.398      2.500 4
 195  202     -0.484      0.659      2.500 4
 203  200     -0.481      0.410      2.500 4
 196  204     -0.480      0.751      2.500 4
 209  196     -0.479     -0.013      2.500 4
 198  207     -0.478     -0.829      2.500 4
 199  206     -0.477      0.639      2.500 4
 213  198     -0.475      0.130      2.500 4
 206  203     -0.475      0.406      2.500 4
 204  208     -0.474      0.526      2.500 4
 207  205     -0.472     -0.568      2.500 4
 205  213     -0.468     -0.891      2.500 4
 211  212     -0.467      0.513      2.500 4
 208  216     -0.467      0.828      2.500 4
 212  211     -0.466     -0.606      2.500 4
 215  209     -0.465      0.222      2.500 4
 210  218     -0.463     -0.771      2.500 4
 218  210     -0.462      0.171      2.500 4
 214  214     -0.461      0.402      2.500 4
 217  217     -0.458      0.374      2.500 4
 216  221     -0.455     -0.570      2.500 4
 225  215     -0.451     -0.109      2.500 4
 223  222     -0.451      0.370      2.500 4
 219  224     -0.451      0.590      2.500 4
 220  228     -0.448      0.827      2.500 4
 222  225     -0.447     -0.663      2.500 4
 221  229     -0.447     -0.817      2.500 4
 231  220     -0.448      0.011      2.500 4
 230  219     -0.448     -0.019      2.500 4
 234  223     -0.442     -0.086      2.500 4
 224  230     -0.442      0.473      2.500 4
 228  226     -0.441      0.351      2.500 4
 226  236     -0.438      0.587      2.500 4
 232  231     -0.437     -0.492      2.500 4
 229  233     -0.437      0.483      2.500 4
 241  227     -0.433     -0.158      2.500 4
 227  234     -0.432     -0.899      2.500 4
 238  235     -0.430     -0.454      2.500 4
 233  237     -0.430      0.582      2.500 4
 243  232     -0.429     -0.202      2.500 4
 236  238     -0.428      0.533      2.500 4
 235  239     -0.426      0.789      2.500 4
  -1   -2     -0.421      0.584      2.500 4
 239  243     -0.418      0.773      2.500 4
 242  242     -0.418      0.594      2.500 4
 244  240     -0.416     -0.468      2.500 4
 246  245     -0.409      0.504      2.500 4
 247  251     -0.405     -0.777      2.500 4
 245  252     -0.405      0.798      2.500 4
 250  248     -0.401     -0.564      2.500 4
 254  244     -0.401     -0.187      2.500 4
 253  246     -0.401      0.202      2.500 4
 249  254     -0.398     -0.679      2.500 4
 248  255     -0.399      0.667      2.500 4
 252  250     -0.397      0.328      2.500 4
 258  247     -0.397     -0.063      2.500 4
 255  253     -0.395     -0.450      2.500 4
 261  249     -0.391     -0.027      2.500 4
 256  257     -0.391      0.474      2.500 4
 251  258     -0.389      0.795      2.500 4
 257  260     -0.383      0.614      2.500 4
 266  256     -0.382     -0.107      2.500 4
 259  262     -0.382      0.632      2.500 4
 260  265     -0.379     -0.902      2.500 4
 264  263     -0.376      0.472      2.500 4
 262  268     -0.374      0.682      2.500 4
 265  266     -0.372     -0.682      2.500 4
 263  270     -0.373      0.638      2.500 4
 269  261     -0.372      0.233      2.500 4
  -1  269     -0.372     -0.075      2.500 4
 268  264     -0.370      0.342      2.500 4
 272  267     -0.364     -0.379      2.500 4
 271  272     -0.364      0.361      2.500 4
 267  277     -0.361      0.775      2.500 4
 270  279     -0.359     -0.075      2.500 4
 274  274     -0.359      0.272      2.500 4
 275  271     -0.358     -0.190      2.500 4
 278  273     -0.355     -0.200      2.500 4
 281   -2     -0.354     -0.233      2.500 4
 273  280     -0.350     -0.723      2.500 4
  -1  275     -0.350     -0.230      2.500 4
 284  276     -0.348      0.121      2.500 4
 277  281     -0.347     -0.607      2.500 4
 288  278     -0.342     -0.190      2.500 4
 279  284     -0.339      0.822      2.500 4
 276   -2     -0.339     -0.072      2.500 4
 280  285     -0.338      0.728      2.500 4
 283  287     -0.336      0.669      2.500 4
 282  289     -0.334     -0.830      2.500 4
 287  283     -0.334      0.480      2.500 4
 285  291     -0.331     -0.748      2.500 4
 286  292     -0.331      0.641      2.500 4
 293  286     -0.328      0.310      2.500 4
 296  282     -0.327     -0.068      2.500 4
 291  293     -0.325      0.592      2.500 4
 290  300     -0.323     -0.767      2.500 4
 292  295     -0.322     -0.659      2.500 4
 294  296     -0.321      0.519      2.500 4
 299  288     -0.321      0.109      2.500 4
 303  290     -0.318      0.040      2.500 4
 297  297     -0.318      0.402      2.500 4
 295  307     -0.315     -0.791      2.500 4
 298  306     -0.314      0.509      2.500 4
 300  304     -0.313     -0.508      2.500 4
 301  305     -0.312      0.408      2.500 4
 307  294     -0.312      0.094      2.500 4
 304  302     -0.311     -0.321      2.500 4
 306  299     -0.311     -0.265      2.500 4
 302  309     -0.310     -0.579      2.500 4
 309  298     -0.309     -0.090      2.500 4
 308  301     -0.309     -0.173      2.500 4
  -1   -2     -0.306     -0.025      2.500 4
 310  310     -0.302     -0.463      2.500 4
 313  308     -0.300     -0.020      2.500 4
 311  311     -0.300     -0.428      2.500 4
 305  316     -0.299      0.741      2.500 4
 314  312     -0.295     -0.392      2.500 4
 315  314     -0.292     -0.331      2.500 4
 316  313     -0.291     -0.256      2.500 4
 319  315     -0.285     -0.136      2.500 4
 320  317     -0.284     -0.129      2.500 4
 317  320     -0.279      0.613      2.500 4
 318  321     -0.277      0.708      2.500 4
 322  319     -0.276      0.261      2.500 4
 323  318     -0.275      0.214      2.500 4
 326  323     -0.266     -0.569      2.500 4
 321  325     -0.265      0.787      2.500 4
 324  327     -0.261     -0.845      2.500 4
 325  328     -0.261     -0.826      2.500 4
 330  322     -0.260     -0.274      2.500 4
 329  324     -0.258      0.307      2.500 4
 327  332     -0.254      0.830      2.500 4
 328  331     -0.254      0.571      2.500 4
  -1   -2     -0.250      0.090      2.500 4
 334  329     -0.247     -0.133      2.500 4
 335  330     -0.246     -0.096      2.500 4
 332  335     -0.239      0.442      2.500 4
 338  333     -0.239      0.090      2.500 4
 333  337     -0.237     -0.631      2.500 4
 339  334     -0.236      0.228      2.500 4
 337  338     -0.234     -0.595      2.500 4
 342  336     -0.231      0.142      2.500 4
 336  345     -0.231     -0.808      2.500 4
 340  347     -0.227      0.581      2.500 4
 348  340     -0.226     -0.284      2.500 4
 341  344     -0.226      0.431      2.500 4
 351  339     -0.226      0.099      2.500 4
 343  343     -0.226      0.384      2.500 4
 347  341     -0.225      0.271      2.500 4
 352  342     -0.223      0.115      2.500 4
 344  349     -0.223      0.464      2.500 4
 346  350     -0.220     -0.623      2.500 4
 345  351     -0.220     -0.646      2.500 4
 350  352     -0.218     -0.589      2.500 4
 355  346     -0.218      0.052      2.500 4
 357  348     -0.216     -0.050      2.500 4
 349  358     -0.215      0.813      2.500 4
 353  356     -0.215      0.468      2.500 4
 354  354     -0.213     -0.899      2.500 4
 359  353     -0.211      0.104      2.500 4
 356  359     -0.208      0.517      2.500 4
 362  355     -0.207     -0.084      2.500 4
 361  357     -0.207     -0.160      2.500 4
 360  360     -0.204     -0.479      2.500 4
 358  362     -0.202      0.623      2.500 4
 364  361     -0.194     -0.251      2.500 4
 366  363     -0.188      0.357      2.500 4
 363  364     -0.188      0.573      2.500 4
 367  365     -0.184     -0.589      2.500 4
 365  367     -0.182      0.812      2.500 4
 369  366     -0.177      0.294      2.500 4
 371  368     -0.174     -0.444      2.500 4
 368  372     -0.173      0.616      2.500 4
 370  370     -0.172      0.525      2.500 4
 377  369     -0.166      0.017      2.500 4
 376  371     -0.165     -0.270      2.500 4
 372  379     -0.165      0.767      2.500 4
 375  377     -0.163     -0.566      2.500 4
 380  373     -0.162     -0.356      2.500 4
 373  380     -0.161      0.725      2.500 4
 379  376     -0.160     -0.416      2.500 4
 381  375     -0.160     -0.338      2.500 4
 374  381     -0.160      0.667      2.500 4
 386  374     -0.159     -0.087      2.500 4
 387  378     -0.157      0.127      2.500 4
 382  382     -0.156      0.447      2.500 4
 378  385     -0.155     -0.902      2.500 4
 384  384     -0.154     -0.568      2.500 4
 385  386     -0.153      0.513      2.500 4
 388  383     -0.152     -0.434      2.500 4
 383  387     -0.152      0.688      2.500 4
 389  391     -0.146     -0.718      2.500 4
 392  388     -0.143     -0.287      2.500 4
 390  395     -0.143      0.566      2.500 4
 393  392     -0.140      0.334      2.500 4
 396  389     -0.139     -0.173      2.500 4
 394  396     -0.139      0.313      2.500 4
 397  390     -0.138     -0.093      2.500 4
 391  397     -0.138     -0.653      2.500 4
 398  393     -0.136     -0.144      2.500 4
 395  398     -0.136     -0.542      2.500 4
 399  394     -0.135     -0.073      2.500 4
 401  399     -0.132     -0.288      2.500 4
 407  400     -0.129     -0.164      2.500 4
 403  401     -0.129     -0.398      2.500 4
 402  402     -0.128     -0.492      2.500 4
 400  404     -0.127     -0.682      2.500 4
  -1   -2     -0.127     -0.484      2.500 4
 406  405     -0.123      0.546      2.500 4
 405  406     -0.123      0.587      2.500 4
 408  409     -0.116     -0.643      2.500 4
 414  407     -0.112      0.096      2.500 4
 416  408     -0.111     -0.069      2.500 4
 412  410     -0.110      0.416      2.500 4
 409  411     -0.109      0.693      2.500 4
 410  412     -0.108     -0.775      2.500 4
 411  413     -0.108      0.708      2.500 4
 413  415     -0.106      0.807      2.500 4
 417  414     -0.105     -0.585      2.500 4
 415  416     -0.104     -0.833      2.500 4
 418  419     -0.102      0.640      2.500 4
 419  417     -0.100     -0.484      2.500 4
  -1  420     -0.098      0.345      2.500 4
 420   -2     -0.098      0.353      2.500 4
 422  422     -0.092     -0.781      2.500 4
 423  421     -0.088      0.105      2.500 4
 424  423     -0.085     -0.466      2.500 4
 425  425     -0.079      0.656      2.500 4
 427  424     -0.076      0.166      2.500 4
 428  428     -0.074      0.361      2.500 4
 429  426     -0.074      0.146      2.500 4
 426  429     -0.073      0.514      2.500 4
 430  427     -0.072     -0.081      2.500 4
 431  430     -0.070     -0.262      2.500 4
 433  431     -0.066     -0.318      2.500 4
 432  435     -0.066      0.627      2.500 4
 434  432     -0.065     -0.232      2.500 4
 435  433     -0.064      0.128      2.500 4
 436  434     -0.063     -0.298      2.500 4
 437  437     -0.057     -0.605      2.500 4
 438  436     -0.057     -0.365      2.500 4
 440  438     -0.051      0.233      2.500 4
 439  439     -0.050      0.467      2.500 4
 441  440     -0.049     -0.547      2.500 4
  -1   -2     -0.049      0.458      2.500 4
 443  442     -0.042     -0.293      2.500 4
 445  443     -0.040      0.364      2.500 4
 444  444     -0.039     -0.495      2.500 4
 447  445     -0.037     -0.207      2.500 4
 446  447     -0.037      0.776      2.500 4
 448  446     -0.037      0.167      2.500 4
 449  448     -0.032      0.708      2.500 4
 452  449     -0.029     -0.027      2.500 4
 451  450     -0.029     -0.088      2.500 4
 450  451     -0.028     -0.595      2.500 4
 454  452     -0.024     -0.348      2.500 4
 453  453     -0.023      0.818      2.500 4
 455  454     -0.022      0.537      2.500 4
 457  455     -0.020     -0.533      2.500 4
 456  456     -0.020     -0.632      2.500 4
 458  457     -0.016     -0.845      2.500 4
 459  459     -0.012     -0.857      2.500 4
 461  460     -0.011     -0.444      2.500 4
 462  458     -0.011     -0.050      2.500 4
 460  462     -0.010     -0.899      2.500 4
 463  461     -0.010      0.440      2.500 4
 464  463     -0.008      0.366      2.500 4
 466  464     -0.007      0.214      2.500 4
 465  466     -0.006     -0.731      2.500 4
 467  465     -0.006     -0.260      2.500 4
 468  467     -0.004     -0.746      2.500 4
 469  468     -0.002      0.651      2.500 4
 470  469     -0.000     -0.470      2.500 4
 472  470      0.002      0.425      2.500 4
 471  471      0.003     -0.589      2.500 4
 473  472      0.004     -0.898      2.500 4
 474  474      0.004     -0.501      2.500 4
 475  473      0.005     -0.090      2.500 4
 476  475      0.006     -0.655      2.500 4
 477  478      0.007      0.302      2.500 4
 478  476      0.007      0.033      2.500 4
 479  477      0.007      0.015      2.500 4
 481  479      0.008     -0.125      2.500 4
 480  480      0.009     -0.837      2.500 4
 482  481      0.010      0.768      2.500 4
 483  482      0.013      0.490      2.500 4
 484  483      0.013      0.191      2.500 4
 485  484      0.014      0.651      2.500 4
 486  485      0.015      0.341      2.500 4
 487  486      0.016     -0.787      2.500 4
 488  487      0.016     -0.499      2.500 4
 489  488      0.017      0.056      2.500 4
 490  489      0.018      0.708      2.500 4
 491  490      0.018      0.220      2.500 4
 492  491      0.019     -0.570      2.500 4
 494  492      0.019     -0.314      2.500 4
 493  493      0.020      0.790      2.500 4
 495  494      0.021      0.094      2.500 4
 496  495      0.023      0.128      2.500 4
 497  496      0.024     -0.013      2.500 4
 498  497      0.026     -0.660      2.500 4
 499  498      0.026     -0.470      2.500 4
 500  499      0.027     -0.548      2.500 4
 501  500      0.029      0.572      2.500 4
 502  501      0.029     -0.501      2.500 4
 503  502      0.032      0.235      2.500 4
  -1   -2      0.033     -0.544      2.500 4
 505  504      0.033     -0.701      2.500 4
 506  505      0.035     -0.629      2.500 4
 507  506      0.036     -0.651      2.500 4
 508  507      0.037      0.819      2.500 4
 509  508      0.041      0.020      2.500 4
 510  509      0.046     -0.280      2.500 4
 511  510      0.047     -0.438      2.500 4
 512  511      0.049      0.218      2.500 4
 513  512      0.055      0.033      2.500 4
 514  514      0.057     -0.154      2.500 4
 517  513      0.057      0.481      2.500 4
 515  516      0.057     -0.131      2.500 4
 516  515      0.057     -0.388      2.500 4
 518  517      0.059     -0.243      2.500 4
 520  518      0.063     -0.704      2.500 4
 519  520      0.063      0.107      2.500 4
 521  519      0.064      0.679      2.500 4
 522  521      0.066      0.634      2.500 4
 523  523      0.068      0.067      2.500 4
 524  524      0.069     -0.245      2.500 4
 525  522      0.069     -0.690      2.500 4
 526  525      0.071      0.626      2.500 4
 528  526      0.074      0.496      2.500 4
 527  527      0.076      0.147      2.500 4
 529  528      0.078      0.322      2.500 4
 530  530      0.082     -0.029      2.500 4
 531  529      0.083     -0.528      2.500 4
 532  531      0.086      0.285      2.500 4
 533  532      0.087     -0.448      2.500 4
 534  536      0.099      0.024      2.500 4
 537  533      0.101     -0.762      2.500 4
 536  535      0.101     -0.684      2.500 4
 538  534      0.101     -0.888      2.500 4
 535  537      0.101      0.346      2.500 4
 539  538      0.107     -0.336      2.500 4
 540  540      0.112      0.189      2.500 4
 542  539      0.114     -0.433      2.500 4
 541  541      0.115      0.161      2.500 4
 546  542      0.119     -0.619      2.500 4
  -1   -2      0.119      0.184      2.500 4
 548  543      0.121      0.740      2.500 4
 549  544      0.123      0.649      2.500 4
 544  550      0.123      0.022      2.500 4
 545  551      0.123     -0.088      2.500 4
 547  548      0.123     -0.452      2.500 4
 552  545      0.124     -0.857      2.500 4
 551  547      0.124      0.603      2.500 4
 555  549      0.127     -0.809      2.500 4
 550  553      0.128     -0.215      2.500 4
 557  552      0.130      0.590      2.500 4
 553  556      0.131      0.052      2.500 4
 554  557      0.132     -0.086      2.500 4
 556  558      0.133     -0.241      2.500 4
 561  554      0.135     -0.891      2.500 4
 558  560      0.136     -0.015      2.500 4
 562  555      0.137      0.788      2.500 4
 559  559      0.137      0.259      2.500 4
 560  562      0.141     -0.226      2.500 4
 564  561      0.142     -0.545      2.500 4
 563  564      0.145      0.031      2.500 4
 566  563      0.148     -0.841      2.500 4
 569   -2      0.151     -0.521      2.500 4
 567  565      0.152      0.470      2.500 4
  -1  566      0.154     -0.507      2.500 4
 568  569      0.155      0.240      2.500 4
 570  568      0.157     -0.578      2.500 4
 571  574      0.163      0.087      2.500 4
 573  575      0.164     -0.247      2.500 4
 572  576      0.164      0.024      2.500 4
 574  577      0.165     -0.067      2.500 4
 577  570      0.165     -0.887      2.500 4
 579  571      0.167      0.717      2.500 4
 580  572      0.168     -0.823      2.500 4
 578  573      0.168     -0.651      2.500 4
 576  578      0.169      0.307      2.500 4
 575  579      0.170     -0.048      2.500 4
 583  584      0.178      0.340      2.500 4
 584  580      0.178      0.649      2.500 4
 581  587      0.179     -0.196      2.500 4
 585  581      0.179     -0.818      2.500 4
  -1   -2      0.181     -0.891      2.500 4
 582  589      0.181      0.047      2.500 4
 589  583      0.182      0.793      2.500 4
  -1   -2      0.183     -0.517      2.500 4
 588  590      0.186     -0.477      2.500 4
 593  585      0.187     -0.896      2.500 4
 590  592      0.187     -0.525      2.500 4
 597  588      0.189     -0.857      2.500 4
 598  591      0.190      0.675      2.500 4
 591  594      0.190      0.246      2.500 4
 595  593      0.191      0.471      2.500 4
 596  595      0.192      0.407      2.500 4
 592  596      0.194     -0.338      2.500 4
 594  598      0.195      0.119      2.500 4
 599  597      0.197     -0.478      2.500 4
 601  600      0.200     -0.495      2.500 4
 600  602      0.202     -0.254      2.500 4
 602  601      0.202     -0.385      2.500 4
 608  599      0.205      0.744      2.500 4
 604  606      0.208     -0.184      2.500 4
 603  609      0.208      0.048      2.500 4
 605  607      0.209      0.147      2.500 4
 610  603      0.209     -0.656      2.500 4
 606  611      0.210      0.130      2.500 4
 609  605      0.211      0.334      2.500 4
 614  604      0.212      0.736      2.500 4
 607  612      0.212      0.039      2.500 4
 613  610      0.214     -0.529      2.500 4
 611  614      0.217     -0.124      2.500 4
 617  608      0.218     -0.865      2.500 4
 612  615      0.220      0.008      2.500 4
 616  613      0.222     -0.899      2.500 4
 615  618      0.226     -0.144      2.500 4
 618  620      0.228      0.090      2.500 4
 619  622      0.231     -0.240      2.500 4
 624  616      0.233     -0.859      2.500 4
 626  617      0.234      0.713      2.500 4
 620  623      0.235      0.268      2.500 4
 623  621      0.235      0.487      2.500 4
 627  619      0.236      0.580      2.500 4
 621  627      0.240      0.151      2.500 4
 629  625      0.241     -0.593      2.500 4
 622  628      0.243     -0.137      2.500 4
 632  626      0.245     -0.619      2.500 4
 633  624      0.245      0.798      2.500 4
 625  630      0.246     -0.030      2.500 4
 630  629      0.248      0.336      2.500 4
 628  633      0.248     -0.054      2.500 4
 631  631      0.249     -0.381      2.500 4
 635  634      0.256      0.477      2.500 4
 634  635      0.256     -0.545      2.500 4
 637  632      0.258      0.602      2.500 4
 638  636      0.259      0.553      2.500 4
 636  639      0.265     -0.270      2.500 4
 639  638      0.267     -0.426      2.500 4
 640  637      0.271     -0.599      2.500 4
 641  642      0.278     -0.296      2.500 4
 642  645      0.283     -0.115      2.500 4
 648  640      0.285      0.819      2.500 4
 646  641      0.286      0.579      2.500 4
 645  643      0.288     -0.544      2.500 4
 643  647      0.290      0.226      2.500 4
 649  648      0.294      0.318      2.500 4
 644  652      0.294      0.066      2.500 4
 653  644      0.294      0.631      2.500 4
 647  650      0.295     -0.337      2.500 4
 655  646      0.296     -0.777      2.500 4
 651  651      0.297     -0.426      2.500 4
 650  656      0.299      0.115      2.500 4
 654  653      0.301      0.387      2.500 4
 659  649      0.303      0.666      2.500 4
 658  654      0.303      0.440      2.500 4
 657  657      0.304     -0.463      2.500 4
 652  659      0.304      0.005      2.500 4
 666  655      0.309     -0.803      2.500 4
 656  663      0.309     -0.009      2.500 4
 661  660      0.311      0.397      2.500 4
 669  658      0.314     -0.767      2.500 4
 660  667      0.316     -0.200      2.500 4
 662  666      0.317      0.182      2.500 4
 663  668      0.318      0.113      2.500 4
 665  669      0.320      0.137      2.500 4
 664  671      0.321      0.062      2.500 4
 674  661      0.322      0.744      2.500 4
 673  665      0.323      0.490      2.500 4
 677  662      0.324     -0.886      2.500 4
 667  673      0.324     -0.308      2.500 4
 676  664      0.325     -0.758      2.500 4
 668  678      0.327     -0.031      2.500 4
 671  677      0.328      0.097      2.500 4
 670  679      0.328      0.036      2.500 4
 679  670      0.331     -0.696      2.500 4
  -1   -2      0.332     -0.801      2.500 4
 672  681      0.333      0.044      2.500 4
 675  680      0.333      0.290      2.500 4
 678  676      0.335      0.418      2.500 4
 680  674      0.335     -0.639      2.500 4
 682  675      0.337      0.536      2.500 4
 683  672      0.339     -0.802      2.500 4
 684  684      0.351     -0.455      2.500 4
 687  682      0.352     -0.601      2.500 4
 685  683      0.353      0.409      2.500 4
 686  685      0.354      0.396      2.500 4
 689  686      0.356     -0.560      2.500 4
 688  688      0.357      0.365      2.500 4
 693  689      0.361      0.494      2.500 4
 690  692      0.362     -0.403      2.500 4
 697  687      0.362      0.602      2.500 4
 694  690      0.363     -0.575      2.500 4
 691  696      0.366      0.090      2.500 4
 692  698      0.368      0.005      2.500 4
 700  691      0.368     -0.765      2.500 4
 698  695      0.371      0.320      2.500 4
 695  700      0.372     -0.217      2.500 4
 696  701      0.374     -0.144      2.500 4
 703  693      0.375      0.729      2.500 4
 702  694      0.375      0.677      2.500 4
 701  702      0.378      0.248      2.500 4
 704  697      0.379      0.533      2.500 4
 699  703      0.379     -0.193      2.500 4
 710  699      0.385     -0.757      2.500 4
 707  704      0.389      0.393      2.500 4
 708  707      0.391      0.347      2.500 4
 705  711      0.391     -0.186      2.500 4
 712  710      0.395     -0.454      2.500 4
 716  705      0.395     -0.710      2.500 4
 714  708      0.396      0.425      2.500 4
 706  715      0.397     -0.106      2.500 4
  -1  713      0.398      0.686      2.500 4
 709  717      0.400     -0.004      2.500 4
 711  718      0.400      0.006      2.500 4
 713  716      0.401      0.129      2.500 4
 723  709      0.403      0.730      2.500 4
 722  712      0.405     -0.645      2.500 4
 715  721      0.407      0.083      2.500 4
 720  719      0.408      0.361      2.500 4
 726   -2      0.410      0.686      2.500 4
 728  714      0.412     -0.874      2.500 4
 727  720      0.414     -0.670      2.500 4
 719  725      0.415     -0.110      2.500 4
 721  723      0.415     -0.280      2.500 4
 724  724      0.418      0.239      2.500 4
 725  731      0.425     -0.152      2.500 4
 732  722      0.425     -0.894      2.500 4
 735  727      0.430     -0.704      2.500 4
 736  726      0.431      0.711      2.500 4
 737  728      0.433     -0.717      2.500 4
 733  732      0.434     -0.521      2.500 4
 729  734      0.434     -0.016      2.500 4
 739  729      0.437      0.645      2.500 4
 738  730      0.437     -0.685      2.500 4
 731  735      0.439     -0.330      2.500 4
  -1  733      0.439     -0.898      2.500 4
 730  737      0.442     -0.160      2.500 4
 734  739      0.443      0.021      2.500 4
 740  738      0.448     -0.415      2.500 4
 743  741      0.450      0.319      2.500 4
 742  743      0.451      0.232      2.500 4
 741  749      0.455     -0.037      2.500 4
 748  736      0.457     -0.766      2.500 4
 749  740      0.458     -0.721      2.500 4
 753  742      0.460     -0.822      2.500 4
 744  747      0.461      0.337      2.500 4
 752  745      0.464      0.518      2.500 4
 750  748      0.465      0.426      2.500 4
 754  744      0.465      0.573      2.500 4
 756  746      0.468      0.692      2.500 4
 745  754      0.468     -0.024      2.500 4
 746  755      0.470     -0.159      2.500 4
 747  756      0.470     -0.148      2.500 4
 751  759      0.473     -0.205      2.500 4
 759  750      0.475      0.831      2.500 4
 755  757      0.476     -0.389      2.500 4
 762  751      0.476     -0.886      2.500 4
 761  752      0.477      0.792      2.500 4
 763  753      0.481      0.724      2.500 4
 760  758      0.482     -0.551      2.500 4
 757  762      0.484      0.178      2.500 4
 766  760      0.489     -0.654      2.500 4
 758  765      0.491      0.063      2.500 4
 769  761      0.491     -0.663      2.500 4
 767  764      0.494     -0.507      2.500 4
 765  767      0.496      0.149      2.500 4
 764  768      0.497     -0.127      2.500 4
 772  763      0.499      0.665      2.500 4
 768  770      0.501      0.156      2.500 4
 771  766      0.501      0.453      2.500 4
 770  772      0.506      0.036      2.500 4
 773  769      0.507     -0.542      2.500 4
 776  771      0.515      0.474      2.500 4
 774  775      0.516      0.221      2.500 4
 775  774      0.516     -0.463      2.500 4
 777  777      0.520      0.337      2.500 4
 779  773      0.521      0.612      2.500 4
 778  780      0.523      0.262      2.500 4
 781  776      0.526      0.534      2.500 4
 783  778      0.528     -0.632      2.500 4
 780  781      0.528     -0.521      2.500 4
 782  779      0.528     -0.600      2.500 4
 784  782      0.532      0.492      2.500 4
 786  783      0.538     -0.507      2.500 4
 787  784      0.539     -0.515      2.500 4
 785  788      0.546     -0.004      2.500 4
 794  785      0.549     -0.762      2.500 4
 789  792      0.549      0.124      2.500 4
 788  794      0.550     -0.129      2.500 4
 791  787      0.551      0.353      2.500 4
 790  790      0.551     -0.364      2.500 4
 797  786      0.554     -0.901      2.500 4
 795  795      0.559      0.361      2.500 4
 793  798      0.560     -0.219      2.500 4
 792  799      0.561      0.004      2.500 4
 798  796      0.561     -0.540      2.500 4
 801  789      0.562      0.775      2.500 4
 802  791      0.563      0.762      2.500 4
 800  793      0.562     -0.727      2.500 4
 796  801      0.567     -0.246      2.500 4
 799  805      0.570     -0.200      2.500 4
 804  797      0.570     -0.827      2.500 4
 807  800      0.576      0.716      2.500 4
 805  802      0.577     -0.560      2.500 4
 808  803      0.581     -0.713      2.500 4
 811  804      0.583      0.699      2.500 4
 803  811      0.585     -0.103      2.500 4
 809  807      0.586      0.508      2.500 4
 810  808      0.587     -0.579      2.500 4
 814  806      0.587     -0.902      2.500 4
 806  812      0.588     -0.301      2.500 4
 813  809      0.589     -0.538      2.500 4
 816  810      0.595      0.528      2.500 4
  -1   -2      0.595     -0.302      2.500 4
 815  814      0.600      0.328      2.500 4
 818  816      0.607      0.191      2.500 4
 817  818      0.608      0.003      2.500 4
 821  815      0.609      0.476      2.500 4
 819  819      0.611     -0.089      2.500 4
 820  820      0.616     -0.148      2.500 4
 825  817      0.619      0.589      2.500 4
 822  824      0.621     -0.187      2.500 4
 824  823      0.623     -0.424      2.500 4
 823  825      0.623     -0.328      2.500 4
 828  821      0.628      0.592      2.500 4
 830  822      0.631     -0.818      2.500 4
 829  827      0.633     -0.545      2.500 4
 826  833      0.634      0.007      2.500 4
 827  834      0.634     -0.005      2.500 4
 831  826      0.635      0.732      2.500 4
 832  829      0.637     -0.658      2.500 4
 836  828      0.640     -0.823      2.500 4
 835  830      0.641      0.653      2.500 4
 833  832      0.642      0.546      2.500 4
 838  831      0.644     -0.809      2.500 4
 841  835      0.650      0.781      2.500 4
 834  839      0.652      0.100      2.500 4
 837  837      0.653      0.242      2.500 4
 843  840      0.657      0.339      2.500 4
 844  836      0.657     -0.610      2.500 4
 842  841      0.657     -0.898      2.500 4
 839  845      0.660     -0.018      2.500 4
 845  843      0.660      0.373      2.500 4
 849  838      0.663      0.794      2.500 4
 847  842      0.663      0.522      2.500 4
 850  844      0.666      0.591      2.500 4
 848  846      0.667      0.368      2.500 4
 846  848      0.667      0.154      2.500 4
 853  847      0.672      0.490      2.500 4
 852  849      0.672      0.392      2.500 4
 851  853      0.675     -0.219      2.500 4
 856  850      0.676     -0.671      2.500 4
 857  851      0.678      0.628      2.500 4
 863  852      0.682     -0.822      2.500 4
 854  857      0.683      0.074      2.500 4
 855  859      0.685     -0.168      2.500 4
 860  856      0.685     -0.423      2.500 4
 865  854      0.688      0.679      2.500 4
 858  862      0.689      0.045      2.500 4
 859  861      0.689     -0.195      2.500 4
 864  855      0.689     -0.630      2.500 4
 861  865      0.690      0.064      2.500 4
 862  866      0.692     -0.241      2.500 4
 867  858      0.695      0.588      2.500 4
 868  860      0.696     -0.641      2.500 4
 871  863      0.699      0.627      2.500 4
 869  868      0.699     -0.482      2.500 4
 866  871      0.700      0.184      2.500 4
 872  864      0.700     -0.780      2.500 4
 874  867      0.703     -0.840      2.500 4
 875  869      0.705      0.706      2.500 4
 870  874      0.707      0.024      2.500 4
 877  870      0.707     -0.793      2.500 4
 878  872      0.709     -0.754      2.500 4
 873  876      0.714     -0.137      2.500 4
 876  877      0.717     -0.203      2.500 4
 879  875      0.717     -0.427      2.500 4
 882  873      0.718      0.730      2.500 4
 880  878      0.719     -0.344      2.500 4
 881  881      0.722      0.165      2.500 4
 885  880      0.727      0.580      2.500 4
 888  879      0.728     -0.788      2.500 4
 883  885      0.729      0.068      2.500 4
 889  882      0.731     -0.730      2.500 4
 886  886      0.732     -0.380      2.500 4
 884  889      0.734      0.033      2.500 4
 894  883      0.736     -0.790      2.500 4
 895  884      0.737     -0.853      2.500 4
 891  888      0.737     -0.591      2.500 4
  -1   -2      0.737     -0.602      2.500 4
 887  894      0.738     -0.107      2.500 4
 890  890      0.740      0.347      2.500 4
 898  892      0.743      0.546      2.500 4
 893  896      0.743      0.205      2.500 4
 900  891      0.743     -0.716      2.500 4
 901  893      0.745      0.667      2.500 4
 899  895      0.746      0.387      2.500 4
  -1   -2      0.747      0.215      2.500 4
 896  898      0.748     -0.003      2.500 4
 902  899      0.754      0.405      2.500 4
 904  901      0.755     -0.489      2.500 4
 905  902      0.756     -0.468      2.500 4
 908  900      0.758      0.801      2.500 4
 903  905      0.759     -0.221      2.500 4
 906  910      0.762     -0.097      2.500 4
 913  903      0.763      0.716      2.500 4
 909  907      0.764      0.316      2.500 4
 912  906      0.764      0.472      2.500 4
 907  913      0.764     -0.016      2.500 4
 914  904      0.765     -0.859      2.500 4
 911  912      0.767      0.287      2.500 4
 910  914      0.768     -0.275      2.500 4
 915  908      0.769      0.638      2.500 4
 916  909      0.769      0.749      2.500 4
 919  911      0.771     -0.712      2.500 4
 917  915      0.773      0.429      2.500 4
 921  916      0.775      0.493      2.500 4
 920  917      0.776     -0.412      2.500 4
 918  919      0.777      0.159      2.500 4
 924  918      0.782      0.731      2.500 4
 922  923      0.783     -0.062      2.500 4
 926  920      0.785      0.545      2.500 4
 923  925      0.785     -0.026      2.500 4
 925  922      0.787     -0.476      2.500 4
 931  921      0.790      0.785      2.500 4
 930  924      0.791      0.595      2.500 4
 927  926      0.791     -0.015      2.500 4
 928  927      0.793      0.204      2.500 4
 929  929      0.793     -0.285      2.500 4
 934  928      0.799      0.690      2.500 4
 932  931      0.799      0.294      2.500 4
 935  930      0.802      0.734      2.500 4
 933  934      0.802     -0.053      2.500 4
  -1   -2      0.804      0.565      2.500 4
 937  933      0.805     -0.727      2.500 4
 938  935      0.809      0.557      2.500 4
 939  937      0.815      0.237      2.500 4
 940  936      0.816      0.489      2.500 4
 942  938      0.818     -0.655      2.500 4
  -1   -2      0.819      0.246      2.500 4
 944  940      0.821     -0.494      2.500 4
 947  941      0.823     -0.641      2.500 4
 946  943      0.824      0.356      2.500 4
 943  945      0.824     -0.073      2.500 4
 948  942      0.824      0.538      2.500 4
 949  944      0.825      0.461      2.500 4
 945  947      0.826      0.114      2.500 4
 951  946      0.829      0.711      2.500 4
 950  951      0.832     -0.139      2.500 4
 952  950      0.833      0.225      2.500 4
 954  948      0.833     -0.645      2.500 4
 955  949      0.834     -0.589      2.500 4
 953  954      0.836     -0.008      2.500 4
 956  953      0.837     -0.263      2.500 4
 958  952      0.838     -0.485      2.500 4
 957  955      0.840     -0.082      2.500 4
 959  956      0.842      0.023      2.500 4
 960  957      0.843     -0.393      2.500 4
 961  958      0.847      0.227      2.500 4
 962  959      0.849     -0.662      2.500 4
 963  960      0.851     -0.855      2.500 4
 964  961      0.852     -0.868      2.500 4
 966  962      0.853     -0.824      2.500 4
 965  963      0.854      0.411      2.500 4
 970  964      0.859     -0.887      2.500 4
 967  966      0.859     -0.213      2.500 4
 968  967      0.860     -0.363      2.500 4
 971  965      0.860     -0.551      2.500 4
 969  968      0.861     -0.328      2.500 4
 972  969      0.865     -0.175      2.500 4
 973  970      0.872      0.399      2.500 4
 974  971      0.874     -0.898      2.500 4
 975  975      0.877      0.183      2.500 4
 976  972      0.878      0.767      2.500 4
 977  973      0.878      0.721      2.500 4
 978  974      0.879      0.829      2.500 4
 979  976      0.881      0.624      2.500 4
 981  977      0.881     -0.781      2.500 4
 980  978      0.882     -0.528      2.500 4
 982  979      0.890     -0.659      2.500 4
 984  980      0.893      0.687      2.500 4
 985  981      0.894      0.372      2.500 4
 986  982      0.894     -0.605      2.500 4
 983  983      0.895     -0.219      2.500 4
 987  984      0.901      0.341      2.500 4
 988  985      0.901     -0.457      2.500 4
 989  987      0.905     -0.328      2.500 4
 991  986      0.906      0.576      2.500 4
 990  990      0.906     -0.017      2.500 4
 992  988      0.906     -0.798      2.500 4
 993  989      0.909      0.802      2.500 4
 995  991      0.909      0.504      2.500 4
 996  992      0.910      0.605      2.500 4
  -1   -2      0.910      0.292      2.500 4
 998  993      0.909     -0.732      2.500 4
 997  995      0.910      0.283      2.500 4
 999  996      0.913      0.101      2.500 4
