1000
   0    0     -0.823      0.169      2.500 4
   1    1     -0.822      0.005      2.500 4
   2    2     -0.819     -0.158      2.500 4
   4    3     -0.815     -0.248      2.500 4
   5    4     -0.815     -0.080      2.500 4
   8    5     -0.815      0.356      2.500 4
   6    7     -0.816      0.793      2.500 4
   9    6     -0.815     -0.516      2.500 4
  12    8     -0.815      0.574      2.500 4
  -1   -2     -0.815      0.643      2.500 4
  13    9     -0.814     -0.734      2.500 4
   7   13     -0.814     -0.717      2.500 4
  10   12     -0.815      0.637      2.500 4
  14   11     -0.814      0.138      2.500 4
   3   15     -0.813     -0.303      2.500 4
  16   16     -0.809      0.212      2.500 4
  17   17     -0.806     -0.214      2.500 4
  19   18     -0.802     -0.052      2.500 4
  18   19     -0.802      0.492      2.500 4
  20   21     -0.801      0.317      2.500 4
  21   20     -0.800     -0.222      2.500 4
  22   22     -0.800      0.294      2.500 4
  25   23     -0.796     -0.462      2.500 4
  24   25     -0.796      0.584      2.500 4
  23   27     -0.796      0.804      2.500 4
  27   24     -0.794     -0.141      2.500 4
  28   26     -0.793     -0.244      2.500 4
  26   28     -0.792     -0.891      2.500 4
  29   29     -0.790     -0.436      2.500 4
  30   31     -0.789      0.505      2.500 4
  31   30     -0.788      0.146      2.500 4
  34   32     -0.780      0.061      2.500 4
  32   34     -0.779     -0.626      2.500 4
  33   36     -0.779      0.699      2.500 4
  35   33     -0.778      0.141      2.500 4
  36   35     -0.776     -0.302      2.500 4
  37   37     -0.775      0.486      2.500 4
  40   38     -0.773      0.358      2.500 4
  39   40     -0.771     -0.663      2.500 4
  38   42     -0.772      0.607      2.500 4
  41   39     -0.771      0.158      2.500 4
  42   41     -0.770      0.262      2.500 4
  43   43     -0.769      0.409      2.500 4
  44   46     -0.765     -0.855      2.500 4
  46   44     -0.765      0.315      2.500 4
  45   47     -0.763     -0.690      2.500 4
  47   45     -0.762     -0.200      2.500 4
  48   49     -0.756      0.644      2.500 4
  49   50     -0.754     -0.855      2.500 4
  51   48     -0.753     -0.239      2.500 4
  50   52     -0.751      0.787      2.500 4
  52   53     -0.747      0.558      2.500 4
  53   51     -0.746     -0.265      2.500 4
  54   56     -0.743     -0.512      2.500 4
  55   54     -0.743     -0.066      2.500 4
  56   55     -0.741      0.043      2.500 4
  57   57     -0.739      0.132      2.500 4
  58   59     -0.738      0.365      2.500 4
  59   58     -0.736     -0.205      2.500 4
  60   60     -0.733     -0.346      2.500 4
  61   61     -0.732     -0.287      2.500 4
  63   63     -0.730     -0.483      2.500 4
  66   62     -0.730      0.003      2.500 4
  62   67     -0.728     -0.650      2.500 4
  65   66     -0.728      0.416      2.500 4
  69   64     -0.727     -0.039      2.500 4
  70   65     -0.727     -0.163      2.500 4
  64   69     -0.727      0.546      2.500 4
  67   70     -0.726      0.533      2.500 4
  68   73     -0.723     -0.620      2.500 4
  72   68     -0.723     -0.124      2.500 4
  73   71     -0.722      0.160      2.500 4
  71   76     -0.720     -0.844      2.500 4
  74   72     -0.720      0.093      2.500 4
  77   74     -0.718     -0.098      2.500 4
  76   77     -0.715      0.474      2.500 4
  78   75     -0.714     -0.204      2.500 4
  75   80     -0.715      0.771      2.500 4
  79   81     -0.710      0.508      2.500 4
  80   79     -0.709      0.231      2.500 4
  81   78     -0.708      0.106      2.500 4
  83   82     -0.704     -0.348      2.500 4
  85   83     -0.703      0.191      2.500 4
  82   85     -0.701     -0.683      2.500 4
  86   84     -0.698     -0.210      2.500 4
  84   87     -0.698      0.680      2.500 4
  89   86     -0.692      0.216      2.500 4
  87   91     -0.688     -0.806      2.500 4
  91   88     -0.688     -0.036      2.500 4
  90   90     -0.687     -0.537      2.500 4
  88   93     -0.687     -0.775      2.500 4
  95   89     -0.685      0.076      2.500 4
  97   92     -0.681     -0.356      2.500 4
  94   94     -0.680      0.532      2.500 4
  93   95     -0.679     -0.680      2.500 4
  92   96     -0.680      0.712      2.500 4
  96  100     -0.675     -0.899      2.500 4
  99   -2     -0.676      0.587      2.500 4
  98  102     -0.673     -0.846      2.500 4
 102   97     -0.674      0.312      2.500 4
 100   99     -0.673      0.582      2.500 4
 104   98     -0.670     -0.267      2.500 4
 101  104     -0.669      0.740      2.500 4
 103  106     -0.665     -0.803      2.500 4
 106  101     -0.666     -0.081      2.500 4
 105  107     -0.661      0.450      2.500 4
 107  105     -0.660     -0.415      2.500 4
 109  103     -0.660     -0.205      2.500 4
 108  108     -0.656      0.555      2.500 4
 110  110     -0.653      0.418      2.500 4
 112  109     -0.651     -0.422      2.500 4
 113  112     -0.649     -0.899      2.500 4
 114  111     -0.647     -0.308      2.500 4
 115  114     -0.645     -0.277      2.500 4
 111  117     -0.644     -0.857      2.500 4
 116  113     -0.645      0.080      2.500 4
 118  115     -0.643      0.048      2.500 4
 117  118     -0.638      0.472      2.500 4
 119  116     -0.636     -0.199      2.500 4
 120  121     -0.623      0.458      2.500 4
 124  119     -0.621      0.155      2.500 4
 122  122     -0.619     -0.580      2.500 4
 125  120     -0.619     -0.257      2.500 4
 121  125     -0.617     -0.778      2.500 4
 127  123     -0.614     -0.443      2.500 4
 126  129     -0.612      0.478      2.500 4
 123  131     -0.611     -0.879      2.500 4
 129  127     -0.610     -0.471      2.500 4
 131  126     -0.610      0.280      2.500 4
 133  124     -0.609     -0.310      2.500 4
 130  130     -0.609      0.380      2.500 4
 128  133     -0.608      0.600      2.500 4
 136  128     -0.605     -0.237      2.500 4
 132  134     -0.605      0.442      2.500 4
 134  132     -0.603     -0.490      2.500 4
 138  136     -0.598      0.417      2.500 4
 137  139     -0.597      0.471      2.500 4
 135  142     -0.596     -0.805      2.500 4
 139  137     -0.596     -0.516      2.500 4
 141  138     -0.596      0.372      2.500 4
 143  135     -0.593     -0.203      2.500 4
 140  144     -0.592      0.665      2.500 4
 145  141     -0.589      0.238      2.500 4
 147  140     -0.588     -0.004      2.500 4
 146  143     -0.584     -0.427      2.500 4
 142  151     -0.583     -0.905      2.500 4
 144  152     -0.581     -0.759      2.500 4
 148  146     -0.580      0.132      2.500 4
 149  145     -0.580      0.018      2.500 4
 152  147     -0.577     -0.247      2.500 4
 151  148     -0.576     -0.346      2.500 4
 154  149     -0.573      0.103      2.500 4
 150  154     -0.572     -0.528      2.500 4
 155  150     -0.571     -0.003      2.500 4
 153  156     -0.570      0.417      2.500 4
 157  153     -0.569     -0.222      2.500 4
 159  155     -0.566      0.188      2.500 4
 163  157     -0.558     -0.408      2.500 4
 156  162     -0.557     -0.781      2.500 4
 161  159     -0.557      0.569      2.500 4
 158  163     -0.556      0.772      2.500 4
 160  166     -0.554     -0.822      2.500 4
 162  168     -0.551     -0.696      2.500 4
 168  160     -0.547      0.158      2.500 4
 169  158     -0.547     -0.114      2.500 4
 164  169     -0.547      0.436      2.500 4
 166  167     -0.547     -0.487      2.500 4
 170  161     -0.544     -0.012      2.500 4
 165  170     -0.543     -0.658      2.500 4
 171  164     -0.542      0.021      2.500 4
 172  165     -0.541     -0.087      2.500 4
 167  172     -0.539      0.807      2.500 4
 178  171     -0.526     -0.166      2.500 4
 177  173     -0.526      0.199      2.500 4
 173  175     -0.525      0.503      2.500 4
 174  176     -0.523      0.475      2.500 4
 176  178     -0.519      0.519      2.500 4
 175  180     -0.516      0.730      2.500 4
 184  174     -0.515     -0.213      2.500 4
 183  177     -0.514      0.252      2.500 4
 182  179     -0.513     -0.429      2.500 4
 180  182     -0.512      0.558      2.500 4
 181  181     -0.511      0.502      2.500 4
 179  185     -0.508     -0.893      2.500 4
 185  184     -0.505      0.407      2.500 4
 190  183     -0.499     -0.061      2.500 4
 195  186     -0.493     -0.024      2.500 4
 194  187     -0.492     -0.191      2.500 4
 186  191     -0.492      0.680      2.500 4
 189  189     -0.490     -0.551      2.500 4
 188  192     -0.490      0.588      2.500 4
 187  194     -0.489      0.741      2.500 4
 191  190     -0.488      0.476      2.500 4
 192  195     -0.484      0.655      2.500 4
 200  188     -0.483     -0.106      2.500 4
 193  196     -0.482     -0.685      2.500 4
 196  198     -0.477     -0.748      2.500 4
 199  197     -0.475      0.467      2.500 4
 197  201     -0.475      0.708      2.500 4
  -1   -2     -0.474     -0.683      2.500 4
  -1  199     -0.474     -0.074      2.500 4
 202  203     -0.464      0.436      2.500 4
 201  210     -0.461     -0.073      2.500 4
 205  202     -0.461      0.210      2.500 4
 203  204     -0.460      0.430      2.500 4
 206  206     -0.456      0.394      2.500 4
 204  212     -0.453      0.606      2.500 4
 209  208     -0.451      0.388      2.500 4
 215  205     -0.450     -0.187      2.500 4
 211  209     -0.449      0.367      2.500 4
 210  211     -0.449      0.421      2.500 4
 207  217     -0.448      0.775      2.500 4
 218  207     -0.445     -0.196      2.500 4
 217  213     -0.443     -0.462      2.500 4
 213  219     -0.442     -0.670      2.500 4
 212  222     -0.441     -0.704      2.500 4
 208   -2     -0.441     -0.070      2.500 4
 216  218     -0.440     -0.582      2.500 4
 214  225     -0.437      0.681      2.500 4
 223  214     -0.436     -0.226      2.500 4
 219  223     -0.435     -0.499      2.500 4
 224  215     -0.434     -0.184      2.500 4
 221  224     -0.432     -0.899      2.500 4
 230  221     -0.430      0.118      2.500 4
 235  220     -0.429     -0.066      2.500 4
 222  228     -0.427      0.574      2.500 4
 227  227     -0.425     -0.469      2.500 4
 234  226     -0.425      0.230      2.500 4
 226  230     -0.422     -0.578      2.500 4
 229  233     -0.420     -0.615      2.500 4
 225  235     -0.419     -0.690      2.500 4
 231  234     -0.419      0.539      2.500 4
 228  241     -0.417      0.655      2.500 4
 238  231     -0.417      0.328      2.500 4
 236  238     -0.417      0.525      2.500 4
 232  244     -0.416      0.686      2.500 4
 233  243     -0.415     -0.728      2.500 4
 241  229     -0.414      0.036      2.500 4
 239  237     -0.412     -0.444      2.500 4
 237  247     -0.411      0.722      2.500 4
 244  232     -0.410     -0.087      2.500 4
 242  240     -0.408     -0.368      2.500 4
  -1   -2     -0.406     -0.026      2.500 4
 247  239     -0.406      0.100      2.500 4
 240  249     -0.405      0.479      2.500 4
 251  242     -0.402     -0.163      2.500 4
 252  245     -0.400     -0.022      2.500 4
 250  248     -0.399      0.262      2.500 4
 253  246     -0.399      0.084      2.500 4
 246  250     -0.397      0.486      2.500 4
 245  253     -0.395      0.665      2.500 4
 243  255     -0.395      0.696      2.500 4
 248  257     -0.392      0.644      2.500 4
 259  251     -0.387     -0.248      2.500 4
 257  254     -0.386      0.330      2.500 4
 254  260     -0.384      0.760      2.500 4
 255  259     -0.383     -0.662      2.500 4
 264  252     -0.380     -0.126      2.500 4
 266  256     -0.380     -0.120      2.500 4
 258  263     -0.379      0.591      2.500 4
 256  265     -0.378      0.752      2.500 4
 262  264     -0.374     -0.553      2.500 4
 270  258     -0.373     -0.299      2.500 4
 265  262     -0.373      0.345      2.500 4
 261  266     -0.373      0.531      2.500 4
 260  267     -0.370     -0.833      2.500 4
 273  261     -0.368     -0.235      2.500 4
 263  270     -0.367     -0.772      2.500 4
 267  269     -0.366      0.584      2.500 4
 271  268     -0.365      0.496      2.500 4
 268  275     -0.363      0.826      2.500 4
 269  276     -0.360     -0.895      2.500 4
 272  273     -0.360      0.577      2.500 4
 274  274     -0.357      0.461      2.500 4
 276  271     -0.357      0.285      2.500 4
  -1   -2     -0.351      0.576      2.500 4
 281  272     -0.350     -0.301      2.500 4
 278  281     -0.346      0.586      2.500 4
 280  280     -0.345      0.453      2.500 4
 277  286     -0.344     -0.816      2.500 4
 279  287     -0.343      0.824      2.500 4
 285  278     -0.338     -0.089      2.500 4
 286  279     -0.337     -0.121      2.500 4
 284  282     -0.336     -0.357      2.500 4
 287  284     -0.333      0.183      2.500 4
 290  283     -0.332      0.069      2.500 4
 282  289     -0.332     -0.663      2.500 4
 291  285     -0.331     -0.244      2.500 4
 289  288     -0.329     -0.391      2.500 4
 283  293     -0.328      0.832      2.500 4
 288  296     -0.321      0.785      2.500 4
 296  291     -0.320      0.224      2.500 4
 294  292     -0.319     -0.424      2.500 4
 301  290     -0.319      0.068      2.500 4
 297  294     -0.316      0.366      2.500 4
 298  295     -0.314     -0.469      2.500 4
 292  303     -0.314      0.768      2.500 4
 293  304     -0.312     -0.767      2.500 4
 295  305     -0.311      0.655      2.500 4
 302  300     -0.310     -0.576      2.500 4
 303  298     -0.309      0.369      2.500 4
 300  306     -0.308     -0.659      2.500 4
 299  307     -0.308      0.596      2.500 4
 306  309     -0.303      0.446      2.500 4
 309  297     -0.303     -0.050      2.500 4
 304  311     -0.303      0.614      2.500 4
 308  299     -0.302      0.073      2.500 4
 310  301     -0.301      0.110      2.500 4
 305  314     -0.300      0.793      2.500 4
 311  302     -0.300      0.033      2.500 4
 314  308     -0.296      0.086      2.500 4
 307  318     -0.294      0.618      2.500 4
 317  310     -0.292     -0.079      2.500 4
 318  312     -0.290     -0.245      2.500 4
 316  315     -0.289      0.259      2.500 4
 319  316     -0.287      0.183      2.500 4
 323  313     -0.287     -0.140      2.500 4
 315  319     -0.285     -0.536      2.500 4
 312  320     -0.286      0.666      2.500 4
 325  317     -0.285      0.075      2.500 4
 313  322     -0.284      0.789      2.500 4
 321  321     -0.280      0.481      2.500 4
 320  324     -0.278     -0.696      2.500 4
 324  323     -0.277      0.468      2.500 4
 322  327     -0.275     -0.904      2.500 4
 326  326     -0.271     -0.620      2.500 4
 330  325     -0.265      0.218      2.500 4
 328  329     -0.262      0.557      2.500 4
 327  330     -0.261      0.767      2.500 4
 333  328     -0.259     -0.212      2.500 4
 329  331     -0.256      0.612      2.500 4
 331  332     -0.255     -0.720      2.500 4
 332  334     -0.254      0.644      2.500 4
 335  333     -0.249     -0.511      2.500 4
 334  336     -0.246      0.711      2.500 4
 336  337     -0.244     -0.739      2.500 4
 337  339     -0.242     -0.814      2.500 4
 338  341     -0.239      0.816      2.500 4
 341  335     -0.237      0.001      2.500 4
 339  343     -0.233     -0.766      2.500 4
 340  340     -0.233      0.319      2.500 4
 343  338     -0.231     -0.080      2.500 4
 342  342     -0.229      0.378      2.500 4
 348  344     -0.221     -0.222      2.500 4
 345  345     -0.220      0.364      2.500 4
 347  347     -0.218     -0.408      2.500 4
 344  348     -0.218      0.569      2.500 4
 351  346     -0.215      0.085      2.500 4
 350  349     -0.213     -0.899      2.500 4
 349  350     -0.212     -0.528      2.500 4
 346  355     -0.212      0.722      2.500 4
 353  353     -0.208      0.395      2.500 4
 355  351     -0.207      0.226      2.500 4
 352  361     -0.207      0.516      2.500 4
 354  362     -0.205     -0.567      2.500 4
 361  352     -0.203     -0.084      2.500 4
 360  354     -0.203     -0.276      2.500 4
 358  358     -0.202      0.284      2.500 4
 362  359     -0.201     -0.291      2.500 4
 363  356     -0.200     -0.069      2.500 4
 357  363     -0.200     -0.519      2.500 4
 364  357     -0.199     -0.144      2.500 4
 359  364     -0.199      0.397      2.500 4
 366  360     -0.199     -0.122      2.500 4
 356  367     -0.199      0.680      2.500 4
 367  365     -0.195     -0.370      2.500 4
 365  369     -0.192     -0.554      2.500 4
 371  366     -0.191     -0.233      2.500 4
 373  370     -0.187     -0.342      2.500 4
 375  368     -0.187     -0.136      2.500 4
 369  371     -0.186     -0.579      2.500 4
 368  373     -0.184     -0.799      2.500 4
 370  376     -0.182     -0.824      2.500 4
 374  375     -0.181      0.521      2.500 4
 372  378     -0.181      0.777      2.500 4
 376  374     -0.180      0.447      2.500 4
 378  372     -0.177     -0.232      2.500 4
 379  377     -0.173     -0.355      2.500 4
 377  381     -0.172      0.823      2.500 4
 380  380     -0.168     -0.510      2.500 4
 382  379     -0.167     -0.066      2.500 4
 381  385     -0.162     -0.773      2.500 4
 384  382     -0.161      0.056      2.500 4
 383  383     -0.160      0.234      2.500 4
 385  384     -0.158      0.252      2.500 4
 389  386     -0.155     -0.321      2.500 4
 387  387     -0.154     -0.482      2.500 4
 386  389     -0.153      0.566      2.500 4
 388  390     -0.150      0.504      2.500 4
 390  388     -0.150      0.363      2.500 4
 391  391     -0.147      0.447      2.500 4
 393  392     -0.145     -0.482      2.500 4
 392  394     -0.142      0.806      2.500 4
  -1   -2     -0.136     -0.396      2.500 4
 395  395     -0.135     -0.403      2.500 4
 396  396     -0.134     -0.452      2.500 4
 397  397     -0.132      0.430      2.500 4
 398  399     -0.130      0.551      2.500 4
 399  398     -0.128      0.060      2.500 4
 400  402     -0.118      0.804      2.500 4
 402  401     -0.114     -0.570      2.500 4
 401  403     -0.114      0.488      2.500 4
 403  407     -0.113      0.614      2.500 4
 409  400     -0.112     -0.074      2.500 4
 407  405     -0.110      0.323      2.500 4
  -1  406     -0.110      0.255      2.500 4
 404  411     -0.109     -0.648      2.500 4
 408   -2     -0.109      0.261      2.500 4
 411  408     -0.108     -0.391      2.500 4
 405  412     -0.107      0.690      2.500 4
 406  414     -0.106      0.747      2.500 4
 413  409     -0.106      0.105      2.500 4
 415  410     -0.105      0.090      2.500 4
 412  415     -0.104      0.640      2.500 4
 416  416     -0.101      0.461      2.500 4
 417  417     -0.100     -0.602      2.500 4
 419  413     -0.100     -0.204      2.500 4
 414  423     -0.098     -0.893      2.500 4
 418  420     -0.097     -0.554      2.500 4
 420  422     -0.096     -0.491      2.500 4
 423  418     -0.096     -0.182      2.500 4
 422  421     -0.095     -0.373      2.500 4
 424  419     -0.094      0.075      2.500 4
 421  424     -0.094      0.510      2.500 4
 425  425     -0.090     -0.247      2.500 4
 426  426     -0.088     -0.231      2.500 4
 427  427     -0.081      0.265      2.500 4
 431  428     -0.074     -0.284      2.500 4
 428  429     -0.073     -0.715      2.500 4
 429  432     -0.071      0.643      2.500 4
 430  431     -0.071      0.573      2.500 4
 432  433     -0.069      0.663      2.500 4
 434  430     -0.068      0.155      2.500 4
 433  434     -0.065     -0.794      2.500 4
 435  438     -0.064      0.798      2.500 4
 437  437     -0.061      0.419      2.500 4
 436  439     -0.061     -0.721      2.500 4
 438  435     -0.061     -0.225      2.500 4
 439  436     -0.059     -0.162      2.500 4
 441  440     -0.055      0.102      2.500 4
 440  443     -0.052      0.592      2.500 4
 443  441     -0.050     -0.037      2.500 4
 444  442     -0.050     -0.078      2.500 4
 442  444     -0.049     -0.506      2.500 4
 445  445     -0.047     -0.445      2.500 4
  -1   -2     -0.045      0.356      2.500 4
 448  447     -0.045      0.366      2.500 4
 446  449     -0.044      0.554      2.500 4
 449  448     -0.043      0.265      2.500 4
 450  450     -0.042     -0.394      2.500 4
 451  451     -0.034     -0.267      2.500 4
 453  452     -0.024     -0.053      2.500 4
 452  453     -0.023     -0.493      2.500 4
 454  454     -0.019     -0.430      2.500 4
 455  456     -0.016      0.757      2.500 4
 457  457     -0.015      0.441      2.500 4
 456  460     -0.015      0.660      2.500 4
 459  455     -0.014     -0.199      2.500 4
 458  461     -0.014     -0.533      2.500 4
 460  459     -0.013     -0.346      2.500 4
 461  458     -0.013      0.136      2.500 4
 462  462     -0.009      0.264      2.500 4
 464  463     -0.007      0.335      2.500 4
 463  464     -0.007      0.808      2.500 4
 465  466     -0.002     -0.807      2.500 4
 466  465     -0.002     -0.079      2.500 4
 467  467     -0.001     -0.369      2.500 4
 468  468      0.001     -0.824      2.500 4
 469  469      0.002     -0.651      2.500 4
 472  470      0.002      0.005      2.500 4
 471  471      0.002     -0.008      2.500 4
 470  472      0.003     -0.886      2.500 4
 473  476      0.004     -0.671      2.500 4
 476  473      0.004     -0.103      2.500 4
 474  474      0.004     -0.899      2.500 4
 475  475      0.004      0.320      2.500 4
 477  477      0.005     -0.397      2.500 4
 478  478      0.005     -0.485      2.500 4
 479  480      0.005      0.581      2.500 4
 480  479      0.006      0.208      2.500 4
 481  481      0.010     -0.558      2.500 4
 482  482      0.013      0.118      2.500 4
 483  483      0.014     -0.794      2.500 4
 484  484      0.015      0.387      2.500 4
 485  485      0.015      0.745      2.500 4
 486  486      0.016      0.241      2.500 4
 487  487      0.017      0.020      2.500 4
 488  488      0.018     -0.395      2.500 4
 489  489      0.018      0.581      2.500 4
 490  490      0.019     -0.724      2.500 4
 491  491      0.020      0.141      2.500 4
 492  492      0.020     -0.240      2.500 4
 493  494      0.021      0.658      2.500 4
 494  493      0.021     -0.466      2.500 4
 495  495      0.022      0.778      2.500 4
 496  496      0.022      0.047      2.500 4
 497  497      0.026      0.072      2.500 4
 498  498      0.027     -0.563      2.500 4
 499  499      0.027     -0.027      2.500 4
 500  500      0.028     -0.369      2.500 4
 501  501      0.029     -0.442      2.500 4
 502  502      0.029      0.481      2.500 4
 503  503      0.031     -0.397      2.500 4
 504  504      0.033     -0.614      2.500 4
  -1   -2      0.034     -0.438      2.500 4
 506  505      0.034      0.809      2.500 4
 507  507      0.035     -0.529      2.500 4
 508  508      0.036     -0.553      2.500 4
 509  509      0.036      0.152      2.500 4
 510  511      0.052     -0.004      2.500 4
 511  510      0.052     -0.340      2.500 4
 513  512      0.055      0.619      2.500 4
 512  516      0.056     -0.214      2.500 4
 515  513      0.056     -0.618      2.500 4
 514  515      0.057      0.378      2.500 4
 517  514      0.057      0.559      2.500 4
 516  517      0.058      0.140      2.500 4
 519  518      0.062      0.548      2.500 4
 518  519      0.062     -0.601      2.500 4
 520  520      0.067     -0.299      2.500 4
 521  522      0.071      0.005      2.500 4
 522  521      0.072      0.394      2.500 4
 523  523      0.074     -0.124      2.500 4
 524  525      0.075     -0.108      2.500 4
 525  526      0.075     -0.187      2.500 4
 526  524      0.078     -0.870      2.500 4
 527  528      0.081      0.058      2.500 4
 528  527      0.083     -0.693      2.500 4
 529  529      0.087     -0.425      2.500 4
 530  532      0.088     -0.189      2.500 4
 532  531      0.088      0.227      2.500 4
 533  530      0.089     -0.595      2.500 4
 531  533      0.089      0.029      2.500 4
 534  534      0.093      0.706      2.500 4
 536  535      0.094     -0.826      2.500 4
 537  538      0.097     -0.351      2.500 4
 535  540      0.097      0.087      2.500 4
 539  537      0.099      0.582      2.500 4
 540  536      0.100     -0.759      2.500 4
 538  542      0.101      0.195      2.500 4
 541  539      0.101     -0.875      2.500 4
 542  541      0.102      0.775      2.500 4
 543  543      0.105      0.524      2.500 4
 544  548      0.112     -0.038      2.500 4
 546  546      0.112     -0.522      2.500 4
 547  545      0.112      0.509      2.500 4
 548  544      0.112     -0.805      2.500 4
 545  547      0.112      0.250      2.500 4
 549  549      0.122     -0.871      2.500 4
 551  550      0.127      0.675      2.500 4
 553  551      0.128     -0.781      2.500 4
 550  554      0.130     -0.341      2.500 4
 552  557      0.132     -0.260      2.500 4
 555  552      0.133     -0.877      2.500 4
 557  553      0.134      0.783      2.500 4
 554  559      0.135      0.000      2.500 4
 558  555      0.136     -0.775      2.500 4
 560  556      0.137     -0.883      2.500 4
 556  560      0.138     -0.359      2.500 4
 561  558      0.141     -0.829      2.500 4
 563  561      0.142      0.587      2.500 4
 559  563      0.143      0.121      2.500 4
 562  562      0.144     -0.448      2.500 4
 565  565      0.147      0.375      2.500 4
 564  568      0.147      0.100      2.500 4
 567  564      0.148      0.622      2.500 4
 568  567      0.150     -0.564      2.500 4
 566  570      0.151      0.119      2.500 4
 570  566      0.152      0.715      2.500 4
 569  569      0.152     -0.484      2.500 4
 571  573      0.157     -0.426      2.500 4
 573  571      0.158      0.706      2.500 4
 576  572      0.161     -0.842      2.500 4
 572  574      0.162     -0.413      2.500 4
 574  575      0.165      0.180      2.500 4
 575  577      0.168     -0.000      2.500 4
 577  580      0.170     -0.079      2.500 4
 578  581      0.171     -0.171      2.500 4
 581  576      0.172     -0.835      2.500 4
 579  582      0.175     -0.190      2.500 4
 583  578      0.177      0.676      2.500 4
 580  583      0.178      0.021      2.500 4
 584  579      0.178      0.790      2.500 4
 582  586      0.183     -0.078      2.500 4
 586  585      0.184      0.383      2.500 4
 588  584      0.184     -0.577      2.500 4
 585  588      0.188     -0.180      2.500 4
 587  591      0.189     -0.027      2.500 4
 589  589      0.189      0.167      2.500 4
  -1   -2      0.190     -0.428      2.500 4
 591  590      0.192     -0.437      2.500 4
 592  592      0.194      0.225      2.500 4
 594  595      0.197      0.255      2.500 4
 593  596      0.198      0.007      2.500 4
 595  594      0.198      0.321      2.500 4
 597  593      0.200      0.512      2.500 4
 596  598      0.201     -0.391      2.500 4
 601  597      0.208      0.811      2.500 4
 598  600      0.212     -0.411      2.500 4
 603  599      0.213      0.541      2.500 4
 600  601      0.213     -0.395      2.500 4
 599  603      0.215     -0.198      2.500 4
 604  602      0.218     -0.446      2.500 4
 602  608      0.219      0.049      2.500 4
 606  604      0.221      0.409      2.500 4
 607  605      0.222     -0.898      2.500 4
 609  606      0.224     -0.544      2.500 4
 605  611      0.225      0.003      2.500 4
 611  607      0.225      0.486      2.500 4
 612  610      0.227     -0.516      2.500 4
 608  617      0.228     -0.064      2.500 4
 610  614      0.230      0.177      2.500 4
 617  609      0.231     -0.737      2.500 4
 614  619      0.234      0.257      2.500 4
 613  621      0.235     -0.050      2.500 4
 621  613      0.237      0.626      2.500 4
 622  612      0.237     -0.770      2.500 4
 620  615      0.237      0.582      2.500 4
 615  624      0.239     -0.273      2.500 4
 625  616      0.239     -0.876      2.500 4
 618  623      0.239     -0.314      2.500 4
 616  626      0.240     -0.160      2.500 4
 626  618      0.241      0.724      2.500 4
 624  620      0.242      0.521      2.500 4
 623  622      0.242      0.404      2.500 4
 619  627      0.246      0.021      2.500 4
 628  625      0.248     -0.727      2.500 4
 629  628      0.252     -0.529      2.500 4
 630  631      0.255     -0.471      2.500 4
 627  632      0.257      0.078      2.500 4
 632  630      0.258     -0.719      2.500 4
 633  629      0.258     -0.773      2.500 4
 631  633      0.263     -0.207      2.500 4
 634  635      0.270      0.101      2.500 4
 636  636      0.272      0.268      2.500 4
 635  639      0.275      0.088      2.500 4
 637  637      0.276      0.205      2.500 4
 640  634      0.277     -0.649      2.500 4
 638  640      0.279     -0.154      2.500 4
 639  643      0.281      0.024      2.500 4
 642  641      0.285     -0.478      2.500 4
 645  638      0.286      0.711      2.500 4
 641  647      0.288      0.018      2.500 4
 650  642      0.291     -0.736      2.500 4
 643  651      0.293     -0.321      2.500 4
 656  645      0.295      0.651      2.500 4
 658  644      0.296     -0.904      2.500 4
 652  646      0.296      0.487      2.500 4
 649  649      0.296      0.380      2.500 4
 644  654      0.296     -0.108      2.500 4
 654  648      0.297     -0.588      2.500 4
 655  652      0.298      0.436      2.500 4
 646  658      0.300     -0.006      2.500 4
 651  655      0.300     -0.364      2.500 4
 659  650      0.301      0.564      2.500 4
 647  660      0.301     -0.201      2.500 4
 648  661      0.302      0.059      2.500 4
 653  664      0.306     -0.125      2.500 4
 657  663      0.307      0.110      2.500 4
 661  653      0.308     -0.729      2.500 4
 662  656      0.310      0.715      2.500 4
 660  662      0.311      0.328      2.500 4
  -1   -2      0.313      0.665      2.500 4
 666  657      0.313     -0.869      2.500 4
 663  667      0.318      0.342      2.500 4
 675  665      0.323     -0.894      2.500 4
 672  666      0.324      0.667      2.500 4
 669  668      0.324     -0.554      2.500 4
 667  670      0.325      0.264      2.500 4
 668  671      0.326     -0.407      2.500 4
 665  677      0.327     -0.120      2.500 4
 677  669      0.328     -0.680      2.500 4
 671  676      0.331     -0.372      2.500 4
 678  672      0.332      0.451      2.500 4
 676  675      0.333      0.369      2.500 4
 670  678      0.333     -0.035      2.500 4
 679  674      0.334      0.496      2.500 4
 674  681      0.336     -0.232      2.500 4
 673  682      0.337     -0.054      2.500 4
 684  673      0.338      0.698      2.500 4
 681  679      0.342     -0.515      2.500 4
 683  680      0.343     -0.531      2.500 4
 680  684      0.346     -0.255      2.500 4
 682  687      0.348      0.183      2.500 4
 686  689      0.353      0.366      2.500 4
 685  693      0.355     -0.295      2.500 4
 690  683      0.355      0.629      2.500 4
 689  685      0.356     -0.643      2.500 4
 688  688      0.357     -0.615      2.500 4
 687  692      0.358      0.354      2.500 4
 691  690      0.359     -0.697      2.500 4
 693  686      0.359     -0.817      2.500 4
 692  691      0.360     -0.682      2.500 4
 698  694      0.368     -0.754      2.500 4
 701  695      0.370      0.827      2.500 4
 702  696      0.370     -0.890      2.500 4
 704  697      0.371      0.787      2.500 4
 700  698      0.372     -0.665      2.500 4
 696  700      0.373      0.327      2.500 4
 695  703      0.375      0.251      2.500 4
 706  699      0.376      0.683      2.500 4
 697  704      0.375     -0.415      2.500 4
 694  705      0.378     -0.105      2.500 4
 707  701      0.380     -0.708      2.500 4
 710  702      0.383      0.718      2.500 4
 699  707      0.383      0.091      2.500 4
 703  708      0.385      0.048      2.500 4
 708  706      0.387      0.396      2.500 4
 705  710      0.387      0.152      2.500 4
 711  709      0.393      0.364      2.500 4
 709  712      0.393     -0.276      2.500 4
 719  711      0.400      0.563      2.500 4
 715  714      0.401      0.291      2.500 4
 713  716      0.401      0.113      2.500 4
 712  717      0.403     -0.002      2.500 4
 717  715      0.404     -0.371      2.500 4
 714  718      0.404      0.093      2.500 4
 716  721      0.406     -0.181      2.500 4
 718  722      0.409     -0.014      2.500 4
 723  713      0.409      0.662      2.500 4
 721  720      0.411      0.322      2.500 4
 720  724      0.416      0.048      2.500 4
 726  719      0.416      0.510      2.500 4
 724  723      0.418     -0.429      2.500 4
 722  728      0.418      0.080      2.500 4
 727  725      0.422      0.342      2.500 4
 725  730      0.426      0.026      2.500 4
 730  729      0.428     -0.505      2.500 4
 732  726      0.429     -0.659      2.500 4
 733  727      0.429     -0.650      2.500 4
 728  733      0.431      0.034      2.500 4
 729  734      0.431     -0.032      2.500 4
 731  732      0.433      0.229      2.500 4
 734   -2      0.439     -0.898      2.500 4
 735  731      0.443      0.617      2.500 4
 736  737      0.450      0.423      2.500 4
 739  735      0.450     -0.904      2.500 4
 741  736      0.455     -0.770      2.500 4
 737  743      0.460      0.081      2.500 4
 740  741      0.460     -0.551      2.500 4
 743  738      0.461      0.777      2.500 4
 746  739      0.462      0.765      2.500 4
 748  740      0.463     -0.835      2.500 4
 738  746      0.464     -0.206      2.500 4
 749  742      0.470      0.545      2.500 4
 742  753      0.473      0.002      2.500 4
 751  745      0.473      0.462      2.500 4
 752  744      0.474     -0.641      2.500 4
 747  752      0.475      0.233      2.500 4
 744  757      0.476     -0.184      2.500 4
 750  750      0.477      0.318      2.500 4
 745  759      0.477     -0.138      2.500 4
 758  747      0.478     -0.739      2.500 4
 756  749      0.479      0.486      2.500 4
 753  755      0.481      0.339      2.500 4
 761  748      0.481      0.725      2.500 4
 754  758      0.483     -0.412      2.500 4
 760  754      0.485     -0.612      2.500 4
 765  751      0.487     -0.904      2.500 4
 762  761      0.488     -0.551      2.500 4
 755  763      0.488      0.125      2.500 4
 763  762      0.489     -0.514      2.500 4
 757  765      0.490     -0.180      2.500 4
 764  760      0.490      0.509      2.500 4
 769  756      0.491      0.711      2.500 4
 759  766      0.494     -0.274      2.500 4
 773  764      0.501     -0.730      2.500 4
 768  767      0.503     -0.329      2.500 4
 767  768      0.503      0.083      2.500 4
 766  769      0.504     -0.103      2.500 4
 770  772      0.506      0.006      2.500 4
 771  773      0.507     -0.003      2.500 4
 772  770      0.509      0.237      2.500 4
 776  771      0.515     -0.539      2.500 4
 775  774      0.517     -0.397      2.500 4
 774  779      0.522     -0.108      2.500 4
 778  777      0.527     -0.481      2.500 4
 779  776      0.528     -0.537      2.500 4
 777  782      0.528     -0.151      2.500 4
 780  778      0.529     -0.530      2.500 4
 784  775      0.531     -0.831      2.500 4
 782  783      0.535      0.361      2.500 4
 787  781      0.538      0.541      2.500 4
 786  786      0.539     -0.568      2.500 4
 789  780      0.540     -0.837      2.500 4
 788  784      0.541      0.562      2.500 4
 781  791      0.542     -0.013      2.500 4
 792  785      0.544      0.747      2.500 4
 783  792      0.544     -0.161      2.500 4
 791  788      0.547     -0.592      2.500 4
 785  795      0.547      0.026      2.500 4
 795  787      0.547     -0.826      2.500 4
 793  790      0.550     -0.612      2.500 4
 796  789      0.551      0.622      2.500 4
 790  798      0.555      0.195      2.500 4
 797  797      0.557      0.388      2.500 4
 803  794      0.560      0.627      2.500 4
 807  793      0.561      0.789      2.500 4
 800  799      0.562      0.399      2.500 4
 808  796      0.562      0.681      2.500 4
 794  804      0.563     -0.034      2.500 4
 799  801      0.564      0.290      2.500 4
 798  806      0.566     -0.212      2.500 4
 809  800      0.567     -0.576      2.500 4
 801  808      0.570     -0.164      2.500 4
 811  802      0.571      0.520      2.500 4
 805  807      0.571      0.247      2.500 4
 802  810      0.572     -0.152      2.500 4
 806  809      0.573      0.168      2.500 4
 804  814      0.575     -0.020      2.500 4
 810  811      0.576      0.177      2.500 4
 814  803      0.577      0.802      2.500 4
 813  805      0.577     -0.696      2.500 4
 812  815      0.586      0.076      2.500 4
 815  812      0.586      0.591      2.500 4
 819  813      0.590     -0.839      2.500 4
 816  817      0.594     -0.398      2.500 4
 817  820      0.600     -0.132      2.500 4
 820  816      0.602      0.635      2.500 4
 818  826      0.604      0.049      2.500 4
 821  819      0.607     -0.596      2.500 4
 823  818      0.610      0.668      2.500 4
 822  827      0.611      0.381      2.500 4
 824  822      0.612     -0.660      2.500 4
 827  823      0.615      0.711      2.500 4
 825  824      0.615      0.576      2.500 4
 829  821      0.615     -0.854      2.500 4
 828  825      0.616     -0.717      2.500 4
 830  828      0.620     -0.808      2.500 4
 826  834      0.626      0.155      2.500 4
 831  829      0.627     -0.819      2.500 4
 838  830      0.633      0.735      2.500 4
 835  832      0.634      0.552      2.500 4
 839  831      0.635      0.671      2.500 4
 842  833      0.636     -0.788      2.500 4
 841  835      0.637      0.639      2.500 4
 836  837      0.638     -0.479      2.500 4
 833  840      0.640     -0.276      2.500 4
 832  841      0.640     -0.244      2.500 4
 843  836      0.641     -0.685      2.500 4
 834  843      0.643      0.008      2.500 4
 840  844      0.645     -0.342      2.500 4
 837  845      0.645     -0.139      2.500 4
 847  839      0.646     -0.695      2.500 4
 848  838      0.647      0.755      2.500 4
  -1   -2      0.651     -0.345      2.500 4
 844  850      0.652     -0.224      2.500 4
 849  847      0.654      0.443      2.500 4
 853  842      0.654     -0.817      2.500 4
 846  855      0.655      0.018      2.500 4
 852   -2      0.658      0.409      2.500 4
 851  849      0.657     -0.898      2.500 4
 850  856      0.659      0.243      2.500 4
 857  846      0.659     -0.866      2.500 4
 854  851      0.660      0.464      2.500 4
 855  854      0.661      0.440      2.500 4
  -1  853      0.662      0.410      2.500 4
 859  852      0.665     -0.819      2.500 4
 856  858      0.668     -0.380      2.500 4
 860  857      0.667     -0.773      2.500 4
 858  862      0.676     -0.110      2.500 4
 861  859      0.677      0.639      2.500 4
 862  863      0.685      0.309      2.500 4
 865  860      0.687     -0.764      2.500 4
 868  861      0.688      0.710      2.500 4
 869  864      0.693     -0.556      2.500 4
 863  869      0.694      0.021      2.500 4
 864  872      0.696     -0.216      2.500 4
 870  867      0.696     -0.495      2.500 4
 867  875      0.698     -0.168      2.500 4
 866  876      0.698     -0.094      2.500 4
 871  866      0.699      0.816      2.500 4
 872  865      0.698     -0.870      2.500 4
 873  868      0.701      0.615      2.500 4
  -1   -2      0.703     -0.672      2.500 4
 878  871      0.704     -0.903      2.500 4
 876  873      0.705     -0.663      2.500 4
 880  874      0.708      0.749      2.500 4
 875  880      0.713      0.028      2.500 4
 877  881      0.714      0.013      2.500 4
 882  877      0.715      0.773      2.500 4
 879  882      0.716      0.146      2.500 4
 881  883      0.718      0.214      2.500 4
 884  878      0.722      0.691      2.500 4
 885  879      0.722     -0.765      2.500 4
 883  884      0.724     -0.507      2.500 4
 890  885      0.733      0.761      2.500 4
 887  892      0.735     -0.264      2.500 4
 886  893      0.735     -0.003      2.500 4
 889  886      0.735      0.478      2.500 4
 891  889      0.738      0.438      2.500 4
 888  894      0.739      0.255      2.500 4
 895  888      0.739      0.557      2.500 4
 896  887      0.739     -0.904      2.500 4
 894  891      0.740      0.496      2.500 4
 900  890      0.742      0.802      2.500 4
 893  897      0.744     -0.293      2.500 4
 892  899      0.744      0.118      2.500 4
 897  898      0.746     -0.420      2.500 4
 904  896      0.747     -0.575      2.500 4
 905  895      0.749      0.577      2.500 4
 898  904      0.749     -0.236      2.500 4
 903  901      0.749     -0.462      2.500 4
 899  906      0.749     -0.200      2.500 4
 901  908      0.751      0.107      2.500 4
 902  909      0.752      0.082      2.500 4
 907  900      0.753      0.621      2.500 4
 906  903      0.752     -0.556      2.500 4
 908  902      0.755      0.661      2.500 4
 909  907      0.757      0.522      2.500 4
 911  905      0.758      0.732      2.500 4
 912  910      0.760      0.765      2.500 4
 910  912      0.761      0.237      2.500 4
 917  911      0.766     -0.780      2.500 4
 915  913      0.767      0.412      2.500 4
 913  916      0.768      0.056      2.500 4
 914  917      0.769     -0.249      2.500 4
 916  915      0.771      0.287      2.500 4
  -1   -2      0.772      0.299      2.500 4
  -1   -2      0.775      0.640      2.500 4
 918  920      0.774     -0.161      2.500 4
 920  919      0.776      0.382      2.500 4
 922  924      0.781      0.116      2.500 4
 925  921      0.782      0.634      2.500 4
 923  922      0.781     -0.569      2.500 4
 924  923      0.782     -0.502      2.500 4
 926  926      0.788      0.071      2.500 4
 928  925      0.792     -0.727      2.500 4
 927  929      0.793     -0.123      2.500 4
 932  927      0.797      0.580      2.500 4
 931  932      0.799     -0.346      2.500 4
 933  928      0.799      0.750      2.500 4
 930  933      0.799     -0.276      2.500 4
 929  934      0.800      0.023      2.500 4
 934  930      0.800     -0.717      2.500 4
 937  931      0.803      0.621      2.500 4
 935  935      0.804      0.395      2.500 4
 936  936      0.806      0.238      2.500 4
 941  937      0.810      0.557      2.500 4
 938  941      0.811     -0.109      2.500 4
 942  938      0.812     -0.722      2.500 4
 940  939      0.812      0.294      2.500 4
 939  942      0.812      0.005      2.500 4
 943  940      0.814     -0.592      2.500 4
 944  945      0.818     -0.361      2.500 4
 945  943      0.818     -0.677      2.500 4
 946  944      0.820      0.461      2.500 4
 951  946      0.826     -0.869      2.500 4
 947  951      0.827     -0.060      2.500 4
 949  948      0.827      0.335      2.500 4
 948  953      0.827     -0.008      2.500 4
 953  947      0.827     -0.878      2.500 4
  -1   -2      0.829      0.345      2.500 4
 954  949      0.830     -0.849      2.500 4
 950  955      0.831      0.007      2.500 4
 956  952      0.831     -0.736      2.500 4
 955  954      0.832     -0.586      2.500 4
 958  956      0.839     -0.891      2.500 4
 957  957      0.840     -0.046      2.500 4
 959  958      0.843      0.323      2.500 4
 962  959      0.847      0.517      2.500 4
 961  960      0.847     -0.491      2.500 4
 960  961      0.849      0.185      2.500 4
 964  962      0.852     -0.648      2.500 4
 965  964      0.854     -0.336      2.500 4
 963  965      0.855     -0.076      2.500 4
 966  963      0.855      0.325      2.500 4
 967  966      0.859     -0.169      2.500 4
 968  967      0.863      0.017      2.500 4
 970  968      0.865     -0.458      2.500 4
 969  972      0.866      0.061      2.500 4
 972  970      0.867      0.508      2.500 4
 971  973      0.867     -0.089      2.500 4
 973  969      0.867      0.790      2.500 4
 975  971      0.868      0.759      2.500 4
 974  974      0.869     -0.417      2.500 4
 976  975      0.871     -0.822      2.500 4
 977  976      0.873      0.690      2.500 4
 979  977      0.874     -0.898      2.500 4
 978  979      0.875     -0.273      2.500 4
 980  978      0.876     -0.629      2.500 4
 981  981      0.881     -0.220      2.500 4
 982  980      0.882     -0.736      2.500 4
 984  982      0.884      0.735      2.500 4
 983  983      0.885      0.273      2.500 4
 985  984      0.887     -0.694      2.500 4
 986  985      0.890      0.482      2.500 4
 987  986      0.896     -0.833      2.500 4
 990  987      0.899      0.822      2.500 4
 988  989      0.899      0.450      2.500 4
 989  988      0.899      0.655      2.500 4
 991  990      0.898     -0.560      2.500 4
 992  991      0.900     -0.788      2.500 4
 993  992      0.902      0.676      2.500 4
 994  993      0.902      0.599      2.500 4
 995  995      0.908     -0.280      2.500 4
  -1   -2      0.910      0.398      2.500 4
 998  996      0.911      0.388      2.500 4
 997  997      0.911     -0.416      2.500 4
 999  998      0.913     -0.619      2.500 4
