995
  -1    0     -0.823      0.136      2.500 4
   0    1     -0.820     -0.144      2.500 4
   2    2     -0.818      0.601      2.500 4
   3    3     -0.817     -0.682      2.500 4
  -1   -2     -0.818      0.608      2.500 4
   4    5     -0.815     -0.221      2.500 4
   5    6     -0.815     -0.080      2.500 4
  -1    7     -0.816      0.793      2.500 4
   7    9     -0.815     -0.516      2.500 4
   6    8     -0.815      0.356      2.500 4
   8   10     -0.814     -0.734      2.500 4
   9   11     -0.814     -0.298      2.500 4
  11   12     -0.814      0.574      2.500 4
  10   -2     -0.814      0.138      2.500 4
  12   13     -0.812     -0.270      2.500 4
  13   14     -0.808      0.172      2.500 4
  14   15     -0.804     -0.191      2.500 4
  -1   17     -0.803      0.795      2.500 4
  16   16     -0.802      0.443      2.500 4
  15   18     -0.801     -0.889      2.500 4
  17   20     -0.800      0.542      2.500 4
  18   19     -0.799     -0.054      2.500 4
  19   21     -0.799      0.267      2.500 4
  20   22     -0.798     -0.198      2.500 4
  21   23     -0.797      0.245      2.500 4
  22   24     -0.794     -0.413      2.500 4
  24   25     -0.790     -0.129      2.500 4
  23   27     -0.790      0.456      2.500 4
  25   26     -0.789     -0.215      2.500 4
  26   29     -0.788      0.673      2.500 4
  27   28     -0.787     -0.386      2.500 4
  29   30     -0.783      0.111      2.500 4
  28   31     -0.782     -0.582      2.500 4
  30   33     -0.779     -0.846      2.500 4
  31   32     -0.780      0.568      2.500 4
  32   34     -0.777     -0.623      2.500 4
  33   35     -0.776      0.436      2.500 4
  34   36     -0.774      0.039      2.500 4
  37   37     -0.772      0.106      2.500 4
  35   40     -0.771     -0.653      2.500 4
  39   38     -0.770     -0.265      2.500 4
  36   41     -0.769     -0.847      2.500 4
  38   39     -0.770      0.304      2.500 4
  42   42     -0.767      0.355      2.500 4
  40   44     -0.767      0.611      2.500 4
  -1   46     -0.765      0.777      2.500 4
  44   43     -0.764      0.122      2.500 4
  43   45     -0.764      0.214      2.500 4
  45   47     -0.760      0.264      2.500 4
  46   49     -0.755      0.515      2.500 4
  47   48     -0.753     -0.177      2.500 4
  50   50     -0.742     -0.211      2.500 4
  48   52     -0.741     -0.833      2.500 4
  49   51     -0.741     -0.464      2.500 4
  51   54     -0.737     -0.611      2.500 4
  53   56     -0.736      0.504      2.500 4
  56   53     -0.735     -0.234      2.500 4
  55   55     -0.735      0.315      2.500 4
  41   -2     -0.734      0.758      2.500 4
  54   57     -0.734      0.489      2.500 4
  57   61     -0.730     -0.578      2.500 4
  58   64     -0.728      0.366      2.500 4
  59   63     -0.727     -0.436      2.500 4
  61   59     -0.727     -0.066      2.500 4
  62   60     -0.727      0.025      2.500 4
  60   62     -0.727      0.101      2.500 4
  63   65     -0.723     -0.306      2.500 4
  66   66     -0.722     -0.182      2.500 4
  70   67     -0.720     -0.254      2.500 4
  65   68     -0.719      0.428      2.500 4
  69   70     -0.717      0.465      2.500 4
  64   72     -0.717      0.654      2.500 4
  67   71     -0.716     -0.649      2.500 4
  68   76     -0.713     -0.789      2.500 4
  72   69     -0.713     -0.008      2.500 4
  71   79     -0.710     -0.754      2.500 4
  73   73     -0.710     -0.147      2.500 4
  75   74     -0.709     -0.043      2.500 4
  78   75     -0.708      0.126      2.500 4
  79   77     -0.705     -0.114      2.500 4
  80   78     -0.704      0.068      2.500 4
  76   83     -0.703      0.692      2.500 4
  74   84     -0.701     -0.837      2.500 4
  77   85     -0.701     -0.898      2.500 4
  85   80     -0.698     -0.093      2.500 4
  84   82     -0.697      0.191      2.500 4
  86   81     -0.696     -0.183      2.500 4
  81   87     -0.695     -0.647      2.500 4
  82   91     -0.693     -0.786      2.500 4
  83   92     -0.694      0.725      2.500 4
  89   86     -0.692     -0.311      2.500 4
  87   90     -0.692      0.493      2.500 4
  88   94     -0.692      0.552      2.500 4
  91   88     -0.690      0.080      2.500 4
  90   93     -0.689     -0.495      2.500 4
  -1   95     -0.689      0.547      2.500 4
  92   89     -0.688      0.156      2.500 4
  95   96     -0.678     -0.190      2.500 4
  93   98     -0.677     -0.850      2.500 4
  94   97     -0.678      0.178      2.500 4
  96  100     -0.671      0.519      2.500 4
  98   99     -0.667     -0.321      2.500 4
  97  104     -0.666      0.408      2.500 4
  99  102     -0.665      0.270      2.500 4
 100  101     -0.662     -0.041      2.500 4
 101  103     -0.662      0.055      2.500 4
 102  105     -0.655      0.377      2.500 4
 106  107     -0.650     -0.378      2.500 4
 105  108     -0.649     -0.899      2.500 4
 108  106     -0.649     -0.241      2.500 4
 103  110     -0.649     -0.761      2.500 4
 104  112     -0.647     -0.875      2.500 4
 107  109     -0.646      0.434      2.500 4
 109  111     -0.641     -0.386      2.500 4
 112  113     -0.636     -0.080      2.500 4
 115  114     -0.634     -0.187      2.500 4
 110  118     -0.632     -0.793      2.500 4
 111  119     -0.631      0.573      2.500 4
 113  116     -0.630      0.422      2.500 4
 114  117     -0.628     -0.547      2.500 4
 117  115     -0.627     -0.280      2.500 4
 120  120     -0.622     -0.252      2.500 4
 116  124     -0.622      0.645      2.500 4
 118  122     -0.622      0.443      2.500 4
  -1  125     -0.619     -0.905      2.500 4
 121  121     -0.617      0.062      2.500 4
 119  127     -0.614     -0.742      2.500 4
 124  123     -0.613      0.033      2.500 4
 122  128     -0.610      0.407      2.500 4
 129  126     -0.607     -0.184      2.500 4
 123  132     -0.607      0.439      2.500 4
 125  130     -0.607      0.344      2.500 4
 126  129     -0.606     -0.411      2.500 4
 127  131     -0.605     -0.439      2.500 4
 132  133     -0.601     -0.458      2.500 4
 133  134     -0.600      0.384      2.500 4
 134  136     -0.598     -0.486      2.500 4
 128  140     -0.596     -0.812      2.500 4
 135  137     -0.596      0.248      2.500 4
 130  142     -0.595     -0.768      2.500 4
 137  135     -0.595      0.131      2.500 4
 131  143     -0.595      0.765      2.500 4
 136  139     -0.593      0.339      2.500 4
 138  138     -0.591     -0.237      2.500 4
 142  141     -0.585     -0.287      2.500 4
 141  145     -0.581      0.546      2.500 4
 140  148     -0.579     -0.677      2.500 4
 139  151     -0.580      0.803      2.500 4
 143  146     -0.576     -0.501      2.500 4
 147  144     -0.575     -0.221      2.500 4
 145  147     -0.573     -0.400      2.500 4
 144  149     -0.574      0.388      2.500 4
 148  150     -0.569      0.212      2.500 4
 146  153     -0.567     -0.639      2.500 4
 152  152     -0.560     -0.191      2.500 4
 149  159     -0.557      0.722      2.500 4
 153  154     -0.554     -0.325      2.500 4
 151  157     -0.554      0.411      2.500 4
 150  162     -0.553     -0.893      2.500 4
 157  155     -0.549     -0.010      2.500 4
 156  156     -0.549      0.114      2.500 4
 161  158     -0.545     -0.232      2.500 4
 154  163     -0.544     -0.464      2.500 4
 158  161     -0.544     -0.386      2.500 4
 155  167     -0.542      0.482      2.500 4
 166  160     -0.541      0.010      2.500 4
 165  165     -0.540      0.167      2.500 4
 167  164     -0.539      0.089      2.500 4
 159  169     -0.539      0.499      2.500 4
 160  171     -0.537      0.541      2.500 4
 163  170     -0.536      0.454      2.500 4
 169  166     -0.534     -0.210      2.500 4
 162  173     -0.532      0.736      2.500 4
 172  168     -0.531     -0.009      2.500 4
 164  174     -0.531      0.671      2.500 4
 168  172     -0.529      0.483      2.500 4
 170  176     -0.522      0.645      2.500 4
 171  177     -0.519      0.575      2.500 4
 174  179     -0.517     -0.740      2.500 4
 173  180     -0.517      0.701      2.500 4
 176  175     -0.516      0.142      2.500 4
 175  182     -0.513     -0.674      2.500 4
 178  184     -0.508      0.388      2.500 4
  -1   -2     -0.506     -0.673      2.500 4
 183  178     -0.505     -0.111      2.500 4
 179  189     -0.503      0.460      2.500 4
 184  181     -0.501     -0.017      2.500 4
 182  186     -0.501     -0.413      2.500 4
 180  190     -0.500     -0.538      2.500 4
 186  183     -0.500      0.015      2.500 4
 185  187     -0.498      0.184      2.500 4
 189  185     -0.497     -0.087      2.500 4
 190  191     -0.493      0.236      2.500 4
 181  194     -0.493      0.774      2.500 4
 188  193     -0.489      0.454      2.500 4
 187  196     -0.486      0.598      2.500 4
 193  192     -0.485     -0.161      2.500 4
 191  199     -0.478      0.677      2.500 4
 192  198     -0.477     -0.699      2.500 4
 196  195     -0.477     -0.206      2.500 4
 195  197     -0.474      0.425      2.500 4
 194  200     -0.472     -0.664      2.500 4
 197  201     -0.468      0.419      2.500 4
 205  204     -0.458      0.384      2.500 4
 198  211     -0.458      0.684      2.500 4
 201  208     -0.458      0.570      2.500 4
 199  210     -0.457      0.652      2.500 4
 204  207     -0.455     -0.577      2.500 4
 200  212     -0.456      0.721      2.500 4
 206  205     -0.456      0.413      2.500 4
 202  214     -0.453     -0.726      2.500 4
 203  213     -0.453     -0.688      2.500 4
 212  202     -0.453     -0.062      2.500 4
 207  209     -0.452      0.380      2.500 4
 213  203     -0.451     -0.187      2.500 4
 218  206     -0.447     -0.026      2.500 4
 210  215     -0.447      0.360      2.500 4
 208  217     -0.445      0.535      2.500 4
 209  219     -0.442     -0.613      2.500 4
 214  221     -0.440      0.522      2.500 4
 216  224     -0.438     -0.576      2.500 4
 211  226     -0.438      0.695      2.500 4
 220  218     -0.438     -0.458      2.500 4
 224  216     -0.437     -0.105      2.500 4
 221  222     -0.436     -0.496      2.500 4
 215  227     -0.436      0.665      2.500 4
 225  220     -0.434      0.204      2.500 4
 223  225     -0.432     -0.899      2.500 4
 219  228     -0.432      0.645      2.500 4
 217  229     -0.431      0.761      2.500 4
  -1  230     -0.427     -0.074      2.500 4
 222  233     -0.425      0.753      2.500 4
 227  232     -0.423      0.478      2.500 4
 228  231     -0.421     -0.468      2.500 4
 226  237     -0.419     -0.833      2.500 4
 230  235     -0.416      0.487      2.500 4
 229  248     -0.414     -0.074      2.500 4
 234  239     -0.413     -0.665      2.500 4
 235  240     -0.412      0.593      2.500 4
 231  244     -0.411     -0.774      2.500 4
 232  245     -0.411      0.828      2.500 4
 233  247     -0.409     -0.893      2.500 4
 241  234     -0.408     -0.186      2.500 4
 237  238     -0.408      0.327      2.500 4
 244  236     -0.404     -0.196      2.500 4
 239  242     -0.404     -0.446      2.500 4
 246  243     -0.401      0.229      2.500 4
 238  252     -0.399      0.588      2.500 4
 240  251     -0.398      0.534      2.500 4
 248  241     -0.397     -0.226      2.500 4
 236   -2     -0.394     -0.071      2.500 4
 253  249     -0.392      0.117      2.500 4
 245  255     -0.392      0.581      2.500 4
 254  250     -0.391     -0.185      2.500 4
 243  259     -0.391     -0.818      2.500 4
 242  258     -0.391      0.826      2.500 4
 255  253     -0.387     -0.371      2.500 4
 249  256     -0.386     -0.560      2.500 4
 250  260     -0.385      0.502      2.500 4
  -1   -2     -0.383      0.582      2.500 4
 261  254     -0.381     -0.067      2.500 4
 259  257     -0.380      0.265      2.500 4
 257  261     -0.379      0.335      2.500 4
 256  265     -0.378      0.592      2.500 4
 260  267     -0.372      0.468      2.500 4
 265  263     -0.370      0.036      2.500 4
 258  273     -0.369      0.787      2.500 4
 263  268     -0.368      0.352      2.500 4
 268  264     -0.366      0.102      2.500 4
 271  266     -0.363     -0.088      2.500 4
 264  275     -0.361     -0.673      2.500 4
 262  277     -0.361      0.771      2.500 4
  -1   -2     -0.359     -0.026      2.500 4
 274  270     -0.358     -0.166      2.500 4
 266  276     -0.359      0.463      2.500 4
 273  271     -0.358      0.086      2.500 4
 276  272     -0.354     -0.022      2.500 4
 267  279     -0.353     -0.774      2.500 4
 277  274     -0.351     -0.253      2.500 4
 269  281     -0.350      0.663      2.500 4
 270  284     -0.348      0.796      2.500 4
 281  278     -0.344     -0.307      2.500 4
 280  280     -0.343      0.296      2.500 4
 275  286     -0.342      0.607      2.500 4
 278  288     -0.338      0.624      2.500 4
 279  287     -0.336     -0.672      2.500 4
 286  282     -0.335     -0.129      2.500 4
 288  283     -0.335     -0.123      2.500 4
 289  285     -0.332     -0.243      2.500 4
 282  291     -0.331      0.792      2.500 4
 283  292     -0.328      0.629      2.500 4
 287  290     -0.325     -0.592      2.500 4
 284  294     -0.325      0.675      2.500 4
 291  289     -0.322     -0.313      2.500 4
 285  297     -0.321     -0.904      2.500 4
 294  293     -0.316     -0.371      2.500 4
 290  298     -0.316      0.463      2.500 4
 292  296     -0.315      0.383      2.500 4
 296  295     -0.314     -0.406      2.500 4
 297  299     -0.312     -0.487      2.500 4
 299  300     -0.310     -0.441      2.500 4
 293  303     -0.309     -0.711      2.500 4
 298  302     -0.309      0.387      2.500 4
 300  301     -0.305      0.195      2.500 4
 295  309     -0.305      0.771      2.500 4
 306  305     -0.298      0.239      2.500 4
 311  304     -0.297     -0.255      2.500 4
 301  310     -0.297      0.500      2.500 4
 303  311     -0.295     -0.557      2.500 4
 314  306     -0.294     -0.126      2.500 4
 316  307     -0.294     -0.092      2.500 4
 315  308     -0.293      0.077      2.500 4
 302  313     -0.293     -0.640      2.500 4
 305  312     -0.292      0.489      2.500 4
 304  316     -0.290      0.658      2.500 4
 309  315     -0.289      0.575      2.500 4
 307  317     -0.289      0.627      2.500 4
 308  318     -0.288     -0.735      2.500 4
 310  319     -0.287      0.721      2.500 4
 312  320     -0.282     -0.823      2.500 4
 313  322     -0.282      0.819      2.500 4
 319  314     -0.280      0.076      2.500 4
 317  324     -0.278     -0.754      2.500 4
 320  321     -0.273      0.280      2.500 4
 318  331     -0.268     -0.780      2.500 4
 321  323     -0.267      0.122      2.500 4
 322  325     -0.265      0.083      2.500 4
 323  329     -0.261      0.201      2.500 4
 328  326     -0.261     -0.050      2.500 4
 329  327     -0.260      0.040      2.500 4
 326  328     -0.260      0.097      2.500 4
 327  330     -0.259     -0.261      2.500 4
 324  335     -0.255     -0.538      2.500 4
 331  332     -0.251     -0.081      2.500 4
 325  337     -0.249      0.732      2.500 4
 332  333     -0.249      0.086      2.500 4
 333  334     -0.248     -0.148      2.500 4
 334  336     -0.245      0.240      2.500 4
 330  338     -0.243      0.592      2.500 4
 335  342     -0.232      0.695      2.500 4
 336  340     -0.232      0.408      2.500 4
 338  341     -0.227      0.348      2.500 4
 342  339     -0.227     -0.227      2.500 4
 337  343     -0.226      0.544      2.500 4
 344  344     -0.221      0.395      2.500 4
 341  345     -0.220     -0.560      2.500 4
 345  346     -0.217     -0.598      2.500 4
 340  349     -0.217     -0.813      2.500 4
 339  351     -0.217      0.782      2.500 4
 343  352     -0.216     -0.835      2.500 4
 346  347     -0.213     -0.899      2.500 4
 347  348     -0.212      0.427      2.500 4
 349  350     -0.209     -0.439      2.500 4
 348  358     -0.207      0.826      2.500 4
 350  354     -0.206     -0.552      2.500 4
 351  355     -0.204      0.430      2.500 4
 352  357     -0.203     -0.588      2.500 4
 355  353     -0.203      0.007      2.500 4
 354  360     -0.199     -0.612      2.500 4
 353  361     -0.199      0.551      2.500 4
 359  356     -0.196     -0.083      2.500 4
 358  362     -0.194      0.316      2.500 4
 361  359     -0.193     -0.242      2.500 4
 356  366     -0.191     -0.792      2.500 4
 360  363     -0.191      0.255      2.500 4
 357  365     -0.190      0.481      2.500 4
 363  364     -0.186      0.102      2.500 4
 362  367     -0.183     -0.402      2.500 4
 365  368     -0.181     -0.302      2.500 4
 366  369     -0.180     -0.319      2.500 4
 368  375     -0.173     -0.547      2.500 4
 369  371     -0.173     -0.374      2.500 4
 367  377     -0.173      0.595      2.500 4
 364  378     -0.173      0.809      2.500 4
 371  370     -0.171     -0.088      2.500 4
 372  372     -0.170     -0.155      2.500 4
 373  373     -0.168     -0.071      2.500 4
 374  374     -0.168     -0.130      2.500 4
 375  376     -0.167     -0.256      2.500 4
 370  381     -0.165      0.538      2.500 4
 376  379     -0.161     -0.390      2.500 4
 379  380     -0.158     -0.147      2.500 4
 377  384     -0.156      0.484      2.500 4
 378  383     -0.156     -0.521      2.500 4
 380  382     -0.154     -0.255      2.500 4
 381  386     -0.150      0.402      2.500 4
 385  385     -0.148      0.268      2.500 4
 386  387     -0.148      0.288      2.500 4
 382  390     -0.147      0.583      2.500 4
 384  388     -0.147     -0.522      2.500 4
 383  393     -0.145      0.808      2.500 4
 388  391     -0.141     -0.354      2.500 4
 390  389     -0.140     -0.067      2.500 4
 387  394     -0.139      0.470      2.500 4
 392  392     -0.137      0.072      2.500 4
 394  395     -0.133     -0.493      2.500 4
 389  398     -0.132      0.640      2.500 4
 391  399     -0.131      0.757      2.500 4
  -1   -2     -0.130     -0.435      2.500 4
 396  397     -0.130     -0.443      2.500 4
 393  400     -0.129      0.708      2.500 4
 397  401     -0.125      0.526      2.500 4
 399  403     -0.124     -0.683      2.500 4
 401  402     -0.123     -0.610      2.500 4
 398  404     -0.123      0.665      2.500 4
 400  405     -0.122     -0.898      2.500 4
 402  407     -0.111     -0.641      2.500 4
 403  409     -0.109      0.502      2.500 4
 404  408     -0.108      0.365      2.500 4
 407  406     -0.108      0.079      2.500 4
 405  412     -0.105      0.548      2.500 4
 406  414     -0.104     -0.596      2.500 4
  -1  413     -0.103      0.295      2.500 4
 409  411     -0.103     -0.433      2.500 4
 408   -2     -0.102      0.302      2.500 4
 411  415     -0.098     -0.535      2.500 4
 414  416     -0.092     -0.077      2.500 4
 416  417     -0.090      0.130      2.500 4
 418  418     -0.089      0.113      2.500 4
 415  419     -0.089     -0.414      2.500 4
 412  421     -0.087     -0.745      2.500 4
 413  422     -0.087      0.669      2.500 4
 422  420     -0.085     -0.228      2.500 4
 417  424     -0.085      0.685      2.500 4
 419  426     -0.083      0.606      2.500 4
 421  428     -0.081     -0.814      2.500 4
 420  429     -0.081      0.802      2.500 4
 423  423     -0.081     -0.203      2.500 4
 424  425     -0.079      0.097      2.500 4
 425  427     -0.078     -0.277      2.500 4
 427  430     -0.076      0.308      2.500 4
 428  431     -0.075     -0.259      2.500 4
 426  432     -0.073     -0.751      2.500 4
 429  434     -0.065      0.464      2.500 4
 431  433     -0.065     -0.319      2.500 4
 430  435     -0.063      0.624      2.500 4
 432  436     -0.059      0.188      2.500 4
 433  438     -0.053      0.590      2.500 4
 434  439     -0.052     -0.552      2.500 4
 435  437     -0.051     -0.254      2.500 4
 437  440     -0.049     -0.180      2.500 4
 436  442     -0.047     -0.492      2.500 4
  -1   -2     -0.046      0.403      2.500 4
 438  444     -0.046      0.413      2.500 4
 440  441     -0.046      0.129      2.500 4
 441  446     -0.041      0.309      2.500 4
 443  445     -0.040     -0.033      2.500 4
 442  448     -0.040     -0.439      2.500 4
 444  447     -0.039     -0.083      2.500 4
 445  449     -0.029     -0.302      2.500 4
 446  451     -0.025      0.766      2.500 4
 447  450     -0.024     -0.541      2.500 4
 448  452     -0.022      0.684      2.500 4
 449  453     -0.019     -0.477      2.500 4
 450  455     -0.018      0.487      2.500 4
 452  454     -0.017     -0.052      2.500 4
 451  456     -0.016     -0.580      2.500 4
 453  457     -0.013      0.812      2.500 4
 454  458     -0.011     -0.390      2.500 4
 456  459     -0.010     -0.224      2.500 4
 455  460     -0.010      0.169      2.500 4
 457  463     -0.008     -0.827      2.500 4
 459  462     -0.008      0.383      2.500 4
 458  461     -0.008      0.310      2.500 4
 460  464     -0.004     -0.840      2.500 4
 462  465     -0.002     -0.690      2.500 4
 461   -2     -0.001     -0.894      2.500 4
 464  466     -0.000     -0.414      2.500 4
 463  468      0.000     -0.708      2.500 4
 465  467      0.001     -0.083      2.500 4
 466  469      0.003      0.615      2.500 4
 467  470      0.003      0.368      2.500 4
 469  473      0.004     -0.533      2.500 4
 470  472      0.004      0.017      2.500 4
 472  471      0.004      0.002      2.500 4
 471  474      0.005     -0.444      2.500 4
 473  475      0.006     -0.112      2.500 4
 474  476      0.006      0.249      2.500 4
 475  477      0.009     -0.604      2.500 4
 476  478      0.012     -0.816      2.500 4
 478  479      0.013      0.149      2.500 4
 477  480      0.013      0.756      2.500 4
 479  481      0.014      0.435      2.500 4
 480  482      0.015      0.285      2.500 4
 481  484      0.016      0.616      2.500 4
 482  483      0.016      0.035      2.500 4
 483  485      0.017     -0.442      2.500 4
 484  486      0.018     -0.755      2.500 4
 485  487      0.019      0.175      2.500 4
 486  489      0.020      0.683      2.500 4
 487  488      0.020     -0.271      2.500 4
 488  490      0.020     -0.514      2.500 4
 489  491      0.021      0.784      2.500 4
 490  492      0.021      0.067      2.500 4
 491  493      0.024      0.095      2.500 4
 492  494      0.026     -0.021      2.500 4
 493  495      0.027     -0.609      2.500 4
 494  496      0.027     -0.414      2.500 4
 495  497      0.028     -0.491      2.500 4
 496  498      0.029      0.525      2.500 4
 497  499      0.030     -0.444      2.500 4
 498  500      0.033     -0.656      2.500 4
  -1   -2      0.033     -0.487      2.500 4
 500  502      0.034      0.188      2.500 4
 501  503      0.035     -0.576      2.500 4
 502  505      0.035     -0.599      2.500 4
 503  504      0.035      0.814      2.500 4
 504  506      0.047      0.006      2.500 4
 505  507      0.049     -0.383      2.500 4
 506  508      0.051     -0.241      2.500 4
 507  509      0.053      0.173      2.500 4
 508  510      0.056      0.426      2.500 4
 509  512      0.058     -0.660      2.500 4
 510  511      0.059      0.649      2.500 4
 511  513      0.060      0.596      2.500 4
 512  514      0.062     -0.338      2.500 4
 513  515      0.062      0.017      2.500 4
 516  516      0.064     -0.644      2.500 4
 514  518      0.065     -0.136      2.500 4
 518  517      0.065      0.586      2.500 4
 515  519      0.066     -0.117      2.500 4
 517  520      0.067     -0.210      2.500 4
 519  522      0.072      0.079      2.500 4
 520  521      0.072      0.442      2.500 4
 522  524      0.078     -0.212      2.500 4
 521  523      0.078      0.044      2.500 4
 523  525      0.082      0.269      2.500 4
 524  526      0.084     -0.472      2.500 4
 525  528      0.086      0.112      2.500 4
 526  527      0.087     -0.879      2.500 4
 528  529      0.090     -0.727      2.500 4
 527  530      0.091     -0.394      2.500 4
 529  532      0.093      0.234      2.500 4
 530  531      0.093     -0.638      2.500 4
 531  533      0.097     -0.035      2.500 4
 533  534      0.104      0.723      2.500 4
 532  536      0.106      0.293      2.500 4
 534  535      0.106     -0.842      2.500 4
 535  537      0.109      0.615      2.500 4
 536  538      0.111     -0.784      2.500 4
 537  539      0.112      0.562      2.500 4
 538  541      0.113     -0.568      2.500 4
 541  540      0.115     -0.883      2.500 4
 542  542      0.116      0.781      2.500 4
 539  544      0.117      0.010      2.500 4
 544  543      0.119      0.548      2.500 4
 540  545      0.119     -0.292      2.500 4
 543  546      0.121     -0.381      2.500 4
 545  548      0.127      0.150      2.500 4
 548  547      0.127     -0.823      2.500 4
 547  549      0.129     -0.400      2.500 4
 546  550      0.130      0.126      2.500 4
  -1   -2      0.134      0.146      2.500 4
 553  551      0.140     -0.879      2.500 4
 550  555      0.141     -0.492      2.500 4
 555  553      0.143      0.696      2.500 4
 556  554      0.144     -0.802      2.500 4
 551  557      0.145      0.009      2.500 4
 552  559      0.146     -0.083      2.500 4
 557  556      0.147      0.419      2.500 4
 554  563      0.149     -0.189      2.500 4
 558  565      0.150      0.214      2.500 4
 561  564      0.152     -0.469      2.500 4
 562  562      0.152     -0.528      2.500 4
 565  558      0.153     -0.884      2.500 4
 566  561      0.154     -0.797      2.500 4
 560  571      0.154     -0.211      2.500 4
 567  560      0.154      0.788      2.500 4
 559  572      0.154      0.034      2.500 4
 568  568      0.156     -0.605      2.500 4
 564  569      0.156     -0.455      2.500 4
 570  567      0.156      0.618      2.500 4
 563  573      0.157     -0.081      2.500 4
 572  566      0.158     -0.890      2.500 4
 573  570      0.160     -0.843      2.500 4
 569  575      0.162     -0.022      2.500 4
 571  576      0.164     -0.199      2.500 4
 575  574      0.165      0.649      2.500 4
 574  579      0.171      0.017      2.500 4
 576  578      0.171      0.198      2.500 4
 577  577      0.173      0.730      2.500 4
 580  580      0.180      0.721      2.500 4
 578  582      0.180      0.260      2.500 4
  -1   -2      0.184     -0.468      2.500 4
 586  581      0.185     -0.854      2.500 4
 583  583      0.185      0.424      2.500 4
 581  585      0.186      0.292      2.500 4
 585  586      0.187     -0.477      2.500 4
 582  589      0.189     -0.218      2.500 4
 584  592      0.190      0.065      2.500 4
 588  588      0.191     -0.429      2.500 4
 591  587      0.193     -0.615      2.500 4
 590  591      0.193      0.360      2.500 4
 587  594      0.194      0.011      2.500 4
 589  596      0.196     -0.065      2.500 4
 593  590      0.197     -0.848      2.500 4
 597  593      0.200      0.695      2.500 4
 592  599      0.202     -0.050      2.500 4
 594  597      0.203     -0.432      2.500 4
 595  598      0.204     -0.448      2.500 4
 600  595      0.206      0.794      2.500 4
 598  601      0.209      0.206      2.500 4
 596  603      0.209     -0.175      2.500 4
 599  604      0.213      0.031      2.500 4
 603  600      0.214      0.545      2.500 4
 602  602      0.214     -0.484      2.500 4
 601  605      0.215     -0.300      2.500 4
 604  607      0.220     -0.344      2.500 4
 605  608      0.221      0.290      2.500 4
 607  606      0.222     -0.898      2.500 4
 608  609      0.225      0.445      2.500 4
 606  613      0.226      0.094      2.500 4
 610  612      0.231     -0.552      2.500 4
 613  610      0.231      0.572      2.500 4
 611  611      0.231     -0.580      2.500 4
 609  616      0.232     -0.226      2.500 4
 617  615      0.238      0.519      2.500 4
 612  617      0.239      0.120      2.500 4
 619  614      0.240      0.815      2.500 4
 614  619      0.243      0.105      2.500 4
 615  620      0.243     -0.166      2.500 4
 616  621      0.245      0.033      2.500 4
 620  618      0.246      0.439      2.500 4
 618  625      0.250      0.026      2.500 4
 623  623      0.253     -0.505      2.500 4
 621  628      0.254      0.232      2.500 4
 622  632      0.258     -0.114      2.500 4
 631  622      0.258     -0.758      2.500 4
 625  630      0.258      0.297      2.500 4
 627  627      0.259     -0.562      2.500 4
 630  624      0.260      0.550      2.500 4
 624  633      0.260     -0.001      2.500 4
 632  626      0.261      0.607      2.500 4
 635  629      0.264      0.647      2.500 4
 626  637      0.266      0.071      2.500 4
 628  639      0.266     -0.133      2.500 4
 629  638      0.266     -0.216      2.500 4
 636  631      0.267     -0.787      2.500 4
 633  640      0.270     -0.346      2.500 4
 634  641      0.274      0.126      2.500 4
 640  635      0.275      0.734      2.500 4
 641  634      0.275     -0.882      2.500 4
 639  636      0.276     -0.748      2.500 4
 638  645      0.282     -0.390      2.500 4
 643  644      0.283     -0.509      2.500 4
 637  647      0.286     -0.127      2.500 4
 645  642      0.286     -0.740      2.500 4
 642  650      0.290     -0.033      2.500 4
 649  643      0.291     -0.788      2.500 4
 644  651      0.294     -0.054      2.500 4
 648  649      0.297      0.407      2.500 4
 651  648      0.299     -0.673      2.500 4
 647  654      0.301     -0.247      2.500 4
 650  652      0.304      0.354      2.500 4
 654  653      0.307      0.462      2.500 4
 652  657      0.309      0.287      2.500 4
 659  655      0.312     -0.613      2.500 4
 653  661      0.312     -0.271      2.500 4
 660  656      0.312      0.511      2.500 4
 656  658      0.312      0.367      2.500 4
 655  660      0.313     -0.395      2.500 4
 657  659      0.314     -0.432      2.500 4
 658  666      0.319      0.200      2.500 4
 663  663      0.324     -0.752      2.500 4
 664  662      0.324      0.721      2.500 4
 661  667      0.325     -0.312      2.500 4
 665  664      0.327      0.583      2.500 4
 668  665      0.329      0.665      2.500 4
 666  668      0.332      0.392      2.500 4
 662  671      0.332     -0.109      2.500 4
 670  669      0.335     -0.577      2.500 4
 672  670      0.341     -0.744      2.500 4
 667  676      0.341      0.055      2.500 4
 669  678      0.342      0.100      2.500 4
 671  672      0.344      0.472      2.500 4
 674  675      0.347     -0.537      2.500 4
  -1   -2      0.350      0.677      2.500 4
 678  677      0.350     -0.552      2.500 4
 687  674      0.351      0.723      2.500 4
 677  681      0.351      0.386      2.500 4
 683  680      0.353      0.515      2.500 4
 673  686      0.353      0.164      2.500 4
 676  685      0.354      0.267      2.500 4
 680  684      0.354      0.373      2.500 4
 675  688      0.356     -0.000      2.500 4
 692  679      0.357     -0.872      2.500 4
 689  682      0.357     -0.696      2.500 4
 681  690      0.359     -0.288      2.500 4
 693  683      0.362      0.678      2.500 4
 679  693      0.362     -0.012      2.500 4
 684  692      0.362      0.122      2.500 4
 688  689      0.362     -0.433      2.500 4
 682  695      0.363     -0.188      2.500 4
 685  694      0.363      0.100      2.500 4
 690  691      0.364      0.343      2.500 4
 697  687      0.368     -0.895      2.500 4
 691  699      0.370      0.053      2.500 4
 694  700      0.375      0.085      2.500 4
 700  697      0.377     -0.630      2.500 4
 703  696      0.379      0.706      2.500 4
 695  705      0.380      0.029      2.500 4
 702  698      0.381     -0.658      2.500 4
 696  708      0.382     -0.032      2.500 4
 699  704      0.383     -0.384      2.500 4
 698  710      0.384      0.036      2.500 4
 701  706      0.386      0.303      2.500 4
 704  709      0.390      0.377      2.500 4
 705  707      0.390      0.410      2.500 4
 706  702      0.391     -0.695      2.500 4
 708  701      0.391      0.639      2.500 4
 707  703      0.391     -0.709      2.500 4
 712  711      0.400     -0.677      2.500 4
 709  714      0.401      0.333      2.500 4
 714  712      0.404     -0.821      2.500 4
 711  715      0.406     -0.440      2.500 4
 710  720      0.407      0.235      2.500 4
 717  713      0.407     -0.762      2.500 4
 715  722      0.415      0.350      2.500 4
 720  717      0.415     -0.717      2.500 4
 713  724      0.416      0.083      2.500 4
 722  719      0.417      0.689      2.500 4
 723  716      0.417      0.829      2.500 4
 724  718      0.417     -0.889      2.500 4
 725  721      0.420      0.790      2.500 4
 716  726      0.421     -0.209      2.500 4
 718  728      0.424      0.002      2.500 4
 728  723      0.427      0.722      2.500 4
 727  725      0.429      0.570      2.500 4
 719  730      0.429     -0.140      2.500 4
 726  727      0.430     -0.512      2.500 4
 721  731      0.431     -0.186      2.500 4
 732  729      0.438      0.516      2.500 4
 730  732      0.439     -0.898      2.500 4
 729  734      0.444     -0.181      2.500 4
 731  738      0.448      0.125      2.500 4
 733  737      0.449      0.233      2.500 4
 739  733      0.450      0.665      2.500 4
 734  740      0.454     -0.104      2.500 4
 740  739      0.456      0.425      2.500 4
 741  735      0.457     -0.654      2.500 4
 742  736      0.457     -0.663      2.500 4
 735  742      0.457     -0.004      2.500 4
 737  741      0.457     -0.275      2.500 4
 736  743      0.457      0.005      2.500 4
 738  745      0.459      0.081      2.500 4
 743  744      0.464      0.317      2.500 4
 744  747      0.467     -0.412      2.500 4
 748  746      0.470     -0.552      2.500 4
 747  749      0.472      0.337      2.500 4
 745  751      0.473     -0.108      2.500 4
 746  750      0.473     -0.327      2.500 4
 752  748      0.479      0.617      2.500 4
 749  754      0.481     -0.150      2.500 4
 750  753      0.483      0.232      2.500 4
 753  752      0.486      0.459      2.500 4
 756  757      0.491     -0.511      2.500 4
 751  763      0.493     -0.015      2.500 4
 759  759      0.496      0.482      2.500 4
 760  758      0.496      0.542      2.500 4
 758  761      0.497     -0.548      2.500 4
 754  768      0.498     -0.159      2.500 4
 762  756      0.498     -0.769      2.500 4
 764  755      0.498     -0.903      2.500 4
 757  766      0.499     -0.392      2.500 4
 761  760      0.499     -0.639      2.500 4
 755  770      0.499      0.022      2.500 4
 765  765      0.505     -0.609      2.500 4
 767  762      0.508      0.777      2.500 4
 768  764      0.509      0.765      2.500 4
 766  769      0.510      0.503      2.500 4
 774  767      0.513     -0.833      2.500 4
 763  774      0.514     -0.036      2.500 4
 777  771      0.518     -0.736      2.500 4
 776  773      0.521     -0.531      2.500 4
 775  775      0.523     -0.472      2.500 4
 771  778      0.523      0.185      2.500 4
 770  780      0.524     -0.207      2.500 4
 769  781      0.525     -0.160      2.500 4
 779  772      0.526      0.723      2.500 4
 772  785      0.526     -0.149      2.500 4
 773  786      0.527     -0.023      2.500 4
 778  779      0.530      0.349      2.500 4
 781  782      0.534     -0.528      2.500 4
 785  777      0.535      0.707      2.500 4
 786  776      0.534     -0.903      2.500 4
 782  783      0.534     -0.520      2.500 4
 780  787      0.539      0.157      2.500 4
 789  784      0.539     -0.725      2.500 4
 784  788      0.543      0.164      2.500 4
 783  791      0.543      0.068      2.500 4
 788  790      0.546      0.275      2.500 4
 787  792      0.547      0.232      2.500 4
 791  789      0.551     -0.556      2.500 4
 790  796      0.554     -0.128      2.500 4
 793  793      0.556      0.371      2.500 4
 792  800      0.561      0.041      2.500 4
 796  794      0.562      0.528      2.500 4
 794  797      0.562      0.381      2.500 4
 795  795      0.562     -0.578      2.500 4
 798  798      0.568      0.549      2.500 4
 797  799      0.569     -0.599      2.500 4
 799  804      0.576     -0.380      2.500 4
 801  801      0.579     -0.827      2.500 4
 800  802      0.579     -0.560      2.500 4
 803  803      0.584      0.610      2.500 4
 806  805      0.588      0.741      2.500 4
 807  806      0.588     -0.833      2.500 4
 805  808      0.591      0.502      2.500 4
 809  809      0.593      0.614      2.500 4
 802  812      0.593      0.138      2.500 4
 811  807      0.594     -0.820      2.500 4
 813  810      0.600      0.671      2.500 4
 804  814      0.600      0.002      2.500 4
 816  811      0.604      0.786      2.500 4
 808  817      0.603     -0.133      2.500 4
 810  819      0.605     -0.230      2.500 4
 818  813      0.607     -0.681      2.500 4
 815  815      0.608      0.356      2.500 4
 812  820      0.608     -0.260      2.500 4
 814  822      0.614      0.010      2.500 4
 820  816      0.614      0.573      2.500 4
 817  823      0.617     -0.211      2.500 4
 823  818      0.618      0.799      2.500 4
 819  824      0.621     -0.321      2.500 4
 821  821      0.621     -0.575      2.500 4
  -1   -2      0.627     -0.323      2.500 4
 827  826      0.634      0.617      2.500 4
 825  829      0.633     -0.453      2.500 4
 829  825      0.635     -0.833      2.500 4
 828  828      0.635     -0.639      2.500 4
 824  834      0.637     -0.106      2.500 4
 826  832      0.638      0.217      2.500 4
 830  830      0.640      0.553      2.500 4
 832  831      0.644      0.652      2.500 4
 834  833      0.646     -0.699      2.500 4
 831  838      0.650     -0.354      2.500 4
 836  835      0.651      0.698      2.500 4
 838  836      0.654      0.525      2.500 4
 833  848      0.657      0.011      2.500 4
 839  840      0.657     -0.898      2.500 4
 844  837      0.658     -0.849      2.500 4
 842  841      0.660      0.411      2.500 4
 845  839      0.660     -0.797      2.500 4
 835  850      0.660     -0.092      2.500 4
 843  842      0.661      0.377      2.500 4
 837  854      0.663     -0.157      2.500 4
 841  855      0.663     -0.201      2.500 4
 848  846      0.665     -0.662      2.500 4
 849  844      0.666      0.618      2.500 4
 846  849      0.666      0.407      2.500 4
 851  845      0.667      0.654      2.500 4
 853  843      0.667     -0.809      2.500 4
 855  847      0.669      0.724      2.500 4
 847  851      0.669      0.431      2.500 4
 856  853      0.672     -0.673      2.500 4
 857  852      0.673     -0.775      2.500 4
 850  856      0.673      0.276      2.500 4
 852  858      0.679      0.016      2.500 4
 854  860      0.680      0.003      2.500 4
 859  857      0.682      0.745      2.500 4
 858  862      0.689      0.122      2.500 4
 863  859      0.691     -0.806      2.500 4
 860  863      0.694     -0.461      2.500 4
 861  868      0.697      0.183      2.500 4
 865  861      0.698     -0.861      2.500 4
 864  866      0.698     -0.522      2.500 4
 866  864      0.700     -0.756      2.500 4
 869  865      0.701     -0.808      2.500 4
 868  867      0.703      0.615      2.500 4
 862  869      0.703     -0.011      2.500 4
 867  872      0.710     -0.242      2.500 4
 874  871      0.716     -0.745      2.500 4
 876  870      0.716      0.692      2.500 4
 870  877      0.719      0.095      2.500 4
  -1   -2      0.721     -0.643      2.500 4
 871  882      0.722     -0.184      2.500 4
 882  874      0.723      0.586      2.500 4
 872  881      0.722     -0.267      2.500 4
 881  875      0.722     -0.633      2.500 4
 875  880      0.723      0.220      2.500 4
 873  883      0.723     -0.215      2.500 4
 879  878      0.723     -0.470      2.500 4
 877  885      0.726      0.063      2.500 4
 878  886      0.726      0.085      2.500 4
 883  876      0.728      0.810      2.500 4
 885  879      0.731     -0.866      2.500 4
 886  884      0.733     -0.903      2.500 4
 888  887      0.735      0.736      2.500 4
 884  889      0.736     -0.383      2.500 4
 889  890      0.741      0.396      2.500 4
 895  888      0.742      0.763      2.500 4
 892  892      0.742      0.437      2.500 4
 887  896      0.743      0.039      2.500 4
 890  894      0.744     -0.423      2.500 4
 896  891      0.745      0.669      2.500 4
 891  897      0.746      0.201      2.500 4
 898  893      0.747     -0.743      2.500 4
 893  899      0.747     -0.226      2.500 4
 897  895      0.749      0.455      2.500 4
 894  902      0.749     -0.149      2.500 4
 900  898      0.753      0.520      2.500 4
 899  900      0.753     -0.536      2.500 4
 902  903      0.757     -0.516      2.500 4
 905  901      0.758      0.749      2.500 4
 901  908      0.760      0.092      2.500 4
 903  907      0.760      0.247      2.500 4
 907  905      0.763      0.541      2.500 4
  -1   -2      0.763      0.258      2.500 4
 909  904      0.763     -0.904      2.500 4
 906  913      0.765      0.051      2.500 4
 912  906      0.766      0.795      2.500 4
 910  910      0.766      0.481      2.500 4
 911  912      0.768      0.368      2.500 4
 913  911      0.769      0.589      2.500 4
 908  915      0.770     -0.115      2.500 4
 916  914      0.773      0.633      2.500 4
 914  916      0.774      0.337      2.500 4
 918  917      0.778      0.715      2.500 4
 915  920      0.778      0.010      2.500 4
 920  918      0.781      0.752      2.500 4
 919  919      0.781     -0.460      2.500 4
 917  923      0.782     -0.249      2.500 4
 922  922      0.786     -0.527      2.500 4
 925  921      0.786     -0.758      2.500 4
 921  925      0.786     -0.311      2.500 4
  -1   -2      0.790      0.608      2.500 4
 923  927      0.790     -0.103      2.500 4
 924  928      0.792     -0.006      2.500 4
 927  929      0.795      0.199      2.500 4
 928  926      0.796      0.601      2.500 4
 929  930      0.803      0.348      2.500 4
 930  933      0.805      0.250      2.500 4
 935  931      0.806     -0.697      2.500 4
 934  932      0.807      0.541      2.500 4
 931  936      0.808     -0.061      2.500 4
 933  934      0.808     -0.325      2.500 4
 932  939      0.810     -0.017      2.500 4
 937  935      0.812     -0.685      2.500 4
 938  938      0.814      0.586      2.500 4
 939  937      0.814      0.734      2.500 4
 936  941      0.814     -0.004      2.500 4
 940  940      0.818      0.515      2.500 4
 941  942      0.819     -0.548      2.500 4
 943  945      0.823      0.289      2.500 4
 944  944      0.823      0.413      2.500 4
 945  943      0.823     -0.690      2.500 4
 942  948      0.824     -0.050      2.500 4
  -1   -2      0.826      0.298      2.500 4
 947  946      0.827     -0.640      2.500 4
 948  949      0.836     -0.540      2.500 4
 952  950      0.839     -0.864      2.500 4
 949  955      0.839      0.150      2.500 4
 950  953      0.840      0.276      2.500 4
 954  951      0.840     -0.874      2.500 4
 953  952      0.840     -0.705      2.500 4
 951  956      0.842     -0.075      2.500 4
 955  954      0.842     -0.840      2.500 4
 958  957      0.846     -0.445      2.500 4
 957  959      0.847     -0.301      2.500 4
 956  961      0.848     -0.154      2.500 4
 960  958      0.849     -0.890      2.500 4
 961  960      0.851      0.469      2.500 4
 959  963      0.852      0.004      2.500 4
 962  962      0.853      0.278      2.500 4
 963  966      0.855     -0.086      2.500 4
 964  965      0.856      0.042      2.500 4
 965  964      0.857     -0.606      2.500 4
 966  967      0.864     -0.413      2.500 4
 967  968      0.866     -0.375      2.500 4
 968  970      0.869     -0.244      2.500 4
 969  969      0.870      0.459      2.500 4
 971  971      0.873      0.780      2.500 4
 972  972      0.873      0.743      2.500 4
 970  974      0.874     -0.197      2.500 4
 973  973      0.874     -0.898      2.500 4
 974  975      0.877      0.662      2.500 4
 975  976      0.876     -0.805      2.500 4
 976  977      0.879     -0.584      2.500 4
 977  978      0.882      0.230      2.500 4
 978  979      0.886     -0.704      2.500 4
 979  980      0.889      0.715      2.500 4
 980  981      0.890     -0.656      2.500 4
 981  982      0.892      0.432      2.500 4
 982  983      0.900      0.400      2.500 4
 983  984      0.900     -0.513      2.500 4
 985  985      0.901     -0.819      2.500 4
 986  986      0.903      0.622      2.500 4
 984  988      0.902     -0.250      2.500 4
 987  987      0.903      0.813      2.500 4
 988  989      0.904     -0.765      2.500 4
 990  990      0.905      0.646      2.500 4
 989  991      0.906      0.558      2.500 4
 991  992      0.909     -0.374      2.500 4
  -1   -2      0.910      0.348      2.500 4
 993  994      0.912      0.339      2.500 4
