1002
  -1    0     -0.824      0.535      2.500 4
   0    1     -0.823      0.182      2.500 4
   1    2     -0.822      0.010      2.500 4
   2    3     -0.819     -0.163      2.500 4
   3    4     -0.815     -0.257      2.500 4
   4    6     -0.815     -0.080      2.500 4
   5    5     -0.815      0.356      2.500 4
   6    7     -0.815     -0.516      2.500 4
   7    8     -0.816      0.793      2.500 4
   9   13     -0.814     -0.734      2.500 4
  10   10     -0.814     -0.298      2.500 4
  11    9     -0.814      0.138      2.500 4
   8   11     -0.815      0.574      2.500 4
  12   14     -0.814      0.648      2.500 4
  13   -2     -0.812     -0.728      2.500 4
  -1   -2     -0.813      0.654      2.500 4
  15   12     -0.812     -0.316      2.500 4
  16   16     -0.809      0.226      2.500 4
  17   17     -0.806     -0.223      2.500 4
  18   18     -0.803     -0.050      2.500 4
  20   19     -0.801     -0.231      2.500 4
  21   20     -0.801      0.334      2.500 4
  19   21     -0.801      0.508      2.500 4
  22   22     -0.800      0.311      2.500 4
  23   23     -0.797     -0.479      2.500 4
  24   24     -0.795     -0.146      2.500 4
  26   25     -0.794     -0.254      2.500 4
  25   26     -0.794      0.597      2.500 4
  27   28     -0.793      0.807      2.500 4
  29   27     -0.790     -0.452      2.500 4
  28   30     -0.789     -0.891      2.500 4
  30   29     -0.789      0.158      2.500 4
  31   31     -0.788      0.520      2.500 4
  32   32     -0.783      0.069      2.500 4
  33   33     -0.780      0.153      2.500 4
  34   35     -0.777     -0.640      2.500 4
  35   34     -0.778     -0.315      2.500 4
  36   38     -0.775      0.706      2.500 4
  38   36     -0.774      0.376      2.500 4
  39   37     -0.773      0.171      2.500 4
  37   39     -0.773      0.502      2.500 4
  41   40     -0.771      0.279      2.500 4
  40   42     -0.768     -0.676      2.500 4
  43   41     -0.769      0.426      2.500 4
  42   43     -0.769      0.619      2.500 4
  44   45     -0.766      0.332      2.500 4
  45   44     -0.765     -0.208      2.500 4
  46   47     -0.760     -0.858      2.500 4
  47   46     -0.760     -0.702      2.500 4
  48   48     -0.756     -0.250      2.500 4
  49   50     -0.752      0.654      2.500 4
  51   49     -0.749     -0.276      2.500 4
  50   53     -0.748     -0.858      2.500 4
  54   51     -0.747     -0.066      2.500 4
  55   52     -0.746      0.050      2.500 4
  52   58     -0.745      0.790      2.500 4
  53   57     -0.744      0.571      2.500 4
  56   55     -0.743     -0.528      2.500 4
  57   54     -0.743      0.144      2.500 4
  58   56     -0.740     -0.213      2.500 4
  59   59     -0.738      0.382      2.500 4
  61   61     -0.736     -0.299      2.500 4
  60   62     -0.735     -0.360      2.500 4
  62   60     -0.735      0.008      2.500 4
  64   63     -0.733     -0.037      2.500 4
  65   64     -0.732     -0.169      2.500 4
  63   66     -0.730     -0.498      2.500 4
  68   65     -0.729     -0.127      2.500 4
  66   69     -0.728      0.432      2.500 4
  71   67     -0.726      0.173      2.500 4
  72   68     -0.725      0.103      2.500 4
  67   71     -0.724     -0.662      2.500 4
  74   70     -0.724     -0.100      2.500 4
  69   73     -0.724      0.559      2.500 4
  70   74     -0.723      0.546      2.500 4
  73   75     -0.720     -0.632      2.500 4
  75   72     -0.720     -0.212      2.500 4
  78   76     -0.714      0.116      2.500 4
  76   80     -0.712     -0.847      2.500 4
  77   78     -0.713      0.489      2.500 4
  79   77     -0.712      0.246      2.500 4
  82   79     -0.707     -0.361      2.500 4
  80   84     -0.707      0.774      2.500 4
  83   81     -0.707      0.205      2.500 4
  81   83     -0.706      0.522      2.500 4
  84   82     -0.704     -0.219      2.500 4
  86   86     -0.696      0.229      2.500 4
  85   88     -0.696     -0.694      2.500 4
  88   85     -0.695     -0.034      2.500 4
  89   87     -0.692      0.084      2.500 4
  87   90     -0.690      0.687      2.500 4
  90   91     -0.686     -0.551      2.500 4
  92   89     -0.685     -0.368      2.500 4
  91   95     -0.679     -0.811      2.500 4
  93   96     -0.678     -0.781      2.500 4
  98   92     -0.676     -0.277      2.500 4
  94   97     -0.676      0.544      2.500 4
  97   94     -0.676      0.327      2.500 4
 101   93     -0.675     -0.082      2.500 4
  95   99     -0.673     -0.689      2.500 4
  96  100     -0.671      0.718      2.500 4
  99  101     -0.670      0.597      2.500 4
 103   98     -0.668     -0.212      2.500 4
  -1  103     -0.667      0.593      2.500 4
 100  104     -0.665     -0.899      2.500 4
 102  105     -0.663     -0.849      2.500 4
 105  102     -0.663     -0.428      2.500 4
 104  112     -0.659      0.745      2.500 4
 107  107     -0.659      0.463      2.500 4
 106  113     -0.655     -0.807      2.500 4
 109  111     -0.653     -0.434      2.500 4
 113  106     -0.653      0.087      2.500 4
 111  109     -0.653     -0.318      2.500 4
 115  108     -0.652      0.053      2.500 4
 114  110     -0.652     -0.286      2.500 4
 110  114     -0.651      0.432      2.500 4
 112  115     -0.649     -0.899      2.500 4
 108  117     -0.650      0.566      2.500 4
 116  116     -0.645     -0.205      2.500 4
 118  118     -0.634      0.484      2.500 4
 117  121     -0.632     -0.859      2.500 4
 119  119     -0.629      0.165      2.500 4
 120  120     -0.627     -0.265      2.500 4
 121  124     -0.619      0.470      2.500 4
 123  125     -0.616     -0.454      2.500 4
 124  122     -0.616     -0.319      2.500 4
 122  127     -0.615     -0.590      2.500 4
 128  123     -0.614     -0.244      2.500 4
 126  126     -0.613      0.291      2.500 4
 127  128     -0.611     -0.482      2.500 4
 130  130     -0.609      0.392      2.500 4
 129  132     -0.607      0.489      2.500 4
 125  135     -0.605     -0.783      2.500 4
 135  129     -0.604     -0.208      2.500 4
 132  133     -0.603     -0.500      2.500 4
 134  134     -0.601      0.452      2.500 4
 140  131     -0.600     -0.001      2.500 4
 133  140     -0.599      0.608      2.500 4
 131  143     -0.598     -0.880      2.500 4
 138  138     -0.596      0.383      2.500 4
 136  141     -0.596      0.428      2.500 4
 137  139     -0.595     -0.526      2.500 4
 141  137     -0.595      0.248      2.500 4
 139  145     -0.593      0.481      2.500 4
 145  136     -0.591      0.022      2.500 4
 146  142     -0.590      0.138      2.500 4
 143  147     -0.587     -0.436      2.500 4
 147  144     -0.587     -0.253      2.500 4
 150  146     -0.584     -0.000      2.500 4
 142  152     -0.583     -0.809      2.500 4
 149  148     -0.584      0.109      2.500 4
 148  149     -0.582     -0.355      2.500 4
 144  153     -0.581      0.670      2.500 4
 153  150     -0.579     -0.227      2.500 4
 155  151     -0.574      0.196      2.500 4
 151  158     -0.570     -0.905      2.500 4
 154  154     -0.570     -0.536      2.500 4
 152  160     -0.568     -0.763      2.500 4
 156  156     -0.568      0.427      2.500 4
 157  159     -0.562     -0.416      2.500 4
 158  155     -0.560     -0.115      2.500 4
 161  157     -0.558     -0.011      2.500 4
 160  162     -0.557      0.164      2.500 4
 164  161     -0.555      0.024      2.500 4
 165  163     -0.554     -0.088      2.500 4
 159  166     -0.548      0.575      2.500 4
 167  164     -0.547     -0.495      2.500 4
 169  167     -0.544      0.444      2.500 4
 162  169     -0.543     -0.784      2.500 4
 163  170     -0.543      0.774      2.500 4
 168  171     -0.540     -0.701      2.500 4
 166  173     -0.539     -0.824      2.500 4
 171  165     -0.539     -0.169      2.500 4
 170  174     -0.534     -0.664      2.500 4
 173  168     -0.534      0.205      2.500 4
 174  172     -0.527     -0.216      2.500 4
 172  177     -0.525      0.808      2.500 4
 177  175     -0.520      0.258      2.500 4
 175  180     -0.518      0.509      2.500 4
 176  179     -0.518      0.481      2.500 4
 179  178     -0.516     -0.434      2.500 4
 183  176     -0.514     -0.061      2.500 4
 178  183     -0.511      0.525      2.500 4
 186  181     -0.507     -0.022      2.500 4
 187  182     -0.505     -0.193      2.500 4
 181  186     -0.505      0.507      2.500 4
 184  185     -0.503      0.413      2.500 4
 182  187     -0.503      0.563      2.500 4
 180  189     -0.502      0.732      2.500 4
 188  184     -0.498     -0.106      2.500 4
 185  190     -0.493     -0.894      2.500 4
  -1  192     -0.489     -0.074      2.500 4
 189  191     -0.487     -0.555      2.500 4
 190  193     -0.483      0.480      2.500 4
 192  195     -0.479      0.592      2.500 4
 191  196     -0.479      0.683      2.500 4
 193  203     -0.477     -0.073      2.500 4
 194  199     -0.474      0.743      2.500 4
 196  201     -0.471     -0.687      2.500 4
 195  202     -0.471      0.657      2.500 4
 197  198     -0.471      0.471      2.500 4
 202  194     -0.470      0.213      2.500 4
 198  206     -0.464     -0.750      2.500 4
  -1   -2     -0.464     -0.685      2.500 4
 205  197     -0.464     -0.188      2.500 4
 203  204     -0.461      0.440      2.500 4
 201  212     -0.461      0.709      2.500 4
 207  200     -0.459     -0.197      2.500 4
 204  208     -0.457      0.433      2.500 4
 199   -2     -0.456     -0.070      2.500 4
 206  210     -0.455      0.397      2.500 4
 208  214     -0.451      0.391      2.500 4
 214  207     -0.450     -0.229      2.500 4
 209  215     -0.449      0.370      2.500 4
 215  209     -0.448     -0.184      2.500 4
 216  211     -0.447     -0.224      2.500 4
 211  218     -0.446      0.424      2.500 4
 213  217     -0.445     -0.464      2.500 4
 220  213     -0.444     -0.066      2.500 4
 221  216     -0.442      0.119      2.500 4
 212  221     -0.441      0.608      2.500 4
 223  222     -0.434     -0.501      2.500 4
 218  225     -0.434     -0.583      2.500 4
 226  219     -0.433      0.231      2.500 4
 224  224     -0.432     -0.899      2.500 4
 219  227     -0.431     -0.671      2.500 4
 217  232     -0.432      0.776      2.500 4
 222  230     -0.430     -0.705      2.500 4
 229  220     -0.429      0.036      2.500 4
 227  228     -0.426     -0.470      2.500 4
 232  223     -0.425     -0.086      2.500 4
 225  238     -0.423      0.682      2.500 4
  -1   -2     -0.421     -0.026      2.500 4
 231  234     -0.419      0.328      2.500 4
 239  229     -0.419      0.100      2.500 4
 230  239     -0.417     -0.578      2.500 4
 228  240     -0.417      0.575      2.500 4
 242  231     -0.416     -0.162      2.500 4
 245  233     -0.415     -0.022      2.500 4
 240  236     -0.414     -0.367      2.500 4
 237  237     -0.414     -0.444      2.500 4
 233  241     -0.413     -0.615      2.500 4
 246  235     -0.412      0.084      2.500 4
 234  243     -0.410      0.539      2.500 4
 238  245     -0.409      0.525      2.500 4
 235  248     -0.408     -0.690      2.500 4
 248  242     -0.406      0.262      2.500 4
 241  249     -0.404      0.655      2.500 4
 243  251     -0.402     -0.727      2.500 4
 244  252     -0.401      0.686      2.500 4
 249  250     -0.400      0.479      2.500 4
 251  244     -0.399     -0.247      2.500 4
 247  256     -0.396      0.722      2.500 4
 252  246     -0.396     -0.126      2.500 4
 256  247     -0.395     -0.119      2.500 4
 250  255     -0.392      0.485      2.500 4
 254  253     -0.389      0.329      2.500 4
 258  254     -0.383     -0.297      2.500 4
 253  259     -0.381      0.665      2.500 4
 261  257     -0.380     -0.234      2.500 4
 255  260     -0.380      0.695      2.500 4
 257  261     -0.379      0.644      2.500 4
 262  258     -0.375      0.343      2.500 4
 259  263     -0.373     -0.661      2.500 4
 264  262     -0.371     -0.551      2.500 4
 260  269     -0.368      0.760      2.500 4
 263  266     -0.368      0.589      2.500 4
 266  267     -0.365      0.528      2.500 4
 265  272     -0.362      0.751      2.500 4
 271  265     -0.362      0.283      2.500 4
 272  264     -0.360     -0.299      2.500 4
 268  271     -0.358      0.494      2.500 4
 269  274     -0.356      0.582      2.500 4
 267  279     -0.354     -0.832      2.500 4
 270  280     -0.353     -0.770      2.500 4
 278  268     -0.353     -0.088      2.500 4
 274  275     -0.353      0.458      2.500 4
 279  270     -0.352     -0.120      2.500 4
 273  281     -0.350      0.574      2.500 4
 275  284     -0.347      0.826      2.500 4
 283  273     -0.346      0.068      2.500 4
 276  286     -0.344     -0.896      2.500 4
 282  278     -0.343     -0.353      2.500 4
 284  277     -0.343      0.180      2.500 4
 285  276     -0.343     -0.241      2.500 4
  -1   -2     -0.341      0.573      2.500 4
 280  283     -0.341      0.449      2.500 4
 281  289     -0.335      0.583      2.500 4
 288  285     -0.334     -0.386      2.500 4
 290  282     -0.333      0.066      2.500 4
 286  292     -0.328     -0.815      2.500 4
 291  288     -0.328      0.220      2.500 4
 287  296     -0.327      0.823      2.500 4
 289  297     -0.323     -0.659      2.500 4
 292  290     -0.323     -0.418      2.500 4
 297  291     -0.317     -0.050      2.500 4
 294  298     -0.317      0.361      2.500 4
 295  299     -0.315     -0.463      2.500 4
 299  293     -0.315      0.071      2.500 4
 301  295     -0.313      0.106      2.500 4
 302  294     -0.313      0.031      2.500 4
 293  305     -0.313      0.832      2.500 4
 298  302     -0.309      0.364      2.500 4
 308  300     -0.308      0.083      2.500 4
 310  301     -0.307     -0.078      2.500 4
 296  311     -0.305      0.784      2.500 4
 300  307     -0.305     -0.569      2.500 4
 312  304     -0.301     -0.241      2.500 4
 313  303     -0.300     -0.138      2.500 4
 306  312     -0.299     -0.654      2.500 4
 309  309     -0.300      0.440      2.500 4
 304  313     -0.299     -0.764      2.500 4
 303  316     -0.299      0.766      2.500 4
 305  315     -0.298      0.651      2.500 4
 307  314     -0.298      0.592      2.500 4
 317  306     -0.297      0.072      2.500 4
 316  308     -0.296      0.178      2.500 4
 315  310     -0.295      0.253      2.500 4
 311  317     -0.292      0.610      2.500 4
 314  319     -0.285      0.792      2.500 4
 319  318     -0.283     -0.528      2.500 4
 318  320     -0.282      0.614      2.500 4
 321  323     -0.275      0.474      2.500 4
 320  325     -0.274      0.662      2.500 4
 323  324     -0.273      0.461      2.500 4
 325  322     -0.272      0.212      2.500 4
 328  321     -0.270     -0.207      2.500 4
 322  327     -0.269      0.789      2.500 4
 324  326     -0.268     -0.690      2.500 4
 326  328     -0.265     -0.613      2.500 4
 327  330     -0.260     -0.903      2.500 4
 329  331     -0.254      0.550      2.500 4
 335  329     -0.250     -0.001      2.500 4
 333  333     -0.249     -0.502      2.500 4
 330  335     -0.247      0.765      2.500 4
 331  334     -0.246      0.606      2.500 4
 332  336     -0.245     -0.713      2.500 4
 338  332     -0.243     -0.079      2.500 4
 334  337     -0.243      0.638      2.500 4
 340  338     -0.236      0.310      2.500 4
 336  343     -0.234      0.708      2.500 4
 337  342     -0.233     -0.733      2.500 4
 344  339     -0.231     -0.216      2.500 4
 339  344     -0.230     -0.810      2.500 4
 342  341     -0.229      0.368      2.500 4
 341  348     -0.226      0.815      2.500 4
 346  340     -0.225      0.080      2.500 4
 343  349     -0.222     -0.760      2.500 4
 347  345     -0.221     -0.398      2.500 4
 345  346     -0.221      0.353      2.500 4
 352  347     -0.215     -0.083      2.500 4
 349  355     -0.213     -0.899      2.500 4
 351  351     -0.213      0.217      2.500 4
 356  350     -0.211     -0.068      2.500 4
 350  357     -0.211     -0.518      2.500 4
 354  354     -0.211     -0.269      2.500 4
 357  352     -0.210     -0.140      2.500 4
 348  360     -0.210      0.561      2.500 4
 360  353     -0.210     -0.119      2.500 4
 359  356     -0.208     -0.283      2.500 4
 353  359     -0.207      0.384      2.500 4
 358  358     -0.206      0.274      2.500 4
 362  364     -0.202     -0.556      2.500 4
 361  365     -0.201      0.506      2.500 4
 355  369     -0.201      0.719      2.500 4
 365  363     -0.200     -0.360      2.500 4
 366  361     -0.200     -0.226      2.500 4
 363  366     -0.199     -0.508      2.500 4
 364  367     -0.198      0.386      2.500 4
 368  362     -0.197     -0.133      2.500 4
 370  368     -0.192     -0.332      2.500 4
 369  371     -0.190     -0.543      2.500 4
 367  372     -0.188      0.674      2.500 4
 372  370     -0.185     -0.225      2.500 4
 371  374     -0.183     -0.568      2.500 4
 377  375     -0.178     -0.345      2.500 4
 374  376     -0.178      0.435      2.500 4
 379  373     -0.177     -0.065      2.500 4
 375  378     -0.176      0.511      2.500 4
 373  379     -0.174     -0.794      2.500 4
 376  382     -0.171     -0.819      2.500 4
 382  377     -0.170      0.051      2.500 4
 378  383     -0.170      0.776      2.500 4
 380  380     -0.168     -0.498      2.500 4
 383  381     -0.165      0.223      2.500 4
 384  384     -0.162      0.241      2.500 4
 381  386     -0.161      0.822      2.500 4
 386  385     -0.160     -0.311      2.500 4
 387  387     -0.155     -0.469      2.500 4
 385  389     -0.154     -0.766      2.500 4
 388  388     -0.150      0.350      2.500 4
 389  392     -0.147      0.555      2.500 4
 390  391     -0.146      0.492      2.500 4
 392  390     -0.146     -0.469      2.500 4
 391  393     -0.145      0.434      2.500 4
  -1   -2     -0.140     -0.383      2.500 4
 395  395     -0.138     -0.390      2.500 4
 398  396     -0.135      0.055      2.500 4
 396  397     -0.135     -0.438      2.500 4
 394  399     -0.133      0.804      2.500 4
 397  398     -0.131      0.417      2.500 4
 399  401     -0.125      0.540      2.500 4
 400  400     -0.119     -0.073      2.500 4
  -1   -2     -0.113      0.242      2.500 4
 401  408     -0.112     -0.556      2.500 4
 404  405     -0.112      0.249      2.500 4
 405  406     -0.112      0.309      2.500 4
 409  403     -0.111      0.097      2.500 4
 403  409     -0.111      0.475      2.500 4
 410  404     -0.111      0.082      2.500 4
 408  407     -0.110     -0.378      2.500 4
 402  411     -0.110      0.803      2.500 4
 407  413     -0.107      0.604      2.500 4
 413  410     -0.106     -0.197      2.500 4
 411  414     -0.105     -0.636      2.500 4
 418  412     -0.102     -0.176      2.500 4
 412  419     -0.100      0.684      2.500 4
 419  415     -0.100      0.069      2.500 4
 414  422     -0.099      0.744      2.500 4
 416  417     -0.099      0.447      2.500 4
 415  424     -0.098      0.632      2.500 4
 417  420     -0.098     -0.588      2.500 4
 421  416     -0.097     -0.360      2.500 4
 422  421     -0.096     -0.476      2.500 4
 420  425     -0.095     -0.540      2.500 4
 425  418     -0.095     -0.238      2.500 4
 426  423     -0.093     -0.223      2.500 4
 423  427     -0.091     -0.891      2.500 4
 424  426     -0.091      0.497      2.500 4
 427  428     -0.083      0.252      2.500 4
 428  429     -0.077     -0.273      2.500 4
 430  430     -0.072      0.145      2.500 4
 429  431     -0.069     -0.704      2.500 4
 431  433     -0.067      0.560      2.500 4
 432  435     -0.067      0.634      2.500 4
 433  436     -0.065      0.654      2.500 4
 435  432     -0.065     -0.217      2.500 4
 436  434     -0.064     -0.156      2.500 4
 434  439     -0.061     -0.786      2.500 4
 437  437     -0.061      0.404      2.500 4
 440  438     -0.058      0.094      2.500 4
 438  442     -0.058      0.796      2.500 4
 439  443     -0.057     -0.711      2.500 4
 441  440     -0.054     -0.038      2.500 4
 442  441     -0.054     -0.078      2.500 4
 443  446     -0.049      0.580      2.500 4
 444  444     -0.049     -0.490      2.500 4
 445  445     -0.048     -0.430      2.500 4
  -1   -2     -0.045      0.340      2.500 4
 448  447     -0.045      0.251      2.500 4
 447  449     -0.044      0.350      2.500 4
 450  450     -0.043     -0.380      2.500 4
 449  451     -0.042      0.541      2.500 4
 451  452     -0.036     -0.257      2.500 4
 452  453     -0.026     -0.053      2.500 4
 453  454     -0.023     -0.477      2.500 4
 454  455     -0.020     -0.414      2.500 4
 455  456     -0.015     -0.191      2.500 4
 458  457     -0.015      0.127      2.500 4
 457  459     -0.014      0.425      2.500 4
 459  458     -0.014     -0.333      2.500 4
 456  461     -0.014      0.753      2.500 4
 461  460     -0.013     -0.517      2.500 4
 460  462     -0.013      0.651      2.500 4
 462  463     -0.009      0.250      2.500 4
 463  464     -0.007      0.320      2.500 4
 464  465     -0.005      0.807      2.500 4
 465  466     -0.003     -0.078      2.500 4
 466  468     -0.001     -0.800      2.500 4
 467  467     -0.001     -0.354      2.500 4
 470  469      0.002      0.001      2.500 4
 471  470      0.002     -0.010      2.500 4
 468  471      0.002     -0.818      2.500 4
 469  473      0.003     -0.637      2.500 4
 473  472      0.003     -0.101      2.500 4
 472  476      0.004     -0.883      2.500 4
 474  474      0.004     -0.899      2.500 4
 475  475      0.004      0.304      2.500 4
 476  478      0.005     -0.658      2.500 4
 477  477      0.005     -0.383      2.500 4
 478  480      0.006     -0.468      2.500 4
 479  479      0.006      0.195      2.500 4
 480  481      0.007      0.568      2.500 4
 481  482      0.011     -0.542      2.500 4
 482  483      0.012      0.109      2.500 4
 483  484      0.015     -0.787      2.500 4
 484  485      0.015      0.371      2.500 4
 486  486      0.016      0.227      2.500 4
 485  487      0.016      0.740      2.500 4
 487  488      0.017      0.016      2.500 4
 488  489      0.018     -0.380      2.500 4
 489  490      0.018      0.569      2.500 4
 490  491      0.020     -0.713      2.500 4
 491  492      0.020      0.131      2.500 4
 492  493      0.021     -0.230      2.500 4
 494  495      0.021      0.649      2.500 4
 493  494      0.021     -0.450      2.500 4
 495  496      0.022      0.776      2.500 4
 496  497      0.023      0.042      2.500 4
 497  498      0.026      0.065      2.500 4
 498  499      0.027     -0.548      2.500 4
 499  500      0.028     -0.029      2.500 4
 500  501      0.029     -0.354      2.500 4
 501  502      0.029     -0.427      2.500 4
 502  503      0.029      0.465      2.500 4
 503  504      0.032     -0.382      2.500 4
 504  505      0.033     -0.599      2.500 4
 505  506      0.034      0.808      2.500 4
  -1   -2      0.035     -0.423      2.500 4
 507  508      0.035     -0.513      2.500 4
 508  509      0.036     -0.537      2.500 4
 509  510      0.037      0.142      2.500 4
 510  512      0.053     -0.326      2.500 4
 512  511      0.054      0.608      2.500 4
 511  513      0.054     -0.008      2.500 4
 513  514      0.056     -0.604      2.500 4
 514  515      0.056      0.545      2.500 4
 515  516      0.057      0.362      2.500 4
 516  517      0.058     -0.206      2.500 4
 517  519      0.060      0.129      2.500 4
 518  518      0.061      0.535      2.500 4
 519  520      0.062     -0.586      2.500 4
 520  521      0.069     -0.287      2.500 4
 521  522      0.072      0.379      2.500 4
 522  524      0.074      0.002      2.500 4
 524  523      0.075     -0.866      2.500 4
 523  525      0.077     -0.120      2.500 4
 526  527      0.079     -0.180      2.500 4
 525  528      0.079     -0.105      2.500 4
 527  526      0.081     -0.681      2.500 4
 528  529      0.085      0.052      2.500 4
 530  530      0.088     -0.581      2.500 4
 529  532      0.088     -0.410      2.500 4
 534  531      0.089      0.699      2.500 4
 535  533      0.091     -0.820      2.500 4
 531  534      0.091      0.214      2.500 4
 532  535      0.092     -0.182      2.500 4
 533  538      0.093      0.024      2.500 4
 539  536      0.097     -0.872      2.500 4
 536  537      0.097     -0.750      2.500 4
 537  540      0.097      0.570      2.500 4
 541  539      0.098      0.772      2.500 4
 538  541      0.100     -0.338      2.500 4
 540  543      0.102      0.079      2.500 4
 543  542      0.103      0.510      2.500 4
 542  544      0.104      0.184      2.500 4
 544  545      0.108     -0.798      2.500 4
 545  546      0.110      0.495      2.500 4
 546  547      0.112     -0.507      2.500 4
 547  549      0.115      0.237      2.500 4
 549  548      0.117     -0.867      2.500 4
 548  551      0.117     -0.039      2.500 4
 550  550      0.122      0.668      2.500 4
 551  552      0.123     -0.773      2.500 4
 552  553      0.127     -0.874      2.500 4
 553  554      0.127      0.781      2.500 4
 556  555      0.131     -0.881      2.500 4
 555  556      0.131     -0.767      2.500 4
 554  558      0.133     -0.329      2.500 4
 558  557      0.134     -0.823      2.500 4
 557  560      0.137     -0.250      2.500 4
 561  559      0.138      0.576      2.500 4
 560  563      0.141     -0.346      2.500 4
 559  564      0.142     -0.003      2.500 4
 564  561      0.143      0.612      2.500 4
 566  562      0.146      0.710      2.500 4
 562  565      0.146     -0.434      2.500 4
 565  566      0.147      0.361      2.500 4
 563  570      0.148      0.113      2.500 4
 567  568      0.149     -0.550      2.500 4
 571  567      0.151      0.700      2.500 4
 569  571      0.153     -0.469      2.500 4
 568  572      0.154      0.093      2.500 4
 572  569      0.154     -0.837      2.500 4
 570  574      0.158      0.110      2.500 4
 573  573      0.159     -0.412      2.500 4
 576  575      0.165     -0.830      2.500 4
 574  577      0.165     -0.400      2.500 4
 578  578      0.170      0.669      2.500 4
 579  576      0.170      0.788      2.500 4
 575  579      0.171      0.169      2.500 4
 577  580      0.176     -0.003      2.500 4
 581  582      0.179     -0.166      2.500 4
 580  583      0.179     -0.078      2.500 4
 584  581      0.182     -0.564      2.500 4
 582  585      0.184     -0.184      2.500 4
 585  584      0.184      0.369      2.500 4
 583  586      0.186      0.018      2.500 4
 586  591      0.192     -0.077      2.500 4
  -1   -2      0.192     -0.415      2.500 4
 590  590      0.195     -0.424      2.500 4
 589  592      0.196      0.158      2.500 4
 593  589      0.196      0.500      2.500 4
 588  593      0.196     -0.174      2.500 4
 597  587      0.198      0.810      2.500 4
 591  596      0.198     -0.028      2.500 4
 592  595      0.200      0.214      2.500 4
 594  594      0.201      0.308      2.500 4
 595  597      0.202      0.244      2.500 4
 598  599      0.205     -0.379      2.500 4
 596  600      0.207      0.004      2.500 4
 599  598      0.208      0.531      2.500 4
 600  601      0.215     -0.399      2.500 4
 601  603      0.217     -0.383      2.500 4
 604  604      0.220      0.396      2.500 4
 602  606      0.220     -0.434      2.500 4
 607  605      0.222      0.474      2.500 4
 605  608      0.222     -0.898      2.500 4
 609  602      0.223     -0.729      2.500 4
 606  607      0.223     -0.532      2.500 4
 603  615      0.224     -0.192      2.500 4
 610  613      0.227     -0.504      2.500 4
 612  610      0.228     -0.763      2.500 4
 616  609      0.228     -0.874      2.500 4
 613  611      0.229      0.618      2.500 4
 608  616      0.229      0.045      2.500 4
 618  612      0.230      0.720      2.500 4
 615  614      0.230      0.573      2.500 4
 611  620      0.236      0.000      2.500 4
 620  617      0.237      0.510      2.500 4
 614  619      0.237      0.169      2.500 4
 625  618      0.239     -0.720      2.500 4
 617  625      0.239     -0.064      2.500 4
 619  622      0.240      0.246      2.500 4
 622  621      0.242      0.393      2.500 4
 629   -2      0.246     -0.766      2.500 4
 621  629      0.247     -0.051      2.500 4
 623  626      0.247     -0.305      2.500 4
 624  628      0.247     -0.265      2.500 4
 630  624      0.249     -0.711      2.500 4
  -1  623      0.251     -0.767      2.500 4
 628  627      0.252     -0.517      2.500 4
 626  630      0.252     -0.156      2.500 4
 631  631      0.256     -0.460      2.500 4
 627  632      0.258      0.018      2.500 4
 632  635      0.268      0.073      2.500 4
 634  633      0.271     -0.640      2.500 4
 633  639      0.274     -0.202      2.500 4
 638  634      0.274      0.707      2.500 4
 636  640      0.278      0.258      2.500 4
 635  641      0.281      0.096      2.500 4
 642  637      0.281     -0.729      2.500 4
 644  636      0.282     -0.903      2.500 4
 637  643      0.284      0.198      2.500 4
 645  638      0.284      0.645      2.500 4
 639  648      0.286      0.084      2.500 4
 641  642      0.286     -0.468      2.500 4
 640  654      0.291     -0.151      2.500 4
 646  645      0.292      0.478      2.500 4
 650  644      0.293      0.557      2.500 4
 648  646      0.293     -0.579      2.500 4
 643  655      0.294      0.021      2.500 4
 652  651      0.296      0.427      2.500 4
 649  653      0.297      0.371      2.500 4
 656  647      0.298      0.712      2.500 4
 653  649      0.297     -0.723      2.500 4
 657  650      0.300     -0.867      2.500 4
 647  659      0.301      0.015      2.500 4
 651  657      0.301     -0.313      2.500 4
  -1   -2      0.301      0.660      2.500 4
 655  660      0.307     -0.356      2.500 4
 665  656      0.309     -0.893      2.500 4
 654  663      0.310     -0.107      2.500 4
 666  658      0.312      0.663      2.500 4
 658  667      0.314     -0.008      2.500 4
 660  665      0.314     -0.196      2.500 4
 662  662      0.314      0.320      2.500 4
 661  668      0.315      0.056      2.500 4
 663  670      0.319      0.105      2.500 4
 669  661      0.320     -0.674      2.500 4
 664  672      0.320     -0.123      2.500 4
 667  669      0.320      0.334      2.500 4
 668  666      0.322     -0.546      2.500 4
 673  664      0.325      0.695      2.500 4
 672  673      0.329      0.444      2.500 4
 674  671      0.329      0.489      2.500 4
 671  674      0.331     -0.400      2.500 4
 670  676      0.332      0.257      2.500 4
 675  675      0.334      0.362      2.500 4
 676  680      0.338     -0.365      2.500 4
 680  679      0.341     -0.524      2.500 4
 679  681      0.342     -0.508      2.500 4
 677  690      0.342     -0.118      2.500 4
 683  677      0.344      0.624      2.500 4
 686  678      0.346     -0.814      2.500 4
 685  683      0.348     -0.637      2.500 4
 678  694      0.348     -0.035      2.500 4
 681  692      0.348     -0.227      2.500 4
 690  682      0.349     -0.692      2.500 4
 688  687      0.351     -0.608      2.500 4
 691  685      0.351     -0.677      2.500 4
 682  696      0.352     -0.054      2.500 4
 695  684      0.354      0.826      2.500 4
 689  691      0.355      0.360      2.500 4
 696  686      0.354     -0.889      2.500 4
 694  689      0.355     -0.751      2.500 4
 697  688      0.356      0.786      2.500 4
 684  699      0.358     -0.251      2.500 4
 687  700      0.358      0.179      2.500 4
 692  698      0.360      0.348      2.500 4
 699  693      0.362      0.681      2.500 4
 698  695      0.363     -0.660      2.500 4
 693  702      0.365     -0.290      2.500 4
 702  697      0.368      0.716      2.500 4
 701  701      0.369     -0.704      2.500 4
 700  703      0.377      0.322      2.500 4
 704  704      0.381     -0.410      2.500 4
 703  706      0.382      0.247      2.500 4
 706  707      0.386      0.392      2.500 4
 711  705      0.391      0.560      2.500 4
 705  710      0.394     -0.104      2.500 4
 709  709      0.394      0.360      2.500 4
 713  708      0.396      0.660      2.500 4
 707  711      0.397      0.089      2.500 4
 710  712      0.399      0.150      2.500 4
 708  714      0.400      0.047      2.500 4
 712  716      0.405     -0.273      2.500 4
 714  715      0.407      0.288      2.500 4
 719  713      0.410      0.507      2.500 4
 715  717      0.411     -0.368      2.500 4
 716  721      0.415      0.112      2.500 4
 720  720      0.415      0.320      2.500 4
 718  724      0.418      0.091      2.500 4
 717  726      0.419     -0.003      2.500 4
 726  718      0.419     -0.657      2.500 4
 727  719      0.421     -0.648      2.500 4
 721  728      0.421     -0.179      2.500 4
 723  722      0.422     -0.426      2.500 4
 725  725      0.425      0.339      2.500 4
 722  730      0.425     -0.014      2.500 4
 729  727      0.428     -0.502      2.500 4
 724  733      0.431      0.048      2.500 4
 731  723      0.431      0.615      2.500 4
 728  736      0.433      0.079      2.500 4
 735  735      0.439     -0.899      2.500 4
 736  729      0.440     -0.769      2.500 4
 732  737      0.442      0.227      2.500 4
 730  739      0.442      0.026      2.500 4
 738  731      0.445      0.777      2.500 4
 733  740      0.446      0.033      2.500 4
 739  732      0.447      0.764      2.500 4
 740  734      0.447     -0.835      2.500 4
 734  742      0.447     -0.032      2.500 4
 737  738      0.448      0.422      2.500 4
 741  741      0.457     -0.549      2.500 4
 742  743      0.462      0.545      2.500 4
 747  745      0.465     -0.739      2.500 4
 744  746      0.465     -0.641      2.500 4
 748  744      0.466      0.725      2.500 4
 745  748      0.469      0.462      2.500 4
 751  747      0.471     -0.904      2.500 4
 749  750      0.473      0.487      2.500 4
 743  753      0.475      0.082      2.500 4
 756  749      0.477      0.711      2.500 4
 754  751      0.478     -0.612      2.500 4
 746  758      0.479     -0.206      2.500 4
 750  756      0.481      0.319      2.500 4
 760  752      0.483      0.510      2.500 4
 755  757      0.484      0.341      2.500 4
 752  760      0.484      0.234      2.500 4
 761  755      0.484     -0.552      2.500 4
 758  761      0.488     -0.412      2.500 4
 762  759      0.488     -0.515      2.500 4
 764  754      0.489     -0.731      2.500 4
 753  762      0.490      0.003      2.500 4
 757  763      0.492     -0.184      2.500 4
 759  764      0.493     -0.138      2.500 4
 763  766      0.501      0.127      2.500 4
 765  769      0.505     -0.180      2.500 4
 766  768      0.506     -0.275      2.500 4
 771  767      0.512     -0.541      2.500 4
 767  771      0.512     -0.330      2.500 4
 775  765      0.514     -0.833      2.500 4
 770  772      0.517      0.239      2.500 4
 768  776      0.518      0.084      2.500 4
 769  782      0.521     -0.103      2.500 4
 772  783      0.523      0.007      2.500 4
 773  784      0.523     -0.002      2.500 4
 774  779      0.523     -0.400      2.500 4
 780  770      0.523     -0.838      2.500 4
 776  775      0.525     -0.540      2.500 4
 778  778      0.527     -0.533      2.500 4
 777  781      0.528     -0.484      2.500 4
 785  773      0.530      0.748      2.500 4
 781  777      0.530      0.544      2.500 4
 787  774      0.531     -0.827      2.500 4
 784  780      0.532      0.565      2.500 4
 786  785      0.535     -0.571      2.500 4
 783  787      0.537      0.366      2.500 4
 779  793      0.539     -0.109      2.500 4
 789  786      0.539      0.625      2.500 4
 788  788      0.541     -0.595      2.500 4
 782  794      0.543     -0.152      2.500 4
 790  790      0.543     -0.616      2.500 4
 793  789      0.546      0.789      2.500 4
 794  792      0.548      0.630      2.500 4
 796  791      0.549      0.684      2.500 4
 797  796      0.557      0.393      2.500 4
 791  801      0.558     -0.012      2.500 4
 792  802      0.559     -0.162      2.500 4
 799  798      0.561      0.404      2.500 4
 795  805      0.562      0.027      2.500 4
 803  795      0.563      0.803      2.500 4
 800  799      0.563     -0.581      2.500 4
 802  797      0.564      0.526      2.500 4
 798  804      0.564      0.200      2.500 4
 805  800      0.566     -0.700      2.500 4
 801  807      0.569      0.296      2.500 4
 813  803      0.574     -0.841      2.500 4
 812  806      0.576      0.596      2.500 4
 807  808      0.578      0.252      2.500 4
 804  811      0.579     -0.033      2.500 4
 806  810      0.580     -0.215      2.500 4
 809  812      0.584      0.173      2.500 4
 808  814      0.585     -0.166      2.500 4
 811  813      0.586      0.182      2.500 4
 810  817      0.587     -0.154      2.500 4
 814  819      0.590     -0.018      2.500 4
 816  809      0.591      0.640      2.500 4
 818  816      0.599      0.672      2.500 4
 817  825      0.599     -0.404      2.500 4
 815  827      0.600      0.079      2.500 4
 821  815      0.600     -0.856      2.500 4
 819  821      0.602     -0.603      2.500 4
 823  818      0.603      0.714      2.500 4
 822  822      0.604     -0.666      2.500 4
 825  823      0.605     -0.722      2.500 4
 828  820      0.606     -0.811      2.500 4
 824  824      0.607      0.582      2.500 4
 827  828      0.611      0.389      2.500 4
 829  826      0.613     -0.821      2.500 4
 820  832      0.614     -0.133      2.500 4
 826  835      0.618      0.052      2.500 4
 830  829      0.621      0.738      2.500 4
 831  831      0.624      0.676      2.500 4
 833  830      0.623     -0.792      2.500 4
 832  834      0.626      0.559      2.500 4
 835  833      0.627      0.645      2.500 4
 836  836      0.632     -0.691      2.500 4
 838  837      0.635      0.758      2.500 4
 834  842      0.637      0.162      2.500 4
 839  838      0.637     -0.702      2.500 4
 837  841      0.639     -0.488      2.500 4
 842  839      0.641     -0.820      2.500 4
 846  840      0.645     -0.867      2.500 4
 840  847      0.650     -0.283      2.500 4
 841  849      0.651     -0.249      2.500 4
 847  844      0.651      0.453      2.500 4
 852  843      0.652     -0.822      2.500 4
 844  848      0.652     -0.350      2.500 4
 843  854      0.656      0.011      2.500 4
 857  845      0.656     -0.778      2.500 4
 851  846      0.657      0.474      2.500 4
 849  851      0.657     -0.898      2.500 4
  -1   -2      0.658     -0.353      2.500 4
 845  856      0.658     -0.141      2.500 4
 854  850      0.659      0.450      2.500 4
 853  852      0.659      0.420      2.500 4
 850  858      0.663     -0.230      2.500 4
 856  857      0.665      0.252      2.500 4
 855  861      0.667      0.022      2.500 4
 859  855      0.668      0.646      2.500 4
 858  862      0.673     -0.389      2.500 4
 860  859      0.676     -0.770      2.500 4
 861  860      0.677      0.715      2.500 4
 865  863      0.686     -0.871      2.500 4
 866  864      0.688      0.818      2.500 4
 863  868      0.689      0.321      2.500 4
 862  871      0.689     -0.111      2.500 4
 864  865      0.690     -0.567      2.500 4
 868  866      0.694      0.623      2.500 4
 871  867      0.694     -0.902      2.500 4
  -1   -2      0.696     -0.681      2.500 4
 867  873      0.696     -0.507      2.500 4
 874  870      0.698      0.753      2.500 4
 873  872      0.699     -0.672      2.500 4
 877  874      0.705      0.776      2.500 4
 869  877      0.705      0.025      2.500 4
 872  878      0.706     -0.223      2.500 4
 875  879      0.708     -0.172      2.500 4
 876  880      0.709     -0.095      2.500 4
 878  875      0.713      0.697      2.500 4
 879  876      0.713     -0.771      2.500 4
 885  881      0.724      0.765      2.500 4
 882  885      0.724      0.155      2.500 4
 880  887      0.724      0.032      2.500 4
 883  884      0.724      0.225      2.500 4
 884  882      0.724     -0.519      2.500 4
 881  888      0.725      0.016      2.500 4
 887  883      0.730     -0.903      2.500 4
 886  889      0.732      0.491      2.500 4
 890  886      0.733      0.804      2.500 4
 888  890      0.734      0.569      2.500 4
 889  891      0.736      0.452      2.500 4
 891  892      0.737      0.508      2.500 4
 892  899      0.742     -0.273      2.500 4
 894  897      0.743      0.268      2.500 4
 895  893      0.743      0.588      2.500 4
 896  895      0.744     -0.588      2.500 4
 893  901      0.745      0.000      2.500 4
 900  894      0.747      0.631      2.500 4
 902  896      0.748      0.669      2.500 4
 898  903      0.748     -0.432      2.500 4
 905  898      0.750      0.737      2.500 4
 897  906      0.750     -0.303      2.500 4
 901  905      0.750     -0.475      2.500 4
 903  902      0.750     -0.569      2.500 4
 899  908      0.752      0.126      2.500 4
 910  900      0.753      0.769      2.500 4
 907  904      0.753      0.534      2.500 4
 904  909      0.756     -0.243      2.500 4
 906  910      0.757     -0.206      2.500 4
 911  907      0.758     -0.786      2.500 4
 908  911      0.759      0.115      2.500 4
 909  912      0.760      0.089      2.500 4
 912  915      0.765      0.250      2.500 4
 913  914      0.767      0.427      2.500 4
  -1   -2      0.769      0.649      2.500 4
 915  917      0.773      0.301      2.500 4
  -1   -2      0.774      0.313      2.500 4
 919  919      0.775      0.397      2.500 4
 917  921      0.776     -0.257      2.500 4
 921  916      0.776      0.643      2.500 4
 916  922      0.776      0.062      2.500 4
 922  920      0.779     -0.582      2.500 4
 920  925      0.781     -0.165      2.500 4
 923  923      0.782     -0.516      2.500 4
 924  926      0.787      0.125      2.500 4
 925  924      0.787     -0.737      2.500 4
 927  927      0.793      0.592      2.500 4
 928  928      0.793      0.755      2.500 4
 926  931      0.794      0.078      2.500 4
 930  929      0.795     -0.727      2.500 4
 931  930      0.798      0.632      2.500 4
 929  933      0.800     -0.125      2.500 4
 932  934      0.802     -0.358      2.500 4
 935  932      0.804      0.411      2.500 4
 933  937      0.803     -0.286      2.500 4
 934  938      0.806      0.027      2.500 4
 937  935      0.807      0.571      2.500 4
 938  936      0.807     -0.732      2.500 4
 936  939      0.809      0.251      2.500 4
 940  940      0.812     -0.606      2.500 4
 939  942      0.814      0.309      2.500 4
 943  941      0.815     -0.689      2.500 4
 941  945      0.817     -0.111      2.500 4
 944  943      0.819      0.477      2.500 4
 942  946      0.819      0.009      2.500 4
 945  948      0.820     -0.374      2.500 4
 946  944      0.821     -0.871      2.500 4
 947  947      0.823     -0.879      2.500 4
 949  949      0.826     -0.852      2.500 4
 948  951      0.828      0.351      2.500 4
 952  950      0.827     -0.745      2.500 4
  -1   -2      0.830      0.361      2.500 4
 954  953      0.830     -0.600      2.500 4
 951  955      0.832     -0.059      2.500 4
 953  956      0.833     -0.005      2.500 4
 956  954      0.835     -0.891      2.500 4
 955  957      0.836      0.011      2.500 4
 958  958      0.844      0.339      2.500 4
 957  961      0.845     -0.045      2.500 4
 959  959      0.845      0.532      2.500 4
 960  960      0.847     -0.506      2.500 4
 962  962      0.850     -0.661      2.500 4
 961  963      0.851      0.198      2.500 4
 963  964      0.856      0.341      2.500 4
 964  965      0.856     -0.349      2.500 4
 965  966      0.859     -0.077      2.500 4
 966  968      0.863     -0.175      2.500 4
 969  967      0.865      0.793      2.500 4
 968  970      0.865     -0.473      2.500 4
 970  969      0.866      0.523      2.500 4
 971  971      0.867      0.763      2.500 4
 967  972      0.867      0.022      2.500 4
 972  975      0.869      0.068      2.500 4
 974  974      0.869     -0.431      2.500 4
 973  977      0.870     -0.090      2.500 4
 975  973      0.869     -0.827      2.500 4
 976  976      0.872      0.698      2.500 4
 977  978      0.874     -0.898      2.500 4
 978  979      0.875     -0.643      2.500 4
 979  980      0.877     -0.283      2.500 4
 980  981      0.881     -0.746      2.500 4
 982  982      0.883      0.741      2.500 4
 981  983      0.884     -0.228      2.500 4
 983  985      0.885      0.288      2.500 4
 984  984      0.885     -0.706      2.500 4
 985  986      0.889      0.498      2.500 4
 986  987      0.895     -0.837      2.500 4
 987  988      0.897      0.825      2.500 4
 988  989      0.898      0.665      2.500 4
 989  990      0.898      0.466      2.500 4
 990  991      0.897     -0.575      2.500 4
 991  992      0.898     -0.795      2.500 4
 992  993      0.900      0.686      2.500 4
 993  994      0.901      0.611      2.500 4
  -1   -2      0.909      0.415      2.500 4
 995  997      0.910     -0.291      2.500 4
 996  996      0.911      0.405      2.500 4
 997  998      0.911     -0.430      2.500 4
 998  999      0.912     -0.633      2.500 4
