1001
  -1   -2     -0.823      0.522      2.500 4
   1    2     -0.823      0.513      2.500 4
   3    1     -0.821     -0.476      2.500 4
   2    3     -0.821     -0.595      2.500 4
   4    4     -0.821     -0.121      2.500 4
   5    5     -0.821      0.368      2.500 4
   8    6     -0.815     -0.176      2.500 4
   6   13     -0.816      0.776      2.500 4
   7   15     -0.815     -0.883      2.500 4
  10    7     -0.816      0.793      2.500 4
  -1   -2     -0.815      0.356      2.500 4
  11    8     -0.815      0.138      2.500 4
  13    9     -0.815     -0.080      2.500 4
   9   10     -0.814     -0.516      2.500 4
  12   14     -0.815      0.574      2.500 4
  15   12     -0.814     -0.298      2.500 4
  14   11     -0.814     -0.734      2.500 4
  16   16     -0.810     -0.211      2.500 4
  17   17     -0.805      0.104      2.500 4
  18   18     -0.804      0.445      2.500 4
  19   19     -0.802      0.607      2.500 4
  20   21     -0.799     -0.819      2.500 4
  21   20     -0.799     -0.153      2.500 4
  22   22     -0.798      0.336      2.500 4
  23   24     -0.793     -0.820      2.500 4
  24   23     -0.792      0.176      2.500 4
  26   25     -0.790      0.158      2.500 4
  28   26     -0.789     -0.156      2.500 4
  29   27     -0.789     -0.057      2.500 4
  25   31     -0.789      0.751      2.500 4
  27   29     -0.789      0.477      2.500 4
  30   30     -0.787      0.350      2.500 4
  31   28     -0.787     -0.320      2.500 4
  34   32     -0.781     -0.483      2.500 4
  33   33     -0.781     -0.529      2.500 4
  32   34     -0.782      0.529      2.500 4
  35   35     -0.780     -0.565      2.500 4
  36   37     -0.777     -0.296      2.500 4
  38   36     -0.777     -0.168      2.500 4
  39   38     -0.777     -0.108      2.500 4
  37   40     -0.773     -0.801      2.500 4
  40   39     -0.772      0.330      2.500 4
  42   41     -0.769      0.056      2.500 4
  41   42     -0.766      0.727      2.500 4
  43   43     -0.762      0.419      2.500 4
  44   44     -0.758      0.206      2.500 4
  45   45     -0.758      0.252      2.500 4
  47   46     -0.754      0.007      2.500 4
  48   47     -0.753      0.053      2.500 4
  50   48     -0.751     -0.204      2.500 4
  46   49     -0.750     -0.742      2.500 4
  49   55     -0.746     -0.808      2.500 4
  51   54     -0.746      0.589      2.500 4
  55   50     -0.746      0.134      2.500 4
  54   52     -0.744     -0.520      2.500 4
  52   58     -0.744     -0.898      2.500 4
  57   51     -0.744      0.174      2.500 4
  53   59     -0.743     -0.695      2.500 4
  56   57     -0.743      0.408      2.500 4
  59   53     -0.742      0.065      2.500 4
  60   60     -0.739      0.392      2.500 4
  58   61     -0.739      0.640      2.500 4
  61   63     -0.735     -0.740      2.500 4
  62   65     -0.735      0.685      2.500 4
  64   62     -0.734     -0.485      2.500 4
  65   66     -0.732     -0.567      2.500 4
  66   64     -0.730     -0.370      2.500 4
  63   67     -0.730     -0.828      2.500 4
  67   68     -0.723     -0.143      2.500 4
  68   70     -0.720      0.369      2.500 4
  69   69     -0.718      0.222      2.500 4
  70   72     -0.717      0.331      2.500 4
  72   71     -0.717      0.270      2.500 4
  71   74     -0.714     -0.567      2.500 4
  76   75     -0.711     -0.348      2.500 4
  75   76     -0.711      0.467      2.500 4
  77   73     -0.711     -0.168      2.500 4
  73   77     -0.709     -0.865      2.500 4
  78   79     -0.702      0.403      2.500 4
  80   78     -0.702     -0.185      2.500 4
  79   81     -0.697     -0.712      2.500 4
  82   80     -0.692     -0.241      2.500 4
  81   87     -0.690     -0.754      2.500 4
  84   82     -0.690      0.054      2.500 4
  83   85     -0.689      0.437      2.500 4
  85   83     -0.686     -0.001      2.500 4
  86   84     -0.685     -0.065      2.500 4
  87   86     -0.683     -0.201      2.500 4
  89   88     -0.681     -0.149      2.500 4
  88   89     -0.680     -0.410      2.500 4
  90   93     -0.671      0.592      2.500 4
  91   95     -0.667     -0.693      2.500 4
  95   90     -0.666      0.075      2.500 4
  92  100     -0.665     -0.784      2.500 4
  97   91     -0.666     -0.024      2.500 4
  94   97     -0.665      0.505      2.500 4
  99   92     -0.663     -0.124      2.500 4
  93  103     -0.662      0.746      2.500 4
  98   98     -0.662      0.323      2.500 4
 102   94     -0.659     -0.049      2.500 4
 101   96     -0.659      0.126      2.500 4
  96  104     -0.656     -0.727      2.500 4
 103   99     -0.656      0.032      2.500 4
 106  101     -0.655     -0.100      2.500 4
 105  102     -0.654     -0.250      2.500 4
 100  111     -0.651      0.794      2.500 4
 104  107     -0.649     -0.899      2.500 4
 107  108     -0.648      0.353      2.500 4
 108  105     -0.647     -0.151      2.500 4
 111  106     -0.644     -0.085      2.500 4
 109  110     -0.644      0.296      2.500 4
 112  109     -0.644      0.101      2.500 4
 113  112     -0.639      0.042      2.500 4
 117  113     -0.634      0.120      2.500 4
 110  119     -0.633     -0.889      2.500 4
 116  114     -0.633      0.198      2.500 4
 115  115     -0.633     -0.476      2.500 4
 118  116     -0.630      0.346      2.500 4
 114  121     -0.628      0.696      2.500 4
 119  120     -0.627      0.369      2.500 4
 121  117     -0.625     -0.263      2.500 4
 120  122     -0.623     -0.625      2.500 4
 123  118     -0.622     -0.158      2.500 4
 125  123     -0.616     -0.315      2.500 4
 122  124     -0.616      0.487      2.500 4
 126  125     -0.612      0.368      2.500 4
 124  129     -0.610      0.716      2.500 4
 130  126     -0.608     -0.323      2.500 4
 127  127     -0.607      0.337      2.500 4
 129  131     -0.602     -0.586      2.500 4
 132  128     -0.600      0.027      2.500 4
 128  133     -0.601      0.640      2.500 4
 135  130     -0.597     -0.047      2.500 4
 131  137     -0.593      0.677      2.500 4
 137  132     -0.592     -0.203      2.500 4
 136  134     -0.591      0.317      2.500 4
 133  140     -0.588      0.612      2.500 4
 140  135     -0.587      0.280      2.500 4
 139  136     -0.587     -0.425      2.500 4
 134  141     -0.586     -0.709      2.500 4
 141  138     -0.582     -0.398      2.500 4
 142  139     -0.582     -0.380      2.500 4
 138  147     -0.580      0.765      2.500 4
 143  145     -0.577      0.494      2.500 4
 145  142     -0.576     -0.354      2.500 4
 146  144     -0.572      0.279      2.500 4
 152  143     -0.571     -0.238      2.500 4
 147  148     -0.570     -0.446      2.500 4
 144  152     -0.570      0.535      2.500 4
 155  146     -0.567     -0.162      2.500 4
 151  150     -0.567      0.330      2.500 4
 149  153     -0.567      0.450      2.500 4
 148  155     -0.565     -0.638      2.500 4
 150  154     -0.565      0.432      2.500 4
 157  149     -0.563     -0.077      2.500 4
 156  151     -0.561     -0.216      2.500 4
  -1   -2     -0.558     -0.639      2.500 4
 153  162     -0.557      0.657      2.500 4
 159  157     -0.555      0.358      2.500 4
 158  159     -0.554      0.436      2.500 4
 163  156     -0.552      0.197      2.500 4
 160  161     -0.552      0.406      2.500 4
 161  165     -0.547      0.569      2.500 4
 167  160     -0.544      0.037      2.500 4
 162  168     -0.543      0.709      2.500 4
 165  167     -0.540     -0.674      2.500 4
 164  170     -0.540      0.668      2.500 4
 168  164     -0.539     -0.354      2.500 4
 173  163     -0.537      0.015      2.500 4
 176  166     -0.534     -0.163      2.500 4
 166  174     -0.533      0.634      2.500 4
 175  171     -0.529     -0.422      2.500 4
 181  169     -0.528      0.098      2.500 4
 170  176     -0.526     -0.707      2.500 4
 172  175     -0.526     -0.639      2.500 4
 169  179     -0.525      0.757      2.500 4
 182  172     -0.525     -0.253      2.500 4
 171  180     -0.524      0.684      2.500 4
 185  173     -0.523     -0.209      2.500 4
 179  177     -0.523      0.423      2.500 4
 174  182     -0.519      0.748      2.500 4
 177  183     -0.518     -0.824      2.500 4
 178  184     -0.517      0.652      2.500 4
 180  181     -0.516     -0.668      2.500 4
 189  178     -0.515      0.173      2.500 4
 184  186     -0.514      0.547      2.500 4
 188  185     -0.510     -0.505      2.500 4
 183  192     -0.510     -0.889      2.500 4
 187  193     -0.508      0.632      2.500 4
 190  189     -0.508      0.421      2.500 4
 186  194     -0.507      0.828      2.500 4
 193  187     -0.504     -0.351      2.500 4
 192  190     -0.504      0.352      2.500 4
 197  188     -0.501     -0.199      2.500 4
 191  195     -0.499     -0.765      2.500 4
 198  191     -0.499     -0.294      2.500 4
 195  196     -0.493      0.517      2.500 4
 194  201     -0.489      0.827      2.500 4
 196  202     -0.488     -0.813      2.500 4
 199  199     -0.485      0.504      2.500 4
 202  198     -0.484      0.399      2.500 4
 201  200     -0.483     -0.558      2.500 4
 200  204     -0.482     -0.597      2.500 4
 208  197     -0.480     -0.175      2.500 4
 204  209     -0.479      0.584      2.500 4
 205  206     -0.478      0.396      2.500 4
 203  210     -0.476     -0.904      2.500 4
 212  205     -0.473      0.142      2.500 4
 214  203     -0.473      0.092      2.500 4
 206  212     -0.471     -0.657      2.500 4
 213  208     -0.470     -0.389      2.500 4
 216  207     -0.470     -0.214      2.500 4
 207  217     -0.468      0.789      2.500 4
 210  214     -0.466     -0.563      2.500 4
 209  218     -0.465      0.582      2.500 4
 215  215     -0.464      0.394      2.500 4
 225  211     -0.460     -0.017      2.500 4
 211  223     -0.460      0.774      2.500 4
 226  213     -0.458      0.072      2.500 4
 217  222     -0.457      0.578      2.500 4
 220  220     -0.456      0.367      2.500 4
 229  216     -0.455     -0.197      2.500 4
 218  221     -0.455      0.468      2.500 4
 221  226     -0.452      0.478      2.500 4
 230  219     -0.451      0.002      2.500 4
 222  229     -0.450      0.530      2.500 4
 228  225     -0.449      0.364      2.500 4
  -1   -2     -0.448      0.581      2.500 4
 219  233     -0.448      0.799      2.500 4
 224  231     -0.447      0.592      2.500 4
 234  224     -0.443      0.125      2.500 4
 227  236     -0.442     -0.776      2.500 4
 233  228     -0.443      0.216      2.500 4
 237  227     -0.440     -0.015      2.500 4
 235  235     -0.436     -0.488      2.500 4
 236  234     -0.437      0.347      2.500 4
 231  238     -0.435      0.668      2.500 4
 241  232     -0.434      0.167      2.500 4
  -1  237     -0.432     -0.899      2.500 4
 232  241     -0.432      0.796      2.500 4
 240  240     -0.427      0.504      2.500 4
 239  242     -0.425     -0.680      2.500 4
 242  239     -0.424     -0.452      2.500 4
 238  246     -0.422     -0.900      2.500 4
 243  251     -0.414      0.633      2.500 4
 244  250     -0.414      0.615      2.500 4
 246  249     -0.412     -0.566      2.500 4
 249  247     -0.412     -0.468      2.500 4
 252  243     -0.411     -0.109      2.500 4
 245  252     -0.412      0.684      2.500 4
 253  244     -0.408      0.010      2.500 4
 254  245     -0.407     -0.020      2.500 4
 247  256     -0.406      0.640      2.500 4
 250  254     -0.405      0.476      2.500 4
 248  257     -0.404      0.777      2.500 4
 255  248     -0.402     -0.087      2.500 4
 251  258     -0.400     -0.685      2.500 4
 261  253     -0.395     -0.159      2.500 4
 262  255     -0.393     -0.203      2.500 4
 259  259     -0.390      0.331      2.500 4
 256  261     -0.390      0.476      2.500 4
 260  260     -0.389     -0.453      2.500 4
 258  263     -0.382     -0.727      2.500 4
 257  264     -0.381      0.824      2.500 4
 263  266     -0.378      0.731      2.500 4
 268  262     -0.376      0.204      2.500 4
 264  267     -0.374     -0.832      2.500 4
 265  270     -0.371      0.674      2.500 4
 266  274     -0.365     -0.754      2.500 4
 275  265     -0.365     -0.189      2.500 4
 271  268     -0.365      0.349      2.500 4
 269  272     -0.364     -0.615      2.500 4
 267  275     -0.364      0.647      2.500 4
 272  271     -0.361      0.368      2.500 4
 270  277     -0.358     -0.772      2.500 4
 278  269     -0.356     -0.063      2.500 4
 273  282     -0.352     -0.796      2.500 4
 274  280     -0.353      0.599      2.500 4
 279  276     -0.352      0.240      2.500 4
 283  273     -0.351     -0.026      2.500 4
 276  283     -0.348      0.490      2.500 4
 282  278     -0.348     -0.387      2.500 4
 277  284     -0.346     -0.668      2.500 4
 284  281     -0.344      0.281      2.500 4
 286  279     -0.342     -0.108      2.500 4
 281  286     -0.341      0.530      2.500 4
 280  288     -0.338      0.745      2.500 4
 285  289     -0.333      0.521      2.500 4
  -1  291     -0.332     -0.076      2.500 4
 294  287     -0.323     -0.195      2.500 4
 287  296     -0.322     -0.593      2.500 4
 295   -2     -0.322     -0.240      2.500 4
 289  294     -0.322      0.416      2.500 4
 296  290     -0.321     -0.206      2.500 4
 288  300     -0.319     -0.076      2.500 4
 293  295     -0.318      0.323      2.500 4
 299  292     -0.318     -0.237      2.500 4
 291  297     -0.317      0.422      2.500 4
 292  298     -0.316     -0.523      2.500 4
 301  293     -0.316      0.128      2.500 4
 290  301     -0.313      0.715      2.500 4
 297  302     -0.308      0.625      2.500 4
 304  299     -0.307     -0.196      2.500 4
 298  306     -0.304      0.789      2.500 4
 300   -2     -0.300     -0.074      2.500 4
 306  303     -0.299     -0.480      2.500 4
 302  309     -0.298     -0.850      2.500 4
 303  311     -0.297     -0.833      2.500 4
 305  315     -0.293      0.832      2.500 4
 308  308     -0.292     -0.445      2.500 4
 309  307     -0.290     -0.335      2.500 4
 310  305     -0.290      0.117      2.500 4
 312  304     -0.289     -0.069      2.500 4
 315  312     -0.284     -0.277      2.500 4
 316  310     -0.283      0.046      2.500 4
 313  314     -0.283     -0.409      2.500 4
 317  313     -0.280      0.103      2.500 4
 311  321     -0.278      0.587      2.500 4
 314  320     -0.277     -0.588      2.500 4
 320  316     -0.275     -0.180      2.500 4
 321  317     -0.273     -0.093      2.500 4
 319  319     -0.272     -0.347      2.500 4
  -1   -2     -0.269     -0.023      2.500 4
 326  322     -0.265     -0.017      2.500 4
 323  323     -0.264     -0.269      2.500 4
 318  327     -0.263     -0.818      2.500 4
 324  324     -0.262      0.280      2.500 4
 329  325     -0.256      0.232      2.500 4
 325  330     -0.255     -0.651      2.500 4
 333  326     -0.251     -0.142      2.500 4
 332  329     -0.250      0.329      2.500 4
 334  328     -0.250     -0.134      2.500 4
 327  334     -0.250      0.816      2.500 4
 328  332     -0.250      0.599      2.500 4
 330  333     -0.248     -0.617      2.500 4
 331  331     -0.248      0.465      2.500 4
 335  336     -0.238     -0.667      2.500 4
 341  335     -0.237     -0.291      2.500 4
 336  337     -0.236     -0.645      2.500 4
 338  338     -0.234      0.456      2.500 4
 337  339     -0.234      0.488      2.500 4
 339  340     -0.231     -0.614      2.500 4
 343  342     -0.228      0.410      2.500 4
 340  345     -0.227      0.641      2.500 4
 342  343     -0.226      0.493      2.500 4
 344  347     -0.224      0.541      2.500 4
  -1   -2     -0.222      0.102      2.500 4
 347  344     -0.220      0.250      2.500 4
 351  346     -0.216     -0.140      2.500 4
 349  350     -0.215      0.296      2.500 4
 352  348     -0.214     -0.100      2.500 4
 348  351     -0.213     -0.898      2.500 4
 345  354     -0.214      0.815      2.500 4
 353  349     -0.212      0.103      2.500 4
 355  352     -0.208      0.159      2.500 4
 350  357     -0.208      0.595      2.500 4
 356  353     -0.206     -0.305      2.500 4
 354  356     -0.204     -0.507      2.500 4
 360  355     -0.200      0.114      2.500 4
 361  358     -0.198      0.132      2.500 4
 359  360     -0.195     -0.617      2.500 4
 357  363     -0.195      0.635      2.500 4
 358  365     -0.193      0.772      2.500 4
 367  359     -0.191      0.063      2.500 4
 362  369     -0.188      0.735      2.500 4
 368  361     -0.188      0.120      2.500 4
 363  368     -0.187      0.551      2.500 4
 366  364     -0.187      0.388      2.500 4
 370  362     -0.186     -0.049      2.500 4
 365  370     -0.184      0.683      2.500 4
 364  371     -0.183     -0.904      2.500 4
 371  366     -0.180     -0.171      2.500 4
 372  367     -0.179     -0.087      2.500 4
 369  375     -0.176      0.703      2.500 4
 375  372     -0.173     -0.271      2.500 4
 374  374     -0.171     -0.476      2.500 4
 373  376     -0.171     -0.597      2.500 4
 376  373     -0.171      0.324      2.500 4
 378  377     -0.166      0.542      2.500 4
 377  379     -0.165     -0.741      2.500 4
 379  378     -0.164      0.479      2.500 4
 380  380     -0.162     -0.600      2.500 4
 381  382     -0.159      0.592      2.500 4
 383  381     -0.155     -0.448      2.500 4
 382  386     -0.152     -0.681      2.500 4
 384  383     -0.151     -0.386      2.500 4
 385  387     -0.148     -0.467      2.500 4
 387  385     -0.148     -0.367      2.500 4
 388  384     -0.148     -0.294      2.500 4
 386  392     -0.142     -0.708      2.500 4
 392  388     -0.142      0.026      2.500 4
 389  391     -0.141     -0.575      2.500 4
 394  389     -0.139      0.148      2.500 4
 390  395     -0.139      0.613      2.500 4
 393  393     -0.138      0.368      2.500 4
 391  396     -0.136      0.574      2.500 4
 399  390     -0.136     -0.091      2.500 4
 395  394     -0.135      0.347      2.500 4
 402  398     -0.129     -0.527      2.500 4
 405  397     -0.129     -0.314      2.500 4
 396  401     -0.128      0.708      2.500 4
  -1   -2     -0.128     -0.520      2.500 4
 400  400     -0.128     -0.672      2.500 4
 397  404     -0.128      0.810      2.500 4
 398  405     -0.127      0.721      2.500 4
 401  406     -0.126     -0.793      2.500 4
 404  410     -0.124     -0.845      2.500 4
 406  402     -0.123     -0.433      2.500 4
 409  403     -0.120     -0.188      2.500 4
 408  408     -0.119     -0.315      2.500 4
 407  412     -0.118      0.661      2.500 4
 412  407     -0.117     -0.099      2.500 4
 413  409     -0.117     -0.155      2.500 4
 415  411     -0.115     -0.076      2.500 4
 410  414     -0.114      0.452      2.500 4
 411  415     -0.112     -0.620      2.500 4
 416  413     -0.111     -0.178      2.500 4
 414  416     -0.109     -0.799      2.500 4
 417  417     -0.101     -0.521      2.500 4
 418  419     -0.098      0.390      2.500 4
  -1   -2     -0.098      0.383      2.500 4
 421  418     -0.098      0.116      2.500 4
 422  421     -0.094     -0.071      2.500 4
 420  422     -0.093      0.677      2.500 4
 423  423     -0.085     -0.505      2.500 4
 424  424     -0.081      0.548      2.500 4
 425  426     -0.078      0.651      2.500 4
 427  425     -0.076      0.127      2.500 4
 426  427     -0.074      0.400      2.500 4
 428  428     -0.067      0.195      2.500 4
 430  429     -0.064      0.173      2.500 4
 429  431     -0.063     -0.640      2.500 4
 431  430     -0.061     -0.290      2.500 4
 432  433     -0.059     -0.351      2.500 4
 433  432     -0.059     -0.085      2.500 4
 435  436     -0.056     -0.329      2.500 4
 436  434     -0.056     -0.257      2.500 4
 438  435     -0.056      0.153      2.500 4
 434  438     -0.054      0.504      2.500 4
  -1   -2     -0.053      0.495      2.500 4
 440  437     -0.052     -0.402      2.500 4
 439  440     -0.052     -0.586      2.500 4
 441  442     -0.048      0.781      2.500 4
 442  441     -0.047      0.269      2.500 4
 443  445     -0.041      0.723      2.500 4
 444  443     -0.040     -0.536      2.500 4
 445  444     -0.040      0.405      2.500 4
 446  446     -0.036     -0.324      2.500 4
 447  450     -0.032      0.821      2.500 4
 449  447     -0.032      0.197      2.500 4
 448  449     -0.032     -0.632      2.500 4
 450  448     -0.031     -0.229      2.500 4
 451  451     -0.027      0.571      2.500 4
 452  452     -0.024     -0.667      2.500 4
 453  457     -0.022     -0.857      2.500 4
 454  455     -0.022     -0.574      2.500 4
 456  454     -0.022     -0.023      2.500 4
 457  453     -0.022     -0.093      2.500 4
 455  456     -0.021     -0.385      2.500 4
 458  458     -0.018     -0.867      2.500 4
 459  459     -0.016     -0.903      2.500 4
 461  460     -0.011      0.480      2.500 4
 460  462     -0.011     -0.757      2.500 4
 462  461     -0.010     -0.485      2.500 4
 463  464     -0.008     -0.771      2.500 4
 464  463     -0.008      0.407      2.500 4
 466  465     -0.006     -0.049      2.500 4
 465  467     -0.006      0.673      2.500 4
 467  466     -0.005      0.249      2.500 4
 468  468     -0.003     -0.288      2.500 4
 469  469     -0.000     -0.512      2.500 4
 470  470      0.001     -0.627      2.500 4
 471  471      0.001      0.465      2.500 4
 472  472      0.003     -0.543      2.500 4
 474  473      0.004     -0.898      2.500 4
 473  474      0.004     -0.689      2.500 4
 475  475      0.006     -0.850      2.500 4
 476  478      0.007      0.774      2.500 4
 477  477      0.007      0.343      2.500 4
 478  476      0.007     -0.095      2.500 4
 480  480      0.009      0.048      2.500 4
 479  479      0.009      0.027      2.500 4
 481  481      0.010     -0.136      2.500 4
 482  482      0.011      0.527      2.500 4
 483  483      0.012      0.674      2.500 4
 485  484      0.014      0.225      2.500 4
 484  485      0.014     -0.806      2.500 4
 486  486      0.015      0.382      2.500 4
 487  487      0.016     -0.540      2.500 4
 488  488      0.017      0.723      2.500 4
 489  489      0.017      0.074      2.500 4
 490  492      0.018      0.794      2.500 4
 491  491      0.018     -0.610      2.500 4
 492  490      0.019      0.256      2.500 4
 493  493      0.020     -0.349      2.500 4
 494  494      0.021      0.117      2.500 4
 495  495      0.023      0.155      2.500 4
 496  496      0.024     -0.006      2.500 4
 498  497      0.026     -0.693      2.500 4
 497  498      0.026     -0.511      2.500 4
 499  499      0.027     -0.588      2.500 4
 501  500      0.028      0.603      2.500 4
 500  501      0.029     -0.543      2.500 4
 502  502      0.031      0.272      2.500 4
  -1   -2      0.033     -0.584      2.500 4
 504  504      0.033     -0.731      2.500 4
 505  505      0.035     -0.665      2.500 4
 506  506      0.036     -0.685      2.500 4
 507  508      0.039      0.032      2.500 4
 508  507      0.039      0.823      2.500 4
 509  509      0.044     -0.311      2.500 4
 510  510      0.046     -0.479      2.500 4
 511  511      0.046      0.254      2.500 4
 512  512      0.050      0.047      2.500 4
 513  513      0.052     -0.169      2.500 4
 514  514      0.053     -0.142      2.500 4
 515  516      0.055     -0.270      2.500 4
 516  515      0.056     -0.428      2.500 4
 517  518      0.058      0.132      2.500 4
 518  517      0.059      0.519      2.500 4
 519  519      0.062      0.086      2.500 4
 520  520      0.064     -0.271      2.500 4
 521  521      0.066     -0.733      2.500 4
 523  522      0.070      0.697      2.500 4
 524  523      0.070      0.658      2.500 4
 522  524      0.071      0.176      2.500 4
 526  525      0.073     -0.720      2.500 4
 525  526      0.074     -0.025      2.500 4
 527  529      0.077      0.363      2.500 4
 529  527      0.077      0.651      2.500 4
 528  528      0.078      0.532      2.500 4
 530  530      0.083      0.324      2.500 4
 531  531      0.085     -0.568      2.500 4
 532  532      0.085     -0.488      2.500 4
 533  533      0.089      0.037      2.500 4
 535  534      0.101      0.387      2.500 4
 534  535      0.101     -0.370      2.500 4
 536  536      0.105      0.221      2.500 4
 537  538      0.106      0.191      2.500 4
 541  537      0.108     -0.714      2.500 4
 538  541      0.109     -0.093      2.500 4
 539  543      0.109      0.035      2.500 4
 543  539      0.110     -0.783      2.500 4
  -1   -2      0.110      0.216      2.500 4
 542  542      0.111     -0.472      2.500 4
 547  540      0.113     -0.893      2.500 4
 544  545      0.116     -0.238      2.500 4
 546  546      0.117      0.068      2.500 4
 545  547      0.117     -0.090      2.500 4
 548  550      0.121     -0.009      2.500 4
 549  549      0.121     -0.266      2.500 4
 550  548      0.121     -0.491      2.500 4
 553  551      0.125     -0.653      2.500 4
 551  552      0.128     -0.250      2.500 4
 552  553      0.129      0.044      2.500 4
 554  554      0.131      0.295      2.500 4
 556  555      0.135      0.670      2.500 4
 555  556      0.135      0.629      2.500 4
 557  557      0.136      0.750      2.500 4
 560  558      0.139     -0.867      2.500 4
 562  559      0.142      0.618      2.500 4
 564  560      0.142     -0.825      2.500 4
 558  565      0.145     -0.068      2.500 4
 559  564      0.145      0.035      2.500 4
 567  561      0.146     -0.582      2.500 4
 563  562      0.146      0.274      2.500 4
 561  566      0.147      0.107      2.500 4
 566  568      0.149     -0.272      2.500 4
 565  570      0.150     -0.047      2.500 4
 570  563      0.153     -0.896      2.500 4
 568  569      0.154     -0.558      2.500 4
 573  567      0.155      0.791      2.500 4
  -1   -2      0.155     -0.544      2.500 4
 574  572      0.158      0.505      2.500 4
 571  575      0.160     -0.214      2.500 4
 572  576      0.161      0.061      2.500 4
 576  573      0.163     -0.613      2.500 4
 575  577      0.165      0.343      2.500 4
 577  574      0.167     -0.852      2.500 4
 579  578      0.175      0.376      2.500 4
 578  580      0.177      0.141      2.500 4
 580  581      0.180      0.278      2.500 4
 585  579      0.180     -0.680      2.500 4
 581  584      0.182     -0.368      2.500 4
 582  588      0.184     -0.277      2.500 4
 587  586      0.185     -0.512      2.500 4
 583  590      0.185      0.061      2.500 4
  -1  589      0.186     -0.552      2.500 4
 584  591      0.186     -0.200      2.500 4
 594  582      0.187     -0.892      2.500 4
 595  583      0.188      0.728      2.500 4
 597  585      0.188     -0.835      2.500 4
 586  593      0.189      0.051      2.500 4
 589  594      0.191      0.171      2.500 4
 593   -2      0.191     -0.560      2.500 4
 591  596      0.191      0.152      2.500 4
 590  600      0.193     -0.132      2.500 4
 596  597      0.194     -0.417      2.500 4
 592  602      0.195      0.016      2.500 4
 599  595      0.195      0.442      2.500 4
 600  599      0.197     -0.513      2.500 4
 602  592      0.197      0.668      2.500 4
 604  601      0.200      0.503      2.500 4
 605  598      0.201     -0.831      2.500 4
 603  604      0.201     -0.529      2.500 4
 598  606      0.201     -0.155      2.500 4
  -1   -2      0.205     -0.896      2.500 4
 601  611      0.205      0.107      2.500 4
 611  605      0.207      0.796      2.500 4
 607  610      0.208      0.367      2.500 4
 606  612      0.210     -0.260      2.500 4
 614  608      0.212      0.691      2.500 4
 615  607      0.212     -0.899      2.500 4
 616  609      0.213     -0.865      2.500 4
 609  614      0.216     -0.146      2.500 4
 610  617      0.217     -0.027      2.500 4
 617  613      0.219     -0.562      2.500 4
 612  619      0.219     -0.054      2.500 4
 613  618      0.220      0.173      2.500 4
 618  616      0.222     -0.899      2.500 4
 620  615      0.224     -0.683      2.500 4
 619  621      0.225      0.297      2.500 4
 621  620      0.231      0.752      2.500 4
 622  623      0.238     -0.409      2.500 4
 625  622      0.239      0.745      2.500 4
 623  627      0.243     -0.291      2.500 4
 624  625      0.244      0.366      2.500 4
 628  624      0.246     -0.872      2.500 4
 627  626      0.247      0.514      2.500 4
 626  633      0.251     -0.121      2.500 4
 630  628      0.252     -0.620      2.500 4
 633  629      0.256      0.602      2.500 4
 629  635      0.257     -0.317      2.500 4
 634  630      0.259     -0.645      2.500 4
 632  634      0.260     -0.453      2.500 4
 638  632      0.263      0.723      2.500 4
 640  631      0.263     -0.866      2.500 4
 636  636      0.263     -0.573      2.500 4
 631  638      0.265      0.078      2.500 4
 641  637      0.268      0.503      2.500 4
 635  643      0.271      0.011      2.500 4
 637  644      0.272      0.130      2.500 4
 642  642      0.274      0.248      2.500 4
 639  647      0.275     -0.004      2.500 4
 648  639      0.278      0.801      2.500 4
 643  645      0.278     -0.359      2.500 4
 645  640      0.278      0.575      2.500 4
 651  641      0.281      0.620      2.500 4
 652  646      0.284     -0.623      2.500 4
 644  649      0.285     -0.212      2.500 4
 650  648      0.287      0.342      2.500 4
 646  652      0.289      0.071      2.500 4
 647  653      0.289      0.127      2.500 4
 655  650      0.289     -0.450      2.500 4
 649  656      0.292     -0.028      2.500 4
 654  655      0.293      0.151      2.500 4
 656  654      0.294      0.200      2.500 4
 653  657      0.294      0.043      2.500 4
 659  651      0.295     -0.568      2.500 4
 657  660      0.297      0.108      2.500 4
 658  662      0.298      0.051      2.500 4
 661  658      0.301     -0.486      2.500 4
 660  663      0.302     -0.325      2.500 4
 662  659      0.302      0.410      2.500 4
 664  661      0.309      0.597      2.500 4
 663  664      0.312      0.462      2.500 4
 665  666      0.315      0.419      2.500 4
 669  665      0.321      0.821      2.500 4
 666  669      0.322      0.309      2.500 4
 670  667      0.323      0.644      2.500 4
 673  668      0.327     -0.788      2.500 4
 667  673      0.330      0.009      2.500 4
 668  674      0.333      0.099      2.500 4
 675  670      0.334      0.677      2.500 4
 671  677      0.337     -0.150      2.500 4
 676  671      0.338      0.508      2.500 4
 672  678      0.339     -0.226      2.500 4
 677  675      0.341      0.436      2.500 4
 682  672      0.343     -0.811      2.500 4
 674  682      0.344     -0.200      2.500 4
 685  676      0.346     -0.777      2.500 4
 678  679      0.346     -0.473      2.500 4
 679  685      0.349     -0.418      2.500 4
 690  681      0.355     -0.654      2.500 4
 686  688      0.355      0.381      2.500 4
 680  692      0.355     -0.193      2.500 4
 687  689      0.356      0.412      2.500 4
 692  686      0.357      0.551      2.500 4
 681  697      0.357     -0.109      2.500 4
 695  680      0.357     -0.768      2.500 4
 689  690      0.357      0.425      2.500 4
 693  684      0.357     -0.709      2.500 4
 698  683      0.359      0.749      2.500 4
 683  699      0.360     -0.001      2.500 4
 684  700      0.360      0.008      2.500 4
 688  694      0.361      0.261      2.500 4
 691  693      0.362      0.335      2.500 4
 700  687      0.362     -0.888      2.500 4
 699  696      0.366     -0.576      2.500 4
 701  695      0.367     -0.616      2.500 4
  -1   -2      0.368     -0.808      2.500 4
 694  703      0.369      0.137      2.500 4
 696  704      0.371      0.089      2.500 4
 702  698      0.374     -0.809      2.500 4
 697  705      0.374     -0.113      2.500 4
 703  701      0.375     -0.589      2.500 4
 706  702      0.377      0.507      2.500 4
 704  711      0.385     -0.155      2.500 4
 705  710      0.386     -0.288      2.500 4
 709  707      0.386      0.358      2.500 4
 710  708      0.390     -0.466      2.500 4
 715  706      0.391      0.611      2.500 4
 711  709      0.391      0.405      2.500 4
 708  714      0.393     -0.015      2.500 4
 713  716      0.398      0.247      2.500 4
 717  713      0.400      0.543      2.500 4
 720  712      0.402     -0.772      2.500 4
 712  720      0.403      0.023      2.500 4
 716  715      0.403      0.435      2.500 4
 714  721      0.403     -0.162      2.500 4
 718  718      0.405      0.370      2.500 4
 723  717      0.411      0.683      2.500 4
 719  725      0.413     -0.037      2.500 4
 725  719      0.414      0.733      2.500 4
 721  724      0.415     -0.335      2.500 4
 728  722      0.419     -0.762      2.500 4
 730  723      0.425     -0.716      2.500 4
 722  732      0.426     -0.024      2.500 4
 731  726      0.427     -0.651      2.500 4
 727  730      0.430      0.235      2.500 4
 726  735      0.430     -0.160      2.500 4
 724  734      0.430     -0.149      2.500 4
  -1   -2      0.435      0.690      2.500 4
 732  736      0.436     -0.419      2.500 4
 729  740      0.436     -0.206      2.500 4
 739  728      0.438     -0.903      2.500 4
 734  733      0.438     -0.526      2.500 4
 738  729      0.439     -0.675      2.500 4
 735  738      0.439     -0.898      2.500 4
 733  739      0.440      0.321      2.500 4
 742  731      0.443      0.732      2.500 4
 744  737      0.447      0.689      2.500 4
 737  746      0.452      0.062      2.500 4
 743  743      0.454      0.338      2.500 4
 741  748      0.455      0.178      2.500 4
 749  741      0.455     -0.873      2.500 4
 740  752      0.456     -0.127      2.500 4
 745  750      0.460     -0.390      2.500 4
 750  742      0.460     -0.706      2.500 4
 752  744      0.464     -0.719      2.500 4
 746  754      0.464      0.147      2.500 4
 751  745      0.464     -0.687      2.500 4
 747  755      0.466      0.035      2.500 4
 754  747      0.468     -0.892      2.500 4
 748  756      0.470      0.154      2.500 4
 756  749      0.470      0.713      2.500 4
 755  751      0.471      0.647      2.500 4
 753  753      0.471      0.426      2.500 4
 757  757      0.483      0.517      2.500 4
 762  758      0.489     -0.721      2.500 4
 759  761      0.490     -0.549      2.500 4
 761  759      0.491      0.572      2.500 4
 758  764      0.492      0.216      2.500 4
 764  760      0.493     -0.765      2.500 4
 760  763      0.495     -0.503      2.500 4
 769  762      0.501     -0.821      2.500 4
 765  768      0.504      0.255      2.500 4
 763  776      0.505     -0.006      2.500 4
 773  765      0.506      0.691      2.500 4
 766  778      0.510     -0.127      2.500 4
 772  769      0.510      0.447      2.500 4
 768  773      0.510     -0.457      2.500 4
 775  766      0.512     -0.651      2.500 4
 770  777      0.513      0.329      2.500 4
 774  775      0.514     -0.536      2.500 4
 777  771      0.515     -0.659      2.500 4
 767  779      0.516      0.118      2.500 4
 778  767      0.516      0.831      2.500 4
 779  770      0.518      0.792      2.500 4
 784  772      0.519     -0.884      2.500 4
 782  774      0.520      0.723      2.500 4
 771  782      0.520      0.001      2.500 4
 776  784      0.525     -0.213      2.500 4
 785  780      0.527      0.466      2.500 4
 786  783      0.531     -0.512      2.500 4
 781  785      0.531     -0.355      2.500 4
 789  781      0.533      0.661      2.500 4
 780  790      0.534     -0.195      2.500 4
 783  789      0.534     -0.240      2.500 4
 788  786      0.538     -0.498      2.500 4
 790  788      0.541     -0.505      2.500 4
 792  787      0.543     -0.591      2.500 4
 791  795      0.545      0.341      2.500 4
 787  796      0.545     -0.101      2.500 4
 793  791      0.546      0.525      2.500 4
 794  794      0.547      0.482      2.500 4
 795  792      0.547     -0.623      2.500 4
 797  793      0.550      0.605      2.500 4
 796  797      0.555      0.348      2.500 4
 798  799      0.562     -0.290      2.500 4
 802  798      0.567     -0.526      2.500 4
  -1   -2      0.569     -0.291      2.500 4
 799  802      0.570     -0.002      2.500 4
 801  803      0.573     -0.088      2.500 4
 803  808      0.580     -0.143      2.500 4
 804  807      0.582      0.177      2.500 4
 808  801      0.583     -0.754      2.500 4
 806  804      0.585     -0.544      2.500 4
 805  812      0.586     -0.179      2.500 4
 807  810      0.591      0.309      2.500 4
 813  806      0.592     -0.716      2.500 4
 815  805      0.593     -0.900      2.500 4
 811  813      0.594     -0.520      2.500 4
 810  819      0.597      0.001      2.500 4
 809  820      0.597     -0.010      2.500 4
 814  814      0.597     -0.562      2.500 4
 817  809      0.599      0.773      2.500 4
 818  811      0.600      0.758      2.500 4
 816  815      0.601      0.490      2.500 4
 812  821      0.601     -0.312      2.500 4
 820  817      0.608     -0.700      2.500 4
 823  816      0.608     -0.821      2.500 4
 824  818      0.611      0.709      2.500 4
 819  824      0.612     -0.404      2.500 4
 822  822      0.613      0.510      2.500 4
 827  823      0.616      0.690      2.500 4
 826  826      0.619      0.455      2.500 4
 821  827      0.621      0.087      2.500 4
 828  825      0.624     -0.901      2.500 4
 825  828      0.625     -0.022      2.500 4
 829  831      0.636      0.220      2.500 4
 831  829      0.637     -0.523      2.500 4
 833  830      0.642      0.571      2.500 4
 830  833      0.642      0.136      2.500 4
 832  836      0.648     -0.206      2.500 4
 835  834      0.650      0.313      2.500 4
 838  832      0.651      0.573      2.500 4
 834  842      0.654      0.061      2.500 4
 836  844      0.655     -0.159      2.500 4
 843  835      0.656     -0.637      2.500 4
 841  839      0.657      0.346      2.500 4
 842  838      0.657     -0.898      2.500 4
 837  846      0.659      0.035      2.500 4
 845  837      0.659      0.523      2.500 4
 839  847      0.660     -0.183      2.500 4
 840  850      0.661      0.052      2.500 4
 846  845      0.663      0.340      2.500 4
 848  840      0.664     -0.808      2.500 4
 849  841      0.666      0.723      2.500 4
 851  843      0.667      0.637      2.500 4
 844  853      0.667     -0.225      2.500 4
 850  849      0.669     -0.585      2.500 4
 847  852      0.672      0.363      2.500 4
 856  848      0.673     -0.814      2.500 4
 853  856      0.676     -0.396      2.500 4
 855  854      0.676      0.496      2.500 4
 858  851      0.676     -0.798      2.500 4
 852  860      0.679      0.015      2.500 4
 854  859      0.679      0.162      2.500 4
 860  855      0.681      0.776      2.500 4
 859  857      0.682      0.462      2.500 4
 862  858      0.685      0.569      2.500 4
 857  863      0.686     -0.129      2.500 4
 861  865      0.692     -0.189      2.500 4
 866  861      0.693      0.790      2.500 4
 864  862      0.694     -0.648      2.500 4
 863  866      0.696     -0.452      2.500 4
 870  864      0.700      0.607      2.500 4
 871  867      0.701     -0.603      2.500 4
 865  869      0.702      0.142      2.500 4
 868  872      0.704     -0.319      2.500 4
 867  874      0.705      0.054      2.500 4
 869  876      0.708      0.023      2.500 4
 873  875      0.709     -0.397      2.500 4
 874  871      0.709     -0.613      2.500 4
 876  868      0.710     -0.811      2.500 4
 872  878      0.712     -0.103      2.500 4
 877  870      0.712      0.661      2.500 4
 875  873      0.712      0.563      2.500 4
 880  877      0.719      0.605      2.500 4
 879  880      0.720     -0.351      2.500 4
 878  885      0.723     -0.009      2.500 4
 883  879      0.724     -0.764      2.500 4
 881  886      0.727      0.177      2.500 4
 884  881      0.728      0.692      2.500 4
 889  882      0.730     -0.830      2.500 4
 888  883      0.731     -0.734      2.500 4
  -1   -2      0.732      0.186      2.500 4
 891  884      0.732     -0.777      2.500 4
 885  888      0.735      0.312      2.500 4
 887  891      0.739     -0.203      2.500 4
 886  892      0.739     -0.093      2.500 4
 894  889      0.741      0.717      2.500 4
 892  890      0.742      0.552      2.500 4
 890  898      0.742     -0.022      2.500 4
 893  895      0.745      0.351      2.500 4
 895  893      0.744     -0.558      2.500 4
  -1   -2      0.745     -0.570      2.500 4
 898  896      0.748     -0.707      2.500 4
 902  897      0.750     -0.772      2.500 4
 897  904      0.751     -0.252      2.500 4
 899  901      0.753     -0.433      2.500 4
 903  899      0.754      0.514      2.500 4
 901  902      0.754      0.368      2.500 4
 900  903      0.754     -0.453      2.500 4
 904  908      0.758      0.281      2.500 4
 909  900      0.757     -0.773      2.500 4
 905  909      0.758      0.253      2.500 4
 910  905      0.759     -0.691      2.500 4
 906  910      0.761      0.134      2.500 4
 912  906      0.761     -0.845      2.500 4
 911  907      0.762      0.646      2.500 4
 907  911      0.762     -0.062      2.500 4
 908  913      0.765     -0.030      2.500 4
 913  914      0.769     -0.378      2.500 4
 915  912      0.769      0.435      2.500 4
 914  917      0.772     -0.021      2.500 4
 916  916      0.775      0.391      2.500 4
 919  915      0.777      0.795      2.500 4
 923  918      0.780      0.700      2.500 4
 918  924      0.780     -0.260      2.500 4
 922  920      0.781      0.456      2.500 4
 917  925      0.781      0.174      2.500 4
 925  919      0.782      0.612      2.500 4
 926  921      0.783     -0.684      2.500 4
 920  927      0.784     -0.054      2.500 4
 924  926      0.784     -0.439      2.500 4
 927  922      0.785     -0.851      2.500 4
 928  923      0.787      0.736      2.500 4
 929  929      0.793      0.258      2.500 4
 930  928      0.793      0.510      2.500 4
 931  930      0.798      0.716      2.500 4
 932  931      0.801      0.564      2.500 4
 934   -2      0.804      0.831      2.500 4
 936  932      0.805      0.778      2.500 4
 933  934      0.807      0.204      2.500 4
 935  936      0.809     -0.072      2.500 4
 939  933      0.811      0.668      2.500 4
  -1   -2      0.812      0.211      2.500 4
  -1   -2      0.812      0.530      2.500 4
 938  941      0.814      0.092      2.500 4
 942  937      0.815      0.719      2.500 4
 944  939      0.815     -0.699      2.500 4
 941  940      0.816      0.521      2.500 4
 945  942      0.820      0.449      2.500 4
 943  945      0.820     -0.129      2.500 4
 946  943      0.821     -0.455      2.500 4
 948  944      0.822      0.315      2.500 4
 947  947      0.824     -0.016      2.500 4
 952  946      0.825     -0.620      2.500 4
 949  948      0.826      0.191      2.500 4
 950  952      0.827     -0.238      2.500 4
 954  949      0.828      0.420      2.500 4
 951  953      0.828     -0.080      2.500 4
 955  950      0.829     -0.605      2.500 4
 956  951      0.830      0.501      2.500 4
 953  954      0.830      0.011      2.500 4
 958  956      0.837     -0.550      2.500 4
 957  958      0.838     -0.446      2.500 4
 961  955      0.838      0.692      2.500 4
 960  957      0.838     -0.609      2.500 4
 959  959      0.839     -0.357      2.500 4
 962  960      0.841      0.193      2.500 4
 963  962      0.852     -0.194      2.500 4
 964  961      0.853     -0.627      2.500 4
 965  963      0.855      0.368      2.500 4
 966  965      0.856     -0.329      2.500 4
 968  966      0.856     -0.297      2.500 4
 967  968      0.857     -0.160      2.500 4
 969  964      0.858     -0.846      2.500 4
 970  967      0.859     -0.861      2.500 4
 971  969      0.860     -0.809      2.500 4
 972  970      0.862     -0.510      2.500 4
 973  971      0.865     -0.885      2.500 4
 974  973      0.873      0.153      2.500 4
 975  972      0.873      0.356      2.500 4
 976  974      0.874     -0.898      2.500 4
 978  975      0.882      0.755      2.500 4
 977  976      0.882      0.702      2.500 4
 979  977      0.882      0.822      2.500 4
 980  978      0.883     -0.487      2.500 4
 981  979      0.884      0.592      2.500 4
 982  980      0.885     -0.758      2.500 4
 983  981      0.889     -0.199      2.500 4
 984  982      0.893     -0.623      2.500 4
 985  983      0.894      0.329      2.500 4
 986  985      0.895     -0.564      2.500 4
 987  984      0.896      0.663      2.500 4
 988  987      0.900     -0.024      2.500 4
 989  986      0.901      0.299      2.500 4
 991  988      0.901     -0.418      2.500 4
 990  989      0.901     -0.296      2.500 4
  -1   -2      0.908      0.253      2.500 4
 995  990      0.909      0.540      2.500 4
 993  993      0.908      0.080      2.500 4
 994  992      0.909      0.245      2.500 4
 996  995      0.911      0.462      2.500 4
 997  994      0.910     -0.778      2.500 4
 999  996      0.912      0.796      2.500 4
 998  997      0.912      0.571      2.500 4
1000  998      0.912     -0.702      2.500 4
