998
   0    0     -0.823      0.557      2.500 4
   1    1     -0.822      0.200      2.500 4
   2    2     -0.821      0.017      2.500 4
   3    3     -0.819     -0.171      2.500 4
   5    4     -0.816     -0.272      2.500 4
   6    5     -0.816      0.356      2.500 4
   8    6     -0.815     -0.516      2.500 4
   7    7     -0.815     -0.080      2.500 4
   9    8     -0.816      0.793      2.500 4
  10    9     -0.815      0.138      2.500 4
   4   10     -0.814     -0.734      2.500 4
  11   11     -0.814     -0.298      2.500 4
  12   12     -0.814      0.574      2.500 4
  13   13     -0.813     -0.334      2.500 4
  14   -2     -0.811      0.663      2.500 4
  16   16     -0.810     -0.743      2.500 4
  -1   15     -0.811      0.669      2.500 4
  17   14     -0.810      0.249      2.500 4
  18   18     -0.807     -0.236      2.500 4
  19   19     -0.804     -0.048      2.500 4
  20   20     -0.802     -0.245      2.500 4
  21   21     -0.802      0.360      2.500 4
  22   22     -0.801      0.336      2.500 4
  23   23     -0.800      0.531      2.500 4
  24   24     -0.797     -0.503      2.500 4
  25   25     -0.797     -0.153      2.500 4
  26   26     -0.796     -0.270      2.500 4
  27   27     -0.792     -0.477      2.500 4
  29   28     -0.791      0.178      2.500 4
  28   29     -0.791      0.615      2.500 4
  30   31     -0.787      0.811      2.500 4
  32   32     -0.785      0.542      2.500 4
  31   33     -0.784     -0.892      2.500 4
  33   30     -0.785      0.082      2.500 4
  34   34     -0.782      0.173      2.500 4
  35   35     -0.780     -0.336      2.500 4
  37   36     -0.776      0.193      2.500 4
  36   38     -0.774     -0.659      2.500 4
  38   37     -0.775      0.402      2.500 4
  39   39     -0.772      0.305      2.500 4
  40   41     -0.771      0.524      2.500 4
  43   40     -0.769     -0.221      2.500 4
  41   44     -0.769      0.717      2.500 4
  42   42     -0.769      0.451      2.500 4
  44   43     -0.767      0.359      2.500 4
  45   45     -0.764     -0.693      2.500 4
  46   47     -0.764      0.635      2.500 4
  47   46     -0.760     -0.266      2.500 4
  48   51     -0.754     -0.717      2.500 4
  50   49     -0.753     -0.294      2.500 4
  51   48     -0.753     -0.066      2.500 4
  49   52     -0.752     -0.861      2.500 4
  52   50     -0.751      0.061      2.500 4
  54   53     -0.748      0.163      2.500 4
  55   54     -0.746     -0.226      2.500 4
  53   56     -0.745      0.668      2.500 4
  57   58     -0.742     -0.550      2.500 4
  59   55     -0.742      0.015      2.500 4
  60   59     -0.740     -0.318      2.500 4
  64   57     -0.740     -0.034      2.500 4
  56   65     -0.739     -0.861      2.500 4
  63   61     -0.739     -0.381      2.500 4
  65   60     -0.738     -0.178      2.500 4
  58   64     -0.739      0.590      2.500 4
  62   63     -0.738      0.407      2.500 4
  66   62     -0.736     -0.133      2.500 4
  61   68     -0.736      0.794      2.500 4
  70   66     -0.732     -0.103      2.500 4
  68   67     -0.732      0.118      2.500 4
  69   69     -0.731      0.193      2.500 4
  67   70     -0.730     -0.521      2.500 4
  72   71     -0.727     -0.225      2.500 4
  71   72     -0.726      0.455      2.500 4
  76   73     -0.721      0.132      2.500 4
  73   75     -0.717     -0.679      2.500 4
  74   76     -0.718      0.577      2.500 4
  78   74     -0.716      0.268      2.500 4
  75   78     -0.717      0.565      2.500 4
  77   81     -0.714     -0.650      2.500 4
  82   77     -0.712     -0.231      2.500 4
  80   79     -0.712      0.225      2.500 4
  79   80     -0.712     -0.382      2.500 4
  81   83     -0.708      0.510      2.500 4
  84   82     -0.706     -0.031      2.500 4
  86   85     -0.701      0.250      2.500 4
  88   84     -0.701      0.097      2.500 4
  85   86     -0.701      0.541      2.500 4
  83   87     -0.700     -0.851      2.500 4
  87   88     -0.696      0.779      2.500 4
  90   89     -0.689     -0.388      2.500 4
  92   90     -0.687     -0.083      2.500 4
  89   92     -0.686     -0.708      2.500 4
  94   91     -0.685     -0.292      2.500 4
  91   94     -0.682     -0.571      2.500 4
  96   93     -0.679     -0.223      2.500 4
  93   96     -0.679      0.697      2.500 4
  95   95     -0.677      0.349      2.500 4
  97  100     -0.668      0.562      2.500 4
 101   99     -0.665     -0.447      2.500 4
  98  104     -0.665     -0.818      2.500 4
 103   97     -0.665      0.099      2.500 4
  99  105     -0.664     -0.790      2.500 4
 105   98     -0.664      0.063      2.500 4
 100  106     -0.662     -0.703      2.500 4
 107  101     -0.661     -0.300      2.500 4
 106  102     -0.661     -0.334      2.500 4
 104  108     -0.658      0.610      2.500 4
 102  109     -0.658      0.726      2.500 4
 111  103     -0.657     -0.215      2.500 4
 109  107     -0.656     -0.453      2.500 4
 110  110     -0.654      0.482      2.500 4
 108  111     -0.650     -0.898      2.500 4
 115  112     -0.648      0.451      2.500 4
 112  115     -0.646     -0.852      2.500 4
 114  116     -0.645      0.751      2.500 4
 117  117     -0.640      0.581      2.500 4
 116  118     -0.639     -0.814      2.500 4
 118  114     -0.639      0.179      2.500 4
 119  113     -0.638     -0.277      2.500 4
 120  121     -0.628      0.501      2.500 4
 121  119     -0.627     -0.255      2.500 4
 122  120     -0.625     -0.333      2.500 4
 127  122     -0.618     -0.217      2.500 4
 124  125     -0.618     -0.470      2.500 4
 125  124     -0.618      0.309      2.500 4
 128  123     -0.616      0.003      2.500 4
 123  129     -0.613     -0.861      2.500 4
 126  128     -0.613      0.486      2.500 4
 129  127     -0.611     -0.498      2.500 4
 132  126     -0.608      0.027      2.500 4
 130  133     -0.608     -0.605      2.500 4
 131  132     -0.607      0.409      2.500 4
 136  131     -0.603      0.150      2.500 4
 133  137     -0.602     -0.515      2.500 4
 135  135     -0.602      0.263      2.500 4
 138  130     -0.602      0.004      2.500 4
 139  134     -0.600     -0.262      2.500 4
 134  139     -0.600      0.504      2.500 4
 142  136     -0.598      0.119      2.500 4
 137  140     -0.596      0.468      2.500 4
 145  138     -0.594     -0.236      2.500 4
 140  141     -0.595      0.399      2.500 4
 141  144     -0.592     -0.541      2.500 4
 144  145     -0.592      0.444      2.500 4
 148  142     -0.590     -0.367      2.500 4
 147  143     -0.590     -0.450      2.500 4
 143  150     -0.587     -0.789      2.500 4
 151  146     -0.585      0.208      2.500 4
 149  149     -0.585      0.496      2.500 4
 146  152     -0.585      0.618      2.500 4
 152  147     -0.580     -0.117      2.500 4
 150  155     -0.578     -0.880      2.500 4
 153  148     -0.577     -0.008      2.500 4
 157  151     -0.574     -0.089      2.500 4
 158  153     -0.574      0.029      2.500 4
 159  154     -0.570      0.175      2.500 4
 160  156     -0.567     -0.428      2.500 4
 156  157     -0.566     -0.549      2.500 4
 161  159     -0.564      0.441      2.500 4
 155  160     -0.564      0.678      2.500 4
 154  161     -0.563     -0.814      2.500 4
 164  158     -0.558     -0.173      2.500 4
 162  165     -0.550     -0.905      2.500 4
 163  166     -0.549     -0.770      2.500 4
 165  164     -0.546     -0.506      2.500 4
 166  163     -0.545      0.215      2.500 4
 168  162     -0.545     -0.221      2.500 4
 167  168     -0.539      0.456      2.500 4
 173  167     -0.535     -0.060      2.500 4
 169  172     -0.535      0.584      2.500 4
 177  169     -0.528     -0.020      2.500 4
 174  170     -0.529      0.268      2.500 4
 170  176     -0.524     -0.708      2.500 4
 179  171     -0.524     -0.197      2.500 4
 171  178     -0.522     -0.788      2.500 4
 172  179     -0.522      0.776      2.500 4
 175  177     -0.521     -0.671      2.500 4
 178  174     -0.520     -0.443      2.500 4
 181  173     -0.519     -0.107      2.500 4
 176  180     -0.516     -0.827      2.500 4
  -1  181     -0.512     -0.074      2.500 4
 180  182     -0.510      0.491      2.500 4
 182  183     -0.508      0.518      2.500 4
 183  185     -0.503      0.809      2.500 4
 185  186     -0.500      0.533      2.500 4
 184  189     -0.499     -0.072      2.500 4
 186  184     -0.500      0.421      2.500 4
 187  188     -0.494      0.514      2.500 4
 188  192     -0.489      0.569      2.500 4
 194  187     -0.484     -0.190      2.500 4
 192  190     -0.482      0.218      2.500 4
 191  193     -0.481     -0.561      2.500 4
 190  197     -0.480      0.734      2.500 4
 189   -2     -0.479     -0.070      2.500 4
 196  191     -0.479     -0.199      2.500 4
 195  198     -0.474      0.486      2.500 4
 193  200     -0.469     -0.894      2.500 4
 201  195     -0.468     -0.186      2.500 4
 204  194     -0.467     -0.066      2.500 4
 202  196     -0.467     -0.228      2.500 4
 198  203     -0.463      0.596      2.500 4
 199  201     -0.462      0.476      2.500 4
 208  199     -0.461      0.121      2.500 4
 200  208     -0.458      0.686      2.500 4
 207  205     -0.456      0.444      2.500 4
 203   -2     -0.455     -0.690      2.500 4
 210  207     -0.453      0.401      2.500 4
 209  209     -0.452      0.437      2.500 4
 206  217     -0.451      0.660      2.500 4
 205  219     -0.451      0.744      2.500 4
 217  202     -0.450      0.038      2.500 4
 213  210     -0.450      0.373      2.500 4
 214  212     -0.449      0.395      2.500 4
 219  204     -0.448     -0.086      2.500 4
  -1  211     -0.447     -0.688      2.500 4
 216  214     -0.447     -0.466      2.500 4
  -1   -2     -0.444     -0.025      2.500 4
 220  213     -0.444      0.234      2.500 4
 212  223     -0.443     -0.752      2.500 4
 218  221     -0.442      0.427      2.500 4
 215  226     -0.440      0.711      2.500 4
 225  216     -0.438     -0.162      2.500 4
 226  215     -0.438     -0.021      2.500 4
 224  218     -0.438      0.101      2.500 4
 222  224     -0.433     -0.502      2.500 4
 230  222     -0.432      0.085      2.500 4
 223  225     -0.432     -0.899      2.500 4
 229  227     -0.427     -0.470      2.500 4
 228  233     -0.425     -0.584      2.500 4
 232  228     -0.425     -0.367      2.500 4
 227  236     -0.424      0.609      2.500 4
 231  231     -0.424      0.330      2.500 4
 235  234     -0.418     -0.444      2.500 4
 240  229     -0.418     -0.125      2.500 4
 241  230     -0.418     -0.119      2.500 4
 239  232     -0.417     -0.246      2.500 4
 233  237     -0.416     -0.671      2.500 4
 237  235     -0.415      0.262      2.500 4
 234  239     -0.412     -0.705      2.500 4
 238  238     -0.409     -0.578      2.500 4
 236  242     -0.409      0.775      2.500 4
 244  243     -0.402     -0.614      2.500 4
 242  246     -0.402      0.682      2.500 4
 243  244     -0.401      0.575      2.500 4
 250  240     -0.399     -0.232      2.500 4
 248  241     -0.399     -0.295      2.500 4
 245  247     -0.397      0.539      2.500 4
 246  248     -0.396      0.525      2.500 4
 251  245     -0.393      0.328      2.500 4
 247  250     -0.391     -0.689      2.500 4
 249  249     -0.391      0.477      2.500 4
 252  256     -0.384      0.654      2.500 4
 253  257     -0.383     -0.726      2.500 4
 255  254     -0.382      0.483      2.500 4
 254  259     -0.380      0.685      2.500 4
 257  255     -0.378      0.340      2.500 4
 259  251     -0.376     -0.088      2.500 4
 258  253     -0.375     -0.295      2.500 4
 261  252     -0.375     -0.119      2.500 4
 256  262     -0.374      0.721      2.500 4
 263  260     -0.370      0.279      2.500 4
 267  258     -0.366      0.066      2.500 4
 262  263     -0.365     -0.546      2.500 4
 270  261     -0.361     -0.237      2.500 4
 260  268     -0.361      0.663      2.500 4
 264  269     -0.360      0.641      2.500 4
 266  267     -0.359     -0.657      2.500 4
 265  270     -0.359      0.693      2.500 4
 271  264     -0.358      0.176      2.500 4
 274  266     -0.355     -0.347      2.500 4
 277  265     -0.353      0.063      2.500 4
 269  271     -0.353      0.525      2.500 4
 268  274     -0.351      0.586      2.500 4
 273  275     -0.349      0.489      2.500 4
 275  277     -0.346      0.452      2.500 4
 272  281     -0.345      0.758      2.500 4
 279  273     -0.343     -0.379      2.500 4
 284  276     -0.340      0.214      2.500 4
 278  283     -0.340      0.578      2.500 4
 285  272     -0.339     -0.050      2.500 4
 276  286     -0.340      0.749      2.500 4
 280   -2     -0.335      0.570      2.500 4
 283  285     -0.335      0.443      2.500 4
 289  278     -0.335      0.068      2.500 4
 290  279     -0.334      0.029      2.500 4
 281  290     -0.332     -0.767      2.500 4
 282  292     -0.331     -0.831      2.500 4
 293  280     -0.331      0.103      2.500 4
 291  287     -0.329     -0.410      2.500 4
 294  282     -0.329     -0.077      2.500 4
 295  284     -0.327      0.080      2.500 4
  -1  288     -0.326      0.568      2.500 4
 287  299     -0.323      0.824      2.500 4
 299  289     -0.321     -0.135      2.500 4
 288  300     -0.321     -0.896      2.500 4
 292  297     -0.320      0.577      2.500 4
 301  291     -0.319     -0.235      2.500 4
 297  295     -0.318     -0.454      2.500 4
 296  296     -0.318      0.353      2.500 4
 304  293     -0.316      0.068      2.500 4
 305  298     -0.310      0.172      2.500 4
 303  301     -0.310      0.355      2.500 4
 300  303     -0.310     -0.652      2.500 4
 298  304     -0.307     -0.812      2.500 4
 306  302     -0.304      0.245      2.500 4
 302  306     -0.304      0.821      2.500 4
 307  305     -0.299     -0.560      2.500 4
 309  308     -0.295      0.430      2.500 4
 308  311     -0.290      0.831      2.500 4
 316  307     -0.288     -0.201      2.500 4
 310  310     -0.287     -0.645      2.500 4
 319  309     -0.284      0.202      2.500 4
 312  313     -0.283      0.584      2.500 4
 311  315     -0.283      0.782      2.500 4
 317  312     -0.280     -0.516      2.500 4
 313  316     -0.280     -0.758      2.500 4
 314  317     -0.280      0.645      2.500 4
 315  319     -0.277      0.764      2.500 4
 318  318     -0.276      0.602      2.500 4
 324  314     -0.269     -0.003      2.500 4
 321  321     -0.268      0.463      2.500 4
 320  323     -0.267      0.606      2.500 4
 323  322     -0.266      0.449      2.500 4
 322  324     -0.263      0.791      2.500 4
 328  320     -0.263     -0.078      2.500 4
 326  325     -0.256     -0.601      2.500 4
 325  327     -0.256      0.655      2.500 4
 327  328     -0.254     -0.680      2.500 4
 329  332     -0.248      0.787      2.500 4
 330  329     -0.248     -0.488      2.500 4
 333  326     -0.247     -0.209      2.500 4
 332  333     -0.243      0.539      2.500 4
 336  330     -0.242      0.074      2.500 4
 334  331     -0.241      0.296      2.500 4
 331  336     -0.240     -0.902      2.500 4
 341  334     -0.233     -0.081      2.500 4
 335  342     -0.232      0.596      2.500 4
 337  343     -0.231     -0.703      2.500 4
 340  339     -0.230      0.354      2.500 4
 344  335     -0.229     -0.068      2.500 4
 339  347     -0.228      0.630      2.500 4
 338  348     -0.228      0.762      2.500 4
 342  340     -0.228     -0.384      2.500 4
 347  337     -0.227     -0.136      2.500 4
 348  338     -0.227     -0.116      2.500 4
 350  341     -0.224     -0.258      2.500 4
 349  344     -0.223      0.204      2.500 4
 346  346     -0.223      0.338      2.500 4
 352  345     -0.220     -0.272      2.500 4
 343  352     -0.219     -0.722      2.500 4
 345  355     -0.217      0.702      2.500 4
 358  350     -0.214     -0.217      2.500 4
 359  349     -0.214     -0.128      2.500 4
 353  353     -0.213     -0.899      2.500 4
 351  357     -0.213     -0.804      2.500 4
 356  351     -0.213      0.259      2.500 4
 357  356     -0.210     -0.501      2.500 4
 361  354     -0.208     -0.345      2.500 4
 355  361     -0.207     -0.751      2.500 4
 354  362     -0.207      0.813      2.500 4
 360  358     -0.207      0.367      2.500 4
 364  359     -0.202     -0.318      2.500 4
 362  367     -0.200      0.548      2.500 4
 368  360     -0.199     -0.215      2.500 4
 363  366     -0.198     -0.539      2.500 4
 365  365     -0.198     -0.490      2.500 4
 366  364     -0.198      0.369      2.500 4
 367  368     -0.194      0.491      2.500 4
 371  363     -0.193     -0.064      2.500 4
 370  371     -0.187     -0.525      2.500 4
 372  369     -0.186     -0.330      2.500 4
 369  372     -0.185      0.712      2.500 4
 374  370     -0.184      0.045      2.500 4
 373  373     -0.179     -0.550      2.500 4
 376  375     -0.175      0.417      2.500 4
 375  378     -0.174      0.665      2.500 4
 378  374     -0.173      0.208      2.500 4
 377  380     -0.169      0.494      2.500 4
 381  376     -0.169     -0.296      2.500 4
 380  377     -0.169      0.225      2.500 4
 379  379     -0.167     -0.479      2.500 4
 382  382     -0.160     -0.785      2.500 4
 383  383     -0.157     -0.812      2.500 4
 385  381     -0.156     -0.450      2.500 4
 384  386     -0.155      0.773      2.500 4
 386  384     -0.151      0.331      2.500 4
 388  387     -0.147     -0.450      2.500 4
 390  385     -0.147      0.048      2.500 4
 387  391     -0.146      0.820      2.500 4
  -1  389     -0.144     -0.365      2.500 4
 395   -2     -0.143     -0.372      2.500 4
 389  394     -0.142     -0.755      2.500 4
 391  390     -0.142      0.414      2.500 4
 392  392     -0.141      0.474      2.500 4
 394  395     -0.139      0.539      2.500 4
 396  393     -0.137     -0.419      2.500 4
 398  396     -0.131     -0.072      2.500 4
 397  397     -0.129      0.397      2.500 4
 401  398     -0.120      0.086      2.500 4
 402  399     -0.120      0.073      2.500 4
 399  404     -0.120      0.802      2.500 4
 400  402     -0.119      0.522      2.500 4
  -1  400     -0.118      0.224      2.500 4
 403   -2     -0.116      0.230      2.500 4
 407  401     -0.115     -0.188      2.500 4
 406  403     -0.115     -0.359      2.500 4
 405  405     -0.114      0.289      2.500 4
 410  406     -0.111     -0.167      2.500 4
 408  408     -0.109     -0.536      2.500 4
 411  407     -0.109      0.060      2.500 4
 409  409     -0.108      0.455      2.500 4
 416  410     -0.102     -0.225      2.500 4
 415  411     -0.102     -0.341      2.500 4
 412  413     -0.100     -0.617      2.500 4
 417  412     -0.100     -0.211      2.500 4
 414  414     -0.100      0.588      2.500 4
 413  417     -0.098      0.801      2.500 4
 419  415     -0.096     -0.455      2.500 4
 418  416     -0.096      0.426      2.500 4
 420  418     -0.094     -0.567      2.500 4
 422  419     -0.094     -0.518      2.500 4
 421  420     -0.091      0.673      2.500 4
 423  422     -0.090      0.618      2.500 4
 424  424     -0.089      0.738      2.500 4
 425  423     -0.087      0.476      2.500 4
 426  421     -0.087      0.232      2.500 4
 428  425     -0.083     -0.258      2.500 4
 427  427     -0.082     -0.888      2.500 4
 429  426     -0.077      0.130      2.500 4
 431  428     -0.070     -0.149      2.500 4
 430  429     -0.070     -0.205      2.500 4
 432  433     -0.064     -0.687      2.500 4
 435  430     -0.064      0.083      2.500 4
 433  434     -0.063      0.542      2.500 4
 434  436     -0.061      0.620      2.500 4
 438  431     -0.060     -0.039      2.500 4
 439  432     -0.060     -0.076      2.500 4
 437  435     -0.060      0.381      2.500 4
 436  437     -0.059      0.641      2.500 4
 440  438     -0.054     -0.774      2.500 4
 441  439     -0.052     -0.694      2.500 4
 442  441     -0.051      0.794      2.500 4
 443  440     -0.049     -0.408      2.500 4
 444  442     -0.049     -0.467      2.500 4
 446  443     -0.047      0.231      2.500 4
  -1  446     -0.046      0.318      2.500 4
 445  447     -0.045      0.563      2.500 4
 448   -2     -0.045      0.328      2.500 4
 449  445     -0.045     -0.359      2.500 4
 451  448     -0.040     -0.242      2.500 4
 450  449     -0.039      0.520      2.500 4
 452  450     -0.030     -0.053      2.500 4
 453  451     -0.023     -0.454      2.500 4
 454  452     -0.020     -0.392      2.500 4
 455  453     -0.018     -0.181      2.500 4
 456  454     -0.017      0.112      2.500 4
 457  455     -0.015     -0.313      2.500 4
 458  456     -0.013      0.402      2.500 4
 459  457     -0.013     -0.493      2.500 4
 460  459     -0.011      0.747      2.500 4
 462  458     -0.010      0.229      2.500 4
 461  460     -0.010      0.637      2.500 4
 463  461     -0.007      0.296      2.500 4
 464  462     -0.005     -0.076      2.500 4
 465  464     -0.002      0.804      2.500 4
 466  463     -0.001     -0.334      2.500 4
 469  465      0.000     -0.004      2.500 4
 468  466      0.000     -0.014      2.500 4
 467  467      0.001     -0.789      2.500 4
 470  468      0.002     -0.097      2.500 4
 471  471      0.004     -0.615      2.500 4
 472  472      0.004     -0.808      2.500 4
 473  469      0.004     -0.899      2.500 4
 474  470      0.004      0.282      2.500 4
 475  473      0.005     -0.361      2.500 4
 478  474      0.005      0.176      2.500 4
 476  477      0.006     -0.879      2.500 4
 479  475      0.006     -0.445      2.500 4
 477  476      0.006     -0.637      2.500 4
 480  478      0.008      0.549      2.500 4
 481  479      0.011     -0.519      2.500 4
 482  480      0.012      0.096      2.500 4
 484  482      0.016      0.347      2.500 4
 483  481      0.016     -0.774      2.500 4
 485  483      0.016      0.207      2.500 4
 486  485      0.017      0.734      2.500 4
 487  484      0.017      0.010      2.500 4
 488  486      0.018     -0.359      2.500 4
 489  487      0.019      0.550      2.500 4
 490  488      0.020      0.116      2.500 4
 491  489      0.020     -0.696      2.500 4
 492  490      0.021     -0.216      2.500 4
 494  492      0.022     -0.426      2.500 4
 493  491      0.022      0.635      2.500 4
 495  493      0.023      0.772      2.500 4
 496  494      0.023      0.034      2.500 4
 497  495      0.027      0.055      2.500 4
 498  496      0.028     -0.524      2.500 4
 499  497      0.029     -0.031      2.500 4
 501  498      0.029      0.442      2.500 4
 502  499      0.030     -0.404      2.500 4
 500  500      0.030     -0.334      2.500 4
 503  502      0.033     -0.361      2.500 4
 504  501      0.033     -0.576      2.500 4
 505  503      0.033      0.806      2.500 4
  -1   -2      0.036     -0.400      2.500 4
 507  504      0.036     -0.489      2.500 4
 508  505      0.036     -0.514      2.500 4
 509  507      0.039      0.127      2.500 4
 510  508      0.052      0.591      2.500 4
 513  509      0.055      0.525      2.500 4
 512  510      0.055     -0.581      2.500 4
 511  511      0.056     -0.307      2.500 4
 514  513      0.058     -0.011      2.500 4
 515  512      0.058      0.339      2.500 4
 516  514      0.060      0.514      2.500 4
 518  515      0.061     -0.563      2.500 4
 517  516      0.062     -0.194      2.500 4
 519  517      0.064      0.115      2.500 4
 521  518      0.071     -0.861      2.500 4
 520  520      0.073     -0.270      2.500 4
 522  519      0.073      0.355      2.500 4
 524  521      0.079     -0.662      2.500 4
 523  522      0.079     -0.003      2.500 4
 525  524      0.082     -0.115      2.500 4
 526  526      0.084     -0.171      2.500 4
 527  527      0.085     -0.101      2.500 4
 528  523      0.085      0.689      2.500 4
 530  525      0.086     -0.811      2.500 4
 529  528      0.087     -0.558      2.500 4
 531  533      0.090      0.043      2.500 4
 532  532      0.091     -0.388      2.500 4
 533  529      0.091     -0.867      2.500 4
 535  530      0.092      0.769      2.500 4
 534  531      0.092     -0.735      2.500 4
 537  534      0.094      0.551      2.500 4
 536  535      0.095      0.195      2.500 4
 538  538      0.099     -0.172      2.500 4
 539  539      0.100      0.018      2.500 4
 540  537      0.101      0.489      2.500 4
 542  536      0.102     -0.787      2.500 4
 541  540      0.104     -0.319      2.500 4
 545  541      0.108      0.473      2.500 4
 543  543      0.108      0.069      2.500 4
 544  544      0.110      0.167      2.500 4
 547  542      0.110     -0.862      2.500 4
 546  545      0.112     -0.484      2.500 4
 548  546      0.116      0.656      2.500 4
 550  547      0.116     -0.760      2.500 4
 551  548      0.119     -0.869      2.500 4
 552  549      0.119      0.778      2.500 4
 549  551      0.120      0.217      2.500 4
 554  550      0.122     -0.877      2.500 4
 555  552      0.125     -0.755      2.500 4
 556  553      0.126     -0.814      2.500 4
 553  554      0.126     -0.040      2.500 4
 557  555      0.132      0.559      2.500 4
 559  557      0.137      0.597      2.500 4
 560  556      0.137      0.701      2.500 4
 558  560      0.140     -0.311      2.500 4
 562  558      0.142      0.691      2.500 4
 564  559      0.144     -0.830      2.500 4
 561  562      0.146     -0.237      2.500 4
 563  563      0.148     -0.328      2.500 4
 566  561      0.148     -0.528      2.500 4
 565  565      0.149     -0.413      2.500 4
 567  564      0.149      0.340      2.500 4
 568  569      0.153     -0.007      2.500 4
 571  566      0.154     -0.823      2.500 4
 569  568      0.155     -0.448      2.500 4
 570  571      0.158      0.101      2.500 4
 574  567      0.158      0.786      2.500 4
 575  570      0.160      0.658      2.500 4
 573  572      0.163     -0.392      2.500 4
 572  573      0.164      0.082      2.500 4
 576  574      0.168      0.099      2.500 4
 577  575      0.170     -0.380      2.500 4
 579  576      0.180     -0.544      2.500 4
 578  578      0.180      0.155      2.500 4
 584  577      0.184      0.808      2.500 4
 580  579      0.186      0.349      2.500 4
 581  581      0.190     -0.007      2.500 4
 586  580      0.191      0.482      2.500 4
 582  582      0.192     -0.158      2.500 4
 583  583      0.193     -0.077      2.500 4
 585  587      0.196     -0.175      2.500 4
  -1   -2      0.197     -0.396      2.500 4
 589  586      0.199     -0.405      2.500 4
 588  588      0.200      0.013      2.500 4
 592  585      0.201      0.514      2.500 4
 593  589      0.206      0.290      2.500 4
 591  592      0.207      0.145      2.500 4
 590  596      0.207     -0.075      2.500 4
 595  595      0.209      0.198      2.500 4
 596  597      0.210      0.228      2.500 4
 594  600      0.210     -0.167      2.500 4
 599  591      0.212     -0.716      2.500 4
 598  599      0.212     -0.362      2.500 4
 600  590      0.213     -0.871      2.500 4
 597  603      0.214     -0.030      2.500 4
 603  594      0.215     -0.752      2.500 4
 606  593      0.216      0.714      2.500 4
 607  598      0.218      0.606      2.500 4
 602  601      0.218      0.457      2.500 4
 605  604      0.220      0.378      2.500 4
 612  602      0.221      0.559      2.500 4
 608  605      0.221     -0.513      2.500 4
 604  607      0.222     -0.381      2.500 4
 610  606      0.222     -0.898      2.500 4
 601  613      0.223      0.000      2.500 4
 609  610      0.225     -0.366      2.500 4
 611  609      0.225     -0.416      2.500 4
 613  611      0.228     -0.485      2.500 4
 614  608      0.228     -0.707      2.500 4
 615  612      0.230      0.495      2.500 4
 617  614      0.235     -0.757      2.500 4
 620  615      0.238     -0.699      2.500 4
 616  617      0.240     -0.184      2.500 4
 619  616      0.242      0.376      2.500 4
 618  618      0.245      0.039      2.500 4
 622  620      0.249      0.232      2.500 4
 621  622      0.250      0.157      2.500 4
 624  619      0.251     -0.501      2.500 4
 623  624      0.253     -0.003      2.500 4
 630  621      0.257      0.701      2.500 4
 625  629      0.258     -0.063      2.500 4
 626  628      0.259     -0.292      2.500 4
 628  626      0.260     -0.444      2.500 4
 627  631      0.261     -0.254      2.500 4
 632  625      0.262     -0.626      2.500 4
 633  623      0.263     -0.902      2.500 4
 629  632      0.265     -0.051      2.500 4
 635  627      0.267     -0.719      2.500 4
 636  630      0.269      0.636      2.500 4
 631  635      0.270     -0.151      2.500 4
 634  640      0.276      0.014      2.500 4
 640  633      0.280      0.706      2.500 4
 642  634      0.280     -0.864      2.500 4
 641  636      0.282      0.545      2.500 4
 645  637      0.283     -0.713      2.500 4
  -1   -2      0.285      0.653      2.500 4
 643  641      0.286      0.465      2.500 4
 637  646      0.286      0.066      2.500 4
 638  645      0.287      0.245      2.500 4
 646  642      0.288     -0.565      2.500 4
 651  639      0.289     -0.891      2.500 4
 644  644      0.289     -0.454      2.500 4
 639  648      0.291     -0.195      2.500 4
 650  647      0.294      0.413      2.500 4
 654  643      0.295      0.656      2.500 4
 649  651      0.297      0.187      2.500 4
 648  653      0.298      0.089      2.500 4
 652  649      0.299      0.357      2.500 4
 653  654      0.304      0.077      2.500 4
 659  650      0.307      0.689      2.500 4
 658  652      0.307     -0.663      2.500 4
 655  656      0.311     -0.147      2.500 4
 656  660      0.314      0.018      2.500 4
 657  659      0.315     -0.303      2.500 4
 660  662      0.318     -0.345      2.500 4
 663  655      0.318     -0.534      2.500 4
 662  661      0.320      0.309      2.500 4
 665  657      0.322      0.479      2.500 4
 661  669      0.322      0.012      2.500 4
 667  664      0.324      0.433      2.500 4
 664  667      0.325      0.322      2.500 4
 672  658      0.325     -0.810      2.500 4
 673  663      0.328      0.618      2.500 4
 678  665      0.332      0.825      2.500 4
 666  676      0.332     -0.104      2.500 4
 680  666      0.332     -0.888      2.500 4
 668  679      0.333     -0.191      2.500 4
 682  668      0.334      0.785      2.500 4
 679  670      0.335     -0.684      2.500 4
 670  682      0.335      0.052      2.500 4
 669  683      0.335     -0.009      2.500 4
 675  675      0.337      0.351      2.500 4
 671  685      0.338      0.099      2.500 4
 685  672      0.338     -0.669      2.500 4
 686  671      0.338     -0.745      2.500 4
 683  673      0.338     -0.628      2.500 4
 676  684      0.340     -0.389      2.500 4
 681  678      0.340     -0.513      2.500 4
 674  688      0.342     -0.120      2.500 4
 684  681      0.342     -0.497      2.500 4
 688  677      0.342     -0.599      2.500 4
 677  686      0.342      0.248      2.500 4
 689  674      0.343      0.676      2.500 4
 690  680      0.347      0.713      2.500 4
 687  690      0.349     -0.356      2.500 4
 691  687      0.351     -0.652      2.500 4
 694  689      0.354     -0.698      2.500 4
 692  691      0.357      0.351      2.500 4
 696  692      0.364      0.340      2.500 4
 693  694      0.365     -0.116      2.500 4
 695  696      0.368     -0.222      2.500 4
 697  697      0.372     -0.035      2.500 4
 699  698      0.374      0.173      2.500 4
 698  700      0.376     -0.054      2.500 4
 700  699      0.376     -0.245      2.500 4
 704  693      0.377      0.656      2.500 4
 703  695      0.377      0.554      2.500 4
 701  703      0.381     -0.284      2.500 4
 702  701      0.382      0.315      2.500 4
 706  702      0.386      0.385      2.500 4
 705  704      0.389     -0.403      2.500 4
 707  706      0.394      0.241      2.500 4
 708  707      0.397      0.354      2.500 4
 709  705      0.400      0.502      2.500 4
 711  708      0.406     -0.653      2.500 4
 714  709      0.408     -0.644      2.500 4
 719  710      0.414      0.613      2.500 4
 715  715      0.416      0.284      2.500 4
 710  719      0.418     -0.103      2.500 4
 713  717      0.418      0.147      2.500 4
 712  718      0.418      0.087      2.500 4
 721  711      0.420     -0.767      2.500 4
 720  716      0.421      0.316      2.500 4
 726  712      0.422      0.776      2.500 4
 716  723      0.423      0.046      2.500 4
 718  720      0.423     -0.363      2.500 4
 727  714      0.423      0.764      2.500 4
 728  713      0.423     -0.835      2.500 4
 717  722      0.423     -0.269      2.500 4
 723  721      0.428     -0.498      2.500 4
 722  725      0.429     -0.422      2.500 4
 724  724      0.430      0.336      2.500 4
 725  729      0.435      0.110      2.500 4
 742  727      0.439     -0.897      2.500 4
 729  732      0.440      0.090      2.500 4
 730  736      0.443     -0.003      2.500 4
 738  726      0.444      0.724      2.500 4
 731  737      0.444     -0.177      2.500 4
 734  730      0.445      0.420      2.500 4
 739  728      0.446     -0.738      2.500 4
 740  731      0.449      0.545      2.500 4
 733  738      0.450     -0.014      2.500 4
 741  735      0.453     -0.548      2.500 4
 743  734      0.453     -0.640      2.500 4
 735  742      0.454      0.047      2.500 4
 736  743      0.455      0.078      2.500 4
 745  733      0.455      0.711      2.500 4
 737  739      0.455      0.226      2.500 4
 748  740      0.463      0.463      2.500 4
 749  741      0.465      0.488      2.500 4
 744  747      0.466      0.026      2.500 4
 750  745      0.468     -0.612      2.500 4
 752  744      0.469     -0.731      2.500 4
 746  749      0.470      0.033      2.500 4
 751  746      0.473      0.511      2.500 4
 747  750      0.473     -0.032      2.500 4
 753  748      0.480     -0.553      2.500 4
 756  752      0.486     -0.516      2.500 4
 754  754      0.487      0.321      2.500 4
 755  753      0.488      0.343      2.500 4
 761  751      0.490     -0.834      2.500 4
 759  756      0.496     -0.414      2.500 4
 758  759      0.497      0.236      2.500 4
 757  760      0.497      0.083      2.500 4
 764  755      0.499     -0.840      2.500 4
 760  762      0.501     -0.206      2.500 4
 767  757      0.507      0.749      2.500 4
 769  758      0.507     -0.829      2.500 4
 766  761      0.508     -0.544      2.500 4
 762  769      0.514      0.004      2.500 4
 763  768      0.514     -0.185      2.500 4
 772  763      0.517      0.549      2.500 4
 765  773      0.517     -0.138      2.500 4
 774  764      0.518      0.570      2.500 4
 768  775      0.521      0.129      2.500 4
 775  767      0.521     -0.544      2.500 4
 778  765      0.522      0.629      2.500 4
 770  776      0.523     -0.277      2.500 4
 782  766      0.524      0.790      2.500 4
 777  771      0.524     -0.537      2.500 4
 773  780      0.527     -0.333      2.500 4
 771  783      0.527     -0.182      2.500 4
 781  774      0.528     -0.576      2.500 4
 776  781      0.529      0.244      2.500 4
 785  770      0.529      0.687      2.500 4
 779  779      0.529     -0.488      2.500 4
 787  772      0.531      0.635      2.500 4
 780  784      0.532     -0.404      2.500 4
 784  778      0.532     -0.600      2.500 4
 786  777      0.533     -0.620      2.500 4
 789  785      0.538      0.372      2.500 4
 783  788      0.539      0.087      2.500 4
 792  782      0.541      0.804      2.500 4
 788  790      0.545     -0.104      2.500 4
 790  793      0.546      0.009      2.500 4
 791  792      0.547     -0.001      2.500 4
 794  787      0.549     -0.705      2.500 4
 799  786      0.551     -0.843      2.500 4
 796  789      0.553      0.533      2.500 4
 797  791      0.555     -0.587      2.500 4
 795  795      0.556      0.401      2.500 4
 800  796      0.559      0.413      2.500 4
 801  794      0.561      0.603      2.500 4
 793  799      0.562     -0.109      2.500 4
 798  800      0.566     -0.153      2.500 4
 807  797      0.574      0.646      2.500 4
 804  804      0.576      0.305      2.500 4
 808  798      0.576     -0.858      2.500 4
 803  806      0.578      0.207      2.500 4
 810  801      0.580      0.678      2.500 4
 802  811      0.581     -0.010      2.500 4
 805  810      0.581     -0.165      2.500 4
 811  802      0.583      0.718      2.500 4
 812  803      0.584     -0.814      2.500 4
 806  813      0.585      0.031      2.500 4
 815  805      0.588     -0.728      2.500 4
 809  814      0.589      0.262      2.500 4
 817  808      0.590     -0.673      2.500 4
 821  807      0.591     -0.825      2.500 4
 820  809      0.592      0.591      2.500 4
 818  812      0.593     -0.612      2.500 4
 814  818      0.599      0.181      2.500 4
 813  821      0.599     -0.219      2.500 4
 819  820      0.601      0.190      2.500 4
 826  815      0.601      0.742      2.500 4
 816  822      0.602     -0.031      2.500 4
 827  816      0.603     -0.797      2.500 4
 829  817      0.606      0.683      2.500 4
 822  828      0.606     -0.169      2.500 4
 824  823      0.606     -0.413      2.500 4
 823  830      0.608     -0.156      2.500 4
 831  819      0.611      0.653      2.500 4
 828  826      0.611      0.402      2.500 4
 825  833      0.613     -0.016      2.500 4
 832  825      0.614      0.570      2.500 4
 833  824      0.616      0.761      2.500 4
 834  827      0.617     -0.700      2.500 4
 830  834      0.619      0.086      2.500 4
 835  829      0.620     -0.824      2.500 4
 836  832      0.622     -0.710      2.500 4
 839  831      0.624     -0.869      2.500 4
 840  835      0.632     -0.826      2.500 4
 837  838      0.635     -0.136      2.500 4
 838  839      0.637      0.058      2.500 4
 842  836      0.637     -0.784      2.500 4
 841  837      0.640     -0.501      2.500 4
 844  840      0.646      0.468      2.500 4
 845  842      0.651      0.488      2.500 4
 843  847      0.651      0.172      2.500 4
 849  841      0.653      0.656      2.500 4
 846  843      0.654      0.466      2.500 4
 847  845      0.654      0.435      2.500 4
 848  848      0.657     -0.898      2.500 4
  -1   -2      0.659      0.437      2.500 4
 854  844      0.659     -0.777      2.500 4
 855  846      0.661      0.721      2.500 4
 850  851      0.662     -0.362      2.500 4
 851  852      0.664     -0.293      2.500 4
 852  854      0.666     -0.258      2.500 4
  -1   -2      0.668     -0.365      2.500 4
 859  849      0.667     -0.873      2.500 4
 861  850      0.671      0.821      2.500 4
 858  856      0.674      0.267      2.500 4
 856  860      0.675      0.016      2.500 4
 857  862      0.677     -0.145      2.500 4
 864  855      0.678     -0.902      2.500 4
 860  865      0.679     -0.238      2.500 4
 862  861      0.680     -0.404      2.500 4
 865  858      0.681      0.635      2.500 4
 866  857      0.682      0.758      2.500 4
  -1  866      0.684     -0.693      2.500 4
 863  867      0.685      0.027      2.500 4
 867  864      0.685     -0.582      2.500 4
 870   -2      0.688     -0.685      2.500 4
 871  863      0.690      0.780      2.500 4
 869  868      0.692      0.339      2.500 4
 872  871      0.695     -0.523      2.500 4
 874  869      0.698     -0.779      2.500 4
 875  870      0.699      0.706      2.500 4
 873  873      0.706     -0.114      2.500 4
 876  872      0.710      0.770      2.500 4
 881  874      0.716     -0.903      2.500 4
 883  875      0.720      0.808      2.500 4
 877  878      0.719     -0.232      2.500 4
 878  880      0.721      0.031      2.500 4
 882  876      0.722     -0.537      2.500 4
 879  882      0.723     -0.179      2.500 4
 884  877      0.725      0.585      2.500 4
 880  884      0.726     -0.097      2.500 4
 885  879      0.727      0.510      2.500 4
 888  881      0.730      0.527      2.500 4
 889  883      0.732      0.472      2.500 4
 886  889      0.732      0.242      2.500 4
 892  885      0.734      0.603      2.500 4
 887  891      0.735      0.169      2.500 4
 893  886      0.736      0.644      2.500 4
 894  887      0.737      0.680      2.500 4
 895  888      0.738      0.744      2.500 4
 890  894      0.738      0.039      2.500 4
 891  896      0.739      0.022      2.500 4
 896  892      0.740     -0.606      2.500 4
 897  890      0.740      0.774      2.500 4
 899  895      0.746      0.553      2.500 4
 903  893      0.746     -0.794      2.500 4
 900  897      0.746     -0.587      2.500 4
 898  898      0.748      0.287      2.500 4
 904  899      0.751     -0.494      2.500 4
 902  900      0.751     -0.451      2.500 4
 901  901      0.752     -0.285      2.500 4
 905  904      0.759      0.006      2.500 4
 906  903      0.759     -0.318      2.500 4
  -1  906      0.760      0.662      2.500 4
 907  907      0.762      0.140      2.500 4
 910  905      0.764      0.449      2.500 4
 909  908      0.766     -0.255      2.500 4
 915   -2      0.767      0.657      2.500 4
 911  910      0.768     -0.216      2.500 4
 912  911      0.769      0.128      2.500 4
 914  909      0.771      0.269      2.500 4
 913  914      0.771      0.101      2.500 4
 916  912      0.775      0.419      2.500 4
 919  913      0.775     -0.602      2.500 4
 917   -2      0.776      0.322      2.500 4
  -1  916      0.776      0.335      2.500 4
 920  915      0.778     -0.749      2.500 4
 921  918      0.781     -0.537      2.500 4
 924  919      0.784      0.761      2.500 4
 922  922      0.785     -0.270      2.500 4
 925  920      0.786      0.609      2.500 4
 923  924      0.787      0.073      2.500 4
 927  921      0.787     -0.740      2.500 4
 929  923      0.791      0.647      2.500 4
 926  925      0.792     -0.173      2.500 4
 928  927      0.795      0.140      2.500 4
 932  926      0.800     -0.745      2.500 4
 933  928      0.802      0.589      2.500 4
 931  929      0.802      0.434      2.500 4
 930  930      0.803      0.089      2.500 4
 934  933      0.806     -0.376      2.500 4
 937  932      0.808     -0.626      2.500 4
 939  931      0.809     -0.705      2.500 4
 935  936      0.810     -0.130      2.500 4
 936  935      0.810     -0.302      2.500 4
 938  937      0.813      0.272      2.500 4
 943  934      0.814     -0.873      2.500 4
 940  942      0.815      0.036      2.500 4
 942  939      0.816      0.499      2.500 4
 941  940      0.816      0.332      2.500 4
 944  938      0.816     -0.880      2.500 4
 945  941      0.819     -0.856      2.500 4
 948  943      0.821     -0.758      2.500 4
 946  944      0.823     -0.394      2.500 4
 947  948      0.826     -0.115      2.500 4
 949  950      0.827      0.015      2.500 4
 950   -2      0.828      0.375      2.500 4
 951  945      0.828     -0.621      2.500 4
  -1  946      0.830      0.385      2.500 4
 953  947      0.829     -0.892      2.500 4
 954  952      0.839     -0.058      2.500 4
 955  953      0.840      0.001      2.500 4
 957  951      0.843      0.553      2.500 4
 956  955      0.843      0.018      2.500 4
 958  954      0.845      0.363      2.500 4
 959  956      0.846     -0.529      2.500 4
 960  957      0.847     -0.679      2.500 4
 961  958      0.851     -0.043      2.500 4
 962  959      0.854      0.217      2.500 4
 963  960      0.856      0.365      2.500 4
 964  961      0.859     -0.368      2.500 4
 965  962      0.862      0.797      2.500 4
 967  963      0.864      0.769      2.500 4
 968  964      0.864      0.545      2.500 4
 966  967      0.865     -0.077      2.500 4
 969  965      0.865     -0.495      2.500 4
 970  969      0.867     -0.183      2.500 4
 971  966      0.867     -0.833      2.500 4
 973  968      0.869      0.710      2.500 4
 974  970      0.870     -0.453      2.500 4
 972  971      0.871      0.030      2.500 4
 975  973      0.873      0.080      2.500 4
 978  972      0.874     -0.663      2.500 4
 977  974      0.874     -0.898      2.500 4
 976  975      0.875     -0.092      2.500 4
 980  976      0.879     -0.760      2.500 4
 979  978      0.880     -0.299      2.500 4
 981  977      0.881      0.749      2.500 4
 982  979      0.884     -0.722      2.500 4
 983  980      0.887      0.311      2.500 4
 984  982      0.887     -0.241      2.500 4
 985  981      0.888      0.521      2.500 4
 986  983      0.892     -0.843      2.500 4
 987  984      0.895      0.829      2.500 4
 988  985      0.896      0.679      2.500 4
 989  987      0.897      0.491      2.500 4
 991  986      0.896     -0.804      2.500 4
 990  988      0.896     -0.598      2.500 4
 992  989      0.898      0.698      2.500 4
 993  990      0.899      0.629      2.500 4
  -1  992      0.909      0.440      2.500 4
 995   -2      0.910      0.430      2.500 4
 998  993      0.911     -0.654      2.500 4
 996  994      0.912     -0.452      2.500 4
 997  995      0.913     -0.308      2.500 4
