994
  -1    1     -0.823      0.498      2.500 4
   0   -2     -0.823      0.489      2.500 4
   2    2     -0.821     -0.570      2.500 4
   4    3     -0.821     -0.115      2.500 4
   3    4     -0.821     -0.450      2.500 4
   5    5     -0.820      0.341      2.500 4
   6    7     -0.817     -0.880      2.500 4
   7    6     -0.819      0.771      2.500 4
   8    8     -0.815     -0.516      2.500 4
  16    9     -0.815     -0.166      2.500 4
   9   10     -0.816      0.793      2.500 4
  10   -2     -0.815      0.356      2.500 4
  11   12     -0.815      0.574      2.500 4
  12   13     -0.815     -0.080      2.500 4
  13   15     -0.814     -0.734      2.500 4
  15   11     -0.815      0.138      2.500 4
  14   14     -0.814     -0.298      2.500 4
  17   16     -0.809     -0.198      2.500 4
  19   18     -0.805      0.588      2.500 4
  20   17     -0.804      0.419      2.500 4
  21   19     -0.803      0.090      2.500 4
  18   21     -0.801     -0.809      2.500 4
  23   23     -0.797      0.310      2.500 4
  25   22     -0.796     -0.144      2.500 4
  24   24     -0.794      0.744      2.500 4
  26   26     -0.789      0.452      2.500 4
  27   25     -0.789      0.156      2.500 4
  29   27     -0.787      0.140      2.500 4
  28   30     -0.786      0.324      2.500 4
  31   28     -0.785     -0.148      2.500 4
  32   29     -0.785     -0.057      2.500 4
  33   31     -0.784     -0.299      2.500 4
  30   32     -0.784      0.506      2.500 4
  36   33     -0.781     -0.504      2.500 4
  35   35     -0.780     -0.540      2.500 4
  37   34     -0.780     -0.457      2.500 4
  34   36     -0.780     -0.790      2.500 4
  39   37     -0.773     -0.277      2.500 4
  38   41     -0.773      0.717      2.500 4
  40   38     -0.772     -0.158      2.500 4
  41   39     -0.771     -0.103      2.500 4
  42   40     -0.770      0.304      2.500 4
  44   42     -0.763      0.046      2.500 4
  43   43     -0.762      0.393      2.500 4
  45   46     -0.756     -0.726      2.500 4
  46   47     -0.755     -0.798      2.500 4
  47   48     -0.753     -0.897      2.500 4
  49   45     -0.754      0.229      2.500 4
  50   44     -0.753      0.185      2.500 4
  48   49     -0.752      0.570      2.500 4
  51   52     -0.749     -0.676      2.500 4
  57   50     -0.746      0.001      2.500 4
  52   55     -0.747      0.624      2.500 4
  59   51     -0.745      0.044      2.500 4
  55   54     -0.745     -0.495      2.500 4
  60   53     -0.744     -0.192      2.500 4
  -1   56     -0.743      0.383      2.500 4
  53   59     -0.744      0.672      2.500 4
  54   58     -0.742     -0.724      2.500 4
  56   62     -0.740     -0.820      2.500 4
  62   57     -0.739      0.119      2.500 4
  61   61     -0.739      0.367      2.500 4
  63   60     -0.738      0.156      2.500 4
  64   64     -0.734     -0.543      2.500 4
  66   63     -0.734      0.055      2.500 4
  65   65     -0.732     -0.461      2.500 4
  68   66     -0.725     -0.349      2.500 4
  67   68     -0.722     -0.860      2.500 4
  69   67     -0.719      0.345      2.500 4
  70   69     -0.717     -0.544      2.500 4
  72   71     -0.714      0.308      2.500 4
  73   72     -0.714      0.445      2.500 4
  77   70     -0.713     -0.136      2.500 4
  74   74     -0.712      0.248      2.500 4
  76   73     -0.712      0.202      2.500 4
  75   77     -0.707     -0.696      2.500 4
  79   76     -0.705     -0.328      2.500 4
  80   79     -0.702      0.380      2.500 4
  78   80     -0.701     -0.741      2.500 4
  81   78     -0.699     -0.160      2.500 4
  83   81     -0.690     -0.175      2.500 4
  82   82     -0.690      0.415      2.500 4
  88   83     -0.681     -0.228      2.500 4
  85   87     -0.680      0.576      2.500 4
  84   90     -0.679     -0.773      2.500 4
  90   84     -0.677      0.045      2.500 4
  87   91     -0.677     -0.677      2.500 4
  86   92     -0.678      0.740      2.500 4
  89   86     -0.675     -0.390      2.500 4
  94   85     -0.672     -0.005      2.500 4
  95   89     -0.671     -0.191      2.500 4
  96   88     -0.671     -0.065      2.500 4
  92   94     -0.671      0.486      2.500 4
  91   95     -0.668     -0.714      2.500 4
  97   93     -0.667     -0.142      2.500 4
  93   96     -0.667      0.791      2.500 4
  99   97     -0.657      0.303      2.500 4
 102   98     -0.652      0.066      2.500 4
  98  105     -0.651     -0.887      2.500 4
 103   99     -0.650     -0.026      2.500 4
 100  102     -0.649     -0.899      2.500 4
 105  100     -0.647     -0.120      2.500 4
 106  101     -0.646      0.114      2.500 4
 104  104     -0.646      0.334      2.500 4
 107  103     -0.644     -0.050      2.500 4
 101  110     -0.644      0.687      2.500 4
 108  107     -0.641     -0.238      2.500 4
 110  106     -0.641      0.026      2.500 4
 113  108     -0.638     -0.098      2.500 4
 109  109     -0.638      0.278      2.500 4
 111  115     -0.631     -0.609      2.500 4
 114  114     -0.631     -0.458      2.500 4
 116  111     -0.631     -0.146      2.500 4
 119  112     -0.629      0.090      2.500 4
 120  113     -0.627     -0.084      2.500 4
 112  121     -0.627      0.709      2.500 4
 115  117     -0.627      0.327      2.500 4
 117  119     -0.626      0.351      2.500 4
 123  116     -0.622      0.036      2.500 4
 122  118     -0.622      0.184      2.500 4
 118  122     -0.622      0.470      2.500 4
 125  120     -0.619      0.109      2.500 4
 121  126     -0.616      0.629      2.500 4
 129  123     -0.612     -0.252      2.500 4
 127  124     -0.610      0.351      2.500 4
 124  129     -0.610      0.669      2.500 4
 126  128     -0.608     -0.570      2.500 4
 134  125     -0.605     -0.153      2.500 4
 133  127     -0.604     -0.302      2.500 4
 132  130     -0.603      0.320      2.500 4
 128  132     -0.602      0.601      2.500 4
 131  133     -0.600     -0.697      2.500 4
 130  134     -0.600      0.762      2.500 4
 135  131     -0.597     -0.310      2.500 4
 138  136     -0.586      0.302      2.500 4
 136  140     -0.585      0.480      2.500 4
 140  137     -0.581     -0.410      2.500 4
 143  135     -0.581      0.022      2.500 4
 137  143     -0.581      0.523      2.500 4
 142  139     -0.580      0.266      2.500 4
 149  138     -0.576     -0.047      2.500 4
 141  145     -0.575     -0.626      2.500 4
 144  142     -0.575     -0.385      2.500 4
 151  141     -0.574     -0.196      2.500 4
 139  148     -0.574      0.649      2.500 4
 148  144     -0.573     -0.367      2.500 4
 145  146     -0.571      0.437      2.500 4
  -1   -2     -0.569     -0.628      2.500 4
 150  150     -0.568      0.419      2.500 4
 154  149     -0.566     -0.433      2.500 4
 155  147     -0.565     -0.343      2.500 4
 147  155     -0.564      0.704      2.500 4
 156  151     -0.563      0.266      2.500 4
 157  153     -0.562      0.317      2.500 4
 153  156     -0.561      0.559      2.500 4
 152  161     -0.559      0.662      2.500 4
 159  157     -0.557      0.424      2.500 4
 158  162     -0.554     -0.664      2.500 4
 168  154     -0.553     -0.231      2.500 4
 162  160     -0.553      0.393      2.500 4
 163  159     -0.552      0.345      2.500 4
 160  165     -0.551      0.627      2.500 4
 161  167     -0.548      0.755      2.500 4
 172  158     -0.547     -0.158      2.500 4
 164  169     -0.544      0.679      2.500 4
 167  168     -0.542     -0.699      2.500 4
 174  163     -0.542     -0.210      2.500 4
 165  170     -0.543      0.746      2.500 4
 166  172     -0.541     -0.820      2.500 4
 177  164     -0.541     -0.076      2.500 4
 176  166     -0.538      0.188      2.500 4
 171  171     -0.537     -0.630      2.500 4
 170  175     -0.536      0.646      2.500 4
 169  176     -0.534     -0.887      2.500 4
 173  181     -0.531      0.827      2.500 4
 175  177     -0.530     -0.660      2.500 4
 182  173     -0.527     -0.345      2.500 4
 179  180     -0.527      0.539      2.500 4
 178  183     -0.526      0.625      2.500 4
 181  179     -0.526      0.413      2.500 4
 186  174     -0.523      0.033      2.500 4
 184  178     -0.522     -0.412      2.500 4
 180  186     -0.520     -0.760      2.500 4
 191  182     -0.515      0.012      2.500 4
 183  191     -0.514      0.826      2.500 4
 192  184     -0.512     -0.160      2.500 4
 185  193     -0.511     -0.810      2.500 4
 188  188     -0.511     -0.497      2.500 4
 187  189     -0.511      0.412      2.500 4
 194  185     -0.508      0.093      2.500 4
 195  187     -0.506     -0.247      2.500 4
 190  195     -0.504      0.510      2.500 4
 199  190     -0.502     -0.205      2.500 4
 189  197     -0.501     -0.904      2.500 4
 196  194     -0.501      0.344      2.500 4
 201  192     -0.499      0.167      2.500 4
 198  198     -0.495      0.498      2.500 4
 197  199     -0.495      0.579      2.500 4
 193  205     -0.493      0.789      2.500 4
 205  196     -0.492     -0.344      2.500 4
 200  201     -0.491     -0.591      2.500 4
 203  203     -0.488     -0.552      2.500 4
 204  206     -0.485     -0.653      2.500 4
 207  204     -0.486      0.393      2.500 4
 202  208     -0.485      0.773      2.500 4
 211  200     -0.483     -0.289      2.500 4
 206  209     -0.481      0.578      2.500 4
 213  202     -0.480     -0.195      2.500 4
 209  207     -0.479      0.390      2.500 4
 208  213     -0.473      0.799      2.500 4
 210  211     -0.473      0.574      2.500 4
 212  210     -0.471     -0.558      2.500 4
 214  221     -0.465     -0.774      2.500 4
  -1   -2     -0.465      0.579      2.500 4
 219  214     -0.464      0.390      2.500 4
 216  222     -0.464      0.590      2.500 4
 217  220     -0.462      0.527      2.500 4
 220  217     -0.462      0.464      2.500 4
 224  215     -0.460     -0.384      2.500 4
 222  223     -0.460      0.474      2.500 4
 226  212     -0.457     -0.173      2.500 4
  -1   -2     -0.457      0.796      2.500 4
 221  226     -0.457      0.666      2.500 4
 227  216     -0.455      0.139      2.500 4
 225  225     -0.455      0.363      2.500 4
 230  218     -0.452      0.090      2.500 4
 231  224     -0.449     -0.212      2.500 4
 223  232     -0.448     -0.900      2.500 4
 228  228     -0.447      0.361      2.500 4
 229  234     -0.441     -0.678      2.500 4
 233  237     -0.438      0.502      2.500 4
 241  229     -0.436      0.070      2.500 4
 237  233     -0.435     -0.487      2.500 4
 242  230     -0.435     -0.018      2.500 4
 234  241     -0.434      0.633      2.500 4
 232  243     -0.434      0.684      2.500 4
 240  236     -0.433      0.345      2.500 4
 235  242     -0.433      0.615      2.500 4
 243  231     -0.433     -0.195      2.500 4
 239  239     -0.432     -0.899      2.500 4
 236  247     -0.429      0.777      2.500 4
 244  238     -0.429      0.215      2.500 4
 248  235     -0.427      0.001      2.500 4
 238  248     -0.427      0.640      2.500 4
 249  240     -0.424      0.123      2.500 4
 247  246     -0.420     -0.452      2.500 4
 246  249     -0.418     -0.565      2.500 4
 252  245     -0.416      0.166      2.500 4
 245  250     -0.416     -0.686      2.500 4
 257  244     -0.415     -0.015      2.500 4
 251  252     -0.413      0.477      2.500 4
 254  251     -0.409     -0.468      2.500 4
 250  253     -0.408      0.824      2.500 4
 253  257     -0.402      0.732      2.500 4
 256  256     -0.401     -0.729      2.500 4
 255  259     -0.399     -0.833      2.500 4
 259  255     -0.398      0.478      2.500 4
 258  263     -0.394      0.675      2.500 4
 266  254     -0.387     -0.109      2.500 4
 260  266     -0.385     -0.756      2.500 4
 263  261     -0.385      0.333      2.500 4
 261  268     -0.385      0.649      2.500 4
 264  262     -0.384     -0.456      2.500 4
 269  258     -0.384      0.010      2.500 4
 270  260     -0.383     -0.020      2.500 4
 262  269     -0.379     -0.775      2.500 4
 272  264     -0.377     -0.087      2.500 4
 265  271     -0.375     -0.798      2.500 4
 267  270     -0.375     -0.619      2.500 4
 275  265     -0.372     -0.160      2.500 4
 274  267     -0.371     -0.205      2.500 4
 268  273     -0.370      0.603      2.500 4
 271  278     -0.363      0.747      2.500 4
 276  274     -0.362      0.353      2.500 4
 280  272     -0.361      0.207      2.500 4
 273  276     -0.361     -0.673      2.500 4
 278  275     -0.360      0.373      2.500 4
 277  277     -0.358      0.495      2.500 4
 279  280     -0.354      0.535      2.500 4
 281  283     -0.345      0.527      2.500 4
 285  279     -0.343     -0.192      2.500 4
 284  281     -0.340      0.245      2.500 4
 286  282     -0.338     -0.393      2.500 4
 282  288     -0.336      0.718      2.500 4
 289  285     -0.335      0.287      2.500 4
 293  284     -0.332     -0.063      2.500 4
 287  287     -0.331     -0.600      2.500 4
 283  291     -0.329      0.790      2.500 4
 296  286     -0.327     -0.026      2.500 4
 288  292     -0.326      0.631      2.500 4
 292  290     -0.325      0.424      2.500 4
 290  297     -0.322     -0.853      2.500 4
 294  293     -0.321      0.431      2.500 4
 291  298     -0.320     -0.835      2.500 4
 295  294     -0.319     -0.532      2.500 4
 298  289     -0.319     -0.109      2.500 4
 297  296     -0.314      0.332      2.500 4
  -1  303     -0.308     -0.077      2.500 4
 302  299     -0.303     -0.199      2.500 4
 303  301     -0.301     -0.244      2.500 4
 304  300     -0.301     -0.211      2.500 4
 301  304     -0.298     -0.490      2.500 4
 305  302     -0.298      0.134      2.500 4
 299  308     -0.296     -0.076      2.500 4
 300  307     -0.293      0.596      2.500 4
 309  306     -0.288     -0.456      2.500 4
 310  305     -0.287     -0.201      2.500 4
 308  309     -0.285     -0.599      2.500 4
 306  313     -0.284     -0.823      2.500 4
 313  310     -0.278     -0.345      2.500 4
  -1   -2     -0.277     -0.074      2.500 4
 312  311     -0.276     -0.420      2.500 4
 311  319     -0.273      0.818      2.500 4
 317  312     -0.272      0.124      2.500 4
 318  315     -0.268     -0.285      2.500 4
 314  320     -0.267     -0.663      2.500 4
 320  314     -0.267     -0.070      2.500 4
 315  322     -0.265      0.609      2.500 4
 323  316     -0.263      0.050      2.500 4
 324  317     -0.262      0.109      2.500 4
 321  318     -0.262     -0.358      2.500 4
 319  327     -0.257     -0.630      2.500 4
 329  321     -0.256     -0.186      2.500 4
 322  328     -0.255      0.478      2.500 4
 326  324     -0.255      0.293      2.500 4
 325  332     -0.251     -0.679      2.500 4
 332  323     -0.251     -0.094      2.500 4
 333  326     -0.249     -0.279      2.500 4
  -1   -2     -0.248     -0.021      2.500 4
 327  333     -0.247     -0.658      2.500 4
 330  331     -0.247      0.343      2.500 4
 335  330     -0.246      0.244      2.500 4
 341  329     -0.244     -0.016      2.500 4
 328  335     -0.244      0.649      2.500 4
 331  334     -0.242      0.502      2.500 4
 334  338     -0.240     -0.628      2.500 4
 336  337     -0.240      0.470      2.500 4
 339  341     -0.235      0.554      2.500 4
 337  344     -0.234      0.817      2.500 4
 340  340     -0.234      0.507      2.500 4
 344  336     -0.232     -0.146      2.500 4
 345  339     -0.230     -0.138      2.500 4
 342  342     -0.230      0.425      2.500 4
 346  343     -0.224     -0.302      2.500 4
 343  345     -0.221      0.607      2.500 4
 349  347     -0.213     -0.899      2.500 4
 347  350     -0.212      0.775      2.500 4
 351  346     -0.212      0.265      2.500 4
 348  352     -0.210      0.646      2.500 4
 352  349     -0.210      0.312      2.500 4
  -1   -2     -0.207      0.111      2.500 4
 354  351     -0.206     -0.524      2.500 4
 350  358     -0.206      0.740      2.500 4
 353  356     -0.203     -0.633      2.500 4
 355  360     -0.201      0.691      2.500 4
 359  353     -0.198     -0.146      2.500 4
 357  361     -0.198      0.566      2.500 4
 360  355     -0.197      0.113      2.500 4
 363  354     -0.196     -0.102      2.500 4
 361  357     -0.196      0.172      2.500 4
 362  359     -0.195     -0.318      2.500 4
 358  365     -0.192      0.710      2.500 4
 364  364     -0.188      0.405      2.500 4
 366  362     -0.186      0.125      2.500 4
 367  363     -0.185      0.143      2.500 4
 365  370     -0.178     -0.753      2.500 4
 368  368     -0.177     -0.615      2.500 4
 374  366     -0.175      0.071      2.500 4
 369  371     -0.175      0.558      2.500 4
 375  367     -0.174      0.132      2.500 4
 373  372     -0.170     -0.495      2.500 4
 370  377     -0.171      0.606      2.500 4
 371  376     -0.170      0.497      2.500 4
 378  369     -0.170     -0.048      2.500 4
 372  378     -0.168     -0.618      2.500 4
 376  374     -0.168      0.344      2.500 4
 379  373     -0.165     -0.179      2.500 4
 381  375     -0.163     -0.090      2.500 4
 377  380     -0.162     -0.696      2.500 4
 380  379     -0.162     -0.285      2.500 4
 384  381     -0.153     -0.468      2.500 4
 382  382     -0.153     -0.723      2.500 4
 383  385     -0.150      0.626      2.500 4
 388  383     -0.147     -0.487      2.500 4
 386  387     -0.146     -0.595      2.500 4
 391  384     -0.146     -0.405      2.500 4
 385  388     -0.146      0.590      2.500 4
 394  386     -0.142     -0.386      2.500 4
 387  391     -0.142      0.812      2.500 4
 389  392     -0.142      0.716      2.500 4
 390  393     -0.141      0.728      2.500 4
 397  389     -0.139     -0.310      2.500 4
 392  394     -0.138     -0.803      2.500 4
 396  390     -0.138      0.389      2.500 4
 393  398     -0.137     -0.851      2.500 4
 395  397     -0.136     -0.689      2.500 4
 398  395     -0.134      0.368      2.500 4
 400  400     -0.131     -0.549      2.500 4
 403  396     -0.129      0.033      2.500 4
  -1   -2     -0.129     -0.541      2.500 4
 402  399     -0.129      0.163      2.500 4
 399  403     -0.129      0.673      2.500 4
 409  402     -0.123     -0.094      2.500 4
 407  404     -0.121     -0.332      2.500 4
 405  405     -0.120     -0.454      2.500 4
 404  406     -0.120     -0.809      2.500 4
 406  407     -0.118     -0.639      2.500 4
 408  408     -0.117      0.473      2.500 4
 410  409     -0.112     -0.334      2.500 4
 412  410     -0.109     -0.198      2.500 4
 415  411     -0.106     -0.102      2.500 4
 414  412     -0.106     -0.163      2.500 4
 416  413     -0.103     -0.077      2.500 4
 411  416     -0.103      0.687      2.500 4
 413  415     -0.102     -0.544      2.500 4
 419  414     -0.100     -0.188      2.500 4
 417   -2     -0.099      0.413      2.500 4
  -1  417     -0.098      0.406      2.500 4
 422  419     -0.089      0.130      2.500 4
 420  422     -0.087      0.567      2.500 4
 421  423     -0.086      0.664      2.500 4
 423  421     -0.086     -0.528      2.500 4
 424  420     -0.084     -0.072      2.500 4
 425  424     -0.075      0.423      2.500 4
 427  425     -0.070      0.143      2.500 4
 426  426     -0.067     -0.661      2.500 4
 428  427     -0.062      0.214      2.500 4
 430  428     -0.059      0.191      2.500 4
 429  431     -0.057      0.526      2.500 4
 435  429     -0.057     -0.308      2.500 4
 434  430     -0.056     -0.373      2.500 4
  -1   -2     -0.056      0.517      2.500 4
 433  434     -0.055     -0.609      2.500 4
 432  437     -0.055      0.784      2.500 4
 436  435     -0.052     -0.350      2.500 4
 438  433     -0.052     -0.087      2.500 4
 441  436     -0.051     -0.273      2.500 4
 440  438     -0.051      0.170      2.500 4
 437  439     -0.050     -0.426      2.500 4
 439  441     -0.047      0.731      2.500 4
 442  440     -0.045      0.292      2.500 4
 443  442     -0.041     -0.560      2.500 4
 444  443     -0.041      0.429      2.500 4
 445  444     -0.037      0.824      2.500 4
 446  446     -0.034     -0.654      2.500 4
 447  445     -0.034     -0.345      2.500 4
 448  448     -0.030      0.590      2.500 4
 451  447     -0.029      0.217      2.500 4
 449  451     -0.027     -0.863      2.500 4
 450  450     -0.027     -0.687      2.500 4
 452  449     -0.027     -0.243      2.500 4
 453  452     -0.024     -0.597      2.500 4
 454  453     -0.022     -0.873      2.500 4
 455  454     -0.020     -0.408      2.500 4
 456  455     -0.018     -0.019      2.500 4
 457  456     -0.018     -0.096      2.500 4
 458  458     -0.014     -0.771      2.500 4
 459  459     -0.013      0.503      2.500 4
 460  460     -0.011     -0.784      2.500 4
 461  461     -0.011     -0.510      2.500 4
 463  462     -0.009      0.432      2.500 4
 462  463     -0.008      0.685      2.500 4
 464  465     -0.004      0.272      2.500 4
 465  464     -0.004     -0.049      2.500 4
 466  466     -0.002     -0.307      2.500 4
 467  467     -0.001     -0.536      2.500 4
 468  468     -0.000     -0.649      2.500 4
 469  469      0.000      0.489      2.500 4
 470  470      0.003     -0.708      2.500 4
 471  471      0.003     -0.567      2.500 4
 472  473      0.004     -0.857      2.500 4
 473  472      0.004     -0.898      2.500 4
 474  474      0.005      0.778      2.500 4
 475  475      0.007      0.368      2.500 4
 476  476      0.008     -0.098      2.500 4
 477  477      0.010      0.057      2.500 4
 479  478      0.010      0.035      2.500 4
 478  480      0.011      0.549      2.500 4
 481  479      0.011     -0.143      2.500 4
 480  481      0.011      0.686      2.500 4
 482  482      0.013     -0.817      2.500 4
 483  484      0.014      0.408      2.500 4
 484  483      0.014      0.246      2.500 4
 485  485      0.015     -0.565      2.500 4
 486  486      0.016      0.731      2.500 4
 487  487      0.017      0.796      2.500 4
 488  489      0.018     -0.632      2.500 4
 489  488      0.018      0.085      2.500 4
 490  490      0.019      0.279      2.500 4
 491  491      0.020     -0.371      2.500 4
 492  492      0.021      0.132      2.500 4
 493  493      0.023      0.173      2.500 4
 494  494      0.024     -0.001      2.500 4
 496  496      0.026     -0.712      2.500 4
 495  495      0.026     -0.536      2.500 4
 497  497      0.026     -0.612      2.500 4
 498  499      0.029     -0.567      2.500 4
 499  498      0.029      0.620      2.500 4
 500  500      0.031      0.295      2.500 4
  -1   -2      0.033     -0.608      2.500 4
 502  502      0.034     -0.747      2.500 4
 503  503      0.036     -0.685      2.500 4
 504  504      0.037     -0.704      2.500 4
 505  505      0.038      0.040      2.500 4
 506  506      0.040      0.825      2.500 4
 507  507      0.042     -0.331      2.500 4
 508  509      0.046      0.277      2.500 4
 509  508      0.046     -0.504      2.500 4
 510  510      0.048      0.057      2.500 4
 511  511      0.050     -0.179      2.500 4
 512  512      0.050     -0.150      2.500 4
 513  513      0.053     -0.288      2.500 4
 514  514      0.055     -0.452      2.500 4
 515  515      0.056      0.148      2.500 4
 516  517      0.059      0.098      2.500 4
 518  516      0.060      0.541      2.500 4
 517  518      0.061     -0.289      2.500 4
 519  520      0.068      0.195      2.500 4
 521  519      0.069     -0.749      2.500 4
 520  521      0.069     -0.022      2.500 4
 523  523      0.074      0.671      2.500 4
 522  522      0.074      0.708      2.500 4
 525  524      0.076     -0.737      2.500 4
 524  525      0.076      0.388      2.500 4
 526  526      0.080      0.553      2.500 4
 529  527      0.081      0.664      2.500 4
 527  528      0.082      0.348      2.500 4
 528  531      0.084      0.045      2.500 4
 530  529      0.085     -0.513      2.500 4
 531  530      0.086     -0.592      2.500 4
 532  532      0.098     -0.393      2.500 4
 537  533      0.101      0.411      2.500 4
 534  535      0.101      0.210      2.500 4
 535  534      0.101      0.241      2.500 4
 533  536      0.102     -0.096      2.500 4
 536  537      0.102      0.043      2.500 4
  -1   -2      0.107      0.236      2.500 4
 539  540      0.109     -0.093      2.500 4
 541  541      0.110     -0.253      2.500 4
 540  543      0.110      0.079      2.500 4
 543  539      0.111     -0.496      2.500 4
 542  545      0.113     -0.005      2.500 4
 545  542      0.114     -0.731      2.500 4
 544  546      0.115     -0.282      2.500 4
 548  544      0.117     -0.795      2.500 4
 546  549      0.120      0.053      2.500 4
 547  550      0.121     -0.265      2.500 4
 549  548      0.121     -0.515      2.500 4
 550  547      0.122     -0.896      2.500 4
 551  552      0.128      0.318      2.500 4
 553  551      0.131     -0.673      2.500 4
 552  553      0.135     -0.069      2.500 4
 554  554      0.136      0.043      2.500 4
 555  557      0.138      0.120      2.500 4
 556  558      0.139     -0.046      2.500 4
 557  560      0.142     -0.288      2.500 4
 558  561      0.143      0.296      2.500 4
 559  555      0.143      0.644      2.500 4
 560  556      0.144      0.682      2.500 4
 563  559      0.146      0.755      2.500 4
 566  562      0.150     -0.872      2.500 4
 564  564      0.150     -0.603      2.500 4
 565  563      0.150      0.632      2.500 4
 562  566      0.151     -0.226      2.500 4
 561  567      0.151      0.071      2.500 4
 567  565      0.153     -0.833      2.500 4
 568  568      0.156     -0.580      2.500 4
  -1   -2      0.158     -0.566      2.500 4
 570  573      0.163      0.365      2.500 4
 572  571      0.163      0.525      2.500 4
 573  570      0.165     -0.898      2.500 4
 577  572      0.167      0.793      2.500 4
 571  575      0.168      0.156      2.500 4
 575  574      0.169     -0.633      2.500 4
 574  579      0.173      0.070      2.500 4
 576  581      0.174     -0.211      2.500 4
 578  580      0.174     -0.293      2.500 4
 580  578      0.175      0.298      2.500 4
 583  577      0.176      0.397      2.500 4
 579  583      0.177      0.060      2.500 4
 581  582      0.177     -0.388      2.500 4
 588  576      0.179     -0.858      2.500 4
 582  584      0.179     -0.138      2.500 4
 586  585      0.181      0.186      2.500 4
 584  589      0.182      0.022      2.500 4
 585  586      0.182      0.167      2.500 4
 589  587      0.186     -0.534      2.500 4
 587  592      0.187     -0.162      2.500 4
  -1   -2      0.188     -0.573      2.500 4
 593  588      0.189     -0.697      2.500 4
 590  591      0.190     -0.437      2.500 4
 591  596      0.193      0.119      2.500 4
 595  593      0.194     -0.580      2.500 4
 599  597      0.198     -0.533      2.500 4
 594  601      0.199     -0.274      2.500 4
 600  599      0.199      0.462      2.500 4
 596  603      0.201     -0.153      2.500 4
 597  605      0.201     -0.024      2.500 4
 603  594      0.202      0.735      2.500 4
 604  595      0.202     -0.895      2.500 4
 605  598      0.202     -0.842      2.500 4
 601  600      0.203     -0.549      2.500 4
 598  607      0.203     -0.054      2.500 4
 607  602      0.206      0.521      2.500 4
 606  606      0.207      0.387      2.500 4
 602  609      0.209      0.188      2.500 4
 608  604      0.211      0.678      2.500 4
 610  608      0.215     -0.838      2.500 4
 609  614      0.220      0.316      2.500 4
 611   -2      0.221     -0.898      2.500 4
 612  612      0.223     -0.580      2.500 4
 616  611      0.224      0.798      2.500 4
 618  613      0.226      0.699      2.500 4
 619  615      0.228     -0.901      2.500 4
 620  616      0.230     -0.869      2.500 4
 614  619      0.232     -0.305      2.500 4
 617  618      0.233     -0.427      2.500 4
 615  620      0.234     -0.125      2.500 4
 621  617      0.235     -0.697      2.500 4
 623  622      0.243      0.384      2.500 4
 624  623      0.247     -0.331      2.500 4
 622  626      0.248      0.086      2.500 4
 628  621      0.248      0.756      2.500 4
 625  628      0.252      0.015      2.500 4
 630  625      0.256      0.530      2.500 4
 626  632      0.256     -0.001      2.500 4
 633  624      0.257      0.750      2.500 4
 627  631      0.257      0.141      2.500 4
 629  629      0.258     -0.470      2.500 4
 634  627      0.261     -0.636      2.500 4
 631  636      0.265      0.263      2.500 4
 641  630      0.265     -0.875      2.500 4
 632  638      0.268     -0.220      2.500 4
 637  637      0.269     -0.374      2.500 4
 640  635      0.269     -0.588      2.500 4
 642  634      0.269     -0.659      2.500 4
 645  633      0.270      0.613      2.500 4
 636  642      0.271      0.078      2.500 4
 635  643      0.271     -0.027      2.500 4
 638  644      0.274      0.136      2.500 4
 639  645      0.275      0.048      2.500 4
 648  639      0.276      0.518      2.500 4
 644  646      0.278      0.162      2.500 4
 643  649      0.279      0.057      2.500 4
 646  650      0.280      0.116      2.500 4
 652  640      0.281      0.729      2.500 4
 647  648      0.282      0.212      2.500 4
 653  641      0.282     -0.870      2.500 4
 649  647      0.284      0.357      2.500 4
 650  651      0.286     -0.465      2.500 4
 651  656      0.290     -0.337      2.500 4
 654  652      0.292      0.586      2.500 4
 655  653      0.293     -0.636      2.500 4
 658  655      0.297      0.630      2.500 4
 661  654      0.299      0.802      2.500 4
 656  658      0.300     -0.501      2.500 4
 659  657      0.300     -0.582      2.500 4
 660  659      0.305      0.424      2.500 4
 657  660      0.308      0.012      2.500 4
 662  665      0.314      0.106      2.500 4
 663  666      0.316     -0.154      2.500 4
 665  663      0.317      0.321      2.500 4
 667  662      0.318      0.432      2.500 4
 668  661      0.318      0.474      2.500 4
 664  667      0.320     -0.234      2.500 4
 666  668      0.324     -0.206      2.500 4
 672  664      0.325      0.606      2.500 4
 669  673      0.334     -0.111      2.500 4
 670  672      0.335     -0.198      2.500 4
 671  676      0.337      0.001      2.500 4
 673  678      0.338      0.011      2.500 4
 680  669      0.341      0.652      2.500 4
 674  677      0.343     -0.429      2.500 4
 683  670      0.344      0.822      2.500 4
 677  679      0.345     -0.484      2.500 4
 679  674      0.345      0.447      2.500 4
 684  671      0.348     -0.794      2.500 4
 682  675      0.348      0.518      2.500 4
 681  681      0.351      0.270      2.500 4
 676  685      0.351      0.094      2.500 4
 675  687      0.351     -0.114      2.500 4
 678  683      0.351      0.143      2.500 4
 690  680      0.355      0.683      2.500 4
 686  682      0.355      0.391      2.500 4
 687  689      0.359      0.344      2.500 4
 688  686      0.359      0.422      2.500 4
 691  688      0.361      0.435      2.500 4
 685  694      0.363     -0.158      2.500 4
 696  684      0.365     -0.815      2.500 4
 697  690      0.367     -0.782      2.500 4
 694  691      0.368     -0.662      2.500 4
 689  700      0.369     -0.014      2.500 4
 692  699      0.370     -0.293      2.500 4
 698  692      0.370      0.558      2.500 4
 699  696      0.373     -0.584      2.500 4
 700  693      0.374     -0.716      2.500 4
 705  695      0.377     -0.773      2.500 4
 702  697      0.377     -0.623      2.500 4
 693  706      0.379      0.025      2.500 4
 695  707      0.380     -0.165      2.500 4
 706  702      0.383     -0.596      2.500 4
 708  698      0.383      0.751      2.500 4
 704  705      0.384      0.366      2.500 4
 703  710      0.387      0.252      2.500 4
 707  708      0.387     -0.473      2.500 4
 712  701      0.387     -0.889      2.500 4
 701  712      0.388     -0.036      2.500 4
 709  704      0.388      0.514      2.500 4
  -1  709      0.390     -0.811      2.500 4
 711  711      0.393      0.411      2.500 4
 718   -2      0.397     -0.811      2.500 4
 710  718      0.401     -0.024      2.500 4
 713  716      0.402     -0.340      2.500 4
 717  714      0.404      0.376      2.500 4
 715  719      0.406     -0.151      2.500 4
 716  720      0.407     -0.162      2.500 4
 720  715      0.408      0.440      2.500 4
 722  713      0.409      0.615      2.500 4
 723  717      0.414      0.548      2.500 4
 719  723      0.414     -0.208      2.500 4
 721  722      0.417      0.238      2.500 4
 727  721      0.423     -0.774      2.500 4
 724  728      0.428      0.063      2.500 4
 726  726      0.429     -0.422      2.500 4
 725  733      0.432     -0.128      2.500 4
 733  724      0.433      0.684      2.500 4
 729  729      0.435      0.324      2.500 4
 728  735      0.438      0.180      2.500 4
 737  725      0.438      0.734      2.500 4
 732  732      0.439     -0.898      2.500 4
 739  727      0.440     -0.764      2.500 4
 734  734      0.440     -0.529      2.500 4
 736  730      0.440     -0.654      2.500 4
 730  737      0.442      0.035      2.500 4
 741  731      0.443     -0.718      2.500 4
 731  740      0.445      0.148      2.500 4
 740  739      0.450      0.340      2.500 4
 738  741      0.450     -0.391      2.500 4
 735  743      0.451      0.154      2.500 4
 742  736      0.454     -0.677      2.500 4
  -1   -2      0.458      0.691      2.500 4
 746  742      0.463     -0.903      2.500 4
 748  744      0.467      0.733      2.500 4
 750  745      0.470      0.689      2.500 4
 747  748      0.474      0.425      2.500 4
 751  746      0.477     -0.706      2.500 4
 745  751      0.478      0.214      2.500 4
 744  755      0.480     -0.006      2.500 4
 752  749      0.480     -0.687      2.500 4
 757  747      0.482     -0.872      2.500 4
 755  750      0.482     -0.718      2.500 4
 749  758      0.485     -0.127      2.500 4
 761  752      0.491      0.646      2.500 4
 756  760      0.493      0.253      2.500 4
 763  754      0.494      0.712      2.500 4
 759  757      0.494     -0.547      2.500 4
 762  756      0.495      0.516      2.500 4
 764  753      0.494     -0.891      2.500 4
 758  759      0.495     -0.501      2.500 4
 753  764      0.495      0.000      2.500 4
 754  763      0.495      0.116      2.500 4
 760  768      0.504     -0.212      2.500 4
 766  766      0.506     -0.453      2.500 4
 769  761      0.507      0.569      2.500 4
 767  767      0.508      0.325      2.500 4
 771  762      0.508     -0.719      2.500 4
 765  772      0.512     -0.193      2.500 4
 775  765      0.514     -0.763      2.500 4
 768  775      0.515     -0.237      2.500 4
 773  769      0.516      0.443      2.500 4
 774  770      0.517     -0.532      2.500 4
 772  776      0.519     -0.351      2.500 4
 770  778      0.521     -0.100      2.500 4
 776  774      0.525     -0.647      2.500 4
 779  771      0.525     -0.819      2.500 4
 780  773      0.528      0.689      2.500 4
 778  777      0.529     -0.655      2.500 4
 777  779      0.532     -0.506      2.500 4
 781  780      0.534      0.460      2.500 4
 782  785      0.538     -0.491      2.500 4
 785  787      0.541      0.334      2.500 4
 787  786      0.541     -0.498      2.500 4
 790  781      0.542      0.831      2.500 4
 793  782      0.544      0.792      2.500 4
 792  783      0.544      0.721      2.500 4
 784  790      0.545     -0.285      2.500 4
 795  784      0.545     -0.883      2.500 4
 783  795      0.546     -0.003      2.500 4
 786  796      0.549     -0.087      2.500 4
 794  789      0.551     -0.584      2.500 4
 791  791      0.551      0.340      2.500 4
  -1   -2      0.553     -0.285      2.500 4
 799  788      0.554      0.657      2.500 4
 797  792      0.555      0.474      2.500 4
 789  799      0.557     -0.140      2.500 4
 800  793      0.558      0.518      2.500 4
 801  794      0.557     -0.617      2.500 4
 796  802      0.565     -0.176      2.500 4
 798  801      0.566      0.170      2.500 4
 805  798      0.567      0.599      2.500 4
 804  800      0.569     -0.517      2.500 4
 802  803      0.574     -0.011      2.500 4
 803  804      0.574     -0.001      2.500 4
 807  805      0.584      0.299      2.500 4
 806  807      0.587     -0.304      2.500 4
 808  806      0.588     -0.534      2.500 4
 811  808      0.595     -0.509      2.500 4
 814  809      0.601     -0.747      2.500 4
 809  814      0.602      0.081      2.500 4
 813  810      0.602     -0.550      2.500 4
 810  816      0.603     -0.024      2.500 4
 812  813      0.604     -0.393      2.500 4
 816  811      0.608     -0.708      2.500 4
 815  812      0.609      0.479      2.500 4
 820  815      0.615     -0.900      2.500 4
 825  817      0.622      0.770      2.500 4
 821  819      0.622      0.498      2.500 4
 826  818      0.622      0.756      2.500 4
 817  824      0.623      0.208      2.500 4
 823  820      0.623     -0.690      2.500 4
 822  821      0.624      0.442      2.500 4
 818  826      0.625      0.127      2.500 4
 819  827      0.629     -0.199      2.500 4
 831  822      0.630     -0.816      2.500 4
 832  823      0.631      0.704      2.500 4
 824  830      0.635      0.055      2.500 4
 834  825      0.635      0.684      2.500 4
 827  831      0.636     -0.153      2.500 4
 828  832      0.639      0.030      2.500 4
 833  829      0.639     -0.508      2.500 4
 829  834      0.642     -0.177      2.500 4
 830  835      0.642      0.046      2.500 4
 835  833      0.644      0.298      2.500 4
 837  828      0.645     -0.901      2.500 4
 836  838      0.650     -0.216      2.500 4
 840  836      0.654      0.558      2.500 4
 838  837      0.654      0.329      2.500 4
 841  841      0.659      0.324      2.500 4
 839  844      0.660      0.011      2.500 4
 844  840      0.662      0.560      2.500 4
 846  842      0.665     -0.623      2.500 4
 842  845      0.666      0.150      2.500 4
 849  843      0.668      0.508      2.500 4
 843  849      0.668     -0.125      2.500 4
 845  847      0.669     -0.381      2.500 4
 847  846      0.670      0.346      2.500 4
 850  848      0.674     -0.568      2.500 4
 848  854      0.675     -0.182      2.500 4
 854  850      0.681      0.626      2.500 4
 857  851      0.682     -0.801      2.500 4
 853  853      0.683      0.479      2.500 4
 858  852      0.683      0.716      2.500 4
 856  856      0.687      0.444      2.500 4
 851  861      0.688      0.047      2.500 4
 852  860      0.689      0.130      2.500 4
 862  855      0.690     -0.807      2.500 4
 855  864      0.692      0.017      2.500 4
 863  857      0.692     -0.790      2.500 4
 861  862      0.693     -0.434      2.500 4
 860  863      0.693     -0.304      2.500 4
 859  866      0.695     -0.100      2.500 4
 864  859      0.696      0.554      2.500 4
 867  858      0.698      0.772      2.500 4
 865  868      0.703     -0.380      2.500 4
 868  865      0.702     -0.631      2.500 4
 866  871      0.707     -0.013      2.500 4
 870  869      0.707     -0.585      2.500 4
 872  867      0.710      0.787      2.500 4
 873  870      0.711      0.592      2.500 4
 869  873      0.712     -0.335      2.500 4
 874  872      0.715     -0.595      2.500 4
 871  875      0.716      0.162      2.500 4
 879  874      0.721      0.546      2.500 4
  -1   -2      0.722      0.171      2.500 4
 876  880      0.723     -0.091      2.500 4
 880  876      0.725      0.650      2.500 4
 877  881      0.726     -0.194      2.500 4
 882  877      0.725     -0.802      2.500 4
 878  882      0.727     -0.024      2.500 4
 883  879      0.729      0.590      2.500 4
 881  883      0.731      0.292      2.500 4
 885  884      0.737     -0.752      2.500 4
 884  890      0.741     -0.238      2.500 4
 888  885      0.741      0.681      2.500 4
 889  886      0.742     -0.720      2.500 4
 886  889      0.743      0.329      2.500 4
 894  888      0.744     -0.766      2.500 4
 895  887      0.744     -0.823      2.500 4
 892  891      0.747     -0.537      2.500 4
  -1   -2      0.748     -0.549      2.500 4
 900  892      0.749      0.533      2.500 4
 887  898      0.749     -0.062      2.500 4
 893  895      0.750     -0.412      2.500 4
 890  900      0.751      0.120      2.500 4
 898  896      0.751     -0.432      2.500 4
 891  903      0.752     -0.033      2.500 4
 897  899      0.752      0.233      2.500 4
 899  901      0.753      0.260      2.500 4
 901  897      0.753      0.346      2.500 4
 903  894      0.753      0.709      2.500 4
 905  902      0.757     -0.691      2.500 4
 902  906      0.759     -0.024      2.500 4
 904  904      0.759      0.494      2.500 4
 907  905      0.761     -0.759      2.500 4
 906  909      0.763     -0.358      2.500 4
 910  907      0.767     -0.673      2.500 4
 913  908      0.768     -0.761      2.500 4
 912  912      0.771      0.412      2.500 4
 908  913      0.772     -0.246      2.500 4
 914  910      0.772      0.631      2.500 4
 909  916      0.773     -0.055      2.500 4
 911  915      0.773      0.158      2.500 4
 916  911      0.773     -0.838      2.500 4
 915  914      0.775      0.368      2.500 4
 917  918      0.782     -0.417      2.500 4
 918  917      0.784      0.432      2.500 4
 920  919      0.788      0.793      2.500 4
 919  923      0.788      0.237      2.500 4
 923  920      0.790      0.689      2.500 4
 921  921      0.790      0.595      2.500 4
 922  922      0.790     -0.665      2.500 4
 927  924      0.795     -0.845      2.500 4
 926  925      0.796      0.728      2.500 4
 925  926      0.797      0.487      2.500 4
 924  928      0.799     -0.071      2.500 4
 928  929      0.801      0.185      2.500 4
 932  927      0.806      0.706      2.500 4
 931  930      0.806      0.543      2.500 4
 929  932      0.806      0.080      2.500 4
  -1   -2      0.806      0.191      2.500 4
 935  933      0.812      0.829      2.500 4
 933  936      0.812     -0.123      2.500 4
 936  934      0.813      0.773      2.500 4
  -1   -2      0.816      0.508      2.500 4
 934  939      0.816     -0.020      2.500 4
 941  937      0.818      0.655      2.500 4
 944  938      0.819      0.498      2.500 4
 943  942      0.820     -0.431      2.500 4
 942  944      0.820      0.291      2.500 4
 947  940      0.820     -0.680      2.500 4
 939  945      0.821      0.173      2.500 4
 938  946      0.821     -0.078      2.500 4
 946  943      0.821      0.424      2.500 4
 940  947      0.821     -0.224      2.500 4
 948  941      0.822      0.709      2.500 4
 945  948      0.823      0.005      2.500 4
 949  949      0.827     -0.597      2.500 4
 950  950      0.829      0.394      2.500 4
 951  951      0.831     -0.581      2.500 4
 952  952      0.832      0.477      2.500 4
 953  954      0.836     -0.336      2.500 4
 955  953      0.836     -0.421      2.500 4
 954  956      0.837      0.174      2.500 4
 956  955      0.838     -0.525      2.500 4
 957  957      0.840     -0.585      2.500 4
 958  958      0.843      0.680      2.500 4
 959  959      0.847     -0.183      2.500 4
 960  960      0.852     -0.151      2.500 4
 961  961      0.853     -0.278      2.500 4
 962  962      0.853     -0.309      2.500 4
 963  964      0.855      0.342      2.500 4
 964  963      0.855     -0.603      2.500 4
 966  965      0.862     -0.839      2.500 4
 965  967      0.863     -0.484      2.500 4
 967  966      0.863     -0.855      2.500 4
 968  968      0.863     -0.798      2.500 4
 969  969      0.868     -0.882      2.500 4
 970  970      0.870      0.136      2.500 4
 971  971      0.873      0.330      2.500 4
 972  972      0.874     -0.898      2.500 4
 974  974      0.883      0.690      2.500 4
 975  973      0.884      0.748      2.500 4
 973  976      0.883     -0.461      2.500 4
 976  975      0.885      0.819      2.500 4
 977  977      0.886      0.571      2.500 4
 978  979      0.886     -0.187      2.500 4
 979  978      0.887     -0.743      2.500 4
 980  980      0.894      0.304      2.500 4
 981  981      0.894     -0.599      2.500 4
 983  982      0.896     -0.539      2.500 4
 982  984      0.897     -0.027      2.500 4
 984  983      0.898      0.648      2.500 4
 985  985      0.899     -0.278      2.500 4
 986  986      0.900      0.275      2.500 4
 987  987      0.901     -0.394      2.500 4
 988  988      0.906      0.068      2.500 4
  -1   -2      0.907      0.230      2.500 4
 990  990      0.907      0.222      2.500 4
 991  991      0.910      0.517      2.500 4
 992  992      0.911      0.436      2.500 4
 993  993      0.912     -0.764      2.500 4
 994  994      0.913      0.550      2.500 4
 996  995      0.914      0.792      2.500 4
 995  996      0.913     -0.683      2.500 4
