995
   0    1     -0.820     -0.142      2.500 4
  -1   -2     -0.819      0.602      2.500 4
   1    2     -0.819      0.595      2.500 4
   3    3     -0.817     -0.675      2.500 4
   4    5     -0.816     -0.217      2.500 4
   5    6     -0.815     -0.080      2.500 4
   7    9     -0.815      0.356      2.500 4
   8    8     -0.815     -0.516      2.500 4
   9   10     -0.814     -0.734      2.500 4
  10   11     -0.814     -0.298      2.500 4
  11   13     -0.814      0.138      2.500 4
  12   12     -0.814      0.574      2.500 4
  13   14     -0.812     -0.264      2.500 4
  14   15     -0.808      0.166      2.500 4
  16   16     -0.804     -0.188      2.500 4
  17   19     -0.802     -0.889      2.500 4
  18   18     -0.802      0.434      2.500 4
  19   20     -0.800      0.535      2.500 4
  20   21     -0.799     -0.054      2.500 4
  21   22     -0.798      0.259      2.500 4
  22   23     -0.798     -0.194      2.500 4
  23   24     -0.797      0.237      2.500 4
  24   25     -0.793     -0.405      2.500 4
  26   27     -0.790      0.448      2.500 4
  27   26     -0.790     -0.127      2.500 4
  28   28     -0.789     -0.211      2.500 4
  25   29     -0.789      0.668      2.500 4
  29   30     -0.786     -0.379      2.500 4
  30   32     -0.783     -0.575      2.500 4
  32   31     -0.782      0.106      2.500 4
  31   33     -0.781     -0.844      2.500 4
  33   34     -0.780      0.561      2.500 4
  34   35     -0.778     -0.616      2.500 4
  35   36     -0.776      0.428      2.500 4
  38   37     -0.773      0.035      2.500 4
  37   39     -0.772     -0.647      2.500 4
  36   41     -0.772     -0.845      2.500 4
  39   38     -0.771      0.101      2.500 4
  42   42     -0.770      0.295      2.500 4
  43   40     -0.769     -0.259      2.500 4
  40   44     -0.769      0.605      2.500 4
   6   58     -0.767      0.775      2.500 4
  44   43     -0.767      0.346      2.500 4
  45   47     -0.763      0.207      2.500 4
  46   46     -0.763      0.116      2.500 4
  47   48     -0.760      0.256      2.500 4
  48   49     -0.756      0.508      2.500 4
  49   50     -0.751     -0.174      2.500 4
  50   52     -0.745     -0.831      2.500 4
  51   53     -0.741     -0.456      2.500 4
  54   51     -0.740     -0.207      2.500 4
  52   54     -0.738     -0.604      2.500 4
  53   -2     -0.738      0.756      2.500 4
  55   55     -0.737      0.496      2.500 4
  56   59     -0.735      0.482      2.500 4
  57   57     -0.734      0.307      2.500 4
  59   56     -0.732     -0.229      2.500 4
  58   60     -0.731     -0.571      2.500 4
  60   61     -0.727      0.358      2.500 4
  61   62     -0.726     -0.428      2.500 4
  63   65     -0.725      0.096      2.500 4
  65   63     -0.724     -0.066      2.500 4
  64   64     -0.724      0.022      2.500 4
  69   66     -0.721     -0.300      2.500 4
  62   71     -0.720      0.649      2.500 4
  67   69     -0.720      0.421      2.500 4
  72   67     -0.719     -0.179      2.500 4
  68   72     -0.717     -0.643      2.500 4
  66   73     -0.717     -0.786      2.500 4
  70   70     -0.718      0.457      2.500 4
  73   68     -0.717     -0.248      2.500 4
  71   75     -0.713     -0.750      2.500 4
  77   74     -0.710     -0.010      2.500 4
  78   76     -0.707     -0.145      2.500 4
  74   82     -0.706     -0.835      2.500 4
  79   77     -0.706     -0.044      2.500 4
  75   81     -0.706      0.688      2.500 4
  76   83     -0.705     -0.898      2.500 4
  81   78     -0.705      0.121      2.500 4
  84   79     -0.701     -0.113      2.500 4
  85   80     -0.701      0.064      2.500 4
  83   87     -0.698     -0.641      2.500 4
  80   88     -0.697     -0.783      2.500 4
  82   89     -0.698      0.722      2.500 4
  88   85     -0.694      0.184      2.500 4
  89   84     -0.694     -0.092      2.500 4
  90   86     -0.693     -0.180      2.500 4
  87   91     -0.694      0.485      2.500 4
  86   92     -0.693      0.544      2.500 4
  93   90     -0.689     -0.305      2.500 4
  91   94     -0.689     -0.488      2.500 4
  94   93     -0.687      0.076      2.500 4
  95   96     -0.685      0.150      2.500 4
  92   98     -0.682     -0.849      2.500 4
  97   99     -0.675      0.173      2.500 4
  98   97     -0.674     -0.186      2.500 4
  96  100     -0.673      0.513      2.500 4
  99  102     -0.666      0.401      2.500 4
 100  101     -0.664     -0.315      2.500 4
 101  103     -0.663      0.264      2.500 4
 106  104     -0.658     -0.041      2.500 4
 105  105     -0.658      0.052      2.500 4
 104  106     -0.655      0.370      2.500 4
 103  110     -0.654     -0.758      2.500 4
 102  111     -0.653     -0.875      2.500 4
 107  108     -0.649     -0.899      2.500 4
 109  107     -0.648     -0.372      2.500 4
 108  112     -0.647      0.427      2.500 4
 111  109     -0.645     -0.237      2.500 4
 113  113     -0.640     -0.380      2.500 4
 110  116     -0.638     -0.790      2.500 4
 112  117     -0.634      0.568      2.500 4
 117  114     -0.631     -0.079      2.500 4
 115  118     -0.631      0.415      2.500 4
 116  119     -0.629     -0.542      2.500 4
 119  115     -0.629     -0.185      2.500 4
 114  122     -0.627      0.641      2.500 4
 121  120     -0.623     -0.276      2.500 4
 120  123     -0.623      0.437      2.500 4
 118  126     -0.619     -0.739      2.500 4
 122  121     -0.618     -0.249      2.500 4
 128  125     -0.611      0.059      2.500 4
 123  128     -0.611      0.401      2.500 4
 125  130     -0.608      0.433      2.500 4
 132  127     -0.607      0.031      2.500 4
 129  131     -0.606      0.339      2.500 4
 131  132     -0.604     -0.406      2.500 4
 130  133     -0.604     -0.433      2.500 4
 124  137     -0.602     -0.811      2.500 4
 136  129     -0.602     -0.181      2.500 4
 126  139     -0.601     -0.765      2.500 4
 127  141     -0.601      0.764      2.500 4
 134  134     -0.600     -0.453      2.500 4
 133  135     -0.600      0.378      2.500 4
 135  136     -0.598     -0.481      2.500 4
 139  138     -0.593      0.243      2.500 4
 138  142     -0.591      0.334      2.500 4
 142  140     -0.590      0.128      2.500 4
 143  143     -0.586     -0.234      2.500 4
 137  147     -0.586      0.803      2.500 4
 140  146     -0.584     -0.674      2.500 4
 141  145     -0.585      0.541      2.500 4
 144  144     -0.581     -0.283      2.500 4
 145  148     -0.576     -0.497      2.500 4
 147  151     -0.574      0.383      2.500 4
 148  150     -0.571     -0.395      2.500 4
 146  153     -0.571     -0.635      2.500 4
 151  149     -0.570     -0.218      2.500 4
 152  152     -0.565      0.208      2.500 4
 149  155     -0.563      0.720      2.500 4
 150  158     -0.560     -0.892      2.500 4
 153  157     -0.555      0.406      2.500 4
 154  154     -0.554     -0.189      2.500 4
 156  156     -0.550     -0.322      2.500 4
 160  162     -0.544     -0.461      2.500 4
 155  164     -0.544      0.479      2.500 4
 164  160     -0.543      0.111      2.500 4
 165  159     -0.542     -0.011      2.500 4
 163  163     -0.541     -0.383      2.500 4
 159  168     -0.541      0.496      2.500 4
 158  169     -0.541      0.537      2.500 4
 166  161     -0.539     -0.230      2.500 4
 157  172     -0.539      0.735      2.500 4
 162  170     -0.538      0.450      2.500 4
 161  174     -0.537      0.669      2.500 4
 171  166     -0.534      0.165      2.500 4
 173  165     -0.534      0.009      2.500 4
 174  167     -0.533      0.086      2.500 4
 167  175     -0.532      0.479      2.500 4
 176  171     -0.529     -0.208      2.500 4
 168  176     -0.528      0.643      2.500 4
 172  177     -0.524      0.572      2.500 4
 177  173     -0.524     -0.010      2.500 4
 169  179     -0.524      0.700      2.500 4
 170  178     -0.523     -0.738      2.500 4
 175  181     -0.518     -0.672      2.500 4
 182  180     -0.511      0.140      2.500 4
  -1   -2     -0.510     -0.671      2.500 4
 179  182     -0.508      0.385      2.500 4
 181  185     -0.505      0.458      2.500 4
 183  188     -0.501     -0.535      2.500 4
 180  193     -0.501      0.773      2.500 4
 184  187     -0.499     -0.411      2.500 4
 188  184     -0.497     -0.110      2.500 4
 191  186     -0.494     -0.017      2.500 4
 190  190     -0.493      0.182      2.500 4
 192  189     -0.493      0.014      2.500 4
 185  195     -0.492      0.596      2.500 4
 186  194     -0.491      0.451      2.500 4
 195  191     -0.489     -0.086      2.500 4
 193  192     -0.489      0.233      2.500 4
 187  197     -0.485      0.676      2.500 4
 189  198     -0.482     -0.698      2.500 4
 199  196     -0.477     -0.161      2.500 4
 194  201     -0.477     -0.663      2.500 4
 196  200     -0.475      0.423      2.500 4
 205  199     -0.470     -0.205      2.500 4
 201  202     -0.469      0.418      2.500 4
 197  204     -0.465      0.684      2.500 4
 200  206     -0.464      0.651      2.500 4
 198  208     -0.464      0.720      2.500 4
 202  205     -0.463      0.568      2.500 4
 203  210     -0.460     -0.725      2.500 4
 204  211     -0.459     -0.687      2.500 4
 206  207     -0.458     -0.576      2.500 4
 207  203     -0.458      0.383      2.500 4
 208  209     -0.457      0.412      2.500 4
 211  213     -0.452      0.378      2.500 4
 209  217     -0.449      0.535      2.500 4
 213  218     -0.446     -0.612      2.500 4
 216  216     -0.446      0.358      2.500 4
 210  221     -0.446      0.695      2.500 4
 221  212     -0.445     -0.062      2.500 4
 220  214     -0.444     -0.187      2.500 4
 214  219     -0.445      0.521      2.500 4
 212  225     -0.443      0.664      2.500 4
 218  220     -0.440     -0.575      2.500 4
 215  229     -0.439      0.762      2.500 4
 226  215     -0.439     -0.026      2.500 4
 217  228     -0.438      0.644      2.500 4
 224  222     -0.437     -0.457      2.500 4
 222  224     -0.436     -0.496      2.500 4
 219  231     -0.433      0.753      2.500 4
 225  227     -0.432     -0.899      2.500 4
 235  223     -0.429     -0.105      2.500 4
 231  226     -0.429      0.203      2.500 4
 223  234     -0.427     -0.832      2.500 4
 227  232     -0.425      0.478      2.500 4
 236  233     -0.420     -0.468      2.500 4
  -1  236     -0.420     -0.074      2.500 4
 234  235     -0.419      0.486      2.500 4
 230  239     -0.418     -0.774      2.500 4
 229  240     -0.419      0.828      2.500 4
 228  241     -0.418     -0.893      2.500 4
 233  237     -0.418     -0.665      2.500 4
 232  238     -0.418      0.593      2.500 4
 237  250     -0.407     -0.074      2.500 4
 242  243     -0.407      0.327      2.500 4
 238  247     -0.405      0.588      2.500 4
 244  245     -0.402     -0.446      2.500 4
 241  248     -0.403      0.535      2.500 4
 246  242     -0.401     -0.187      2.500 4
 239  255     -0.399      0.826      2.500 4
 240  254     -0.398     -0.819      2.500 4
 251  244     -0.397     -0.196      2.500 4
 243  252     -0.397      0.582      2.500 4
 248  246     -0.397      0.230      2.500 4
  -1   -2     -0.392     -0.229      2.500 4
 255  249     -0.389     -0.225      2.500 4
 250  257     -0.388     -0.561      2.500 4
 249  258     -0.388      0.503      2.500 4
  -1   -2     -0.388      0.583      2.500 4
 245   -2     -0.386     -0.071      2.500 4
 257  251     -0.386      0.117      2.500 4
 259  253     -0.384     -0.185      2.500 4
 256  256     -0.383     -0.372      2.500 4
 252  263     -0.384      0.593      2.500 4
 262  262     -0.377      0.336      2.500 4
 254  266     -0.377      0.788      2.500 4
 263  261     -0.377      0.266      2.500 4
 260  264     -0.375      0.469      2.500 4
 267  260     -0.374     -0.067      2.500 4
 261  271     -0.369      0.771      2.500 4
 266  267     -0.368      0.353      2.500 4
 264  270     -0.366     -0.674      2.500 4
 271  265     -0.362      0.037      2.500 4
 269  274     -0.361      0.464      2.500 4
 265  277     -0.360     -0.775      2.500 4
 272  268     -0.359      0.102      2.500 4
 270  279     -0.357      0.664      2.500 4
 268  280     -0.356      0.796      2.500 4
 275  269     -0.355     -0.088      2.500 4
  -1   -2     -0.352     -0.026      2.500 4
 278  275     -0.351      0.087      2.500 4
 279  273     -0.351     -0.167      2.500 4
 273  283     -0.347      0.608      2.500 4
 284  276     -0.346     -0.022      2.500 4
 282  278     -0.345     -0.255      2.500 4
 274  284     -0.344      0.626      2.500 4
 276  285     -0.341     -0.674      2.500 4
 285  282     -0.340      0.297      2.500 4
 287  281     -0.339     -0.309      2.500 4
 277  289     -0.339      0.793      2.500 4
 281  290     -0.335      0.631      2.500 4
 283  292     -0.332      0.677      2.500 4
 286  294     -0.329     -0.904      2.500 4
 289  286     -0.328     -0.130      2.500 4
 288  291     -0.328     -0.594      2.500 4
 293  287     -0.327     -0.123      2.500 4
 294  288     -0.326     -0.244      2.500 4
 292  296     -0.318      0.466      2.500 4
 296  293     -0.318     -0.315      2.500 4
 295  297     -0.315      0.386      2.500 4
 291  301     -0.315     -0.713      2.500 4
 298  295     -0.313     -0.374      2.500 4
 290  304     -0.313      0.772      2.500 4
 299  298     -0.312     -0.409      2.500 4
 297  299     -0.312     -0.490      2.500 4
 300  302     -0.309      0.390      2.500 4
 301  300     -0.308     -0.444      2.500 4
 313  303     -0.301      0.197      2.500 4
 302  307     -0.300      0.504      2.500 4
 304  312     -0.296     -0.643      2.500 4
 308  308     -0.297     -0.560      2.500 4
 303  314     -0.296      0.659      2.500 4
 310  313     -0.295      0.492      2.500 4
 314  305     -0.295      0.242      2.500 4
 306  316     -0.295      0.630      2.500 4
 307  317     -0.294     -0.737      2.500 4
 309  315     -0.294      0.578      2.500 4
 305  318     -0.293      0.722      2.500 4
 316  306     -0.291     -0.258      2.500 4
 312  319     -0.289     -0.824      2.500 4
 311  320     -0.290      0.819      2.500 4
 318  309     -0.287     -0.127      2.500 4
 319  311     -0.287      0.078      2.500 4
 320  310     -0.287     -0.092      2.500 4
 315  322     -0.284     -0.756      2.500 4
 317  324     -0.275     -0.782      2.500 4
 321  321     -0.275      0.077      2.500 4
 322  323     -0.271      0.283      2.500 4
 325  325     -0.262      0.124      2.500 4
 327  326     -0.259      0.085      2.500 4
 326  327     -0.258      0.204      2.500 4
 324  332     -0.256     -0.543      2.500 4
 323  334     -0.256      0.734      2.500 4
 330  330     -0.254      0.099      2.500 4
 329  331     -0.254     -0.264      2.500 4
 332  328     -0.254     -0.050      2.500 4
 331  329     -0.254      0.042      2.500 4
 328  338     -0.248      0.595      2.500 4
 335  333     -0.245     -0.081      2.500 4
 336  335     -0.243      0.088      2.500 4
 337  336     -0.242     -0.149      2.500 4
 334  337     -0.242      0.244      2.500 4
 333  339     -0.238      0.697      2.500 4
 339  340     -0.232      0.413      2.500 4
 338  343     -0.230      0.548      2.500 4
 343  341     -0.227      0.353      2.500 4
 340  348     -0.223      0.783      2.500 4
 341  347     -0.222     -0.815      2.500 4
 344  345     -0.222     -0.565      2.500 4
 348  342     -0.222     -0.230      2.500 4
 342  349     -0.222     -0.837      2.500 4
 346  344     -0.221      0.400      2.500 4
 345  346     -0.219     -0.603      2.500 4
 350  350     -0.213     -0.899      2.500 4
 349  351     -0.213      0.432      2.500 4
 347  353     -0.213      0.827      2.500 4
 352  352     -0.208     -0.445      2.500 4
 351  354     -0.207     -0.558      2.500 4
 355  355     -0.205      0.436      2.500 4
 353  356     -0.205     -0.593      2.500 4
 354  359     -0.203      0.556      2.500 4
 356  358     -0.202     -0.617      2.500 4
 359  357     -0.197      0.008      2.500 4
 357  363     -0.196     -0.794      2.500 4
 358  365     -0.193      0.487      2.500 4
 360  361     -0.192      0.322      2.500 4
 362  360     -0.190     -0.084      2.500 4
 361  364     -0.189      0.260      2.500 4
 363  362     -0.189     -0.245      2.500 4
 366  367     -0.182     -0.408      2.500 4
 367  366     -0.182      0.105      2.500 4
 364  373     -0.178      0.810      2.500 4
 370  368     -0.178     -0.307      2.500 4
 369  369     -0.178     -0.324      2.500 4
 365  372     -0.177      0.599      2.500 4
 368  370     -0.174     -0.554      2.500 4
 372  371     -0.171     -0.380      2.500 4
 371  379     -0.168      0.543      2.500 4
 373  374     -0.166     -0.089      2.500 4
 374  375     -0.165     -0.157      2.500 4
 377  376     -0.163     -0.071      2.500 4
 378  377     -0.163     -0.132      2.500 4
 376  378     -0.163     -0.260      2.500 4
 379  380     -0.159     -0.396      2.500 4
 375  382     -0.158      0.490      2.500 4
 380  383     -0.156     -0.528      2.500 4
 384  381     -0.154     -0.149      2.500 4
 386  384     -0.151     -0.260      2.500 4
 383  385     -0.151      0.408      2.500 4
 382  388     -0.151      0.588      2.500 4
 381  390     -0.150      0.809      2.500 4
 385  389     -0.148     -0.529      2.500 4
 388  386     -0.147      0.274      2.500 4
 387  387     -0.146      0.294      2.500 4
 389  393     -0.141      0.476      2.500 4
 393  391     -0.139     -0.360      2.500 4
 391  396     -0.136      0.644      2.500 4
 395  392     -0.135     -0.067      2.500 4
 390  397     -0.135      0.759      2.500 4
 400  394     -0.133      0.075      2.500 4
 392  400     -0.133      0.711      2.500 4
 394  395     -0.133     -0.500      2.500 4
  -1   -2     -0.129     -0.442      2.500 4
 401  399     -0.129     -0.450      2.500 4
 398  401     -0.127      0.532      2.500 4
 397  404     -0.127      0.668      2.500 4
 399  402     -0.126     -0.688      2.500 4
 396  405     -0.126     -0.898      2.500 4
 403  403     -0.125     -0.617      2.500 4
 404  406     -0.112     -0.647      2.500 4
 405  407     -0.111      0.508      2.500 4
 407  408     -0.108      0.372      2.500 4
 406  410     -0.107      0.554      2.500 4
 408  411     -0.105     -0.603      2.500 4
 409  409     -0.105      0.082      2.500 4
  -1  414     -0.102      0.302      2.500 4
 410  413     -0.102     -0.440      2.500 4
 411   -2     -0.101      0.309      2.500 4
 413  415     -0.098     -0.542      2.500 4
 414  420     -0.090     -0.749      2.500 4
 415  421     -0.090      0.672      2.500 4
 422  416     -0.089     -0.078      2.500 4
 419  419     -0.088     -0.422      2.500 4
 421  417     -0.088      0.135      2.500 4
 416  423     -0.088      0.689      2.500 4
 423  418     -0.087      0.117      2.500 4
 417  424     -0.086      0.611      2.500 4
 418  426     -0.085      0.803      2.500 4
 420  425     -0.084     -0.817      2.500 4
 424  422     -0.083     -0.233      2.500 4
 426  427     -0.078     -0.207      2.500 4
 428  428     -0.077      0.101      2.500 4
 429  429     -0.076     -0.283      2.500 4
 425  432     -0.076     -0.755      2.500 4
 427  430     -0.076      0.315      2.500 4
 430  431     -0.073     -0.265      2.500 4
 431  433     -0.066      0.471      2.500 4
 432  435     -0.065      0.629      2.500 4
 433  434     -0.063     -0.325      2.500 4
 434  436     -0.058      0.194      2.500 4
 435  437     -0.055      0.596      2.500 4
 436  438     -0.052     -0.560      2.500 4
 437  439     -0.050     -0.259      2.500 4
 438  441     -0.047     -0.500      2.500 4
 441  440     -0.047     -0.184      2.500 4
 439  443     -0.046      0.421      2.500 4
  -1   -2     -0.046      0.411      2.500 4
 442  444     -0.044      0.134      2.500 4
 443  445     -0.040      0.317      2.500 4
 444  447     -0.040     -0.447      2.500 4
 445  446     -0.038     -0.032      2.500 4
 446  448     -0.038     -0.083      2.500 4
 448  449     -0.028     -0.308      2.500 4
 447  450     -0.027      0.768      2.500 4
 449  451     -0.025     -0.549      2.500 4
 450  452     -0.023      0.687      2.500 4
 451  453     -0.019     -0.485      2.500 4
 452  454     -0.018      0.494      2.500 4
 453  456     -0.017     -0.587      2.500 4
 455  455     -0.016     -0.052      2.500 4
 454  457     -0.015      0.813      2.500 4
 456  458     -0.011     -0.397      2.500 4
 458  460     -0.010      0.175      2.500 4
 459  459     -0.009     -0.229      2.500 4
 457  461     -0.009     -0.829      2.500 4
 461  463     -0.008      0.317      2.500 4
 460  462     -0.008      0.391      2.500 4
 462  464     -0.005     -0.843      2.500 4
 463  466     -0.003     -0.894      2.500 4
 464  465     -0.002     -0.696      2.500 4
 465  468      0.000     -0.714      2.500 4
 466  467     -0.000     -0.422      2.500 4
 468  469      0.002     -0.084      2.500 4
 467  470      0.002      0.621      2.500 4
 469  471      0.003      0.376      2.500 4
 470   -2      0.004     -0.899      2.500 4
 471  472      0.004     -0.541      2.500 4
 474  473      0.005      0.019      2.500 4
 472  475      0.005     -0.452      2.500 4
 473  474      0.005      0.004      2.500 4
 475  476      0.006     -0.114      2.500 4
 476  477      0.007      0.256      2.500 4
 477  478      0.008     -0.612      2.500 4
 478  479      0.011     -0.819      2.500 4
 479  481      0.013      0.758      2.500 4
 480  480      0.013      0.155      2.500 4
 481  482      0.014      0.443      2.500 4
 482  483      0.015      0.293      2.500 4
 483  484      0.016      0.621      2.500 4
 484  485      0.017      0.038      2.500 4
 485  486      0.017     -0.450      2.500 4
 486  487      0.018     -0.760      2.500 4
 487  488      0.019      0.181      2.500 4
 488  489      0.020      0.687      2.500 4
 489  490      0.020     -0.277      2.500 4
 490  491      0.020     -0.522      2.500 4
 491  492      0.021      0.785      2.500 4
 492  493      0.022      0.070      2.500 4
 493  494      0.024      0.099      2.500 4
 494  495      0.026     -0.020      2.500 4
 495  496      0.027     -0.617      2.500 4
 496  497      0.027     -0.422      2.500 4
 497  498      0.027     -0.499      2.500 4
 498  499      0.029      0.532      2.500 4
 499  500      0.030     -0.452      2.500 4
 500  501      0.033     -0.663      2.500 4
  -1   -2      0.033     -0.495      2.500 4
 502  503      0.034      0.194      2.500 4
 503  504      0.035     -0.584      2.500 4
 504  505      0.035     -0.607      2.500 4
 505  506      0.036      0.815      2.500 4
 506  507      0.046      0.007      2.500 4
 507  508      0.049     -0.391      2.500 4
 508  509      0.050     -0.247      2.500 4
 509  510      0.052      0.179      2.500 4
 510  511      0.056      0.434      2.500 4
 511  512      0.059     -0.667      2.500 4
 513  513      0.059      0.653      2.500 4
 515  514      0.061      0.601      2.500 4
 514  515      0.061     -0.345      2.500 4
 512  516      0.061      0.019      2.500 4
 516  518      0.063     -0.139      2.500 4
 517  520      0.064     -0.119      2.500 4
 519  517      0.065     -0.651      2.500 4
 518  521      0.066     -0.215      2.500 4
 520  519      0.066      0.592      2.500 4
 521  522      0.070      0.082      2.500 4
 522  523      0.072      0.450      2.500 4
 523  525      0.076      0.047      2.500 4
 524  524      0.077     -0.216      2.500 4
 525  526      0.082      0.276      2.500 4
 527  527      0.084     -0.480      2.500 4
 526  528      0.085      0.117      2.500 4
 530  529      0.089     -0.880      2.500 4
 528  531      0.090     -0.401      2.500 4
 532  530      0.091     -0.732      2.500 4
 529  532      0.092      0.241      2.500 4
 533  533      0.094     -0.645      2.500 4
 531  534      0.094     -0.034      2.500 4
 534  536      0.105      0.300      2.500 4
 535  535      0.106      0.725      2.500 4
 536  537      0.109     -0.844      2.500 4
 538  538      0.110      0.620      2.500 4
 541  539      0.113     -0.788      2.500 4
 542  540      0.114      0.569      2.500 4
 539  541      0.114     -0.575      2.500 4
 537  544      0.114      0.012      2.500 4
 540  546      0.117     -0.298      2.500 4
 544  542      0.118     -0.884      2.500 4
 545  543      0.119      0.782      2.500 4
 543  547      0.119     -0.388      2.500 4
 546  545      0.120      0.554      2.500 4
 547  548      0.125      0.155      2.500 4
 548  551      0.128      0.130      2.500 4
 549  550      0.128     -0.407      2.500 4
 551  549      0.130     -0.826      2.500 4
  -1   -2      0.132      0.151      2.500 4
 554  554      0.141     -0.500      2.500 4
 552  557      0.142      0.011      2.500 4
 553  558      0.142     -0.084      2.500 4
 558  553      0.143     -0.880      2.500 4
 555  560      0.146     -0.192      2.500 4
 562  555      0.146      0.699      2.500 4
 563  556      0.147     -0.805      2.500 4
 560  559      0.147      0.427      2.500 4
 556  561      0.148      0.220      2.500 4
 557  568      0.150      0.036      2.500 4
 559  566      0.150     -0.215      2.500 4
 564  562      0.151     -0.476      2.500 4
 565  563      0.153     -0.535      2.500 4
 561  572      0.153     -0.081      2.500 4
 567  570      0.155     -0.463      2.500 4
 571  564      0.156     -0.885      2.500 4
 570  565      0.157     -0.800      2.500 4
 572  567      0.157      0.789      2.500 4
 569  569      0.158     -0.612      2.500 4
 566  575      0.158     -0.022      2.500 4
 573  571      0.159      0.623      2.500 4
 568  576      0.160     -0.203      2.500 4
 575  573      0.161     -0.891      2.500 4
 577  574      0.164     -0.845      2.500 4
 574  578      0.167      0.018      2.500 4
 578  577      0.168      0.653      2.500 4
 576  579      0.168      0.204      2.500 4
 581  580      0.178      0.732      2.500 4
 579  582      0.178      0.267      2.500 4
  -1   -2      0.184     -0.475      2.500 4
 589  581      0.184      0.724      2.500 4
 583  586      0.185      0.299      2.500 4
 580  588      0.185     -0.222      2.500 4
 586  585      0.185      0.431      2.500 4
 582  589      0.186      0.068      2.500 4
 587  587      0.187     -0.484      2.500 4
 593  584      0.189     -0.855      2.500 4
 585  593      0.189      0.013      2.500 4
 590  590      0.190     -0.436      2.500 4
 588  594      0.192     -0.066      2.500 4
 591  592      0.193      0.367      2.500 4
 594  591      0.195     -0.621      2.500 4
 592  597      0.197     -0.049      2.500 4
 600  595      0.202     -0.849      2.500 4
 596  598      0.202     -0.438      2.500 4
 597  599      0.203     -0.455      2.500 4
 595  602      0.205     -0.177      2.500 4
 602  596      0.205      0.698      2.500 4
 598  601      0.206      0.212      2.500 4
 599  603      0.208      0.033      2.500 4
 605  600      0.211      0.794      2.500 4
 601  606      0.212     -0.305      2.500 4
 603  605      0.213     -0.490      2.500 4
 608  604      0.217      0.550      2.500 4
 604  607      0.217     -0.350      2.500 4
 607  608      0.219      0.296      2.500 4
 606  611      0.221      0.098      2.500 4
 609  609      0.222     -0.898      2.500 4
 611  610      0.226      0.451      2.500 4
 610  615      0.227     -0.230      2.500 4
 615  612      0.232     -0.558      2.500 4
 617  614      0.232     -0.585      2.500 4
 612  617      0.234      0.123      2.500 4
 618  613      0.234      0.576      2.500 4
 614  619      0.237      0.108      2.500 4
 613  620      0.238     -0.169      2.500 4
 616  621      0.239      0.035      2.500 4
 620  616      0.241      0.524      2.500 4
 619  623      0.245      0.028      2.500 4
 625  618      0.246      0.815      2.500 4
 623  622      0.247      0.444      2.500 4
 622  625      0.251      0.237      2.500 4
 621  626      0.251     -0.116      2.500 4
 626  624      0.253     -0.511      2.500 4
 624  631      0.254      0.000      2.500 4
 629  628      0.256      0.303      2.500 4
 628  634      0.260      0.074      2.500 4
 631  629      0.260     -0.567      2.500 4
 627  635      0.260     -0.134      2.500 4
 630  636      0.261     -0.219      2.500 4
 634  630      0.263      0.554      2.500 4
 635  627      0.263     -0.761      2.500 4
 636  632      0.265      0.611      2.500 4
 633  638      0.267     -0.351      2.500 4
 632  639      0.268      0.129      2.500 4
 638  633      0.270      0.650      2.500 4
 641  637      0.273     -0.789      2.500 4
 637  645      0.279     -0.128      2.500 4
 640  643      0.280     -0.395      2.500 4
 644  642      0.281     -0.751      2.500 4
 645  640      0.281      0.736      2.500 4
 646  641      0.282     -0.882      2.500 4
 639  647      0.284     -0.033      2.500 4
 643  644      0.284     -0.514      2.500 4
 642  649      0.287     -0.054      2.500 4
 648  646      0.291     -0.743      2.500 4
 650   -2      0.294     -0.789      2.500 4
 647  652      0.296     -0.250      2.500 4
 649  650      0.298      0.412      2.500 4
 654  648      0.300     -0.791      2.500 4
 652  653      0.303      0.359      2.500 4
 655  651      0.303     -0.676      2.500 4
 653  655      0.306      0.291      2.500 4
 651  657      0.307     -0.275      2.500 4
 659  654      0.309      0.466      2.500 4
 656  660      0.310     -0.399      2.500 4
 660  659      0.312      0.371      2.500 4
 657  661      0.312     -0.436      2.500 4
 658  662      0.315      0.204      2.500 4
 663  656      0.315     -0.617      2.500 4
 664  658      0.315      0.515      2.500 4
 661  665      0.320     -0.315      2.500 4
 662  669      0.324     -0.109      2.500 4
 668  663      0.330     -0.754      2.500 4
 670  664      0.331      0.722      2.500 4
 669  666      0.331      0.587      2.500 4
 667  668      0.332      0.395      2.500 4
 665  672      0.334      0.056      2.500 4
 673  667      0.336      0.667      2.500 4
 666  673      0.336      0.101      2.500 4
 671  670      0.337     -0.581      2.500 4
 677  674      0.346      0.475      2.500 4
 684  671      0.347     -0.746      2.500 4
 674  681      0.347      0.166      2.500 4
 679  675      0.348     -0.540      2.500 4
 672  684      0.348      0.000      2.500 4
 676  682      0.351      0.270      2.500 4
 683  679      0.351      0.389      2.500 4
 685  677      0.351     -0.556      2.500 4
 675  689      0.354     -0.012      2.500 4
 686  683      0.354      0.376      2.500 4
 680  687      0.354     -0.291      2.500 4
 678  692      0.355     -0.189      2.500 4
 689  680      0.356      0.518      2.500 4
 681  690      0.356      0.123      2.500 4
 682  693      0.356      0.101      2.500 4
  -1   -2      0.357      0.678      2.500 4
 694  678      0.358      0.724      2.500 4
 688  691      0.360     -0.436      2.500 4
 696  686      0.362     -0.698      2.500 4
 691  694      0.363      0.346      2.500 4
 687  696      0.363      0.054      2.500 4
 698  685      0.364     -0.873      2.500 4
 699  688      0.368      0.679      2.500 4
 690  697      0.368      0.086      2.500 4
 693  700      0.372      0.030      2.500 4
 695  702      0.374     -0.032      2.500 4
 702  695      0.376     -0.895      2.500 4
 697  704      0.377      0.037      2.500 4
 700  703      0.379     -0.386      2.500 4
 703  698      0.381     -0.633      2.500 4
 701  705      0.383      0.305      2.500 4
 705  701      0.385     -0.660      2.500 4
 707  699      0.387      0.707      2.500 4
 704  706      0.390      0.379      2.500 4
 706  707      0.391      0.412      2.500 4
 711  708      0.396     -0.696      2.500 4
 713  710      0.397     -0.710      2.500 4
 714  709      0.398      0.640      2.500 4
 708  712      0.399      0.334      2.500 4
 709  715      0.403      0.237      2.500 4
 712  714      0.404     -0.442      2.500 4
 717  711      0.405     -0.678      2.500 4
 710  719      0.409      0.084      2.500 4
 721  713      0.412     -0.822      2.500 4
 718  717      0.414      0.351      2.500 4
 715  724      0.414     -0.210      2.500 4
 722  716      0.414     -0.763      2.500 4
 716  725      0.416      0.003      2.500 4
 719  728      0.421     -0.140      2.500 4
 723  718      0.421     -0.718      2.500 4
 720  730      0.423     -0.187      2.500 4
 726  720      0.424      0.690      2.500 4
 727  721      0.425      0.830      2.500 4
 728  722      0.425     -0.888      2.500 4
 730  723      0.427      0.790      2.500 4
 725  729      0.430     -0.514      2.500 4
 732  727      0.434      0.571      2.500 4
 737  726      0.435      0.723      2.500 4
 724  733      0.436     -0.182      2.500 4
 733  732      0.439     -0.898      2.500 4
 729  734      0.441      0.125      2.500 4
 739  731      0.441      0.516      2.500 4
 734  735      0.444      0.234      2.500 4
 731  737      0.446     -0.105      2.500 4
 735  741      0.449     -0.004      2.500 4
 736  743      0.449      0.005      2.500 4
 740  742      0.451     -0.275      2.500 4
 738  744      0.451      0.081      2.500 4
 745  736      0.457      0.666      2.500 4
 742  738      0.458      0.425      2.500 4
 748  739      0.461     -0.655      2.500 4
 749  740      0.462     -0.664      2.500 4
 743  745      0.462      0.317      2.500 4
 744  746      0.464     -0.412      2.500 4
 741  749      0.464     -0.109      2.500 4
 746  750      0.469     -0.327      2.500 4
 750  748      0.470      0.337      2.500 4
 751  747      0.471     -0.552      2.500 4
 747  752      0.473     -0.150      2.500 4
 752  753      0.478      0.232      2.500 4
 753  756      0.484     -0.016      2.500 4
 756  751      0.485      0.617      2.500 4
 757  754      0.489      0.458      2.500 4
 754  760      0.490     -0.159      2.500 4
 755  765      0.492      0.022      2.500 4
 759  755      0.492     -0.510      2.500 4
 758  763      0.495     -0.391      2.500 4
 761  759      0.499     -0.548      2.500 4
 762  757      0.499      0.481      2.500 4
 763  758      0.501      0.541      2.500 4
 764  764      0.503     -0.639      2.500 4
 771  761      0.506     -0.768      2.500 4
 760  771      0.506     -0.036      2.500 4
 772  762      0.506     -0.903      2.500 4
 769  766      0.509     -0.608      2.500 4
 773  769      0.513      0.502      2.500 4
 775  767      0.516      0.777      2.500 4
 777  768      0.517      0.764      2.500 4
 765  777      0.517     -0.160      2.500 4
 766  776      0.517     -0.206      2.500 4
 770  775      0.518      0.183      2.500 4
 767  779      0.518     -0.149      2.500 4
 768  780      0.519     -0.023      2.500 4
 781  770      0.521     -0.832      2.500 4
 774  774      0.522     -0.471      2.500 4
 776  773      0.523     -0.530      2.500 4
 783  772      0.524     -0.735      2.500 4
 779  781      0.528      0.347      2.500 4
 789  778      0.533      0.722      2.500 4
 778  786      0.533      0.155      2.500 4
 785  782      0.535     -0.526      2.500 4
 784  785      0.535     -0.519      2.500 4
 780  789      0.536      0.067      2.500 4
 782  788      0.537      0.163      2.500 4
 791  783      0.541      0.706      2.500 4
 792  784      0.542     -0.903      2.500 4
 787  791      0.543      0.230      2.500 4
 788  790      0.543      0.273      2.500 4
 793  787      0.546     -0.723      2.500 4
 786  793      0.546     -0.128      2.500 4
 794  792      0.552     -0.554      2.500 4
 790  795      0.553      0.040      2.500 4
 795  794      0.556      0.368      2.500 4
 796  797      0.562      0.378      2.500 4
 797  798      0.564     -0.576      2.500 4
 798  796      0.565      0.525      2.500 4
 800  800      0.571     -0.596      2.500 4
 801  799      0.572      0.546      2.500 4
 799  801      0.573     -0.378      2.500 4
 803  803      0.581     -0.557      2.500 4
 808  802      0.587     -0.826      2.500 4
 802  809      0.587      0.136      2.500 4
 807  804      0.589      0.607      2.500 4
 804  812      0.592      0.001      2.500 4
 809  807      0.594      0.498      2.500 4
 812  805      0.594      0.740      2.500 4
 814  806      0.596     -0.831      2.500 4
 805  814      0.596     -0.132      2.500 4
 813  808      0.598      0.611      2.500 4
 806  815      0.599     -0.228      2.500 4
 817  810      0.601     -0.818      2.500 4
 810  818      0.603     -0.258      2.500 4
 818  811      0.606      0.669      2.500 4
 811  819      0.606      0.009      2.500 4
 816  817      0.607      0.352      2.500 4
 821  813      0.610      0.785      2.500 4
 815  821      0.610     -0.210      2.500 4
 820  816      0.612     -0.678      2.500 4
 819  823      0.617     -0.318      2.500 4
 823  820      0.618      0.569      2.500 4
 825  824      0.623     -0.571      2.500 4
  -1   -2      0.624     -0.320      2.500 4
 828  822      0.625      0.798      2.500 4
 824  830      0.629     -0.105      2.500 4
 827  827      0.632     -0.448      2.500 4
 826  831      0.634      0.212      2.500 4
 831  826      0.638      0.614      2.500 4
 829  829      0.639     -0.635      2.500 4
 835  828      0.642     -0.831      2.500 4
 833  832      0.643      0.549      2.500 4
 830  835      0.646     -0.350      2.500 4
 838  833      0.649      0.648      2.500 4
 832  838      0.650      0.010      2.500 4
 839  834      0.651     -0.695      2.500 4
 834  843      0.653     -0.091      2.500 4
 844  836      0.657      0.696      2.500 4
 836  845      0.656     -0.156      2.500 4
 841  837      0.657      0.521      2.500 4
 840  839      0.657     -0.898      2.500 4
 843   -2      0.658      0.371      2.500 4
 837  846      0.658     -0.199      2.500 4
 842  841      0.660      0.405      2.500 4
  -1  844      0.663      0.372      2.500 4
 850  840      0.665     -0.848      2.500 4
 851  842      0.666     -0.795      2.500 4
 845  849      0.667      0.401      2.500 4
 849  853      0.670      0.426      2.500 4
 852  847      0.669     -0.658      2.500 4
 853  848      0.671      0.614      2.500 4
 848  856      0.671      0.271      2.500 4
 854  850      0.672      0.650      2.500 4
 846  857      0.673      0.015      2.500 4
 858  851      0.673     -0.807      2.500 4
 847  858      0.674      0.002      2.500 4
 856  852      0.674      0.721      2.500 4
 857  854      0.676     -0.669      2.500 4
 859  855      0.678     -0.772      2.500 4
 855  860      0.684      0.118      2.500 4
 863  859      0.688      0.743      2.500 4
 862  862      0.693     -0.456      2.500 4
 860  863      0.693      0.179      2.500 4
 861  869      0.697     -0.012      2.500 4
 866  861      0.697     -0.804      2.500 4
 864  865      0.699     -0.517      2.500 4
 870  864      0.703     -0.860      2.500 4
 868  866      0.705     -0.753      2.500 4
 865  870      0.705     -0.238      2.500 4
 869  868      0.706      0.610      2.500 4
 871  867      0.706     -0.806      2.500 4
 867  873      0.714      0.092      2.500 4
 872  875      0.717     -0.181      2.500 4
 874  877      0.719     -0.263      2.500 4
 873  880      0.719     -0.212      2.500 4
 879  871      0.720     -0.741      2.500 4
 877  879      0.720      0.215      2.500 4
 880  872      0.721      0.689      2.500 4
 875  882      0.721      0.060      2.500 4
 876  883      0.721      0.081      2.500 4
 878  881      0.723     -0.464      2.500 4
  -1   -2      0.724     -0.637      2.500 4
 882  878      0.725     -0.627      2.500 4
 883  876      0.726      0.581      2.500 4
 886  884      0.733      0.808      2.500 4
 884  888      0.734     -0.377      2.500 4
 892  885      0.736     -0.865      2.500 4
 893  886      0.737     -0.903      2.500 4
 885  892      0.738      0.037      2.500 4
 894  887      0.740      0.733      2.500 4
 891  889      0.741      0.389      2.500 4
 890  893      0.742     -0.417      2.500 4
 889  895      0.743      0.196      2.500 4
 895  891      0.743      0.430      2.500 4
 887  897      0.744     -0.222      2.500 4
 888  899      0.744     -0.147      2.500 4
 896  890      0.746      0.761      2.500 4
 899  894      0.749      0.665      2.500 4
 897  898      0.750      0.448      2.500 4
 901  896      0.751     -0.739      2.500 4
 900  901      0.754     -0.530      2.500 4
 903  900      0.755      0.514      2.500 4
 898  904      0.755      0.088      2.500 4
 905  902      0.757     -0.509      2.500 4
 902  905      0.758      0.241      2.500 4
  -1   -2      0.761      0.252      2.500 4
 908  903      0.761      0.747      2.500 4
 904  909      0.761      0.049      2.500 4
 909  906      0.765      0.534      2.500 4
 907  914      0.765     -0.114      2.500 4
 913  908      0.767     -0.904      2.500 4
 911  911      0.768      0.474      2.500 4
 910  912      0.768      0.360      2.500 4
 915  910      0.770      0.793      2.500 4
 916  913      0.772      0.583      2.500 4
 914  916      0.773      0.330      2.500 4
 912  918      0.774      0.008      2.500 4
 918  915      0.776      0.628      2.500 4
 917  921      0.779     -0.245      2.500 4
 922  917      0.781      0.711      2.500 4
 919  920      0.781     -0.453      2.500 4
 925  919      0.784      0.750      2.500 4
 920  924      0.784     -0.306      2.500 4
 924  922      0.786     -0.520      2.500 4
 921  926      0.786     -0.102      2.500 4
 923  927      0.789     -0.008      2.500 4
 927  923      0.789     -0.754      2.500 4
  -1   -2      0.792      0.602      2.500 4
 926  928      0.792      0.193      2.500 4
 928  929      0.798      0.595      2.500 4
 932  930      0.803      0.340      2.500 4
 931  931      0.804      0.244      2.500 4
 930  934      0.805     -0.061      2.500 4
 933  936      0.806     -0.018      2.500 4
 934  935      0.806     -0.319      2.500 4
 936  933      0.808      0.534      2.500 4
 937  932      0.808     -0.691      2.500 4
 935  940      0.811     -0.006      2.500 4
 938  937      0.814     -0.679      2.500 4
 939  938      0.816      0.580      2.500 4
 941  939      0.817      0.731      2.500 4
 943  941      0.820      0.508      2.500 4
 942  942      0.819     -0.541      2.500 4
 940  946      0.821     -0.050      2.500 4
 944  943      0.822      0.281      2.500 4
 945  944      0.823      0.405      2.500 4
 947  945      0.824     -0.684      2.500 4
  -1   -2      0.825      0.290      2.500 4
 948  948      0.828     -0.633      2.500 4
 951  949      0.836     -0.533      2.500 4
 949  951      0.838      0.145      2.500 4
 952  952      0.839      0.269      2.500 4
 950  955      0.839     -0.075      2.500 4
 953  950      0.840     -0.863      2.500 4
 954  954      0.842     -0.700      2.500 4
 956  953      0.842     -0.873      2.500 4
 959  956      0.844     -0.838      2.500 4
 955  959      0.846     -0.152      2.500 4
 957  958      0.846     -0.295      2.500 4
 958  957      0.846     -0.438      2.500 4
 960  962      0.850      0.002      2.500 4
 965  960      0.851     -0.889      2.500 4
 964  961      0.852      0.461      2.500 4
 961  963      0.852      0.271      2.500 4
 962  964      0.853     -0.085      2.500 4
 963  965      0.854      0.039      2.500 4
 966  966      0.857     -0.598      2.500 4
 967  967      0.863     -0.406      2.500 4
 968  968      0.866     -0.368      2.500 4
 969  969      0.868     -0.239      2.500 4
 970  970      0.870      0.450      2.500 4
 971  973      0.873     -0.194      2.500 4
 972  971      0.874      0.779      2.500 4
 973  972      0.874      0.740      2.500 4
 974  974      0.874     -0.898      2.500 4
 975  975      0.878      0.657      2.500 4
 976  976      0.877     -0.802      2.500 4
 978  977      0.880     -0.576      2.500 4
 977  978      0.881      0.223      2.500 4
 979  979      0.887     -0.698      2.500 4
 980  980      0.889      0.711      2.500 4
 981  981      0.890     -0.649      2.500 4
 982  982      0.892      0.423      2.500 4
 984  983      0.901      0.391      2.500 4
 985  984      0.901     -0.505      2.500 4
 983  987      0.901     -0.246      2.500 4
 986  985      0.902     -0.816      2.500 4
 987  986      0.903      0.616      2.500 4
 988  988      0.904      0.811      2.500 4
 990  989      0.905     -0.761      2.500 4
 991  991      0.906      0.551      2.500 4
 989  990      0.906      0.641      2.500 4
 992  992      0.908     -0.367      2.500 4
  -1   -2      0.910      0.340      2.500 4
 994  994      0.912      0.331      2.500 4
 995   -2      0.914     -0.008      2.500 4
