999
   0    1     -0.823      0.175      2.500 4
   1    2     -0.822      0.008      2.500 4
   2    3     -0.819     -0.160      2.500 4
   3    4     -0.815     -0.253      2.500 4
   4    5     -0.815     -0.080      2.500 4
   5    6     -0.815      0.356      2.500 4
   7    7     -0.815     -0.516      2.500 4
   6    8     -0.816      0.793      2.500 4
   8   12     -0.815      0.574      2.500 4
  10    9     -0.814     -0.734      2.500 4
  -1   10     -0.814     -0.298      2.500 4
  13   11     -0.814      0.138      2.500 4
  12   13     -0.814      0.643      2.500 4
  11   14     -0.813     -0.722      2.500 4
  -1   -2     -0.814      0.649      2.500 4
  14   16     -0.812     -0.310      2.500 4
  15   17     -0.809      0.219      2.500 4
  16   18     -0.806     -0.219      2.500 4
  17   19     -0.802     -0.051      2.500 4
  18   22     -0.801      0.500      2.500 4
  20   20     -0.801     -0.227      2.500 4
  19   21     -0.801      0.325      2.500 4
  21   23     -0.800      0.302      2.500 4
  22   24     -0.796     -0.470      2.500 4
  25   25     -0.795     -0.144      2.500 4
  23   27     -0.795      0.591      2.500 4
  26   26     -0.793     -0.249      2.500 4
  24   28     -0.794      0.806      2.500 4
  27   30     -0.790     -0.891      2.500 4
  28   29     -0.790     -0.444      2.500 4
  30   31     -0.789      0.152      2.500 4
  29   32     -0.788      0.513      2.500 4
  31   33     -0.782      0.065      2.500 4
  34   34     -0.779      0.147      2.500 4
  32   35     -0.778     -0.633      2.500 4
  35   36     -0.777     -0.309      2.500 4
  33   37     -0.777      0.703      2.500 4
  36   40     -0.774      0.494      2.500 4
  37   38     -0.774      0.367      2.500 4
  40   39     -0.772      0.165      2.500 4
  38   42     -0.770     -0.670      2.500 4
  41   41     -0.770      0.271      2.500 4
  39   44     -0.770      0.613      2.500 4
  42   43     -0.769      0.417      2.500 4
  44   45     -0.765      0.324      2.500 4
  46   46     -0.763     -0.204      2.500 4
  43   47     -0.762     -0.856      2.500 4
  45   48     -0.761     -0.696      2.500 4
  49   49     -0.754     -0.245      2.500 4
  47   50     -0.754      0.649      2.500 4
  48   52     -0.751     -0.856      2.500 4
  52   51     -0.747     -0.271      2.500 4
  50   55     -0.748      0.788      2.500 4
  51   56     -0.746      0.564      2.500 4
  54   53     -0.745     -0.066      2.500 4
  55   54     -0.744      0.047      2.500 4
  53   57     -0.743     -0.520      2.500 4
  56   58     -0.741      0.138      2.500 4
  58   59     -0.738     -0.208      2.500 4
  57   60     -0.738      0.374      2.500 4
  59   62     -0.734     -0.353      2.500 4
  60   61     -0.734     -0.293      2.500 4
  62   63     -0.733      0.005      2.500 4
  61   66     -0.730     -0.490      2.500 4
  65   64     -0.730     -0.038      2.500 4
  66   65     -0.729     -0.166      2.500 4
  64   68     -0.728      0.424      2.500 4
  63   71     -0.726     -0.656      2.500 4
  70   67     -0.726     -0.125      2.500 4
  67   73     -0.726      0.552      2.500 4
  68   74     -0.724      0.539      2.500 4
  71   69     -0.724      0.166      2.500 4
  73   70     -0.723      0.098      2.500 4
  69   75     -0.722     -0.626      2.500 4
  74   72     -0.721     -0.099      2.500 4
  76   76     -0.717     -0.208      2.500 4
  72   78     -0.716     -0.845      2.500 4
  75   79     -0.714      0.482      2.500 4
  80   77     -0.711      0.111      2.500 4
  79   80     -0.711      0.238      2.500 4
  77   82     -0.711      0.772      2.500 4
  78   84     -0.708      0.515      2.500 4
  81   81     -0.706     -0.355      2.500 4
  82   83     -0.705      0.198      2.500 4
  84   85     -0.701     -0.214      2.500 4
  83   87     -0.698     -0.689      2.500 4
  86   86     -0.694      0.222      2.500 4
  85   90     -0.694      0.683      2.500 4
  88   88     -0.692     -0.035      2.500 4
  91   89     -0.688      0.080      2.500 4
  89   91     -0.686     -0.544      2.500 4
  87   93     -0.684     -0.809      2.500 4
  92   92     -0.683     -0.362      2.500 4
  90   94     -0.682     -0.779      2.500 4
  93   96     -0.678      0.538      2.500 4
  94   99     -0.676     -0.684      2.500 4
  95  100     -0.676      0.715      2.500 4
  99   97     -0.675      0.320      2.500 4
 101   95     -0.673     -0.272      2.500 4
 100  101     -0.671      0.590      2.500 4
  96  104     -0.670     -0.898      2.500 4
 104   98     -0.670     -0.082      2.500 4
  98  105     -0.668     -0.848      2.500 4
 107  102     -0.664     -0.208      2.500 4
 102  107     -0.664      0.743      2.500 4
 106  106     -0.662     -0.421      2.500 4
 103  109     -0.660     -0.805      2.500 4
 105  108     -0.660      0.456      2.500 4
 108  117     -0.653      0.560      2.500 4
 110  110     -0.652     -0.428      2.500 4
 109  115     -0.652      0.425      2.500 4
 112  112     -0.650     -0.313      2.500 4
 111  116     -0.649     -0.899      2.500 4
 115  111     -0.649      0.084      2.500 4
 113  114     -0.649     -0.282      2.500 4
 116  113     -0.648      0.051      2.500 4
 118  118     -0.641     -0.202      2.500 4
 114  120     -0.639     -0.858      2.500 4
 117  119     -0.636      0.478      2.500 4
 120  121     -0.625      0.160      2.500 4
 122  122     -0.623     -0.261      2.500 4
 119  123     -0.621      0.464      2.500 4
 121  126     -0.617     -0.585      2.500 4
 124  124     -0.615     -0.448      2.500 4
 129  125     -0.612     -0.315      2.500 4
 123  132     -0.611     -0.781      2.500 4
 128  128     -0.612      0.286      2.500 4
 127  129     -0.610     -0.476      2.500 4
 132  127     -0.610     -0.241      2.500 4
 125  131     -0.610      0.483      2.500 4
 130  130     -0.609      0.386      2.500 4
 126  138     -0.604     -0.879      2.500 4
 134  134     -0.603     -0.495      2.500 4
 131  137     -0.604      0.604      2.500 4
 133  135     -0.603      0.447      2.500 4
 140  133     -0.599     -0.206      2.500 4
 135  140     -0.597      0.423      2.500 4
 138  141     -0.596     -0.521      2.500 4
 139  139     -0.596      0.377      2.500 4
 136  143     -0.595      0.476      2.500 4
 143  136     -0.594     -0.002      2.500 4
 142  142     -0.592      0.243      2.500 4
 137  149     -0.590     -0.807      2.500 4
 144  146     -0.586     -0.431      2.500 4
 141  152     -0.586      0.668      2.500 4
 148  144     -0.585      0.020      2.500 4
 147  145     -0.585      0.135      2.500 4
 149  147     -0.582     -0.250      2.500 4
 150  151     -0.579     -0.351      2.500 4
 151  150     -0.578      0.106      2.500 4
 153  148     -0.578     -0.002      2.500 4
 145  155     -0.576     -0.905      2.500 4
 146  157     -0.575     -0.761      2.500 4
 155  153     -0.574     -0.225      2.500 4
 152  156     -0.571     -0.532      2.500 4
 156  154     -0.571      0.191      2.500 4
 154  158     -0.569      0.422      2.500 4
 157  159     -0.560     -0.412      2.500 4
 164  160     -0.554     -0.114      2.500 4
 159  165     -0.553      0.572      2.500 4
 163  162     -0.552      0.161      2.500 4
 167  161     -0.551     -0.011      2.500 4
 158  168     -0.550     -0.782      2.500 4
 160  169     -0.549      0.773      2.500 4
 169  163     -0.548      0.023      2.500 4
 170  164     -0.547     -0.087      2.500 4
 161  171     -0.547     -0.823      2.500 4
 166  166     -0.547     -0.491      2.500 4
 162  170     -0.545     -0.698      2.500 4
 165  167     -0.546      0.440      2.500 4
 168  173     -0.539     -0.661      2.500 4
 172  172     -0.532     -0.167      2.500 4
 171  176     -0.532      0.808      2.500 4
 173  174     -0.530      0.202      2.500 4
 178  175     -0.521     -0.214      2.500 4
 174  178     -0.521      0.507      2.500 4
 175  179     -0.521      0.478      2.500 4
 179  177     -0.517      0.255      2.500 4
 176  182     -0.515      0.522      2.500 4
 180  180     -0.514     -0.431      2.500 4
 177  188     -0.509      0.731      2.500 4
 182  185     -0.508      0.504      2.500 4
 181  187     -0.508      0.560      2.500 4
 185  181     -0.506     -0.061      2.500 4
 184  186     -0.504      0.410      2.500 4
 183  190     -0.501     -0.894      2.500 4
 186  183     -0.500     -0.023      2.500 4
 187  184     -0.499     -0.192      2.500 4
 194  189     -0.490     -0.106      2.500 4
 189  192     -0.489     -0.553      2.500 4
 192  193     -0.486      0.478      2.500 4
 188  195     -0.485      0.682      2.500 4
 190  194     -0.484      0.590      2.500 4
  -1  196     -0.482     -0.074      2.500 4
 191  197     -0.482      0.742      2.500 4
 193  199     -0.478      0.656      2.500 4
 195  198     -0.477     -0.686      2.500 4
 197  200     -0.473      0.469      2.500 4
 196  202     -0.470     -0.749      2.500 4
 200  209     -0.469     -0.073      2.500 4
  -1   -2     -0.469     -0.684      2.500 4
 198  206     -0.468      0.708      2.500 4
 203  201     -0.465      0.211      2.500 4
 201  205     -0.463      0.438      2.500 4
 204  208     -0.459      0.431      2.500 4
 208  204     -0.457     -0.187      2.500 4
 205  210     -0.456      0.396      2.500 4
 212  207     -0.452     -0.197      2.500 4
 207  211     -0.451      0.389      2.500 4
 209  213     -0.449      0.368      2.500 4
 202   -2     -0.449     -0.071      2.500 4
 210  216     -0.447      0.423      2.500 4
 206  220     -0.447      0.607      2.500 4
 213  217     -0.444     -0.463      2.500 4
 219  212     -0.444     -0.228      2.500 4
 221  214     -0.441     -0.184      2.500 4
  -1  215     -0.441     -0.224      2.500 4
 211  226     -0.440      0.775      2.500 4
 217  222     -0.437     -0.583      2.500 4
 214  225     -0.437     -0.670      2.500 4
 224  218     -0.437     -0.066      2.500 4
 223  219     -0.436      0.118      2.500 4
 215  227     -0.435     -0.705      2.500 4
 220  221     -0.434     -0.500      2.500 4
 222  224     -0.432     -0.899      2.500 4
 218  231     -0.430      0.682      2.500 4
 227  223     -0.429      0.231      2.500 4
 226  229     -0.425     -0.469      2.500 4
 225  236     -0.422      0.575      2.500 4
 237  228     -0.421      0.036      2.500 4
 228  235     -0.419     -0.578      2.500 4
 233  233     -0.418      0.328      2.500 4
 240  230     -0.417     -0.086      2.500 4
 229  241     -0.416     -0.615      2.500 4
 231  243     -0.415      0.539      2.500 4
 230  245     -0.414     -0.690      2.500 4
  -1   -2     -0.414     -0.026      2.500 4
 238  240     -0.413     -0.444      2.500 4
 234  244     -0.413      0.525      2.500 4
 243  234     -0.412      0.100      2.500 4
 241  239     -0.411     -0.367      2.500 4
 232  247     -0.411      0.655      2.500 4
 245  237     -0.409     -0.162      2.500 4
 236  248     -0.408     -0.728      2.500 4
 235  249     -0.408      0.686      2.500 4
 246  238     -0.407     -0.022      2.500 4
 248  242     -0.405      0.084      2.500 4
 239  252     -0.404      0.722      2.500 4
 247  246     -0.402      0.262      2.500 4
 244  250     -0.402      0.479      2.500 4
 249  255     -0.394      0.486      2.500 4
 253  251     -0.393     -0.247      2.500 4
 257  253     -0.388     -0.126      2.500 4
 250  258     -0.388      0.665      2.500 4
 254  256     -0.388      0.330      2.500 4
 251  260     -0.388      0.695      2.500 4
 258  254     -0.387     -0.120      2.500 4
 252  261     -0.386      0.644      2.500 4
 262  257     -0.378     -0.298      2.500 4
 256  263     -0.378     -0.661      2.500 4
 255  265     -0.376      0.760      2.500 4
 266  259     -0.374     -0.234      2.500 4
 263  262     -0.374      0.344      2.500 4
 259  266     -0.373      0.590      2.500 4
 261  264     -0.372     -0.552      2.500 4
 260  268     -0.370      0.751      2.500 4
 264  267     -0.369      0.530      2.500 4
 265  273     -0.362     -0.833      2.500 4
 269  271     -0.361      0.495      2.500 4
 268  272     -0.361      0.583      2.500 4
 267  274     -0.360     -0.771      2.500 4
 274  269     -0.359      0.284      2.500 4
 276  270     -0.356     -0.300      2.500 4
 272  278     -0.355      0.576      2.500 4
 273  276     -0.355      0.459      2.500 4
 270  279     -0.355      0.826      2.500 4
 271  281     -0.352     -0.895      2.500 4
  -1   -2     -0.346      0.575      2.500 4
 281  275     -0.345     -0.089      2.500 4
 282  277     -0.345     -0.121      2.500 4
 278  286     -0.343      0.451      2.500 4
 277  287     -0.340      0.584      2.500 4
 283  282     -0.340     -0.354      2.500 4
 285  280     -0.339      0.069      2.500 4
 284  283     -0.338      0.181      2.500 4
 287  284     -0.337     -0.242      2.500 4
 279  290     -0.336     -0.816      2.500 4
 280  292     -0.335      0.823      2.500 4
 288  288     -0.331     -0.388      2.500 4
 286  293     -0.327     -0.661      2.500 4
 293  289     -0.326      0.067      2.500 4
 291  291     -0.324      0.222      2.500 4
 292  294     -0.321     -0.421      2.500 4
 289  301     -0.320      0.832      2.500 4
 294  296     -0.316      0.364      2.500 4
 295  297     -0.314     -0.466      2.500 4
 290  305     -0.313      0.784      2.500 4
 304  295     -0.310     -0.050      2.500 4
 300  302     -0.309      0.366      2.500 4
 306  298     -0.309      0.072      2.500 4
 299  306     -0.307     -0.573      2.500 4
 307  299     -0.307      0.108      2.500 4
 309  300     -0.306      0.032      2.500 4
 296  312     -0.306      0.767      2.500 4
 297  311     -0.305     -0.766      2.500 4
 298  313     -0.304      0.653      2.500 4
 301  309     -0.304     -0.657      2.500 4
 302  314     -0.303      0.594      2.500 4
 310  303     -0.302      0.085      2.500 4
 303  310     -0.301      0.443      2.500 4
 312  304     -0.299     -0.078      2.500 4
 305  318     -0.297      0.612      2.500 4
 313  307     -0.296     -0.243      2.500 4
 316  308     -0.294     -0.139      2.500 4
 308  319     -0.292      0.793      2.500 4
 314  317     -0.292      0.256      2.500 4
 315  316     -0.292      0.181      2.500 4
 319  315     -0.291      0.073      2.500 4
 311  321     -0.288      0.616      2.500 4
 317  320     -0.284     -0.532      2.500 4
 318  323     -0.280      0.664      2.500 4
 321  322     -0.277      0.478      2.500 4
 320  327     -0.277      0.789      2.500 4
 323  324     -0.274      0.465      2.500 4
 322  328     -0.272     -0.693      2.500 4
 326  325     -0.269      0.215      2.500 4
 325  329     -0.268     -0.617      2.500 4
 324  330     -0.267     -0.903      2.500 4
 329  326     -0.265     -0.209      2.500 4
 327  331     -0.258      0.553      2.500 4
 328  334     -0.254      0.766      2.500 4
 330  335     -0.251      0.609      2.500 4
 331  336     -0.250     -0.717      2.500 4
 333  333     -0.249     -0.507      2.500 4
 332  338     -0.249      0.641      2.500 4
 338  332     -0.244     -0.000      2.500 4
 334  340     -0.240      0.710      2.500 4
 335  341     -0.238     -0.736      2.500 4
 341  337     -0.237     -0.080      2.500 4
 336  343     -0.236     -0.812      2.500 4
 340  339     -0.234      0.314      2.500 4
 337  345     -0.233      0.815      2.500 4
 342  344     -0.229      0.373      2.500 4
 339  347     -0.227     -0.763      2.500 4
 343  342     -0.226     -0.219      2.500 4
 344  349     -0.220      0.358      2.500 4
 347  346     -0.220      0.082      2.500 4
 345  348     -0.219     -0.403      2.500 4
 346  357     -0.214      0.565      2.500 4
 348  351     -0.213     -0.899      2.500 4
 349  354     -0.212     -0.523      2.500 4
 352  352     -0.210      0.221      2.500 4
 355  350     -0.209     -0.084      2.500 4
 351  360     -0.207      0.389      2.500 4
 356  355     -0.207     -0.272      2.500 4
 350  364     -0.206      0.720      2.500 4
 359  353     -0.206     -0.069      2.500 4
 361  356     -0.205     -0.142      2.500 4
 357  361     -0.204      0.279      2.500 4
 358  359     -0.204     -0.287      2.500 4
 363  358     -0.204     -0.120      2.500 4
 353  363     -0.204      0.511      2.500 4
 354  362     -0.203     -0.562      2.500 4
 360  367     -0.199     -0.513      2.500 4
 362  368     -0.199      0.391      2.500 4
 365  365     -0.198     -0.365      2.500 4
 367  366     -0.195     -0.230      2.500 4
 364  372     -0.193      0.677      2.500 4
 369  369     -0.192     -0.135      2.500 4
 366  371     -0.191     -0.549      2.500 4
 368  370     -0.190     -0.337      2.500 4
 370  374     -0.185     -0.574      2.500 4
 376  373     -0.181     -0.228      2.500 4
 371  379     -0.179     -0.796      2.500 4
 375  376     -0.179      0.441      2.500 4
 373  378     -0.179      0.516      2.500 4
 372  380     -0.176     -0.821      2.500 4
 377  375     -0.176     -0.350      2.500 4
 374  382     -0.175      0.776      2.500 4
 380  377     -0.172     -0.065      2.500 4
 379  383     -0.168     -0.504      2.500 4
 378  386     -0.166      0.822      2.500 4
 382  381     -0.166      0.053      2.500 4
 383  384     -0.162      0.228      2.500 4
 384  385     -0.160      0.247      2.500 4
 381  389     -0.158     -0.770      2.500 4
 385  387     -0.157     -0.315      2.500 4
 386  388     -0.154     -0.475      2.500 4
 389  390     -0.150      0.356      2.500 4
 387  391     -0.150      0.561      2.500 4
 388  392     -0.148      0.498      2.500 4
 390  394     -0.146      0.441      2.500 4
 391  393     -0.145     -0.476      2.500 4
  -1   -2     -0.138     -0.389      2.500 4
 392  399     -0.137      0.805      2.500 4
 394  396     -0.137     -0.397      2.500 4
 395  398     -0.134     -0.445      2.500 4
 396  400     -0.132      0.424      2.500 4
 398  397     -0.132      0.058      2.500 4
 397  401     -0.127      0.546      2.500 4
 403  402     -0.115     -0.074      2.500 4
 400  404     -0.113     -0.563      2.500 4
 399  411     -0.113      0.803      2.500 4
 401  408     -0.112      0.482      2.500 4
  -1  405     -0.111      0.248      2.500 4
 404  406     -0.111      0.316      2.500 4
 405   -2     -0.110      0.255      2.500 4
 402  412     -0.110      0.609      2.500 4
 408  410     -0.109     -0.385      2.500 4
 411  407     -0.109      0.101      2.500 4
 412  409     -0.108      0.086      2.500 4
 406  414     -0.107     -0.642      2.500 4
 409  416     -0.103      0.687      2.500 4
 416  413     -0.103     -0.201      2.500 4
 410  418     -0.103      0.745      2.500 4
 413  420     -0.101      0.636      2.500 4
 414  419     -0.100      0.454      2.500 4
 415  421     -0.099     -0.595      2.500 4
 420  415     -0.099     -0.179      2.500 4
 422  417     -0.097      0.072      2.500 4
 418  424     -0.096     -0.547      2.500 4
 421  422     -0.096     -0.366      2.500 4
 419  423     -0.096     -0.484      2.500 4
 417  427     -0.095     -0.892      2.500 4
 423  428     -0.093      0.504      2.500 4
 424  425     -0.092     -0.243      2.500 4
 425  426     -0.090     -0.227      2.500 4
 426  429     -0.082      0.258      2.500 4
 427  430     -0.076     -0.278      2.500 4
 428  432     -0.071     -0.710      2.500 4
 432  431     -0.070      0.150      2.500 4
 430  433     -0.069      0.566      2.500 4
 429  434     -0.069      0.639      2.500 4
 431  435     -0.067      0.659      2.500 4
 433  438     -0.063     -0.790      2.500 4
 437  436     -0.063     -0.221      2.500 4
 438  437     -0.062     -0.159      2.500 4
 435  439     -0.061      0.411      2.500 4
 434  441     -0.061      0.797      2.500 4
 436  442     -0.059     -0.716      2.500 4
 439  440     -0.057      0.098      2.500 4
 441  443     -0.052     -0.037      2.500 4
 442  444     -0.052     -0.078      2.500 4
 440  445     -0.051      0.586      2.500 4
 443  446     -0.049     -0.498      2.500 4
 444  447     -0.048     -0.438      2.500 4
  -1   -2     -0.045      0.348      2.500 4
 446  450     -0.044      0.358      2.500 4
 448  449     -0.044      0.258      2.500 4
 447  452     -0.043      0.547      2.500 4
 449  451     -0.042     -0.387      2.500 4
 450  453     -0.035     -0.262      2.500 4
 451  454     -0.025     -0.053      2.500 4
 452  455     -0.023     -0.485      2.500 4
 453  456     -0.020     -0.422      2.500 4
 457  457     -0.015     -0.195      2.500 4
 454  461     -0.015      0.755      2.500 4
 455  459     -0.015      0.434      2.500 4
 460  458     -0.014      0.132      2.500 4
 459  460     -0.014     -0.340      2.500 4
 456  463     -0.014      0.655      2.500 4
 458  462     -0.013     -0.525      2.500 4
 461  464     -0.009      0.257      2.500 4
 462  465     -0.007      0.327      2.500 4
 463  466     -0.006      0.807      2.500 4
 465  467     -0.003     -0.079      2.500 4
 464  468     -0.002     -0.804      2.500 4
 466  469     -0.001     -0.361      2.500 4
 467  472      0.001     -0.821      2.500 4
 468  473      0.002     -0.644      2.500 4
 469  470      0.002      0.003      2.500 4
 470  471      0.002     -0.009      2.500 4
 471  475      0.003     -0.884      2.500 4
 473  474      0.003     -0.102      2.500 4
 474  476      0.004     -0.899      2.500 4
 475  477      0.004      0.312      2.500 4
 472  478      0.004     -0.664      2.500 4
 476  479      0.005     -0.390      2.500 4
 477  480      0.005     -0.476      2.500 4
 479  481      0.006      0.201      2.500 4
 478  482      0.006      0.575      2.500 4
 480  483      0.010     -0.550      2.500 4
 481  484      0.012      0.114      2.500 4
 482  485      0.015     -0.791      2.500 4
 483  486      0.015      0.379      2.500 4
 484  488      0.016      0.743      2.500 4
 485  487      0.016      0.234      2.500 4
 486  489      0.017      0.018      2.500 4
 487  490      0.018     -0.388      2.500 4
 488  491      0.018      0.575      2.500 4
 489  492      0.020     -0.719      2.500 4
 490  493      0.020      0.136      2.500 4
 491  494      0.020     -0.235      2.500 4
 493  496      0.021     -0.457      2.500 4
 492  495      0.021      0.654      2.500 4
 494  497      0.022      0.777      2.500 4
 495  498      0.023      0.044      2.500 4
 496  499      0.026      0.068      2.500 4
 497  500      0.027     -0.556      2.500 4
 498  501      0.028     -0.028      2.500 4
 499  502      0.029     -0.361      2.500 4
 500  503      0.029     -0.435      2.500 4
 501  504      0.029      0.473      2.500 4
 502  505      0.031     -0.390      2.500 4
 503  506      0.033     -0.606      2.500 4
 505  507      0.034      0.809      2.500 4
  -1   -2      0.035     -0.430      2.500 4
 506  509      0.035     -0.521      2.500 4
 507  510      0.036     -0.545      2.500 4
 508  511      0.037      0.147      2.500 4
 510  512      0.053     -0.333      2.500 4
 509  514      0.053     -0.006      2.500 4
 511  513      0.054      0.613      2.500 4
 513  515      0.056     -0.611      2.500 4
 515  516      0.057      0.552      2.500 4
 514  517      0.057      0.370      2.500 4
 512  518      0.057     -0.210      2.500 4
 516  519      0.059      0.135      2.500 4
 517  520      0.062      0.541      2.500 4
 518  521      0.062     -0.593      2.500 4
 519  522      0.068     -0.293      2.500 4
 521  523      0.072      0.387      2.500 4
 520  524      0.073      0.003      2.500 4
 522  526      0.075     -0.122      2.500 4
 525  525      0.076     -0.868      2.500 4
 523  528      0.077     -0.106      2.500 4
 524  527      0.077     -0.184      2.500 4
 527  529      0.082     -0.687      2.500 4
 526  530      0.083      0.055      2.500 4
 528  532      0.087     -0.417      2.500 4
 531  531      0.088     -0.588      2.500 4
 530  535      0.090      0.220      2.500 4
 529  536      0.090     -0.185      2.500 4
 532  537      0.091      0.026      2.500 4
 533  533      0.091      0.702      2.500 4
 534  534      0.093     -0.823      2.500 4
 538  539      0.098     -0.754      2.500 4
 537  540      0.098      0.576      2.500 4
 535  542      0.099     -0.345      2.500 4
 540  538      0.099     -0.873      2.500 4
 536  543      0.100      0.083      2.500 4
 541  541      0.100      0.774      2.500 4
 539  545      0.102      0.189      2.500 4
 542  544      0.104      0.517      2.500 4
 546  546      0.110     -0.801      2.500 4
 545  547      0.111      0.502      2.500 4
 544  548      0.112     -0.514      2.500 4
 547  549      0.114      0.243      2.500 4
 543  551      0.114     -0.039      2.500 4
 548  550      0.120     -0.869      2.500 4
 549  552      0.125      0.672      2.500 4
 550  553      0.125     -0.777      2.500 4
 553  554      0.130     -0.875      2.500 4
 554  555      0.130      0.782      2.500 4
 551  558      0.132     -0.335      2.500 4
 556  557      0.134     -0.772      2.500 4
 557  556      0.134     -0.882      2.500 4
 552  560      0.135     -0.255      2.500 4
 559  559      0.137     -0.826      2.500 4
 555  563      0.139     -0.002      2.500 4
 558  562      0.140     -0.352      2.500 4
 560  561      0.140      0.582      2.500 4
 562  566      0.145     -0.440      2.500 4
 561  568      0.145      0.117      2.500 4
 565  564      0.145      0.617      2.500 4
 563  567      0.147      0.368      2.500 4
 568  565      0.149      0.713      2.500 4
 566  569      0.149     -0.557      2.500 4
 564  572      0.151      0.097      2.500 4
 569  571      0.153     -0.477      2.500 4
 567  574      0.154      0.114      2.500 4
 571  570      0.155      0.703      2.500 4
 572  573      0.157     -0.839      2.500 4
 570  575      0.158     -0.419      2.500 4
 573  577      0.163     -0.407      2.500 4
 574  580      0.168      0.175      2.500 4
 578  576      0.169     -0.833      2.500 4
 575  581      0.172     -0.002      2.500 4
 580  578      0.173      0.673      2.500 4
 582  579      0.174      0.789      2.500 4
 576  583      0.174     -0.079      2.500 4
 577  582      0.175     -0.168      2.500 4
 579  585      0.179     -0.187      2.500 4
 581  587      0.182      0.019      2.500 4
 585  584      0.183     -0.571      2.500 4
 584  586      0.184      0.376      2.500 4
 583  588      0.188     -0.077      2.500 4
  -1   -2      0.191     -0.421      2.500 4
 586  593      0.192     -0.177      2.500 4
 588  591      0.192      0.162      2.500 4
 590  590      0.193     -0.430      2.500 4
 587  595      0.193     -0.028      2.500 4
 591  596      0.197      0.219      2.500 4
 595  592      0.198      0.506      2.500 4
 594  597      0.200      0.314      2.500 4
 592  598      0.200      0.250      2.500 4
 593  600      0.202      0.005      2.500 4
 597  594      0.203      0.811      2.500 4
 596  599      0.202     -0.385      2.500 4
 599  601      0.211      0.536      2.500 4
 598  602      0.214     -0.404      2.500 4
 600  603      0.215     -0.389      2.500 4
 602  605      0.219     -0.440      2.500 4
 601  610      0.219     -0.195      2.500 4
 604  604      0.220      0.403      2.500 4
 605  607      0.222     -0.898      2.500 4
 606  609      0.223     -0.538      2.500 4
 608  606      0.224      0.480      2.500 4
 603  615      0.224      0.048      2.500 4
 612  608      0.227     -0.733      2.500 4
 609  611      0.227     -0.510      2.500 4
 607  618      0.230      0.001      2.500 4
 616  612      0.232     -0.766      2.500 4
 615  614      0.233      0.622      2.500 4
 611  620      0.233      0.173      2.500 4
 617  617      0.234      0.578      2.500 4
 619  613      0.234     -0.875      2.500 4
 610  622      0.234     -0.064      2.500 4
 622  616      0.236      0.722      2.500 4
 613  623      0.237      0.251      2.500 4
 623  619      0.239      0.516      2.500 4
 614  626      0.241     -0.050      2.500 4
 624  624      0.242      0.399      2.500 4
 620  627      0.243     -0.309      2.500 4
 618  628      0.243     -0.269      2.500 4
 626  621      0.243     -0.723      2.500 4
 621  632      0.246     -0.158      2.500 4
 625  634      0.252      0.019      2.500 4
 627  631      0.252     -0.523      2.500 4
 631  625      0.253     -0.769      2.500 4
 630  629      0.254     -0.715      2.500 4
 628  633      0.256     -0.466      2.500 4
 629  635      0.263      0.075      2.500 4
 632  637      0.268     -0.205      2.500 4
 637  636      0.274     -0.644      2.500 4
 633  640      0.275      0.098      2.500 4
 634  639      0.275      0.263      2.500 4
 636  643      0.280      0.201      2.500 4
 641  638      0.280      0.709      2.500 4
 635  645      0.280      0.086      2.500 4
 638  647      0.285     -0.153      2.500 4
 640  646      0.285     -0.473      2.500 4
 643  641      0.286     -0.733      2.500 4
 639  651      0.287      0.022      2.500 4
 646  642      0.289     -0.904      2.500 4
 645  644      0.289      0.648      2.500 4
 647  648      0.294      0.482      2.500 4
 642  657      0.294      0.017      2.500 4
 650  650      0.295     -0.584      2.500 4
 648  653      0.296      0.375      2.500 4
 654  649      0.297      0.560      2.500 4
 644  658      0.297     -0.317      2.500 4
 651  652      0.297      0.431      2.500 4
 659  655      0.302     -0.726      2.500 4
 649  662      0.303     -0.107      2.500 4
 653  660      0.303     -0.360      2.500 4
 660  654      0.304      0.713      2.500 4
 663  656      0.307     -0.868      2.500 4
 652  664      0.307     -0.007      2.500 4
  -1   -2      0.307      0.663      2.500 4
 655  665      0.307     -0.199      2.500 4
 656  667      0.309      0.058      2.500 4
 661  666      0.313      0.324      2.500 4
 658  668      0.313      0.107      2.500 4
 657  670      0.313     -0.124      2.500 4
 665  661      0.316     -0.893      2.500 4
 666  663      0.317      0.665      2.500 4
 664  671      0.319      0.338      2.500 4
 667  672      0.323     -0.550      2.500 4
 671  669      0.324     -0.677      2.500 4
 668  677      0.329      0.260      2.500 4
 669  676      0.329     -0.404      2.500 4
 673  674      0.330      0.448      2.500 4
 679  673      0.331      0.696      2.500 4
 676  675      0.332      0.493      2.500 4
 674  678      0.334      0.365      2.500 4
 672  679      0.334     -0.369      2.500 4
 670  682      0.335     -0.119      2.500 4
 675  686      0.341     -0.035      2.500 4
 680  681      0.342     -0.512      2.500 4
 681  680      0.342     -0.527      2.500 4
 677  687      0.342     -0.229      2.500 4
 678  691      0.345     -0.054      2.500 4
 686  683      0.350      0.627      2.500 4
 682  697      0.352     -0.253      2.500 4
 687  685      0.352     -0.640      2.500 4
 691  684      0.353     -0.816      2.500 4
 683  698      0.353      0.181      2.500 4
 688  689      0.354     -0.612      2.500 4
 684  693      0.354      0.363      2.500 4
 690  688      0.354     -0.695      2.500 4
 692  690      0.356     -0.680      2.500 4
 689  699      0.359      0.351      2.500 4
 685  702      0.360     -0.292      2.500 4
 693  695      0.361     -0.753      2.500 4
 694  692      0.362      0.826      2.500 4
 695  694      0.362     -0.890      2.500 4
 696  696      0.364      0.787      2.500 4
 697  701      0.367     -0.663      2.500 4
 700  700      0.369      0.682      2.500 4
 698  705      0.375      0.324      2.500 4
 703  704      0.375     -0.706      2.500 4
 704  703      0.375      0.717      2.500 4
 699  707      0.378      0.249      2.500 4
 701  706      0.378     -0.413      2.500 4
 702  710      0.386     -0.104      2.500 4
 707  708      0.387      0.394      2.500 4
 705  713      0.390      0.090      2.500 4
 706  715      0.392      0.048      2.500 4
 709  711      0.393      0.362      2.500 4
 708  714      0.393      0.151      2.500 4
 711  709      0.395      0.561      2.500 4
 710  716      0.399     -0.275      2.500 4
 719  712      0.403      0.661      2.500 4
 712  717      0.404      0.289      2.500 4
 715  719      0.407     -0.369      2.500 4
 713  720      0.408      0.112      2.500 4
 714  723      0.411     -0.003      2.500 4
 716  722      0.411      0.092      2.500 4
 722  718      0.413      0.508      2.500 4
 720  721      0.414      0.321      2.500 4
 717  726      0.414     -0.180      2.500 4
 718  729      0.417     -0.014      2.500 4
 723  727      0.420     -0.428      2.500 4
 721  731      0.423      0.048      2.500 4
 725  728      0.423      0.340      2.500 4
 728  724      0.424     -0.658      2.500 4
 729  725      0.425     -0.649      2.500 4
 724  733      0.425      0.079      2.500 4
 727  730      0.428     -0.503      2.500 4
 726  737      0.434      0.026      2.500 4
 734  732      0.437      0.616      2.500 4
 732  736      0.437      0.228      2.500 4
 730  739      0.438      0.033      2.500 4
 731  742      0.439     -0.032      2.500 4
 736  734      0.439     -0.898      2.500 4
 737  735      0.447     -0.769      2.500 4
 735  743      0.449      0.423      2.500 4
 740  738      0.453      0.777      2.500 4
 741  740      0.454      0.765      2.500 4
 742  741      0.455     -0.835      2.500 4
 739  744      0.459     -0.550      2.500 4
 744  745      0.466      0.545      2.500 4
 738  752      0.468      0.082      2.500 4
 747  747      0.470     -0.641      2.500 4
 746  749      0.471      0.462      2.500 4
 743  755      0.472     -0.206      2.500 4
 752  746      0.472     -0.739      2.500 4
 755  748      0.473      0.725      2.500 4
 753  751      0.476      0.487      2.500 4
 750  756      0.479      0.319      2.500 4
 758  750      0.479     -0.904      2.500 4
 748  759      0.479      0.234      2.500 4
 745  764      0.481      0.003      2.500 4
 757  754      0.482     -0.612      2.500 4
 754  758      0.482      0.340      2.500 4
 764  753      0.484      0.711      2.500 4
 749  765      0.484     -0.184      2.500 4
 756  761      0.485     -0.412      2.500 4
 751  766      0.485     -0.138      2.500 4
 763  757      0.486      0.510      2.500 4
 759  760      0.486     -0.552      2.500 4
 761  762      0.488     -0.514      2.500 4
 760  767      0.495      0.126      2.500 4
 766  763      0.495     -0.730      2.500 4
 762  768      0.497     -0.180      2.500 4
 765  769      0.500     -0.275      2.500 4
 767  771      0.508     -0.329      2.500 4
 768  774      0.511      0.083      2.500 4
 769  775      0.512     -0.103      2.500 4
 772  773      0.513      0.239      2.500 4
 773  770      0.514     -0.540      2.500 4
 770  776      0.515      0.006      2.500 4
 771  777      0.515     -0.003      2.500 4
 774  778      0.521     -0.399      2.500 4
 780  772      0.523     -0.832      2.500 4
 777  780      0.526     -0.539      2.500 4
 776  782      0.528     -0.483      2.500 4
 779  781      0.528     -0.532      2.500 4
 775  789      0.530     -0.108      2.500 4
 784  779      0.531     -0.838      2.500 4
 782  784      0.534      0.543      2.500 4
 778  792      0.536     -0.151      2.500 4
 781  788      0.536      0.363      2.500 4
 785  786      0.537      0.564      2.500 4
 787  783      0.537      0.747      2.500 4
 783  787      0.537     -0.570      2.500 4
 791  785      0.539     -0.826      2.500 4
 789  791      0.544     -0.593      2.500 4
 793  790      0.546      0.624      2.500 4
 792  793      0.547     -0.614      2.500 4
 786  798      0.550     -0.013      2.500 4
 788  799      0.552     -0.162      2.500 4
 797  794      0.554      0.789      2.500 4
 796  795      0.554      0.629      2.500 4
 790  801      0.555      0.027      2.500 4
 799  796      0.556      0.683      2.500 4
 795  797      0.557      0.391      2.500 4
 794  805      0.560      0.197      2.500 4
 798  800      0.561      0.402      2.500 4
 803  803      0.565     -0.578      2.500 4
 801  807      0.567      0.293      2.500 4
 805  804      0.568      0.523      2.500 4
 811  802      0.570      0.803      2.500 4
 800  811      0.571     -0.033      2.500 4
 812  806      0.571     -0.698      2.500 4
 802  812      0.573     -0.213      2.500 4
 806  810      0.575      0.250      2.500 4
 804  814      0.578     -0.164      2.500 4
 808  813      0.578      0.171      2.500 4
 807  816      0.579     -0.153      2.500 4
 810  815      0.581      0.179      2.500 4
 814  809      0.581      0.593      2.500 4
 815  808      0.582     -0.840      2.500 4
 809  817      0.583     -0.019      2.500 4
 813  821      0.593      0.078      2.500 4
 818  818      0.597      0.637      2.500 4
 816  820      0.597     -0.400      2.500 4
 821  819      0.605      0.670      2.500 4
 820  823      0.604     -0.600      2.500 4
 817  831      0.607     -0.133      2.500 4
 826  822      0.607     -0.855      2.500 4
 823  825      0.608     -0.663      2.500 4
 824  824      0.609      0.712      2.500 4
 825  828      0.611      0.579      2.500 4
 827  826      0.611     -0.719      2.500 4
 819  832      0.611      0.050      2.500 4
 822  829      0.611      0.385      2.500 4
 828  827      0.613     -0.810      2.500 4
 830  830      0.620     -0.820      2.500 4
 831  833      0.627      0.737      2.500 4
 833  834      0.630      0.674      2.500 4
 832  836      0.630      0.556      2.500 4
 834  835      0.630     -0.790      2.500 4
 829  840      0.632      0.158      2.500 4
 835  837      0.632      0.642      2.500 4
 839  838      0.636     -0.688      2.500 4
 836  842      0.639     -0.483      2.500 4
 844  839      0.641      0.757      2.500 4
 843  841      0.642     -0.699      2.500 4
 837  845      0.645     -0.279      2.500 4
 838  846      0.646     -0.246      2.500 4
 848  843      0.647     -0.819      2.500 4
 840  850      0.649      0.010      2.500 4
 841  849      0.649     -0.346      2.500 4
 842  855      0.652     -0.140      2.500 4
 853  844      0.652     -0.866      2.500 4
 847  847      0.653      0.448      2.500 4
  -1   -2      0.654     -0.349      2.500 4
 851  853      0.657     -0.898      2.500 4
 846  858      0.658     -0.227      2.500 4
 854  852      0.659      0.469      2.500 4
 857  848      0.658     -0.821      2.500 4
 856  857      0.660      0.415      2.500 4
 855  856      0.660      0.445      2.500 4
 849  860      0.661      0.020      2.500 4
 852  859      0.662      0.247      2.500 4
 859  851      0.662     -0.776      2.500 4
 858  862      0.670     -0.384      2.500 4
 861  861      0.672      0.642      2.500 4
 863  863      0.681     -0.767      2.500 4
 864  864      0.683      0.712      2.500 4
 860  868      0.683     -0.110      2.500 4
 862  867      0.687      0.315      2.500 4
 865  869      0.692     -0.561      2.500 4
 872  865      0.692     -0.871      2.500 4
 871  866      0.693      0.817      2.500 4
 868  873      0.696     -0.501      2.500 4
 873  870      0.698      0.619      2.500 4
 866  877      0.699      0.023      2.500 4
  -1   -2      0.699     -0.677      2.500 4
 875  871      0.699     -0.903      2.500 4
 867  878      0.701     -0.219      2.500 4
 876  875      0.702     -0.668      2.500 4
 877  874      0.703      0.751      2.500 4
 869  879      0.703     -0.170      2.500 4
 870  880      0.704     -0.095      2.500 4
 880  876      0.710      0.774      2.500 4
 883  881      0.717      0.694      2.500 4
 884  882      0.718     -0.768      2.500 4
 878  885      0.719      0.030      2.500 4
 879  888      0.720      0.014      2.500 4
 881  884      0.720      0.150      2.500 4
 882  886      0.721      0.219      2.500 4
 885  887      0.724     -0.513      2.500 4
 886  883      0.729      0.763      2.500 4
 889  890      0.734      0.484      2.500 4
 893  889      0.735     -0.903      2.500 4
 892  892      0.737      0.563      2.500 4
 890  893      0.737      0.445      2.500 4
 895  891      0.738      0.803      2.500 4
 894  894      0.738      0.502      2.500 4
 887  895      0.738     -0.268      2.500 4
 888  899      0.740     -0.001      2.500 4
 891  896      0.741      0.262      2.500 4
 900  897      0.746      0.582      2.500 4
 899  898      0.746     -0.582      2.500 4
 896  904      0.747     -0.298      2.500 4
 898  902      0.747     -0.426      2.500 4
 897  907      0.748      0.122      2.500 4
 906  900      0.750      0.626      2.500 4
 902  905      0.750     -0.468      2.500 4
 908  901      0.751      0.665      2.500 4
 907  906      0.752     -0.562      2.500 4
 901  910      0.752     -0.239      2.500 4
 910  903      0.754      0.735      2.500 4
 903  911      0.753     -0.203      2.500 4
 909  909      0.755      0.528      2.500 4
 904  913      0.755      0.111      2.500 4
 905  914      0.756      0.085      2.500 4
 911  908      0.756      0.766      2.500 4
 913  912      0.762     -0.783      2.500 4
 912  915      0.763      0.243      2.500 4
 914  916      0.767      0.419      2.500 4
  -1   -2      0.772      0.644      2.500 4
 917  918      0.772      0.294      2.500 4
 915  923      0.772      0.059      2.500 4
 916  921      0.773     -0.253      2.500 4
  -1   -2      0.773      0.306      2.500 4
 921  920      0.776      0.390      2.500 4
 920  925      0.778     -0.163      2.500 4
 923  922      0.779      0.639      2.500 4
 924  924      0.780     -0.575      2.500 4
 925  926      0.782     -0.509      2.500 4
 922  927      0.784      0.120      2.500 4
 927  928      0.789     -0.732      2.500 4
 926  931      0.791      0.074      2.500 4
 929  929      0.795      0.586      2.500 4
 931  930      0.797      0.752      2.500 4
 928  934      0.797     -0.124      2.500 4
 934  932      0.797     -0.722      2.500 4
 935  933      0.801      0.626      2.500 4
 930  935      0.800     -0.352      2.500 4
 932  937      0.801     -0.282      2.500 4
 933  938      0.803      0.025      2.500 4
 936  936      0.804      0.403      2.500 4
 937  941      0.807      0.244      2.500 4
 938  939      0.809      0.564      2.500 4
 940  940      0.809     -0.727      2.500 4
 941  943      0.813      0.301      2.500 4
 943  942      0.813     -0.599      2.500 4
 939  945      0.814     -0.110      2.500 4
 942  947      0.816      0.007      2.500 4
 945  944      0.816     -0.683      2.500 4
 946  946      0.819      0.469      2.500 4
 944  948      0.819     -0.368      2.500 4
 947  949      0.823     -0.870      2.500 4
 951  950      0.825     -0.878      2.500 4
 949  952      0.827      0.343      2.500 4
 953  951      0.827     -0.851      2.500 4
  -1   -2      0.829      0.353      2.500 4
 948  956      0.829     -0.059      2.500 4
 955  953      0.829     -0.741      2.500 4
 950  957      0.830     -0.007      2.500 4
 956  955      0.831     -0.593      2.500 4
 954  959      0.834      0.009      2.500 4
 957  958      0.837     -0.891      2.500 4
 958  961      0.843     -0.046      2.500 4
 959  960      0.844      0.330      2.500 4
 960  962      0.846      0.524      2.500 4
 961  963      0.847     -0.498      2.500 4
 962  965      0.850      0.191      2.500 4
 963  964      0.851     -0.654      2.500 4
 966  966      0.856      0.333      2.500 4
 964  967      0.856     -0.343      2.500 4
 965  968      0.857     -0.077      2.500 4
 967  969      0.861     -0.172      2.500 4
 968  974      0.865      0.019      2.500 4
 969  971      0.865     -0.465      2.500 4
 973  970      0.866      0.792      2.500 4
 971  972      0.867      0.515      2.500 4
 974  973      0.867      0.761      2.500 4
 970  975      0.867      0.065      2.500 4
 972  977      0.869     -0.090      2.500 4
 975  976      0.869     -0.424      2.500 4
 976  978      0.870     -0.824      2.500 4
 977  979      0.872      0.694      2.500 4
 978  980      0.874     -0.898      2.500 4
 980  981      0.876     -0.636      2.500 4
 979  982      0.876     -0.277      2.500 4
 982  983      0.881     -0.741      2.500 4
 981  985      0.882     -0.224      2.500 4
 983  984      0.884      0.738      2.500 4
 984  986      0.885      0.280      2.500 4
 985  987      0.886     -0.700      2.500 4
 986  988      0.889      0.490      2.500 4
 987  989      0.895     -0.835      2.500 4
 988  990      0.898      0.823      2.500 4
 990  991      0.898      0.660      2.500 4
 989  992      0.898      0.458      2.500 4
 991  993      0.898     -0.567      2.500 4
 992  994      0.899     -0.792      2.500 4
 993  995      0.901      0.681      2.500 4
 994  996      0.902      0.605      2.500 4
  -1   -2      0.910      0.406      2.500 4
 995  998      0.909     -0.286      2.500 4
 997  999      0.911      0.396      2.500 4
 998 1000      0.911     -0.423      2.500 4
 999 1001      0.913     -0.626      2.500 4
