996
   0   -2     -0.823      0.564      2.500
   1   -2     -0.822      0.207      2.500
   2   -2     -0.821      0.019      2.500
   3   -2     -0.819     -0.173      2.500
   4   -2     -0.816     -0.277      2.500
   5   -2     -0.816      0.356      2.500
   6   -2     -0.815     -0.516      2.500
   7   -2     -0.815     -0.080      2.500
   8   -2     -0.816      0.793      2.500
   9   -2     -0.815      0.138      2.500
  10   -2     -0.814     -0.734      2.500
  11   -2     -0.814     -0.298      2.500
  12   -2     -0.815      0.574      2.500
  13   -2     -0.813     -0.341      2.500
  17   -2     -0.810      0.256      2.500
  16   -2     -0.811      0.668      2.500
  15   -2     -0.809     -0.747      2.500
  -1   -2     -0.810      0.673      2.500
  18   -2     -0.808     -0.240      2.500
  19   -2     -0.805     -0.048      2.500
  20   -2     -0.803     -0.249      2.500
  21   -2     -0.802      0.368      2.500
  22   -2     -0.801      0.345      2.500
  23   -2     -0.799      0.538      2.500
  24   -2     -0.798     -0.511      2.500
  25   -2     -0.797     -0.155      2.500
  26   -2     -0.796     -0.276      2.500
  27   -2     -0.792     -0.485      2.500
  28   -2     -0.791      0.184      2.500
  29   -2     -0.790      0.621      2.500
  33   -2     -0.785      0.087      2.500
  30   -2     -0.785      0.813      2.500
  31   -2     -0.785      0.549      2.500
  32   -2     -0.782     -0.893      2.500
  34   -2     -0.783      0.180      2.500
  35   -2     -0.781     -0.343      2.500
  36   -2     -0.777      0.200      2.500
  38   -2     -0.775      0.411      2.500
  37   -2     -0.773     -0.666      2.500
  39   -2     -0.773      0.313      2.500
  41   -2     -0.770     -0.225      2.500
  40   -2     -0.770      0.531      2.500
  43   -2     -0.768      0.459      2.500
  44   -2     -0.768      0.367      2.500
  42   -2     -0.767      0.720      2.500
  45   -2     -0.762     -0.699      2.500
  47   -2     -0.762     -0.271      2.500
  46   -2     -0.762      0.640      2.500
  50   -2     -0.755     -0.065      2.500
  49   -2     -0.755     -0.300      2.500
  52   -2     -0.753      0.065      2.500
  48   -2     -0.752     -0.722      2.500
  51   -2     -0.749     -0.862      2.500
  53   -2     -0.749      0.169      2.500
  54   -2     -0.748     -0.231      2.500
  57   -2     -0.744      0.018      2.500
  55   -2     -0.743      0.672      2.500
  59   -2     -0.742     -0.033      2.500
  56   -2     -0.741     -0.558      2.500
  58   -2     -0.742     -0.324      2.500
  62   -2     -0.741     -0.182      2.500
  61   -2     -0.740     -0.389      2.500
  65   -2     -0.738     -0.135      2.500
  64   -2     -0.738      0.415      2.500
  63   -2     -0.737      0.596      2.500
  60   -2     -0.736     -0.862      2.500
  67   -2     -0.734     -0.104      2.500
  68   -2     -0.734      0.123      2.500
  66   -2     -0.733      0.796      2.500
  69   -2     -0.733      0.199      2.500
  70   -2     -0.730     -0.528      2.500
  71   -2     -0.729     -0.229      2.500
  72   -2     -0.725      0.463      2.500
  73   -2     -0.723      0.137      2.500
  76   -2     -0.717      0.276      2.500
  74   -2     -0.715     -0.684      2.500
  75   -2     -0.715      0.583      2.500
  79   -2     -0.714     -0.236      2.500
  77   -2     -0.715      0.571      2.500
  80   -2     -0.714      0.232      2.500
  81   -2     -0.713     -0.389      2.500
  78   -2     -0.712     -0.656      2.500
  83   -2     -0.709     -0.030      2.500
  82   -2     -0.707      0.517      2.500
  85   -2     -0.704      0.101      2.500
  84   -2     -0.703      0.257      2.500
  86   -2     -0.699      0.548      2.500
  87   -2     -0.695     -0.852      2.500
  88   -2     -0.692      0.780      2.500
  89   -2     -0.691     -0.395      2.500
  90   -2     -0.690     -0.084      2.500
  92   -2     -0.687     -0.297      2.500
  91   -2     -0.683     -0.712      2.500
  94   -2     -0.682     -0.227      2.500
  93   -2     -0.681     -0.577      2.500
  96   -2     -0.678      0.356      2.500
  95   -2     -0.675      0.701      2.500
 100   -2     -0.669      0.103      2.500
 102   -2     -0.668      0.066      2.500
  98   -2     -0.666     -0.453      2.500
  97   -2     -0.665      0.567      2.500
 104   -2     -0.664     -0.306      2.500
 105   -2     -0.663     -0.340      2.500
 108   -2     -0.661     -0.219      2.500
  99   -2     -0.659     -0.819      2.500
 101   -2     -0.659     -0.792      2.500
 103   -2     -0.659     -0.707      2.500
 109   -2     -0.657     -0.460      2.500
 106   -2     -0.655      0.615      2.500
 107   -2     -0.653      0.728      2.500
 110   -2     -0.652      0.488      2.500
 111   -2     -0.646     -0.898      2.500
 112   -2     -0.647      0.458      2.500
 118   -2     -0.642     -0.281      2.500
 117   -2     -0.642      0.184      2.500
 113   -2     -0.640     -0.853      2.500
 114   -2     -0.640      0.753      2.500
 115   -2     -0.636      0.586      2.500
 116   -2     -0.633     -0.815      2.500
 120   -2     -0.631     -0.258      2.500
 121   -2     -0.628     -0.337      2.500
 119   -2     -0.625      0.507      2.500
 122   -2     -0.623     -0.220      2.500
 125   -2     -0.622      0.005      2.500
 124   -2     -0.619      0.315      2.500
 123   -2     -0.618     -0.475      2.500
 129   -2     -0.614      0.029      2.500
 128   -2     -0.610     -0.503      2.500
 127   -2     -0.611      0.492      2.500
 126   -2     -0.607     -0.862      2.500
 135   -2     -0.607      0.005      2.500
 132   -2     -0.607      0.154      2.500
 131   -2     -0.606      0.415      2.500
 130   -2     -0.605     -0.609      2.500
 136   -2     -0.604     -0.266      2.500
 134   -2     -0.604      0.269      2.500
 138   -2     -0.603      0.123      2.500
 133   -2     -0.601     -0.521      2.500
 140   -2     -0.599     -0.238      2.500
 137   -2     -0.597      0.509      2.500
 139   -2     -0.594      0.474      2.500
 141   -2     -0.594      0.405      2.500
 144   -2     -0.593     -0.372      2.500
 145   -2     -0.591     -0.455      2.500
 142   -2     -0.591     -0.545      2.500
 143   -2     -0.590      0.449      2.500
 147   -2     -0.589      0.213      2.500
 150   -2     -0.586     -0.118      2.500
 152   -2     -0.583     -0.006      2.500
 148   -2     -0.583      0.501      2.500
 146   -2     -0.580     -0.791      2.500
 153   -2     -0.580     -0.089      2.500
 149   -2     -0.580      0.622      2.500
 154   -2     -0.580      0.031      2.500
 155   -2     -0.574      0.179      2.500
 151   -2     -0.570     -0.881      2.500
 156   -2     -0.568     -0.432      2.500
 157   -2     -0.564     -0.553      2.500
 161   -2     -0.564     -0.174      2.500
 158   -2     -0.562      0.445      2.500
 159   -2     -0.558      0.680      2.500
 160   -2     -0.556     -0.815      2.500
 166   -2     -0.550     -0.223      2.500
 165   -2     -0.549      0.219      2.500
 164   -2     -0.545     -0.509      2.500
 162   -2     -0.543     -0.904      2.500
 163   -2     -0.543     -0.771      2.500
 168   -2     -0.542     -0.060      2.500
 167   -2     -0.537      0.460      2.500
 170   -2     -0.535     -0.020      2.500
 171   -2     -0.531      0.271      2.500
 173   -2     -0.530     -0.199      2.500
 169   -2     -0.530      0.587      2.500
 178   -2     -0.526     -0.108      2.500
 177   -2     -0.521     -0.446      2.500
  -1   -2     -0.519     -0.073      2.500
 172   -2     -0.518     -0.710      2.500
 176   -2     -0.516     -0.673      2.500
 174   -2     -0.515     -0.790      2.500
 175   -2     -0.515      0.777      2.500
 179   -2     -0.509     -0.828      2.500
 180   -2     -0.507     -0.072      2.500
 181   -2     -0.507      0.493      2.500
 182   -2     -0.504      0.520      2.500
 186   -2     -0.498      0.424      2.500
 183   -2     -0.496      0.810      2.500
 184   -2     -0.496      0.535      2.500
 189   -2     -0.490     -0.190      2.500
 187   -2     -0.491      0.517      2.500
 185   -2     -0.487     -0.070      2.500
 190   -2     -0.486      0.220      2.500
 194   -2     -0.486     -0.200      2.500
 188   -2     -0.484      0.571      2.500
 191   -2     -0.479     -0.563      2.500
 198   -2     -0.475     -0.065      2.500
 197   -2     -0.475     -0.186      2.500
 199   -2     -0.473     -0.229      2.500
 192   -2     -0.473      0.735      2.500
 195   -2     -0.471      0.488      2.500
 202   -2     -0.467      0.122      2.500
 196   -2     -0.461     -0.894      2.500
 201   -2     -0.460      0.477      2.500
 210   -2     -0.457      0.038      2.500
 200   -2     -0.457      0.597      2.500
 213   -2     -0.456     -0.086      2.500
 204   -2     -0.454      0.446      2.500
  -1   -2     -0.452     -0.025      2.500
 206   -2     -0.452      0.403      2.500
 203   -2     -0.451      0.686      2.500
 207   -2     -0.450      0.439      2.500
 211   -2     -0.450      0.375      2.500
 214   -2     -0.449     -0.690      2.500
 212   -2     -0.448      0.396      2.500
 217   -2     -0.448      0.235      2.500
 215   -2     -0.447     -0.467      2.500
 222   -2     -0.446     -0.021      2.500
 221   -2     -0.445     -0.162      2.500
 208   -2     -0.445      0.661      2.500
 223   -2     -0.444      0.102      2.500
 209   -2     -0.444      0.744      2.500
  -1   -2     -0.441     -0.688      2.500
 219   -2     -0.440      0.428      2.500
 225   -2     -0.439      0.086      2.500
 218   -2     -0.436     -0.752      2.500
 224   -2     -0.432     -0.502      2.500
 226   -2     -0.432     -0.899      2.500
 220   -2     -0.432      0.711      2.500
 227   -2     -0.428     -0.471      2.500
 229   -2     -0.428     -0.367      2.500
 233   -2     -0.426     -0.125      2.500
 234   -2     -0.425     -0.118      2.500
 231   -2     -0.425      0.330      2.500
 235   -2     -0.423     -0.246      2.500
 228   -2     -0.423     -0.584      2.500
 232   -2     -0.420     -0.444      2.500
 237   -2     -0.418      0.263      2.500
 230   -2     -0.418      0.610      2.500
 236   -2     -0.411     -0.671      2.500
 239   -2     -0.406     -0.577      2.500
 238   -2     -0.406     -0.705      2.500
 244   -2     -0.405     -0.232      2.500
 245   -2     -0.404     -0.295      2.500
 240   -2     -0.401      0.775      2.500
 241   -2     -0.398     -0.613      2.500
 243   -2     -0.396      0.575      2.500
 248   -2     -0.395      0.327      2.500
 242   -2     -0.395      0.682      2.500
 246   -2     -0.393      0.539      2.500
 247   -2     -0.393      0.525      2.500
 250   -2     -0.388      0.477      2.500
 249   -2     -0.386     -0.688      2.500
 256   -2     -0.383     -0.087      2.500
 258   -2     -0.382     -0.118      2.500
 257   -2     -0.380     -0.294      2.500
 253   -2     -0.379      0.483      2.500
 255   -2     -0.379      0.339      2.500
 251   -2     -0.378      0.654      2.500
 252   -2     -0.377     -0.725      2.500
 261   -2     -0.373      0.066      2.500
 254   -2     -0.373      0.685      2.500
 260   -2     -0.372      0.278      2.500
 263   -2     -0.367     -0.236      2.500
 259   -2     -0.366      0.720      2.500
 262   -2     -0.364     -0.544      2.500
 268   -2     -0.363      0.175      2.500
 270   -2     -0.359      0.063      2.500
 269   -2     -0.358     -0.346      2.500
 266   -2     -0.354     -0.655      2.500
 264   -2     -0.354      0.662      2.500
 265   -2     -0.354      0.640      2.500
 267   -2     -0.352      0.693      2.500
 271   -2     -0.349      0.523      2.500
 279   -2     -0.347     -0.050      2.500
 276   -2     -0.346     -0.377      2.500
 272   -2     -0.347      0.585      2.500
 273   -2     -0.345      0.487      2.500
 277   -2     -0.344      0.213      2.500
 274   -2     -0.344      0.451      2.500
 283   -2     -0.341      0.067      2.500
 284   -2     -0.341      0.029      2.500
 287   -2     -0.337      0.101      2.500
 275   -2     -0.337      0.758      2.500
 289   -2     -0.336     -0.077      2.500
 278   -2     -0.335      0.576      2.500
 290   -2     -0.334      0.079      2.500
 282   -2     -0.333      0.441      2.500
 280   -2     -0.332      0.749      2.500
 288   -2     -0.331     -0.408      2.500
 291   -2     -0.330      0.568      2.500
 293   -2     -0.328     -0.134      2.500
 285   -2     -0.326     -0.766      2.500
 296   -2     -0.325     -0.234      2.500
 286   -2     -0.324     -0.830      2.500
 299   -2     -0.323      0.067      2.500
  -1   -2     -0.321      0.566      2.500
 297   -2     -0.319     -0.451      2.500
 298   -2     -0.318      0.350      2.500
 295   -2     -0.315      0.575      2.500
 300   -2     -0.315      0.170      2.500
 292   -2     -0.315      0.824      2.500
 294   -2     -0.313     -0.896      2.500
 301   -2     -0.311      0.352      2.500
 304   -2     -0.308      0.242      2.500
 302   -2     -0.306     -0.649      2.500
 303   -2     -0.300     -0.811      2.500
 306   -2     -0.297     -0.556      2.500
 305   -2     -0.296      0.821      2.500
 309   -2     -0.294     -0.200      2.500
 307   -2     -0.294      0.427      2.500
 311   -2     -0.288      0.200      2.500
 310   -2     -0.284     -0.642      2.500
 308   -2     -0.282      0.830      2.500
 314   -2     -0.280     -0.513      2.500
 312   -2     -0.278      0.581      2.500
 319   -2     -0.276     -0.004      2.500
 313   -2     -0.276      0.781      2.500
 315   -2     -0.275     -0.756      2.500
 316   -2     -0.275      0.643      2.500
 318   -2     -0.271      0.599      2.500
 317   -2     -0.270      0.763      2.500
 324   -2     -0.270     -0.077      2.500
 320   -2     -0.266      0.459      2.500
 322   -2     -0.265      0.445      2.500
 321   -2     -0.262      0.603      2.500
 323   -2     -0.256      0.791      2.500
 325   -2     -0.253     -0.597      2.500
 330   -2     -0.252     -0.207      2.500
 326   -2     -0.251      0.653      2.500
 327   -2     -0.250     -0.677      2.500
 329   -2     -0.248     -0.483      2.500
 332   -2     -0.247      0.072      2.500
 333   -2     -0.242      0.292      2.500
 328   -2     -0.242      0.786      2.500
 331   -2     -0.239      0.535      2.500
 335   -2     -0.238     -0.081      2.500
 339   -2     -0.235     -0.068      2.500
 334   -2     -0.233     -0.902      2.500
 343   -2     -0.233     -0.134      2.500
 344   -2     -0.233     -0.115      2.500
 338   -2     -0.230      0.349      2.500
 342   -2     -0.230     -0.379      2.500
 345   -2     -0.228     -0.255      2.500
 336   -2     -0.228      0.592      2.500
 337   -2     -0.226     -0.700      2.500
 346   -2     -0.226      0.200      2.500
 348   -2     -0.225     -0.268      2.500
 347   -2     -0.223      0.333      2.500
 340   -2     -0.223      0.627      2.500
 341   -2     -0.222      0.761      2.500
 352   -2     -0.219     -0.127      2.500
 351   -2     -0.218     -0.214      2.500
 355   -2     -0.215      0.254      2.500
 349   -2     -0.214     -0.719      2.500
 353   -2     -0.213     -0.899      2.500
 357   -2     -0.211     -0.340      2.500
 350   -2     -0.211      0.699      2.500
 356   -2     -0.209     -0.496      2.500
 354   -2     -0.207     -0.802      2.500
 360   -2     -0.207      0.362      2.500
 361   -2     -0.205     -0.314      2.500
 363   -2     -0.203     -0.212      2.500
 358   -2     -0.202     -0.747      2.500
 359   -2     -0.201      0.813      2.500
 368   -2     -0.198     -0.064      2.500
 366   -2     -0.198      0.363      2.500
 365   -2     -0.198     -0.485      2.500
 364   -2     -0.197     -0.534      2.500
 362   -2     -0.196      0.543      2.500
 367   -2     -0.192      0.486      2.500
 370   -2     -0.189     -0.325      2.500
 372   -2     -0.189      0.042      2.500
 369   -2     -0.186     -0.520      2.500
 371   -2     -0.180      0.710      2.500
 373   -2     -0.177     -0.544      2.500
 376   -2     -0.175      0.203      2.500
 374   -2     -0.174      0.412      2.500
 378   -2     -0.172     -0.291      2.500
 379   -2     -0.172      0.220      2.500
 375   -2     -0.170      0.662      2.500
 380   -2     -0.168     -0.473      2.500
 377   -2     -0.167      0.488      2.500
 383   -2     -0.157     -0.444      2.500
 381   -2     -0.156     -0.782      2.500
 382   -2     -0.153     -0.809      2.500
 385   -2     -0.152      0.324      2.500
 387   -2     -0.151      0.045      2.500
 384   -2     -0.150      0.772      2.500
 386   -2     -0.148     -0.443      2.500
  -1   -2     -0.146     -0.359      2.500
 389   -2     -0.144     -0.366      2.500
 392   -2     -0.142      0.408      2.500
 388   -2     -0.142      0.819      2.500
 393   -2     -0.140      0.467      2.500
 395   -2     -0.139     -0.412      2.500
 391   -2     -0.138     -0.751      2.500
 394   -2     -0.137      0.533      2.500
 396   -2     -0.135     -0.072      2.500
 397   -2     -0.129      0.390      2.500
 398   -2     -0.124      0.083      2.500
 399   -2     -0.123      0.070      2.500
 402   -2     -0.119      0.222      2.500
 404   -2     -0.118     -0.184      2.500
 401   -2     -0.117      0.516      2.500
 405   -2     -0.116     -0.353      2.500
 400   -2     -0.116      0.802      2.500
 406   -2     -0.115      0.282      2.500
 407   -2     -0.114     -0.164      2.500
 409   -2     -0.112      0.057      2.500
 408   -2     -0.109     -0.528      2.500
 410   -2     -0.107      0.448      2.500
 411   -2     -0.105     -0.221      2.500
 412   -2     -0.103     -0.335      2.500
 414   -2     -0.103     -0.207      2.500
 413   -2     -0.099     -0.610      2.500
 415   -2     -0.097      0.583      2.500
 417   -2     -0.096     -0.447      2.500
 418   -2     -0.096      0.419      2.500
 416   -2     -0.095      0.800      2.500
 419   -2     -0.093     -0.560      2.500
 420   -2     -0.093     -0.511      2.500
 421   -2     -0.088      0.670      2.500
 425   -2     -0.088      0.226      2.500
 422   -2     -0.088      0.613      2.500
 424   -2     -0.086      0.470      2.500
 423   -2     -0.086      0.735      2.500
 426   -2     -0.085     -0.253      2.500
 428   -2     -0.080      0.126      2.500
 427   -2     -0.079     -0.887      2.500
 429   -2     -0.073     -0.146      2.500
 430   -2     -0.072     -0.201      2.500
 432   -2     -0.066      0.079      2.500
 435   -2     -0.063     -0.040      2.500
 436   -2     -0.062     -0.075      2.500
 431   -2     -0.062     -0.681      2.500
 433   -2     -0.061      0.535      2.500
 437   -2     -0.060      0.374      2.500
 434   -2     -0.059      0.615      2.500
 438   -2     -0.057      0.637      2.500
 439   -2     -0.052     -0.771      2.500
 440   -2     -0.051     -0.688      2.500
 442   -2     -0.050     -0.401      2.500
 441   -2     -0.049      0.793      2.500
 443   -2     -0.049     -0.459      2.500
 444   -2     -0.048      0.224      2.500
  -1   -2     -0.046      0.310      2.500
 448   -2     -0.045     -0.352      2.500
 445   -2     -0.045      0.320      2.500
 446   -2     -0.044      0.556      2.500
 449   -2     -0.041     -0.237      2.500
 450   -2     -0.038      0.514      2.500
 451   -2     -0.031     -0.053      2.500
 452   -2     -0.023     -0.446      2.500
 453   -2     -0.021     -0.385      2.500
 454   -2     -0.019     -0.178      2.500
 455   -2     -0.017      0.108      2.500
 456   -2     -0.016     -0.307      2.500
 457   -2     -0.013      0.394      2.500
 458   -2     -0.013     -0.486      2.500
 460   -2     -0.010      0.222      2.500
 459   -2     -0.010      0.745      2.500
 461   -2     -0.009      0.632      2.500
 462   -2     -0.008      0.289      2.500
 463   -2     -0.005     -0.076      2.500
 465   -2     -0.002     -0.327      2.500
 464   -2     -0.002      0.804      2.500
 466   -2     -0.000     -0.005      2.500
 467   -2     -0.000     -0.016      2.500
 468   -2      0.002     -0.785      2.500
 469   -2      0.002     -0.096      2.500
 472   -2      0.004     -0.899      2.500
 473   -2      0.004      0.274      2.500
 470   -2      0.004     -0.608      2.500
 471   -2      0.004     -0.804      2.500
 474   -2      0.005     -0.354      2.500
 475   -2      0.005      0.171      2.500
 477   -2      0.006     -0.437      2.500
 478   -2      0.006     -0.630      2.500
 476   -2      0.007     -0.878      2.500
 479   -2      0.008      0.542      2.500
 480   -2      0.011     -0.511      2.500
 481   -2      0.012      0.092      2.500
 483   -2      0.016     -0.770      2.500
 482   -2      0.016      0.339      2.500
 484   -2      0.016      0.201      2.500
 486   -2      0.017      0.008      2.500
 485   -2      0.017      0.731      2.500
 487   -2      0.018     -0.352      2.500
 488   -2      0.019      0.543      2.500
 489   -2      0.020      0.112      2.500
 490   -2      0.020     -0.690      2.500
 491   -2      0.022     -0.212      2.500
 493   -2      0.022      0.630      2.500
 492   -2      0.022     -0.418      2.500
 494   -2      0.023      0.771      2.500
 495   -2      0.024      0.031      2.500
 496   -2      0.027      0.052      2.500
 497   -2      0.028     -0.516      2.500
 498   -2      0.030     -0.032      2.500
 499   -2      0.030      0.434      2.500
 500   -2      0.030     -0.396      2.500
 501   -2      0.030     -0.327      2.500
 503   -2      0.033     -0.568      2.500
 502   -2      0.033     -0.354      2.500
 504   -2      0.033      0.805      2.500
 506   -2      0.036     -0.481      2.500
 507   -2      0.036     -0.505      2.500
  -1   -2      0.036     -0.392      2.500
 508   -2      0.040      0.122      2.500
 509   -2      0.052      0.585      2.500
 510   -2      0.055      0.518      2.500
 511   -2      0.055     -0.574      2.500
 512   -2      0.057     -0.301      2.500
 514   -2      0.058      0.331      2.500
 513   -2      0.059     -0.013      2.500
 515   -2      0.059      0.507      2.500
 516   -2      0.061     -0.556      2.500
 517   -2      0.063     -0.190      2.500
 518   -2      0.065      0.111      2.500
 519   -2      0.070     -0.859      2.500
 521   -2      0.073      0.347      2.500
 520   -2      0.074     -0.265      2.500
 522   -2      0.078     -0.655      2.500
 523   -2      0.081     -0.005      2.500
 527   -2      0.083      0.686      2.500
 524   -2      0.084     -0.114      2.500
 528   -2      0.085     -0.808      2.500
 525   -2      0.086     -0.168      2.500
 526   -2      0.086     -0.100      2.500
 529   -2      0.087     -0.550      2.500
 532   -2      0.089     -0.865      2.500
 533   -2      0.090      0.767      2.500
 534   -2      0.091     -0.730      2.500
 531   -2      0.092     -0.381      2.500
 530   -2      0.092      0.040      2.500
 535   -2      0.093      0.545      2.500
 536   -2      0.097      0.189      2.500
 540   -2      0.100     -0.783      2.500
 539   -2      0.100      0.482      2.500
 537   -2      0.101     -0.169      2.500
 538   -2      0.102      0.016      2.500
 541   -2      0.106     -0.313      2.500
 542   -2      0.107      0.466      2.500
 545   -2      0.107     -0.860      2.500
 543   -2      0.111      0.066      2.500
 544   -2      0.111      0.161      2.500
 546   -2      0.112     -0.477      2.500
 547   -2      0.114      0.651      2.500
 548   -2      0.114     -0.756      2.500
 549   -2      0.116     -0.868      2.500
 550   -2      0.116      0.777      2.500
 552   -2      0.120     -0.875      2.500
 551   -2      0.122      0.211      2.500
 553   -2      0.122     -0.750      2.500
 554   -2      0.124     -0.811      2.500
 555   -2      0.130     -0.041      2.500
 556   -2      0.131      0.553      2.500
 558   -2      0.134      0.698      2.500
 557   -2      0.134      0.592      2.500
 560   -2      0.139      0.688      2.500
 561   -2      0.141     -0.827      2.500
 559   -2      0.142     -0.305      2.500
 564   -2      0.147     -0.521      2.500
 562   -2      0.149     -0.232      2.500
 563   -2      0.149     -0.322      2.500
 566   -2      0.150      0.333      2.500
 565   -2      0.150     -0.406      2.500
 568   -2      0.151     -0.820      2.500
 571   -2      0.155      0.786      2.500
 569   -2      0.156     -0.441      2.500
 567   -2      0.157     -0.008      2.500
 572   -2      0.157      0.654      2.500
 570   -2      0.161      0.097      2.500
 573   -2      0.165     -0.386      2.500
 574   -2      0.168      0.079      2.500
 575   -2      0.171      0.095      2.500
 576   -2      0.172     -0.374      2.500
 577   -2      0.179     -0.537      2.500
 579   -2      0.180      0.807      2.500
 578   -2      0.183      0.151      2.500
 580   -2      0.186      0.343      2.500
 582   -2      0.190      0.475      2.500
 581   -2      0.195     -0.008      2.500
 583   -2      0.196     -0.156      2.500
 584   -2      0.198     -0.076      2.500
  -1   -2      0.199     -0.390      2.500
 589   -2      0.200      0.508      2.500
 587   -2      0.201     -0.399      2.500
 585   -2      0.201     -0.173      2.500
 588   -2      0.205      0.011      2.500
 590   -2      0.207      0.284      2.500
 598   -2      0.208     -0.869      2.500
 596   -2      0.208     -0.712      2.500
 591   -2      0.211      0.140      2.500
 601   -2      0.211      0.711      2.500
 600   -2      0.212     -0.749      2.500
 593   -2      0.212      0.194      2.500
 592   -2      0.213     -0.075      2.500
 594   -2      0.213      0.222      2.500
 602   -2      0.214      0.602      2.500
 597   -2      0.215     -0.356      2.500
 595   -2      0.215     -0.164      2.500
 603   -2      0.217      0.451      2.500
 605   -2      0.218      0.554      2.500
 599   -2      0.219     -0.031      2.500
 604   -2      0.220      0.372      2.500
 606   -2      0.221     -0.507      2.500
 608   -2      0.222     -0.898      2.500
 607   -2      0.224     -0.376      2.500
 613   -2      0.224     -0.703      2.500
 611   -2      0.227     -0.410      2.500
 610   -2      0.227     -0.361      2.500
 612   -2      0.228     -0.479      2.500
 614   -2      0.229      0.489      2.500
 609   -2      0.229     -0.001      2.500
 615   -2      0.230     -0.753      2.500
 616   -2      0.234     -0.695      2.500
 618   -2      0.242      0.370      2.500
 617   -2      0.245     -0.182      2.500
 619   -2      0.251      0.037      2.500
 622   -2      0.252     -0.495      2.500
 620   -2      0.252      0.227      2.500
 624   -2      0.252      0.699      2.500
 621   -2      0.254      0.153      2.500
 630   -2      0.257     -0.902      2.500
 623   -2      0.259     -0.004      2.500
 629   -2      0.260     -0.621      2.500
 627   -2      0.261     -0.439      2.500
 632   -2      0.263     -0.715      2.500
 626   -2      0.263     -0.288      2.500
 625   -2      0.264     -0.063      2.500
 633   -2      0.265      0.633      2.500
 628   -2      0.266     -0.251      2.500
 631   -2      0.272     -0.051      2.500
 636   -2      0.274      0.704      2.500
 637   -2      0.274     -0.863      2.500
 634   -2      0.276     -0.149      2.500
 638   -2      0.279      0.541      2.500
 639   -2      0.279     -0.710      2.500
  -1   -2      0.280      0.650      2.500
 645   -2      0.282     -0.891      2.500
 635   -2      0.283      0.013      2.500
 641   -2      0.284      0.460      2.500
 644   -2      0.286     -0.561      2.500
 649   -2      0.289      0.653      2.500
 646   -2      0.290     -0.449      2.500
 643   -2      0.290      0.242      2.500
 642   -2      0.292      0.065      2.500
 648   -2      0.293      0.408      2.500
 647   -2      0.297     -0.193      2.500
 652   -2      0.300      0.353      2.500
 654   -2      0.301      0.687      2.500
 650   -2      0.301      0.183      2.500
 655   -2      0.304     -0.660      2.500
 651   -2      0.304      0.087      2.500
 653   -2      0.311      0.076      2.500
 660   -2      0.318     -0.529      2.500
 656   -2      0.318     -0.145      2.500
 662   -2      0.319      0.475      2.500
 666   -2      0.319     -0.809      2.500
 658   -2      0.320     -0.300      2.500
 657   -2      0.321      0.017      2.500
 661   -2      0.322      0.305      2.500
 659   -2      0.322     -0.341      2.500
 667   -2      0.323      0.615      2.500
 664   -2      0.324      0.429      2.500
 668   -2      0.324      0.824      2.500
 670   -2      0.325     -0.888      2.500
 665   -2      0.327      0.319      2.500
 672   -2      0.327      0.784      2.500
 663   -2      0.329      0.011      2.500
 673   -2      0.330     -0.681      2.500
 679   -2      0.332     -0.743      2.500
 678   -2      0.333     -0.666      2.500
 680   -2      0.335     -0.625      2.500
 687   -2      0.337      0.674      2.500
 676   -2      0.338      0.348      2.500
 669   -2      0.339     -0.104      2.500
 685   -2      0.340     -0.596      2.500
 682   -2      0.340     -0.509      2.500
 671   -2      0.340     -0.189      2.500
 688   -2      0.341      0.712      2.500
 684   -2      0.342     -0.494      2.500
 674   -2      0.342      0.051      2.500
 675   -2      0.343     -0.010      2.500
 681   -2      0.343     -0.386      2.500
 677   -2      0.344      0.098      2.500
 686   -2      0.346      0.245      2.500
 690   -2      0.347     -0.650      2.500
 683   -2      0.349     -0.119      2.500
 691   -2      0.349     -0.696      2.500
 689   -2      0.353     -0.353      2.500
 692   -2      0.358      0.348      2.500
 693   -2      0.366      0.337      2.500
 700   -2      0.371      0.655      2.500
 694   -2      0.372     -0.116      2.500
 701   -2      0.373      0.552      2.500
 695   -2      0.375     -0.220      2.500
 696   -2      0.380     -0.036      2.500
 697   -2      0.380      0.171      2.500
 699   -2      0.382     -0.244      2.500
 698   -2      0.384     -0.054      2.500
 703   -2      0.384      0.313      2.500
 704   -2      0.386      0.383      2.500
 702   -2      0.387     -0.282      2.500
 705   -2      0.392     -0.401      2.500
 708   -2      0.397      0.501      2.500
 706   -2      0.398      0.240      2.500
 707   -2      0.398      0.352      2.500
 709   -2      0.402     -0.651      2.500
 710   -2      0.404     -0.642      2.500
 711   -2      0.408      0.612      2.500
 716   -2      0.413     -0.767      2.500
 718   -2      0.414      0.775      2.500
 722   -2      0.415     -0.835      2.500
 721   -2      0.416      0.763      2.500
 712   -2      0.418      0.282      2.500
 717   -2      0.423      0.315      2.500
 714   -2      0.424      0.146      2.500
 715   -2      0.425      0.086      2.500
 713   -2      0.426     -0.102      2.500
 720   -2      0.427     -0.362      2.500
 724   -2      0.428     -0.497      2.500
 723   -2      0.429     -0.269      2.500
 719   -2      0.430      0.046      2.500
 726   -2      0.431      0.335      2.500
 725   -2      0.431     -0.421      2.500
 731   -2      0.436      0.724      2.500
 728   -2      0.439     -0.898      2.500
 734   -2      0.439     -0.738      2.500
 727   -2      0.442      0.110      2.500
 733   -2      0.444      0.420      2.500
 735   -2      0.444      0.544      2.500
 729   -2      0.447      0.090      2.500
 741   -2      0.447      0.711      2.500
 738   -2      0.449     -0.640      2.500
 737   -2      0.451     -0.547      2.500
 730   -2      0.451     -0.004      2.500
 732   -2      0.451     -0.177      2.500
 736   -2      0.458     -0.014      2.500
 742   -2      0.460      0.226      2.500
 743   -2      0.460      0.463      2.500
 744   -2      0.462      0.487      2.500
 739   -2      0.462      0.047      2.500
 740   -2      0.462      0.078      2.500
 747   -2      0.463     -0.731      2.500
 746   -2      0.464     -0.612      2.500
 749   -2      0.469      0.512      2.500
 745   -2      0.474      0.026      2.500
 751   -2      0.478     -0.553      2.500
 748   -2      0.478      0.034      2.500
 750   -2      0.481     -0.032      2.500
 755   -2      0.482     -0.834      2.500
 752   -2      0.486     -0.516      2.500
 754   -2      0.489      0.344      2.500
 753   -2      0.489      0.322      2.500
 759   -2      0.491     -0.840      2.500
 756   -2      0.498     -0.414      2.500
 761   -2      0.500      0.749      2.500
 762   -2      0.499     -0.829      2.500
 757   -2      0.501      0.237      2.500
 758   -2      0.504      0.083      2.500
 763   -2      0.507     -0.545      2.500
 760   -2      0.508     -0.206      2.500
 766   -2      0.513      0.550      2.500
 768   -2      0.513      0.571      2.500
 771   -2      0.516      0.630      2.500
 773   -2      0.517      0.791      2.500
 770   -2      0.520     -0.545      2.500
 765   -2      0.521     -0.185      2.500
 764   -2      0.521      0.005      2.500
 779   -2      0.523      0.688      2.500
 774   -2      0.523     -0.539      2.500
 781   -2      0.525      0.636      2.500
 767   -2      0.525     -0.138      2.500
 777   -2      0.526     -0.577      2.500
 769   -2      0.527      0.130      2.500
 772   -2      0.529     -0.278      2.500
 784   -2      0.529     -0.622      2.500
 783   -2      0.529     -0.602      2.500
 780   -2      0.530     -0.490      2.500
 775   -2      0.531     -0.334      2.500
 778   -2      0.533      0.246      2.500
 787   -2      0.534      0.804      2.500
 776   -2      0.535     -0.182      2.500
 782   -2      0.535     -0.406      2.500
 785   -2      0.539      0.374      2.500
 792   -2      0.542     -0.843      2.500
 791   -2      0.544     -0.706      2.500
 786   -2      0.546      0.088      2.500
 793   -2      0.549      0.535      2.500
 788   -2      0.552     -0.104      2.500
 794   -2      0.553     -0.589      2.500
 790   -2      0.554     -0.000      2.500
 789   -2      0.554      0.010      2.500
 797   -2      0.556      0.604      2.500
 795   -2      0.556      0.405      2.500
 796   -2      0.559      0.416      2.500
 800   -2      0.568      0.648      2.500
 802   -2      0.568     -0.859      2.500
 798   -2      0.570     -0.109      2.500
 799   -2      0.574     -0.154      2.500
 804   -2      0.574      0.679      2.500
 807   -2      0.576      0.720      2.500
 808   -2      0.576     -0.816      2.500
 801   -2      0.578      0.309      2.500
 810   -2      0.582     -0.730      2.500
 803   -2      0.583      0.210      2.500
 813   -2      0.584     -0.826      2.500
 812   -2      0.585     -0.676      2.500
 814   -2      0.588      0.594      2.500
 806   -2      0.588     -0.166      2.500
 805   -2      0.588     -0.010      2.500
 815   -2      0.590     -0.615      2.500
 809   -2      0.592      0.032      2.500
 811   -2      0.592      0.265      2.500
 819   -2      0.594      0.743      2.500
 821   -2      0.596     -0.799      2.500
 822   -2      0.600      0.685      2.500
 816   -2      0.604      0.184      2.500
 826   -2      0.605      0.655      2.500
 818   -2      0.606      0.193      2.500
 817   -2      0.606     -0.221      2.500
 820   -2      0.609     -0.031      2.500
 824   -2      0.609     -0.417      2.500
 830   -2      0.609      0.762      2.500
 829   -2      0.610      0.573      2.500
 827   -2      0.610      0.406      2.500
 831   -2      0.612     -0.703      2.500
 823   -2      0.613     -0.170      2.500
 833   -2      0.613     -0.826      2.500
 825   -2      0.615     -0.158      2.500
 835   -2      0.616     -0.869      2.500
 834   -2      0.617     -0.713      2.500
 828   -2      0.620     -0.015      2.500
 832   -2      0.625      0.088      2.500
 836   -2      0.625     -0.828      2.500
 839   -2      0.631     -0.786      2.500
 840   -2      0.640     -0.505      2.500
 837   -2      0.641     -0.137      2.500
 838   -2      0.644      0.060      2.500
 841   -2      0.644      0.473      2.500
 844   -2      0.648      0.659      2.500
 842   -2      0.648      0.493      2.500
 845   -2      0.652      0.471      2.500
 849   -2      0.653     -0.779      2.500
 846   -2      0.655      0.441      2.500
 850   -2      0.656      0.724      2.500
 843   -2      0.655      0.176      2.500
 847   -2      0.657     -0.898      2.500
 855   -2      0.661     -0.874      2.500
 856   -2      0.666      0.822      2.500
 851   -2      0.666     -0.367      2.500
 852   -2      0.668     -0.296      2.500
  -1   -2      0.671     -0.370      2.500
 853   -2      0.671     -0.261      2.500
 860   -2      0.672     -0.902      2.500
 857   -2      0.676      0.273      2.500
 864   -2      0.677      0.759      2.500
 863   -2      0.677      0.639      2.500
  -1   -2      0.680     -0.697      2.500
 858   -2      0.681      0.018      2.500
 862   -2      0.682     -0.408      2.500
 859   -2      0.683     -0.146      2.500
 869   -2      0.684      0.781      2.500
 867   -2      0.684     -0.587      2.500
 861   -2      0.684     -0.241      2.500
 865   -2      0.684     -0.689      2.500
 866   -2      0.691      0.029      2.500
 870   -2      0.693      0.344      2.500
 872   -2      0.693     -0.782      2.500
 873   -2      0.694      0.708      2.500
 871   -2      0.694     -0.529      2.500
 875   -2      0.705      0.771      2.500
 874   -2      0.712     -0.115      2.500
 876   -2      0.711     -0.903      2.500
 877   -2      0.715      0.808      2.500
 880   -2      0.721     -0.543      2.500
 882   -2      0.722      0.589      2.500
 878   -2      0.724     -0.235      2.500
 884   -2      0.724      0.516      2.500
 879   -2      0.726      0.033      2.500
 885   -2      0.728      0.533      2.500
 881   -2      0.728     -0.181      2.500
 886   -2      0.730      0.478      2.500
 883   -2      0.731     -0.097      2.500
 888   -2      0.731      0.608      2.500
 890   -2      0.733      0.648      2.500
 891   -2      0.733      0.684      2.500
 892   -2      0.734      0.747      2.500
 887   -2      0.734      0.248      2.500
 896   -2      0.736      0.775      2.500
 889   -2      0.738      0.174      2.500
 895   -2      0.737     -0.612      2.500
 898   -2      0.742     -0.797      2.500
 893   -2      0.743      0.042      2.500
 897   -2      0.744      0.559      2.500
 894   -2      0.744      0.025      2.500
 899   -2      0.745     -0.593      2.500
 900   -2      0.749      0.294      2.500
 901   -2      0.751     -0.501      2.500
 902   -2      0.752     -0.458      2.500
 903   -2      0.755     -0.290      2.500
  -1   -2      0.756      0.666      2.500
 905   -2      0.762     -0.323      2.500
 904   -2      0.763      0.008      2.500
 908   -2      0.763      0.455      2.500
 906   -2      0.764      0.661      2.500
 907   -2      0.766      0.145      2.500
 909   -2      0.769     -0.259      2.500
 913   -2      0.772      0.276      2.500
 911   -2      0.772     -0.219      2.500
 912   -2      0.773      0.133      2.500
 915   -2      0.774      0.427      2.500
 916   -2      0.774     -0.608      2.500
 914   -2      0.775      0.105      2.500
 919   -2      0.775     -0.753      2.500
 918   -2      0.777      0.330      2.500
  -1   -2      0.777      0.342      2.500
 920   -2      0.780     -0.544      2.500
 921   -2      0.782      0.763      2.500
 923   -2      0.784      0.614      2.500
 925   -2      0.784     -0.744      2.500
 922   -2      0.787     -0.275      2.500
 926   -2      0.789      0.651      2.500
 924   -2      0.790      0.076      2.500
 927   -2      0.795     -0.175      2.500
 929   -2      0.797     -0.749      2.500
 928   -2      0.798      0.145      2.500
 930   -2      0.800      0.595      2.500
 931   -2      0.801      0.441      2.500
 932   -2      0.806      0.093      2.500
 935   -2      0.807     -0.710      2.500
 934   -2      0.807     -0.632      2.500
 933   -2      0.808     -0.383      2.500
 939   -2      0.811     -0.874      2.500
 937   -2      0.812     -0.308      2.500
 936   -2      0.813     -0.131      2.500
 938   -2      0.814      0.280      2.500
 943   -2      0.814     -0.881      2.500
 941   -2      0.815      0.506      2.500
 942   -2      0.816      0.339      2.500
 944   -2      0.816     -0.857      2.500
 940   -2      0.818      0.038      2.500
 945   -2      0.819     -0.762      2.500
 946   -2      0.824     -0.401      2.500
 950   -2      0.827     -0.627      2.500
 951   -2      0.828      0.383      2.500
 952   -2      0.827     -0.893      2.500
 947   -2      0.828     -0.116      2.500
  -1   -2      0.829      0.393      2.500
 948   -2      0.829      0.017      2.500
 955   -2      0.842      0.559      2.500
 953   -2      0.842     -0.058      2.500
 954   -2      0.842      0.003      2.500
 957   -2      0.845      0.370      2.500
 956   -2      0.845      0.020      2.500
 958   -2      0.846     -0.536      2.500
 959   -2      0.846     -0.685      2.500
 960   -2      0.853     -0.042      2.500
 961   -2      0.855      0.224      2.500
 962   -2      0.856      0.373      2.500
 963   -2      0.860     -0.375      2.500
 964   -2      0.861      0.799      2.500
 965   -2      0.863      0.771      2.500
 966   -2      0.864      0.552      2.500
 968   -2      0.865     -0.503      2.500
 970   -2      0.866     -0.835      2.500
 967   -2      0.866     -0.078      2.500
 971   -2      0.869      0.713      2.500
 969   -2      0.869     -0.186      2.500
 972   -2      0.870     -0.461      2.500
 973   -2      0.873      0.033      2.500
 975   -2      0.873     -0.669      2.500
 974   -2      0.874      0.084      2.500
 976   -2      0.874     -0.898      2.500
 977   -2      0.876     -0.093      2.500
 978   -2      0.878     -0.764      2.500
 980   -2      0.880      0.752      2.500
 979   -2      0.881     -0.305      2.500
 981   -2      0.883     -0.727      2.500
 982   -2      0.887      0.319      2.500
 984   -2      0.887      0.528      2.500
 983   -2      0.888     -0.245      2.500
 985   -2      0.891     -0.845      2.500
 986   -2      0.894      0.830      2.500
 987   -2      0.895      0.683      2.500
 989   -2      0.895     -0.808      2.500
 988   -2      0.896      0.499      2.500
 990   -2      0.896     -0.605      2.500
 991   -2      0.898      0.702      2.500
 992   -2      0.899      0.634      2.500
  -1   -2      0.908      0.448      2.500
 993   -2      0.910      0.438      2.500
 995   -2      0.911     -0.660      2.500
 996   -2      0.912     -0.460      2.500
 997   -2      0.913     -0.314      2.500
