993
   0   -2     -0.823      0.446      2.500
   1    0     -0.820     -0.138      2.500
  -1   -2     -0.820      0.589      2.500
   4    1     -0.819      0.581      2.500
   3    3     -0.818     -0.662      2.500
   5    4     -0.816     -0.209      2.500
   6    5     -0.815     -0.080      2.500
   7    7     -0.815      0.356      2.500
   9    9     -0.814     -0.734      2.500
  11    8     -0.814     -0.516      2.500
  10   10     -0.814     -0.298      2.500
   8   11     -0.814      0.138      2.500
  -1   12     -0.814      0.574      2.500
  12   13     -0.812     -0.254      2.500
  13   14     -0.808      0.154      2.500
  14   15     -0.807      0.791      2.500
  15   17     -0.805     -0.889      2.500
  16   16     -0.803     -0.181      2.500
  17   19     -0.802      0.520      2.500
  18   18     -0.801      0.416      2.500
  19   20     -0.797     -0.055      2.500
  20   21     -0.798      0.242      2.500
  21   22     -0.797     -0.186      2.500
  22   23     -0.796      0.222      2.500
  24   24     -0.792     -0.389      2.500
  23   25     -0.792      0.658      2.500
  25   26     -0.790      0.431      2.500
  27   27     -0.788     -0.123      2.500
  28   28     -0.787     -0.202      2.500
  29   29     -0.785     -0.363      2.500
  26   31     -0.785     -0.841      2.500
  30   30     -0.783     -0.559      2.500
  31   33     -0.782      0.547      2.500
  33   32     -0.781      0.095      2.500
  32   34     -0.779     -0.601      2.500
  34   36     -0.776     -0.842      2.500
  36   35     -0.776      0.410      2.500
  35   37     -0.774     -0.633      2.500
  37   41     -0.772      0.771      2.500
  38   40     -0.771      0.592      2.500
  39   38     -0.771      0.029      2.500
  41   39     -0.768      0.091      2.500
  40   42     -0.768      0.278      2.500
  42   43     -0.766     -0.248      2.500
  43   44     -0.765      0.329      2.500
  44   45     -0.760      0.192      2.500
  46   46     -0.760      0.106      2.500
  45   48     -0.758      0.492      2.500
  47   47     -0.757      0.239      2.500
  48   50     -0.751     -0.827      2.500
  50   49     -0.747     -0.167      2.500
  49   53     -0.743      0.752      2.500
  51   52     -0.740     -0.589      2.500
  53   51     -0.740     -0.440      2.500
  52   55     -0.739      0.481      2.500
  54   56     -0.736      0.466      2.500
  55   54     -0.736     -0.199      2.500
  56   58     -0.732     -0.556      2.500
  57   57     -0.732      0.290      2.500
  60   59     -0.728     -0.220      2.500
  61   60     -0.726      0.342      2.500
  59   62     -0.725      0.640      2.500
  62   61     -0.724     -0.413      2.500
  58   66     -0.724     -0.780      2.500
  63   68     -0.721     -0.630      2.500
  65   67     -0.720      0.404      2.500
  64   71     -0.720     -0.742      2.500
  69   63     -0.719      0.087      2.500
  66   70     -0.719      0.441      2.500
  71   64     -0.719      0.017      2.500
  72   65     -0.718     -0.066      2.500
  73   69     -0.716     -0.288      2.500
  67   74     -0.714     -0.831      2.500
  74   72     -0.713     -0.172      2.500
  68   76     -0.712     -0.898      2.500
  70   75     -0.713      0.681      2.500
  76   73     -0.712     -0.239      2.500
  75   80     -0.705     -0.777      2.500
  77   82     -0.705      0.716      2.500
  80   77     -0.703     -0.013      2.500
  78   83     -0.701     -0.629      2.500
  84   78     -0.700     -0.141      2.500
  85   81     -0.699      0.111      2.500
  86   79     -0.699     -0.046      2.500
  79   -2     -0.699      0.533      2.500
  83   87     -0.696      0.471      2.500
  82   86     -0.696      0.528      2.500
  87   84     -0.694     -0.110      2.500
  88   85     -0.694      0.057      2.500
  81   92     -0.692     -0.846      2.500
  90   88     -0.689      0.172      2.500
  89   91     -0.688     -0.474      2.500
  91   89     -0.687     -0.091      2.500
  92   90     -0.686     -0.174      2.500
  93   93     -0.684     -0.294      2.500
  95   94     -0.679      0.069      2.500
  96   95     -0.679      0.139      2.500
  94   96     -0.677      0.500      2.500
 100   97     -0.669      0.161      2.500
  99   99     -0.667      0.387      2.500
 101   98     -0.666     -0.180      2.500
  97  102     -0.665     -0.874      2.500
  98  103     -0.663     -0.751      2.500
 102  101     -0.659      0.251      2.500
 103  100     -0.658     -0.304      2.500
 105  104     -0.653      0.357      2.500
 106  107     -0.649     -0.899      2.500
 104  110     -0.649     -0.785      2.500
 108  105     -0.649      0.047      2.500
 110  106     -0.648     -0.043      2.500
 107  108     -0.648      0.414      2.500
 111  109     -0.644     -0.361      2.500
 109  112     -0.641      0.557      2.500
 115  111     -0.637     -0.230      2.500
 114  113     -0.635     -0.369      2.500
 112  114     -0.635      0.634      2.500
 116  116     -0.631     -0.530      2.500
 117  115     -0.632      0.403      2.500
 113  118     -0.630     -0.732      2.500
 118  120     -0.625      0.425      2.500
 123  117     -0.620     -0.079      2.500
 122  119     -0.619     -0.180      2.500
 119  124     -0.615     -0.807      2.500
 126  121     -0.615     -0.268      2.500
 120  126     -0.612     -0.759      2.500
 121  127     -0.613      0.762      2.500
 124  123     -0.611      0.389      2.500
 125  125     -0.610      0.421      2.500
 127  122     -0.609     -0.242      2.500
 129  129     -0.603      0.327      2.500
 130  130     -0.601     -0.423      2.500
 136  128     -0.601      0.054      2.500
 132  131     -0.600     -0.396      2.500
 131  133     -0.600      0.366      2.500
 133  134     -0.598     -0.443      2.500
 128  137     -0.598      0.801      2.500
 134  135     -0.597     -0.470      2.500
 138  132     -0.596      0.027      2.500
 135  140     -0.592     -0.666      2.500
 137  141     -0.592      0.532      2.500
 140  136     -0.591     -0.177      2.500
 139  138     -0.589      0.323      2.500
 141  139     -0.587      0.234      2.500
 146  142     -0.580      0.121      2.500
 143  146     -0.578     -0.627      2.500
 145  145     -0.576     -0.487      2.500
 148  143     -0.576     -0.229      2.500
 144  149     -0.576      0.717      2.500
 142  150     -0.574     -0.892      2.500
 147  147     -0.573      0.373      2.500
 149  144     -0.572     -0.277      2.500
 150  148     -0.566     -0.387      2.500
 155  151     -0.558     -0.214      2.500
 154  152     -0.557      0.200      2.500
 152  153     -0.556      0.397      2.500
 151  157     -0.553      0.732      2.500
 153  161     -0.549      0.665      2.500
 157  155     -0.549      0.471      2.500
 156  158     -0.549      0.530      2.500
 158  159     -0.547      0.488      2.500
 163  160     -0.542     -0.453      2.500
 165  156     -0.542     -0.316      2.500
 167  154     -0.541     -0.186      2.500
 161  162     -0.542      0.442      2.500
 159  168     -0.539      0.639      2.500
 160  169     -0.537      0.696      2.500
 164  167     -0.536      0.472      2.500
 162  170     -0.536     -0.734      2.500
 168  163     -0.536     -0.376      2.500
 166  172     -0.533      0.566      2.500
 170  164     -0.532      0.107      2.500
 174  165     -0.528     -0.012      2.500
 173  166     -0.528     -0.226      2.500
 169  175     -0.527     -0.667      2.500
 175  171     -0.525      0.159      2.500
  -1   -2     -0.520     -0.666      2.500
 176  174     -0.520      0.083      2.500
 177  173     -0.520      0.007      2.500
 179  176     -0.516     -0.206      2.500
 172  180     -0.516      0.772      2.500
 184  177     -0.510     -0.011      2.500
 178  181     -0.509      0.452      2.500
 180  179     -0.508      0.379      2.500
 182  183     -0.504     -0.530      2.500
 181  185     -0.503      0.592      2.500
 187  182     -0.499      0.136      2.500
 183  187     -0.499      0.673      2.500
 186  186     -0.495      0.446      2.500
 188  184     -0.494     -0.406      2.500
 185  189     -0.494     -0.694      2.500
 189  194     -0.486     -0.660      2.500
 195  190     -0.483      0.178      2.500
 199  188     -0.483     -0.110      2.500
 196  193     -0.482      0.229      2.500
 201  191     -0.479     -0.018      2.500
 190  197     -0.479      0.682      2.500
 202  192     -0.478      0.013      2.500
 191  198     -0.479      0.719      2.500
 194  196     -0.477      0.419      2.500
 192  200     -0.477      0.649      2.500
 204  195     -0.474     -0.086      2.500
 193  203     -0.472     -0.723      2.500
 197  202     -0.473      0.566      2.500
 200  201     -0.471      0.414      2.500
 198  204     -0.470     -0.685      2.500
 205  206     -0.463     -0.574      2.500
 214  199     -0.463     -0.160      2.500
 203  210     -0.460      0.694      2.500
 209  208     -0.458      0.408      2.500
 210  207     -0.458      0.380      2.500
 208  209     -0.458      0.532      2.500
 206  212     -0.457      0.663      2.500
 218  205     -0.456     -0.204      2.500
 207  215     -0.455      0.761      2.500
 213  213     -0.453     -0.610      2.500
 215  214     -0.452      0.519      2.500
 217  211     -0.452      0.375      2.500
 211  217     -0.451      0.643      2.500
 212  219     -0.449      0.753      2.500
 219  218     -0.445     -0.574      2.500
 216  223     -0.444     -0.831      2.500
 220  216     -0.445      0.356      2.500
 224  222     -0.437     -0.494      2.500
 226  224     -0.435     -0.456      2.500
 222  229     -0.435      0.828      2.500
 223  230     -0.433     -0.773      2.500
 227  227     -0.431      0.476      2.500
 233  220     -0.430     -0.187      2.500
 234  221     -0.429     -0.063      2.500
 225  232     -0.429      0.592      2.500
 228  233     -0.427     -0.665      2.500
 230  234     -0.425      0.485      2.500
 238  226     -0.423     -0.026      2.500
 239  231     -0.420      0.202      2.500
 236  236     -0.419     -0.468      2.500
 231  239     -0.416      0.826      2.500
 235  238     -0.416      0.588      2.500
 232  240     -0.415     -0.818      2.500
 241  235     -0.414     -0.106      2.500
 237  241     -0.411      0.535      2.500
 240  243     -0.408      0.582      2.500
  -1  245     -0.404     -0.075      2.500
 243  242     -0.403      0.327      2.500
 246  244     -0.400     -0.447      2.500
  -1   -2     -0.399      0.584      2.500
 247  249     -0.395      0.504      2.500
 245  252     -0.395      0.594      2.500
 244  254     -0.394      0.788      2.500
 249  250     -0.393     -0.562      2.500
 248  258     -0.390     -0.074      2.500
 251  248     -0.389      0.230      2.500
 257  246     -0.387     -0.188      2.500
 250  261     -0.386      0.772      2.500
 259  251     -0.383     -0.197      2.500
 255  260     -0.380      0.471      2.500
 254  264     -0.377     -0.676      2.500
 262  255     -0.377     -0.228      2.500
 260  256     -0.377     -0.374      2.500
 253  265     -0.375     -0.776      2.500
 261  262     -0.375      0.338      2.500
 265  257     -0.373      0.118      2.500
 256  268     -0.372      0.797      2.500
 264  263     -0.371      0.268      2.500
 258  270     -0.371      0.665      2.500
 269  259     -0.370     -0.186      2.500
 252   -2     -0.370     -0.072      2.500
 266  266     -0.366      0.356      2.500
 263  269     -0.366      0.467      2.500
 267  273     -0.359      0.610      2.500
 276  267     -0.358     -0.068      2.500
 270  274     -0.356      0.628      2.500
 268  277     -0.356      0.793      2.500
 272  276     -0.351     -0.677      2.500
 278  271     -0.348      0.037      2.500
 274  281     -0.347      0.634      2.500
 277  272     -0.346      0.104      2.500
 273  286     -0.345     -0.904      2.500
 275  283     -0.346      0.679      2.500
 283  275     -0.340     -0.089      2.500
 284  278     -0.338      0.089      2.500
 285  279     -0.337     -0.168      2.500
  -1   -2     -0.336     -0.026      2.500
 281  285     -0.336      0.301      2.500
 279  288     -0.334     -0.599      2.500
 287  282     -0.334     -0.258      2.500
 290  284     -0.331     -0.021      2.500
 289  287     -0.330     -0.313      2.500
 280  290     -0.329      0.773      2.500
 282  291     -0.326     -0.717      2.500
 288  292     -0.323      0.471      2.500
 291  295     -0.316      0.391      2.500
 303  294     -0.314     -0.248      2.500
 304  289     -0.313     -0.132      2.500
 306  293     -0.313     -0.125      2.500
 295  297     -0.312     -0.496      2.500
 300  300     -0.310      0.396      2.500
 308  296     -0.309     -0.320      2.500
 292  303     -0.309      0.663      2.500
 305  299     -0.307     -0.415      2.500
 293  305     -0.308      0.724      2.500
 310  298     -0.307     -0.379      2.500
 299  302     -0.307      0.509      2.500
 307  301     -0.306     -0.451      2.500
 296  307     -0.306     -0.742      2.500
 297  306     -0.306      0.634      2.500
 294  311     -0.306      0.820      2.500
 301  304     -0.305     -0.649      2.500
 298  312     -0.304     -0.826      2.500
 302  309     -0.304      0.583      2.500
 311  308     -0.301     -0.567      2.500
 309  310     -0.301      0.498      2.500
 312  315     -0.296     -0.760      2.500
 314  313     -0.292      0.202      2.500
 313  317     -0.288     -0.785      2.500
 315  314     -0.288      0.248      2.500
 317  316     -0.281     -0.262      2.500
 318  319     -0.274      0.082      2.500
 319  318     -0.273     -0.129      2.500
 320  320     -0.273     -0.094      2.500
 316  323     -0.270      0.736      2.500
 321  322     -0.266      0.291      2.500
 325  321     -0.262      0.081      2.500
 323  324     -0.259     -0.551      2.500
 322  328     -0.258      0.602      2.500
 326  325     -0.251      0.129      2.500
 324  333     -0.250      0.701      2.500
 327  326     -0.250      0.212      2.500
 329  327     -0.248      0.089      2.500
 333  329     -0.244     -0.270      2.500
 334  330     -0.243      0.104      2.500
 335  331     -0.242      0.045      2.500
 337  332     -0.241     -0.050      2.500
 332  338     -0.237      0.556      2.500
 328  340     -0.237      0.784      2.500
 338  334     -0.236      0.253      2.500
 330  341     -0.235     -0.819      2.500
 331  342     -0.234     -0.840      2.500
 336  339     -0.234      0.422      2.500
 342  336     -0.232      0.093      2.500
 343  335     -0.232     -0.082      2.500
 345  337     -0.230     -0.153      2.500
 339  347     -0.227      0.828      2.500
 344  343     -0.226      0.364      2.500
 341  344     -0.225     -0.575      2.500
 340  345     -0.225     -0.613      2.500
 346  346     -0.222      0.410      2.500
 347  349     -0.216      0.443      2.500
 349  350     -0.213     -0.899      2.500
 355  348     -0.212     -0.237      2.500
 351  351     -0.210     -0.569      2.500
 348  354     -0.211      0.564      2.500
 352  353     -0.209     -0.603      2.500
 354  355     -0.208      0.446      2.500
 353  356     -0.207     -0.627      2.500
 350  357     -0.207     -0.799      2.500
 356  352     -0.206     -0.456      2.500
 357  358     -0.197      0.497      2.500
 359  360     -0.190      0.333      2.500
 358  364     -0.190      0.811      2.500
 362  359     -0.186      0.011      2.500
 361  361     -0.185      0.271      2.500
 360  365     -0.185      0.608      2.500
 366  363     -0.180     -0.253      2.500
 367  362     -0.180     -0.085      2.500
 364  366     -0.179     -0.420      2.500
 363  368     -0.177     -0.566      2.500
 365  371     -0.174      0.554      2.500
 369  367     -0.173      0.112      2.500
 368  369     -0.172     -0.334      2.500
 370  370     -0.172     -0.317      2.500
 371  372     -0.167     -0.392      2.500
 373  375     -0.162      0.502      2.500
 372  381     -0.160      0.810      2.500
 375  380     -0.158     -0.540      2.500
 374  382     -0.157      0.598      2.500
 376  379     -0.157     -0.408      2.500
 379  373     -0.157     -0.090      2.500
 378  376     -0.156     -0.269      2.500
 380  374     -0.156     -0.162      2.500
 382  378     -0.154     -0.136      2.500
 383  377     -0.154     -0.072      2.500
 377  383     -0.152      0.421      2.500
 381  385     -0.149     -0.542      2.500
 391  384     -0.145     -0.154      2.500
 386  389     -0.144      0.489      2.500
 384  390     -0.144      0.761      2.500
 390  386     -0.144     -0.269      2.500
 388  387     -0.144      0.307      2.500
 389  388     -0.144      0.287      2.500
 385  391     -0.143      0.652      2.500
 387  392     -0.142      0.716      2.500
 392  396     -0.136     -0.900      2.500
 397  393     -0.135     -0.373      2.500
 393  397     -0.135      0.675      2.500
 396  394     -0.133     -0.514      2.500
 394  399     -0.132     -0.699      2.500
 395  398     -0.132      0.544      2.500
 398  403     -0.129     -0.629      2.500
  -1   -2     -0.128     -0.456      2.500
 399  401     -0.128     -0.464      2.500
 401  395     -0.127     -0.068      2.500
 402  400     -0.126      0.082      2.500
 403  404     -0.117     -0.659      2.500
 404  405     -0.114      0.521      2.500
 405  406     -0.112      0.565      2.500
 407  407     -0.108      0.387      2.500
 406  408     -0.108     -0.617      2.500
 409  410     -0.101     -0.455      2.500
  -1  412     -0.100      0.316      2.500
 408  413     -0.100     -0.557      2.500
 410   -2     -0.100      0.323      2.500
 415  409     -0.099      0.090      2.500
 412  415     -0.096      0.680      2.500
 413  414     -0.095     -0.758      2.500
 414  416     -0.094      0.695      2.500
 416  418     -0.091      0.804      2.500
 418  417     -0.091      0.621      2.500
 417  420     -0.090     -0.822      2.500
 419  419     -0.087     -0.436      2.500
 421  421     -0.084      0.145      2.500
 422  422     -0.083     -0.079      2.500
 423  423     -0.082      0.126      2.500
 420  425     -0.081     -0.764      2.500
 424  424     -0.078     -0.242      2.500
 425  427     -0.075      0.330      2.500
 427  426     -0.074     -0.215      2.500
 428  429     -0.072     -0.294      2.500
 429  428     -0.072      0.109      2.500
 431  430     -0.069     -0.275      2.500
 426  432     -0.069      0.638      2.500
 430  431     -0.068      0.486      2.500
 433  433     -0.061     -0.338      2.500
 432  435     -0.058      0.607      2.500
 434  434     -0.056      0.207      2.500
 435  436     -0.053     -0.575      2.500
 436  438     -0.048     -0.516      2.500
 437  439     -0.047      0.436      2.500
 439  437     -0.047     -0.270      2.500
  -1   -2     -0.047      0.426      2.500
 440  441     -0.044     -0.191      2.500
 441  442     -0.042      0.145      2.500
 442  443     -0.040      0.333      2.500
 443  444     -0.039     -0.463      2.500
 444  445     -0.035     -0.031      2.500
 445  446     -0.035     -0.085      2.500
 446  447     -0.030      0.770      2.500
 449  448     -0.027     -0.321      2.500
 447  450     -0.026      0.695      2.500
 448  449     -0.026     -0.564      2.500
 451  451     -0.019     -0.501      2.500
 450  452     -0.019      0.509      2.500
 453  453     -0.018     -0.603      2.500
 452  454     -0.018      0.815      2.500
 454  455     -0.014     -0.051      2.500
 455  457     -0.011     -0.835      2.500
 456  456     -0.011     -0.412      2.500
 459  458     -0.009      0.188      2.500
 458  460     -0.008      0.408      2.500
 460  459     -0.008     -0.239      2.500
 461  461     -0.008      0.333      2.500
 457  462     -0.007     -0.848      2.500
 462  463     -0.006     -0.896      2.500
 463  464     -0.004     -0.708      2.500
 464  465     -0.001     -0.725      2.500
 465  466     -0.000     -0.438      2.500
 466  467      0.001      0.631      2.500
 468  468      0.003     -0.086      2.500
 467  469      0.003      0.392      2.500
 469  471      0.004     -0.557      2.500
 470  470      0.004     -0.899      2.500
 471  472      0.005     -0.468      2.500
 472  474      0.005      0.023      2.500
 473  473      0.005      0.007      2.500
 475  475      0.007     -0.117      2.500
 474  476      0.007      0.271      2.500
 476  477      0.008     -0.627      2.500
 477  478      0.011     -0.825      2.500
 478  479      0.012      0.762      2.500
 479  480      0.013      0.166      2.500
 480  481      0.013      0.459      2.500
 481  482      0.015      0.309      2.500
 482  483      0.016      0.632      2.500
 483  485      0.017     -0.466      2.500
 484  484      0.017      0.044      2.500
 485  486      0.017     -0.769      2.500
 486  487      0.019      0.193      2.500
 487  488      0.019      0.694      2.500
 488  489      0.019     -0.289      2.500
 489  490      0.020     -0.538      2.500
 490  491      0.020      0.787      2.500
 491  492      0.021      0.078      2.500
 492  493      0.024      0.108      2.500
 493  494      0.025     -0.018      2.500
 494  495      0.026     -0.631      2.500
 495  496      0.027     -0.437      2.500
 496  497      0.027     -0.515      2.500
 497  498      0.029      0.546      2.500
 498  499      0.030     -0.468      2.500
 499  500      0.033     -0.676      2.500
 500  502      0.033      0.207      2.500
  -1   -2      0.033     -0.511      2.500
 502  503      0.035     -0.599      2.500
 503  504      0.035     -0.622      2.500
 504  505      0.036      0.816      2.500
 505  506      0.044      0.011      2.500
 506  507      0.048     -0.406      2.500
 507  508      0.049     -0.257      2.500
 508  509      0.051      0.191      2.500
 509  510      0.056      0.450      2.500
 510  512      0.059      0.023      2.500
 511  514      0.060     -0.359      2.500
 513  511      0.060     -0.680      2.500
 515  513      0.061      0.662      2.500
 512  516      0.061     -0.143      2.500
 514  517      0.062     -0.123      2.500
 517  515      0.062      0.612      2.500
 516  518      0.064     -0.224      2.500
 519  519      0.066     -0.664      2.500
 518  521      0.068      0.090      2.500
 520  520      0.068      0.604      2.500
 523  522      0.073      0.465      2.500
 521  523      0.073      0.053      2.500
 522  524      0.074     -0.225      2.500
 524  525      0.080      0.291      2.500
 525  526      0.081      0.126      2.500
 526  527      0.084     -0.496      2.500
 528  528      0.089     -0.416      2.500
 529  529      0.090      0.255      2.500
 527  531      0.090     -0.033      2.500
 530  530      0.093     -0.883      2.500
 531  532      0.094     -0.743      2.500
 532  533      0.096     -0.658      2.500
 533  534      0.103      0.316      2.500
 534  537      0.109      0.016      2.500
 536  535      0.111      0.730      2.500
 535  540      0.113     -0.310      2.500
 537  536      0.113     -0.849      2.500
 538  538      0.114      0.630      2.500
 540  539      0.115     -0.590      2.500
 542  542      0.117      0.580      2.500
 539  543      0.117     -0.403      2.500
 543  541      0.118     -0.795      2.500
 541  547      0.120      0.166      2.500
 544  548      0.123      0.140      2.500
 548  544      0.123     -0.887      2.500
 545  546      0.123      0.567      2.500
 549  545      0.124      0.784      2.500
 546  549      0.126     -0.422      2.500
  -1   -2      0.127      0.162      2.500
 550  552      0.135      0.014      2.500
 551  553      0.135     -0.085      2.500
 553  551      0.135     -0.831      2.500
 552  555      0.139     -0.200      2.500
 556  554      0.141     -0.514      2.500
 554  557      0.143      0.041      2.500
 558  556      0.144      0.232      2.500
 555  559      0.144     -0.223      2.500
 557  561      0.146     -0.083      2.500
 560  560      0.148      0.441      2.500
 563  558      0.150     -0.883      2.500
 559  566      0.151     -0.020      2.500
  -1  564      0.151     -0.491      2.500
 567  562      0.153      0.705      2.500
 561  568      0.154     -0.210      2.500
 564  565      0.154     -0.549      2.500
 568  563      0.154     -0.812      2.500
 565  567      0.155     -0.477      2.500
 566  574      0.159      0.022      2.500
 570  569      0.161     -0.626      2.500
 569  576      0.163      0.215      2.500
 571  570      0.164     -0.807      2.500
 572  571      0.164     -0.888      2.500
 574  572      0.165      0.790      2.500
 573  573      0.165      0.632      2.500
 576  575      0.169     -0.892      2.500
 579  577      0.172     -0.849      2.500
 582  578      0.175      0.661      2.500
 575  579      0.175      0.280      2.500
 577  580      0.177     -0.230      2.500
 578  582      0.178      0.074      2.500
 580  585      0.180      0.016      2.500
 583  583      0.182      0.313      2.500
 581  588      0.182     -0.066      2.500
  -1   -2      0.183     -0.489      2.500
 589  581      0.186      0.736      2.500
 586  587      0.187     -0.498      2.500
 588  586      0.187      0.444      2.500
 585  592      0.188     -0.049      2.500
 587  590      0.188     -0.450      2.500
 591  591      0.192      0.380      2.500
 594  589      0.193      0.728      2.500
 590  595      0.196     -0.183      2.500
 599  593      0.198     -0.859      2.500
 592  599      0.199      0.037      2.500
 597  594      0.199     -0.633      2.500
 593  598      0.200      0.223      2.500
 595  596      0.200     -0.452      2.500
 596  597      0.202     -0.468      2.500
 598  601      0.206     -0.316      2.500
 601  604      0.212     -0.361      2.500
 605  600      0.212     -0.853      2.500
 600  606      0.212      0.104      2.500
 602  603      0.213     -0.504      2.500
 606  602      0.214      0.703      2.500
 604  607      0.216      0.308      2.500
 603  610      0.218     -0.237      2.500
 613  605      0.222      0.796      2.500
 609  609      0.222     -0.898      2.500
 612  608      0.222      0.561      2.500
 607  612      0.225      0.130      2.500
 608  613      0.227     -0.173      2.500
 611  614      0.228      0.115      2.500
 610  616      0.228      0.039      2.500
 615  611      0.229      0.463      2.500
 614  619      0.233      0.031      2.500
 617  615      0.235     -0.570      2.500
 619  617      0.236     -0.597      2.500
 616  621      0.240     -0.118      2.500
 624  618      0.242      0.585      2.500
 618  624      0.243      0.002      2.500
 620  622      0.245      0.247      2.500
 625  620      0.247      0.534      2.500
 621  627      0.248     -0.137      2.500
 622  628      0.249      0.079      2.500
 626  623      0.250      0.456      2.500
 623  630      0.251     -0.226      2.500
 627  629      0.253      0.314      2.500
 629  626      0.254     -0.522      2.500
 633  625      0.258      0.817      2.500
 628  632      0.259      0.136      2.500
 630  633      0.260     -0.360      2.500
 634  631      0.263     -0.578      2.500
 631  637      0.267     -0.131      2.500
 637  634      0.270      0.563      2.500
 632  639      0.270     -0.032      2.500
 638  635      0.273     -0.767      2.500
 635  642      0.274     -0.054      2.500
 639  636      0.274      0.618      2.500
 636  640      0.275     -0.405      2.500
 642  638      0.280      0.656      2.500
 643  641      0.285     -0.794      2.500
 641  643      0.285     -0.524      2.500
 640  647      0.285     -0.256      2.500
 645  644      0.292     -0.757      2.500
 648  645      0.294      0.739      2.500
 651  646      0.295     -0.884      2.500
 644  651      0.297     -0.281      2.500
 647  649      0.299      0.421      2.500
 646  653      0.301      0.300      2.500
 649  652      0.302      0.368      2.500
 656  648      0.302     -0.748      2.500
 652  656      0.305     -0.408      2.500
 650  658      0.306      0.211      2.500
 658  650      0.306     -0.794      2.500
 655  657      0.309     -0.445      2.500
 653  662      0.310     -0.111      2.500
 657  660      0.311      0.380      2.500
 654  661      0.311     -0.322      2.500
 661  655      0.312     -0.683      2.500
 663  654      0.312     -0.795      2.500
 660  659      0.313      0.474      2.500
 659  665      0.321      0.059      2.500
 664  663      0.321     -0.625      2.500
 665  664      0.322      0.522      2.500
 662  666      0.323      0.106      2.500
 669  667      0.332      0.403      2.500
 666  672      0.333      0.002      2.500
 668  674      0.337      0.171      2.500
 667  675      0.339     -0.011      2.500
 677  669      0.341      0.592      2.500
 676  671      0.341     -0.588      2.500
 670  678      0.342     -0.192      2.500
 679  668      0.342     -0.758      2.500
 671  682      0.343      0.105      2.500
 672  681      0.344      0.127      2.500
 673  680      0.344     -0.296      2.500
 674  676      0.344      0.276      2.500
 684  670      0.345      0.725      2.500
 688  673      0.348      0.671      2.500
 675  687      0.349      0.056      2.500
 683  679      0.350     -0.547      2.500
 685  677      0.351      0.482      2.500
 682  683      0.351      0.396      2.500
 686  686      0.353      0.383      2.500
 678  690      0.355      0.089      2.500
 690  685      0.355     -0.562      2.500
 680  693      0.357      0.031      2.500
 689  688      0.357     -0.442      2.500
 681  695      0.358     -0.032      2.500
 692  684      0.359     -0.750      2.500
 691  691      0.361      0.352      2.500
 687  697      0.362      0.039      2.500
 693  689      0.363      0.523      2.500
  -1   -2      0.370      0.681      2.500
 698  694      0.373      0.726      2.500
 697  696      0.373     -0.703      2.500
 694  700      0.373     -0.391      2.500
 695  701      0.379      0.310      2.500
 700  698      0.380     -0.873      2.500
 701  699      0.382      0.682      2.500
 702  704      0.389      0.384      2.500
 706  703      0.389     -0.637      2.500
 707  706      0.392      0.416      2.500
 712  702      0.392     -0.895      2.500
 699  710      0.394      0.085      2.500
 703  709      0.394      0.240      2.500
 710  705      0.394     -0.664      2.500
 708  708      0.396      0.338      2.500
 704  716      0.399      0.003      2.500
 705  715      0.399     -0.212      2.500
 711  712      0.401     -0.446      2.500
 714  707      0.401      0.709      2.500
 709  719      0.405     -0.141      2.500
 716  711      0.407     -0.699      2.500
 713  720      0.409     -0.188      2.500
 718  713      0.409     -0.713      2.500
 719  714      0.410      0.642      2.500
 715  718      0.411      0.354      2.500
 720  717      0.416     -0.681      2.500
 717  724      0.421     -0.183      2.500
 721  729      0.428      0.126      2.500
 730  721      0.428     -0.822      2.500
 729  722      0.428     -0.764      2.500
 722  731      0.430     -0.105      2.500
 727  725      0.431     -0.516      2.500
 723  735      0.432     -0.004      2.500
 724  736      0.433      0.005      2.500
 731  723      0.433     -0.720      2.500
 726  734      0.436      0.235      2.500
 725  738      0.437      0.081      2.500
 734  726      0.439      0.691      2.500
 728  740      0.439     -0.276      2.500
 732  733      0.439     -0.898      2.500
 737  727      0.442      0.830      2.500
 738  728      0.442     -0.888      2.500
 736  732      0.444      0.572      2.500
 739  730      0.444      0.791      2.500
 733  741      0.448     -0.109      2.500
 740  739      0.449      0.517      2.500
 744  737      0.450      0.724      2.500
 735  747      0.457     -0.150      2.500
 742  743      0.458      0.317      2.500
 743  744      0.459     -0.413      2.500
 741  746      0.459     -0.328      2.500
 746  742      0.460      0.425      2.500
 748  750      0.467      0.337      2.500
 745  753      0.468     -0.016      2.500
 747  752      0.469      0.231      2.500
 751  748      0.470     -0.655      2.500
 754  745      0.471      0.666      2.500
 752  749      0.472     -0.664      2.500
 749  754      0.474     -0.159      2.500
 753  751      0.475     -0.552      2.500
 750  755      0.475      0.021      2.500
 755  760      0.489     -0.036      2.500
 756  758      0.489     -0.390      2.500
 761  757      0.493      0.457      2.500
 757  759      0.493     -0.509      2.500
 764  756      0.497      0.616      2.500
 765  761      0.501     -0.546      2.500
 759  765      0.501     -0.159      2.500
 760  767      0.502     -0.148      2.500
 758  768      0.502     -0.024      2.500
 762  766      0.503     -0.205      2.500
 766  762      0.504      0.479      2.500
 763  770      0.506      0.181      2.500
 767  763      0.509      0.539      2.500
 770  764      0.512     -0.637      2.500
 771  769      0.515     -0.606      2.500
 775  773      0.520      0.499      2.500
 778  771      0.520     -0.767      2.500
 773  774      0.520     -0.468      2.500
 769  778      0.521      0.153      2.500
 768  780      0.521      0.065      2.500
 781  772      0.522     -0.902      2.500
 777  776      0.524     -0.527      2.500
 772  782      0.525      0.160      2.500
 776  779      0.526      0.343      2.500
 774  786      0.530     -0.127      2.500
 785  775      0.531      0.777      2.500
 786  777      0.532      0.764      2.500
 779  787      0.534      0.227      2.500
 783  784      0.536     -0.515      2.500
 784  785      0.536     -0.523      2.500
 782  788      0.537      0.269      2.500
 787  783      0.537     -0.733      2.500
 780  790      0.538      0.038      2.500
 788  781      0.538     -0.831      2.500
 790  789      0.548      0.720      2.500
 789  795      0.554      0.363      2.500
 794  791      0.555      0.705      2.500
 791  794      0.556     -0.549      2.500
 796  792      0.557     -0.902      2.500
 795  793      0.558     -0.720      2.500
 792  796      0.561      0.372      2.500
 793  799      0.565     -0.373      2.500
 799  797      0.569     -0.571      2.500
 801  798      0.572      0.520      2.500
 797  802      0.575      0.131      2.500
 802  800      0.577     -0.590      2.500
 798  804      0.578     -0.001      2.500
 804  801      0.580      0.541      2.500
 800  805      0.581     -0.131      2.500
 807  803      0.584     -0.550      2.500
 803  806      0.586     -0.225      2.500
 805  811      0.591      0.007      2.500
 806  810      0.591     -0.254      2.500
 808  815      0.597     -0.206      2.500
 809  809      0.599      0.491      2.500
 812  807      0.600      0.602      2.500
 814  808      0.602     -0.823      2.500
 811  816      0.605      0.344      2.500
 810  819      0.607     -0.312      2.500
 817  812      0.608      0.738      2.500
 816  813      0.609      0.605      2.500
 818  814      0.611     -0.829      2.500
  -1   -2      0.614     -0.314      2.500
 813  824      0.615     -0.104      2.500
 821  817      0.616     -0.816      2.500
 820  818      0.618      0.664      2.500
 822  820      0.621     -0.672      2.500
 826  821      0.624      0.784      2.500
 819  826      0.625      0.205      2.500
 827  823      0.626      0.562      2.500
 824  825      0.627     -0.562      2.500
 823  827      0.629     -0.440      2.500
 825  832      0.637      0.007      2.500
 832  828      0.638      0.797      2.500
 829  830      0.639     -0.343      2.500
 828  834      0.640     -0.091      2.500
 830  836      0.644     -0.153      2.500
 833  829      0.645     -0.627      2.500
 831  837      0.646     -0.195      2.500
 834  831      0.648      0.607      2.500
 835  833      0.650      0.540      2.500
 842  835      0.656     -0.828      2.500
 838  840      0.657     -0.898      2.500
 843  838      0.659      0.642      2.500
 839  843      0.660      0.361      2.500
 836  846      0.660      0.012      2.500
 844  839      0.660     -0.688      2.500
 840  842      0.661      0.394      2.500
 837  847      0.661     -0.001      2.500
 845  841      0.662      0.511      2.500
 841  848      0.666      0.261      2.500
 846  845      0.667      0.390      2.500
 849  844      0.668      0.690      2.500
 848  849      0.671      0.414      2.500
 847  855      0.674      0.112      2.500
 851  852      0.676     -0.649      2.500
 854  851      0.678     -0.791      2.500
 855  850      0.678     -0.845      2.500
 853  853      0.679      0.606      2.500
 856  854      0.681      0.643      2.500
 857  857      0.683     -0.660      2.500
 858  856      0.685      0.717      2.500
 850  861      0.685     -0.015      2.500
 852  860      0.685      0.170      2.500
 861  858      0.685     -0.802      2.500
 862  859      0.689     -0.767      2.500
 859  862      0.691     -0.445      2.500
 860  865      0.696     -0.231      2.500
 866  863      0.698      0.739      2.500
 864  864      0.700     -0.505      2.500
 863  867      0.704      0.085      2.500
 865  872      0.707     -0.176      2.500
 872  866      0.708     -0.799      2.500
 867  873      0.709     -0.206      2.500
 869  874      0.710     -0.255      2.500
 868  875      0.711      0.055      2.500
 870  876      0.712      0.075      2.500
 873  869      0.714      0.601      2.500
 874  868      0.714     -0.746      2.500
 871  877      0.714      0.204      2.500
 876  870      0.715     -0.858      2.500
 877  871      0.717     -0.801      2.500
 875  878      0.721     -0.452      2.500
 884  879      0.728     -0.734      2.500
 878  885      0.729      0.032      2.500
  -1   -2      0.729     -0.626      2.500
 885  880      0.729      0.682      2.500
 879  884      0.729     -0.366      2.500
 883  882      0.730     -0.616      2.500
 887  883      0.732      0.570      2.500
 880  888      0.735     -0.143      2.500
 881  887      0.735     -0.215      2.500
 886  889      0.737      0.185      2.500
 888  890      0.740     -0.405      2.500
 889  891      0.741      0.375      2.500
 892  886      0.742      0.806      2.500
 891  895      0.744      0.416      2.500
 894  893      0.746     -0.904      2.500
 897  892      0.746     -0.863      2.500
 896  894      0.748      0.728      2.500
 890  898      0.747      0.081      2.500
 899  897      0.752      0.434      2.500
 893  904      0.753      0.043      2.500
 895  902      0.754      0.228      2.500
 903  896      0.754      0.757      2.500
 901  900      0.755     -0.516      2.500
 904  899      0.756      0.657      2.500
  -1   -2      0.756      0.239      2.500
 898  907      0.757     -0.112      2.500
 902  905      0.757     -0.496      2.500
 905  903      0.758      0.500      2.500
 907  901      0.758     -0.731      2.500
 906  912      0.766      0.004      2.500
 908  910      0.767      0.345      2.500
 913  908      0.769      0.742      2.500
 911  909      0.769      0.521      2.500
 912  911      0.770      0.459      2.500
 910  914      0.771      0.316      2.500
 909  917      0.773     -0.236      2.500
 917  916      0.777      0.571      2.500
 919  915      0.777      0.790      2.500
 914  921      0.779     -0.101      2.500
 915  920      0.779     -0.295      2.500
 918  919      0.779     -0.440      2.500
 916  923      0.781     -0.010      2.500
 920  918      0.781      0.618      2.500
 922  924      0.786     -0.505      2.500
 923  922      0.787      0.704      2.500
 921  926      0.788      0.181      2.500
 924  925      0.791      0.745      2.500
 927  927      0.795     -0.746      2.500
  -1   -2      0.797      0.591      2.500
 925  930      0.798     -0.062      2.500
 926  933      0.799     -0.021      2.500
 929  931      0.801      0.230      2.500
 933  929      0.802      0.583      2.500
 931  932      0.802      0.325      2.500
 930  934      0.802     -0.307      2.500
 932  935      0.805     -0.009      2.500
 934  936      0.811      0.519      2.500
 936  937      0.812     -0.680      2.500
 935  940      0.815     -0.051      2.500
 938  938      0.818     -0.667      2.500
 939  939      0.819      0.566      2.500
 937  944      0.820      0.266      2.500
 943  941      0.821      0.725      2.500
 940  942      0.820     -0.525      2.500
 942  943      0.821      0.493      2.500
  -1   -2      0.823      0.275      2.500
 944  945      0.824      0.388      2.500
 945  947      0.827     -0.672      2.500
 946  948      0.830     -0.619      2.500
 947  949      0.834      0.134      2.500
 948  950      0.834     -0.074      2.500
 949  952      0.837      0.254      2.500
 950  951      0.837     -0.517      2.500
 951  955      0.842     -0.147      2.500
 952  957      0.843     -0.284      2.500
 955  954      0.844     -0.688      2.500
 956  953      0.844     -0.861      2.500
 953  960      0.845     -0.002      2.500
 954  958      0.845     -0.423      2.500
 958  956      0.845     -0.872      2.500
 960  959      0.847     -0.833      2.500
 957  962      0.849     -0.084      2.500
 959  963      0.850      0.033      2.500
 961  961      0.851      0.256      2.500
 962  964      0.853      0.445      2.500
 963  965      0.853     -0.889      2.500
 964  966      0.858     -0.583      2.500
 965  967      0.862     -0.391      2.500
 967  968      0.864     -0.354      2.500
 966  969      0.865     -0.230      2.500
 968  971      0.870     -0.187      2.500
 969  970      0.871      0.433      2.500
 971  972      0.875      0.775      2.500
 970  974      0.874     -0.898      2.500
 972  973      0.875      0.734      2.500
 974  975      0.879      0.646      2.500
 975  976      0.879     -0.796      2.500
 973  977      0.879      0.209      2.500
 976  978      0.881     -0.560      2.500
 977  979      0.888     -0.686      2.500
 978  980      0.891      0.703      2.500
 979  981      0.892     -0.635      2.500
 980  982      0.893      0.406      2.500
 981  983      0.899     -0.237      2.500
 982  984      0.901      0.374      2.500
 983  985      0.901     -0.489      2.500
 984  987      0.904      0.603      2.500
 985  986      0.903     -0.811      2.500
 986  988      0.906      0.808      2.500
 988  991      0.907      0.536      2.500
 989  989      0.907      0.630      2.500
 990  990      0.906     -0.752      2.500
 987  992      0.907     -0.354      2.500
  -1   -2      0.910      0.324      2.500
 993  994      0.911      0.315      2.500
 992  995      0.912     -0.011      2.500
