995
   1    0     -0.823      0.429      2.500
   2    1     -0.820     -0.134      2.500
   4    4     -0.820      0.567      2.500
   5    3     -0.819     -0.648      2.500
  14   -2     -0.820      0.575      2.500
   6    5     -0.816     -0.201      2.500
   7    7     -0.815      0.356      2.500
   8    6     -0.815     -0.080      2.500
   9   14     -0.816      0.793      2.500
  12   10     -0.814     -0.298      2.500
  11    9     -0.814     -0.734      2.500
   0   11     -0.814     -0.516      2.500
  15   12     -0.811     -0.244      2.500
  16   -2     -0.809      0.788      2.500
  17   15     -0.807     -0.888      2.500
  19   16     -0.803     -0.174      2.500
  20   17     -0.802      0.504      2.500
  21   18     -0.800      0.399      2.500
  22   20     -0.796      0.227      2.500
  23   19     -0.796     -0.055      2.500
  25   21     -0.795     -0.179      2.500
  26   22     -0.795      0.206      2.500
  24   23     -0.794      0.648      2.500
  27   24     -0.791     -0.373      2.500
  29   25     -0.790      0.413      2.500
  28   26     -0.788     -0.837      2.500
  31   27     -0.786     -0.119      2.500
  30   28     -0.786     -0.194      2.500
  34   29     -0.784     -0.347      2.500
  32   31     -0.784      0.532      2.500
  35   30     -0.783     -0.543      2.500
  33   34     -0.781     -0.837      2.500
  36   32     -0.780     -0.586      2.500
  10   -2     -0.779      0.085      2.500
  39   35     -0.776     -0.619      2.500
  38   37     -0.776      0.767      2.500
  41   36     -0.775      0.392      2.500
  40   38     -0.774      0.579      2.500
  42   39     -0.767      0.024      2.500
  43   40     -0.766      0.261      2.500
  44   41     -0.765      0.082      2.500
  46   42     -0.764     -0.237      2.500
  45   43     -0.764      0.311      2.500
  48   45     -0.759      0.477      2.500
  49   44     -0.758      0.178      2.500
  47   48     -0.756     -0.822      2.500
  50   46     -0.757      0.096      2.500
  51   47     -0.755      0.224      2.500
  52   49     -0.749      0.746      2.500
  55   50     -0.742     -0.161      2.500
  53   51     -0.742     -0.575      2.500
  54   52     -0.740      0.465      2.500
  57   53     -0.738     -0.424      2.500
  56   54     -0.738      0.450      2.500
  58   56     -0.733     -0.541      2.500
  62   55     -0.731     -0.191      2.500
  59   58     -0.730     -0.772      2.500
  60   59     -0.731      0.629      2.500
  63   57     -0.730      0.274      2.500
  61   64     -0.725     -0.732      2.500
  67   61     -0.725      0.325      2.500
  65   63     -0.724     -0.617      2.500
  70   60     -0.723     -0.211      2.500
  64   67     -0.722     -0.827      2.500
  69   62     -0.722     -0.398      2.500
  66   68     -0.720     -0.899      2.500
  72   65     -0.720      0.388      2.500
  71   66     -0.720      0.425      2.500
  68   70     -0.719      0.672      2.500
  75   69     -0.714      0.079      2.500
  73   75     -0.713     -0.770      2.500
  77   71     -0.712      0.012      2.500
  76   73     -0.712     -0.277      2.500
  74   77     -0.713      0.710      2.500
  78   72     -0.712     -0.066      2.500
  82   74     -0.707     -0.167      2.500
  81   76     -0.707     -0.230      2.500
  79   78     -0.705     -0.616      2.500
  80   81     -0.702     -0.843      2.500
  83   79     -0.702      0.520      2.500
  84   82     -0.699      0.515      2.500
  85   83     -0.698      0.457      2.500
  86   80     -0.695     -0.016      2.500
  87   85     -0.693      0.102      2.500
  88   84     -0.693     -0.137      2.500
  89   86     -0.691     -0.046      2.500
  90   89     -0.687     -0.459      2.500
  91   88     -0.686      0.051      2.500
  92   87     -0.686     -0.108      2.500
  95   90     -0.684      0.161      2.500
  93   94     -0.680      0.486      2.500
  97   93     -0.678     -0.283      2.500
  98   92     -0.678     -0.168      2.500
  99   91     -0.678     -0.089      2.500
  94   97     -0.675     -0.872      2.500
  96   98     -0.671     -0.743      2.500
 100   96     -0.672      0.130      2.500
 101   95     -0.671      0.062      2.500
 102   99     -0.666      0.372      2.500
 104  100     -0.662      0.151      2.500
 103  104     -0.659     -0.779      2.500
 105  101     -0.657     -0.175      2.500
 106  102     -0.655      0.238      2.500
 107  105     -0.652      0.343      2.500
 111  103     -0.652     -0.294      2.500
 109  106     -0.649     -0.899      2.500
 110  107     -0.649      0.400      2.500
 108  109     -0.647      0.546      2.500
 112  112     -0.644      0.625      2.500
 113  113     -0.639     -0.724      2.500
 115  108     -0.639      0.042      2.500
 114  111     -0.639     -0.350      2.500
 118  110     -0.638     -0.044      2.500
 117  116     -0.632     -0.518      2.500
 119  117     -0.632      0.390      2.500
 122  114     -0.630     -0.358      2.500
 116  119     -0.628     -0.803      2.500
 124  115     -0.628     -0.223      2.500
 123  118     -0.626      0.412      2.500
 120  121     -0.625      0.759      2.500
 121  120     -0.623     -0.753      2.500
 127  124     -0.611      0.377      2.500
 126  125     -0.611      0.410      2.500
 125  128     -0.611      0.800      2.500
 129  122     -0.609     -0.175      2.500
 130  123     -0.608     -0.078      2.500
 131  126     -0.606     -0.261      2.500
 133  129     -0.601      0.316      2.500
 128  135     -0.600     -0.658      2.500
 139  127     -0.599     -0.235      2.500
 134  131     -0.599      0.355      2.500
 135  130     -0.598     -0.413      2.500
 132  137     -0.598      0.523      2.500
 138  133     -0.596     -0.432      2.500
 141  132     -0.595     -0.386      2.500
 136  134     -0.595     -0.460      2.500
 144  136     -0.589      0.049      2.500
 137  142     -0.588     -0.892      2.500
 140  144     -0.588      0.713      2.500
 143  139     -0.586      0.313      2.500
 142  143     -0.584     -0.619      2.500
 145  138     -0.584      0.024      2.500
 146  141     -0.580      0.224      2.500
 148  140     -0.579     -0.173      2.500
 147  145     -0.576     -0.478      2.500
 149  147     -0.573      0.364      2.500
 152  146     -0.569      0.115      2.500
 150  151     -0.566      0.729      2.500
 153  148     -0.565     -0.224      2.500
 156  149     -0.562     -0.270      2.500
 155  150     -0.561     -0.379      2.500
 151  153     -0.561      0.660      2.500
 157  152     -0.556      0.388      2.500
 154  156     -0.555      0.523      2.500
 160  157     -0.553      0.463      2.500
 161  158     -0.552      0.480      2.500
 159  159     -0.551      0.634      2.500
 158  160     -0.550      0.693      2.500
 165  154     -0.549      0.193      2.500
 162  162     -0.548     -0.729      2.500
 168  155     -0.546     -0.210      2.500
 164  161     -0.545      0.435      2.500
 163  166     -0.542      0.560      2.500
 166  164     -0.541      0.465      2.500
 169  163     -0.540     -0.446      2.500
 167  169     -0.536     -0.661      2.500
 172  165     -0.533     -0.310      2.500
 170  172     -0.530      0.771      2.500
 173  168     -0.530     -0.370      2.500
  -1   -2     -0.529     -0.661      2.500
 174  167     -0.529     -0.183      2.500
 178  170     -0.519      0.103      2.500
 180  173     -0.516     -0.223      2.500
 181  175     -0.514      0.155      2.500
 184  174     -0.514     -0.014      2.500
 176  181     -0.513      0.588      2.500
 177  178     -0.513      0.446      2.500
 175  183     -0.512      0.671      2.500
 182  180     -0.508      0.373      2.500
 187  176     -0.507      0.080      2.500
 183  182     -0.506     -0.525      2.500
 190  177     -0.505      0.005      2.500
 179  185     -0.505     -0.691      2.500
 191  179     -0.503     -0.203      2.500
 188  186     -0.498      0.441      2.500
 185  189     -0.496     -0.656      2.500
 196  184     -0.495     -0.012      2.500
 186  191     -0.493      0.717      2.500
 189  190     -0.493      0.680      2.500
 194  188     -0.490     -0.402      2.500
 192  192     -0.490      0.647      2.500
 198  187     -0.488      0.132      2.500
 193  193     -0.485     -0.720      2.500
 195  197     -0.482      0.563      2.500
 197  198     -0.481     -0.682      2.500
 200  194     -0.479      0.415      2.500
 199  203     -0.474      0.693      2.500
 209  196     -0.473      0.226      2.500
 203  200     -0.473      0.410      2.500
 210  195     -0.473      0.174      2.500
 201  207     -0.471      0.761      2.500
 202  206     -0.471      0.662      2.500
 205  205     -0.468     -0.571      2.500
 215  199     -0.467     -0.109      2.500
 208  208     -0.466      0.530      2.500
 204  212     -0.465      0.752      2.500
 206  211     -0.464      0.641      2.500
 219  201     -0.464     -0.019      2.500
 220  202     -0.463      0.011      2.500
 207  216     -0.461     -0.830      2.500
 211  213     -0.460     -0.608      2.500
 214  209     -0.460      0.405      2.500
 212  215     -0.460      0.516      2.500
 223  204     -0.458     -0.086      2.500
 217  210     -0.458      0.377      2.500
 213  221     -0.452     -0.891      2.500
 222  217     -0.452      0.373      2.500
 216  222     -0.451      0.829      2.500
 221  219     -0.450     -0.572      2.500
 218  223     -0.448     -0.772      2.500
 227  214     -0.448     -0.159      2.500
 226  220     -0.443      0.353      2.500
 232  218     -0.442     -0.203      2.500
 224  225     -0.440      0.591      2.500
 225  228     -0.437     -0.665      2.500
 231  224     -0.437     -0.493      2.500
 230  227     -0.436      0.475      2.500
 235  226     -0.433     -0.455      2.500
 234  229     -0.432     -0.899      2.500
 228  231     -0.432      0.827      2.500
 229  232     -0.431     -0.818      2.500
 233  230     -0.431      0.485      2.500
 236  235     -0.427      0.588      2.500
 238  237     -0.420      0.534      2.500
 237  240     -0.419      0.582      2.500
 240  236     -0.417     -0.468      2.500
 244  233     -0.416     -0.187      2.500
 247  234     -0.413     -0.063      2.500
 246  239     -0.410      0.201      2.500
 239  244     -0.410      0.789      2.500
  -1   -2     -0.410      0.584      2.500
 249  238     -0.407     -0.027      2.500
 242  245     -0.406      0.594      2.500
 245  247     -0.402      0.504      2.500
 243  250     -0.402      0.773      2.500
 250  243     -0.400      0.327      2.500
 256  241     -0.398     -0.106      2.500
 253  246     -0.397     -0.448      2.500
 248  249     -0.397     -0.563      2.500
 251  253     -0.390     -0.777      2.500
 252  256     -0.389      0.798      2.500
 254  254     -0.387     -0.678      2.500
  -1  252     -0.388     -0.075      2.500
 257  255     -0.385      0.473      2.500
 255  258     -0.385      0.667      2.500
 261  251     -0.380      0.231      2.500
 259  271     -0.374     -0.074      2.500
 271  257     -0.372     -0.188      2.500
 264  261     -0.372      0.340      2.500
 258  268     -0.372      0.794      2.500
 263  263     -0.371      0.469      2.500
 260  267     -0.371      0.612      2.500
 267  260     -0.370     -0.376      2.500
 273  259     -0.369     -0.199      2.500
 262  270     -0.369      0.630      2.500
 275   -2     -0.367     -0.231      2.500
 272  266     -0.365      0.358      2.500
 274  264     -0.364      0.270      2.500
  -1  262     -0.363     -0.228      2.500
 266  272     -0.362     -0.680      2.500
 265  273     -0.362     -0.903      2.500
 276  265     -0.360      0.119      2.500
 270  274     -0.360      0.636      2.500
 268  275     -0.360      0.681      2.500
 278  269     -0.356     -0.188      2.500
 269   -2     -0.354     -0.072      2.500
 277  280     -0.345      0.774      2.500
 282  276     -0.342     -0.068      2.500
 281  279     -0.340     -0.604      2.500
 280  282     -0.338     -0.720      2.500
 288  277     -0.334      0.106      2.500
 290  278     -0.333      0.039      2.500
 286  281     -0.332      0.306      2.500
 283  288     -0.328      0.476      2.500
 294  284     -0.325      0.091      2.500
 298  283     -0.325     -0.090      2.500
 301  285     -0.323     -0.170      2.500
 285  293     -0.323      0.726      2.500
 299  287     -0.322     -0.261      2.500
 284  294     -0.322      0.821      2.500
 287  292     -0.322      0.666      2.500
  -1   -2     -0.321     -0.025      2.500
 302  289     -0.320     -0.317      2.500
 289  298     -0.319     -0.828      2.500
 291  296     -0.318     -0.745      2.500
 292  297     -0.319      0.637      2.500
 297  291     -0.317      0.397      2.500
 308  290     -0.316     -0.021      2.500
 296  299     -0.314      0.515      2.500
 293  302     -0.314      0.587      2.500
 295  301     -0.313     -0.654      2.500
 304  295     -0.312     -0.502      2.500
 305  300     -0.311      0.402      2.500
 300  312     -0.309     -0.764      2.500
 306  309     -0.308      0.504      2.500
 309  311     -0.305     -0.573      2.500
 310  307     -0.304     -0.457      2.500
 311  305     -0.303     -0.421      2.500
 313  303     -0.302     -0.252      2.500
 307  313     -0.302     -0.788      2.500
 312  310     -0.301     -0.385      2.500
 314  308     -0.300     -0.325      2.500
 315  304     -0.299     -0.134      2.500
 317  306     -0.298     -0.126      2.500
 316  316     -0.284      0.739      2.500
 318  314     -0.283      0.208      2.500
 319  315     -0.282      0.254      2.500
 322  317     -0.271     -0.268      2.500
 320  322     -0.268      0.608      2.500
 321  324     -0.263      0.705      2.500
 323  323     -0.262     -0.560      2.500
 326  318     -0.262      0.085      2.500
 324  321     -0.262      0.299      2.500
 329  319     -0.260     -0.131      2.500
 330  320     -0.259     -0.094      2.500
 333  325     -0.250      0.085      2.500
 325  328     -0.251      0.785      2.500
 328  330     -0.248     -0.823      2.500
 327  331     -0.247     -0.843      2.500
 331  332     -0.245      0.564      2.500
 334  327     -0.243      0.219      2.500
 336  326     -0.241      0.135      2.500
 332  339     -0.240      0.829      2.500
 339  329     -0.237      0.094      2.500
 335  336     -0.236      0.432      2.500
 340  333     -0.235     -0.277      2.500
 342  334     -0.233      0.110      2.500
 337  340     -0.230     -0.622      2.500
 341  338     -0.231      0.262      2.500
 338  341     -0.229     -0.585      2.500
 346  335     -0.230      0.048      2.500
 348  337     -0.228     -0.050      2.500
 343  344     -0.226      0.374      2.500
 344  346     -0.224      0.421      2.500
 353  342     -0.222      0.098      2.500
 355  343     -0.219     -0.083      2.500
 345  350     -0.219     -0.804      2.500
 349  347     -0.219      0.453      2.500
 347  348     -0.219      0.573      2.500
 357  345     -0.218     -0.156      2.500
 350  352     -0.215     -0.613      2.500
 352  351     -0.214     -0.579      2.500
 351  353     -0.213     -0.637      2.500
 354  349     -0.213     -0.899      2.500
 356  354     -0.211      0.457      2.500
 360  356     -0.205     -0.467      2.500
 361  355     -0.203     -0.244      2.500
 359  357     -0.202      0.507      2.500
 358  358     -0.202      0.812      2.500
 362  360     -0.193      0.616      2.500
 363  359     -0.189      0.345      2.500
 366  361     -0.181      0.282      2.500
 364  365     -0.181      0.564      2.500
 365  363     -0.180     -0.578      2.500
 368  364     -0.176     -0.432      2.500
 369  362     -0.176      0.014      2.500
 371  366     -0.173     -0.261      2.500
 367  372     -0.171      0.811      2.500
 374  367     -0.169     -0.086      2.500
 370  373     -0.167      0.514      2.500
 373  368     -0.166     -0.345      2.500
 375  370     -0.165     -0.327      2.500
 378  369     -0.165      0.119      2.500
 372  374     -0.165      0.607      2.500
 376  371     -0.164     -0.404      2.500
 377  375     -0.160     -0.553      2.500
 383  376     -0.154     -0.421      2.500
 379  384     -0.154      0.764      2.500
 382  377     -0.154      0.435      2.500
 381  385     -0.152      0.660      2.500
 384  381     -0.151     -0.555      2.500
 380  387     -0.151      0.721      2.500
 388  378     -0.149     -0.278      2.500
 386  386     -0.148      0.501      2.500
 390  379     -0.147     -0.092      2.500
 389  380     -0.147     -0.167      2.500
 385  392     -0.145     -0.901      2.500
 393  382     -0.145     -0.139      2.500
 394  383     -0.144     -0.072      2.500
 387  393     -0.143      0.682      2.500
 392  388     -0.142      0.320      2.500
 396  389     -0.141      0.300      2.500
 391  394     -0.139     -0.709      2.500
 399  390     -0.138     -0.278      2.500
 395  395     -0.137      0.556      2.500
 400  391     -0.137     -0.159      2.500
 398  396     -0.134     -0.528      2.500
 397  398     -0.133     -0.641      2.500
 401  397     -0.132     -0.385      2.500
 402  399     -0.128     -0.478      2.500
  -1   -2     -0.127     -0.470      2.500
 404  403     -0.122     -0.671      2.500
 408  401     -0.119     -0.068      2.500
 407  402     -0.119      0.088      2.500
 405  404     -0.119      0.534      2.500
 406  405     -0.117      0.577      2.500
 409  406     -0.112     -0.630      2.500
 410  407     -0.109      0.401      2.500
 414  408     -0.102     -0.571      2.500
 411  412     -0.102      0.687      2.500
 412  413     -0.101     -0.767      2.500
 413  414     -0.101      0.702      2.500
 417  409     -0.100     -0.469      2.500
  -1  411     -0.099      0.330      2.500
 418   -2     -0.099      0.338      2.500
 415  416     -0.099      0.805      2.500
 416  417     -0.097     -0.828      2.500
 419  418     -0.096      0.631      2.500
 421  415     -0.093      0.097      2.500
 422  420     -0.086     -0.772      2.500
 423  419     -0.086     -0.451      2.500
 424  421     -0.080      0.155      2.500
 426  423     -0.078      0.136      2.500
 427  422     -0.077     -0.080      2.500
 428  425     -0.074      0.345      2.500
 430  424     -0.074     -0.252      2.500
 425  426     -0.074      0.648      2.500
 429  430     -0.071      0.500      2.500
 431  428     -0.069     -0.306      2.500
 432  427     -0.069     -0.223      2.500
 433  429     -0.068      0.118      2.500
 434  431     -0.066     -0.286      2.500
 435  432     -0.062      0.618      2.500
 436  433     -0.059     -0.352      2.500
 437  435     -0.055     -0.590      2.500
 438  434     -0.053      0.220      2.500
 440  436     -0.048     -0.532      2.500
 439  437     -0.048      0.452      2.500
  -1   -2     -0.048      0.442      2.500
 442  439     -0.044     -0.281      2.500
 445  440     -0.041     -0.199      2.500
 443  442     -0.040      0.348      2.500
 446  441     -0.039      0.156      2.500
 444  443     -0.039     -0.479      2.500
 447  446     -0.033      0.773      2.500
 449  444     -0.032     -0.029      2.500
 450  445     -0.031     -0.087      2.500
 448  447     -0.029      0.701      2.500
 451  448     -0.027     -0.580      2.500
 452  449     -0.025     -0.334      2.500
 454  450     -0.021      0.523      2.500
 453  452     -0.021      0.816      2.500
 455  451     -0.020     -0.517      2.500
 456  453     -0.019     -0.617      2.500
 457  455     -0.013     -0.840      2.500
 458  454     -0.012     -0.051      2.500
 460  456     -0.011     -0.428      2.500
 459  457     -0.009     -0.853      2.500
 461  458     -0.009      0.424      2.500
 463  461     -0.008      0.350      2.500
 464  459     -0.008      0.201      2.500
 462  462     -0.007     -0.897      2.500
 465  460     -0.007     -0.249      2.500
 466  463     -0.005     -0.720      2.500
 467  464     -0.003     -0.736      2.500
 468  466     -0.001      0.641      2.500
 469  465      0.000     -0.454      2.500
 470  467      0.003      0.409      2.500
 471  469      0.003     -0.573      2.500
 473  468      0.003     -0.088      2.500
 472  470      0.004     -0.899      2.500
 474  471      0.004     -0.485      2.500
 477  473      0.006      0.011      2.500
 476  472      0.006      0.028      2.500
 475  476      0.007     -0.641      2.500
 478  474      0.007      0.286      2.500
 479  475      0.007     -0.121      2.500
 480  477      0.010     -0.831      2.500
 481  478      0.011      0.765      2.500
 482  480      0.013      0.474      2.500
 483  479      0.013      0.178      2.500
 484  482      0.015      0.642      2.500
 485  481      0.015      0.325      2.500
 487  483      0.016     -0.482      2.500
 486  485      0.016     -0.778      2.500
 488  484      0.017      0.050      2.500
 490  486      0.018      0.206      2.500
 489  487      0.018      0.701      2.500
 491  489      0.020     -0.555      2.500
 492  488      0.020     -0.301      2.500
 493  490      0.020      0.789      2.500
 494  491      0.021      0.086      2.500
 495  492      0.023      0.118      2.500
 496  493      0.025     -0.016      2.500
 497  494      0.026     -0.646      2.500
 498  495      0.026     -0.453      2.500
 499  496      0.027     -0.531      2.500
 500  497      0.029      0.559      2.500
 501  498      0.029     -0.485      2.500
 502  500      0.032      0.221      2.500
 504  499      0.033     -0.689      2.500
  -1   -2      0.033     -0.527      2.500
 505  502      0.035     -0.614      2.500
 506  503      0.035     -0.636      2.500
 507  504      0.037      0.817      2.500
 508  505      0.043      0.015      2.500
 509  507      0.047     -0.268      2.500
 510  506      0.048     -0.422      2.500
 511  508      0.050      0.204      2.500
 512  510      0.057      0.028      2.500
 513  509      0.057      0.466      2.500
 515  511      0.058     -0.373      2.500
 514  512      0.059     -0.149      2.500
 516  514      0.060     -0.127      2.500
 518  513      0.061     -0.692      2.500
 517  516      0.061     -0.233      2.500
 519  515      0.063      0.671      2.500
 521  517      0.064      0.623      2.500
 520  518      0.065      0.099      2.500
 522  519      0.067     -0.678      2.500
 525  520      0.070      0.615      2.500
 523  521      0.071      0.060      2.500
 524  522      0.071     -0.234      2.500
 526  523      0.074      0.480      2.500
 527  525      0.079      0.136      2.500
 528  524      0.079      0.307      2.500
 529  526      0.083     -0.512      2.500
 530  527      0.086     -0.031      2.500
 532  528      0.088     -0.432      2.500
 531  529      0.088      0.270      2.500
 534  530      0.097     -0.886      2.500
 533  531      0.097     -0.752      2.500
 535  532      0.098     -0.672      2.500
 537  533      0.103      0.331      2.500
 536  534      0.104      0.020      2.500
 538  535      0.110     -0.322      2.500
 539  539      0.115     -0.418      2.500
 543  536      0.116      0.735      2.500
 540  541      0.116      0.177      2.500
 542  540      0.117     -0.604      2.500
 544  538      0.118      0.640      2.500
 545  537      0.119     -0.853      2.500
 541  544      0.119      0.151      2.500
 547  542      0.120      0.592      2.500
 549  543      0.123     -0.802      2.500
  -1   -2      0.123      0.173      2.500
 548  546      0.125     -0.437      2.500
 552  545      0.127      0.579      2.500
 550  550      0.128      0.018      2.500
 554  548      0.129     -0.889      2.500
 551  551      0.129     -0.087      2.500
 555  549      0.130      0.786      2.500
 553  552      0.134     -0.207      2.500
 556  554      0.137      0.046      2.500
 558  555      0.138     -0.232      2.500
 557  557      0.139     -0.084      2.500
 559  558      0.141      0.245      2.500
 561  556      0.142     -0.530      2.500
 563  553      0.142     -0.836      2.500
 560  559      0.143     -0.017      2.500
 562  561      0.147     -0.218      2.500
 565  560      0.150      0.456      2.500
 567   -2      0.151     -0.506      2.500
 564  566      0.151      0.027      2.500
  -1  562      0.154     -0.492      2.500
 568  564      0.155     -0.564      2.500
 570  563      0.157     -0.885      2.500
 569  569      0.159      0.227      2.500
 571  567      0.160      0.711      2.500
 572  568      0.160     -0.818      2.500
 573  570      0.164     -0.638      2.500
 574  578      0.170      0.080      2.500
 575  577      0.170     -0.238      2.500
 581  571      0.171     -0.813      2.500
 580  573      0.171      0.641      2.500
 578  575      0.172      0.293      2.500
 576  580      0.172      0.020      2.500
  -1   -2      0.172     -0.890      2.500
 577  581      0.173     -0.066      2.500
 583  574      0.173      0.792      2.500
 585  576      0.178     -0.894      2.500
 579  585      0.179     -0.049      2.500
 584  583      0.179      0.326      2.500
 588  579      0.180     -0.853      2.500
 591  582      0.182      0.668      2.500
  -1   -2      0.183     -0.503      2.500
 590  587      0.186     -0.463      2.500
 592  586      0.186     -0.512      2.500
 587  590      0.187     -0.189      2.500
 593  588      0.189      0.458      2.500
 589  592      0.190      0.042      2.500
 595  591      0.192      0.394      2.500
 594  593      0.195      0.234      2.500
 599  589      0.195      0.740      2.500
 597  595      0.198     -0.465      2.500
 596  598      0.200     -0.327      2.500
 600  596      0.200     -0.482      2.500
 604  594      0.202      0.732      2.500
 598  600      0.204      0.112      2.500
 603  597      0.204     -0.645      2.500
 601  601      0.207     -0.373      2.500
 608  599      0.208     -0.862      2.500
 602  603      0.210     -0.245      2.500
 605  604      0.213      0.321      2.500
 610  602      0.214     -0.516      2.500
 607  607      0.217      0.139      2.500
 606  608      0.217     -0.179      2.500
 609  610      0.218      0.043      2.500
 611  611      0.219      0.123      2.500
 616  605      0.222     -0.856      2.500
 613  609      0.222     -0.898      2.500
 612  614      0.223      0.035      2.500
 617  606      0.224      0.708      2.500
 614  616      0.228     -0.121      2.500
 619  612      0.229      0.571      2.500
 615  618      0.231      0.005      2.500
 621  615      0.232      0.475      2.500
 624  613      0.233      0.797      2.500
 618  621      0.237     -0.141      2.500
 625  617      0.238     -0.582      2.500
 620  622      0.239      0.084      2.500
 623  620      0.240      0.257      2.500
 626  619      0.240     -0.608      2.500
 622  623      0.241     -0.232      2.500
 627  628      0.249      0.143      2.500
 632  624      0.249      0.594      2.500
 629  627      0.250      0.325      2.500
 636  625      0.253      0.543      2.500
 634  626      0.253      0.466      2.500
 628  631      0.254     -0.134      2.500
 631  630      0.255     -0.370      2.500
 635  629      0.255     -0.534      2.500
 630  632      0.258     -0.031      2.500
 633  635      0.260     -0.054      2.500
 637  634      0.267     -0.588      2.500
 640  633      0.271      0.817      2.500
 638  636      0.271     -0.415      2.500
 639  640      0.275     -0.263      2.500
 641  637      0.278      0.571      2.500
 644  639      0.284      0.625      2.500
 646  638      0.285     -0.772      2.500
 643  641      0.286     -0.534      2.500
 642  644      0.287     -0.288      2.500
 649  642      0.291      0.662      2.500
 645  653      0.296     -0.113      2.500
 655  643      0.296     -0.799      2.500
 648  646      0.298      0.308      2.500
 647  650      0.298      0.218      2.500
 651  652      0.301     -0.417      2.500
 654  647      0.301      0.430      2.500
 653  649      0.301      0.377      2.500
 658  645      0.303     -0.762      2.500
 650  654      0.303     -0.329      2.500
 657  655      0.306     -0.454      2.500
 652  659      0.307      0.062      2.500
 661  648      0.308      0.742      2.500
 662  651      0.309     -0.885      2.500
 660  657      0.311      0.388      2.500
 656  662      0.311      0.110      2.500
 664  656      0.313     -0.754      2.500
 665  660      0.318      0.482      2.500
 659  666      0.318      0.003      2.500
 672  658      0.319     -0.798      2.500
 670  661      0.322     -0.690      2.500
 663  667      0.324     -0.010      2.500
  -1  663      0.325     -0.799      2.500
 666  668      0.327      0.176      2.500
 674  664      0.328     -0.632      2.500
 667  670      0.328     -0.196      2.500
 675  665      0.329      0.529      2.500
 668  671      0.331      0.109      2.500
 669  672      0.332      0.131      2.500
 676  669      0.333      0.411      2.500
 673  673      0.333     -0.301      2.500
 671  675      0.335      0.059      2.500
 680  674      0.339      0.283      2.500
 677  678      0.341      0.092      2.500
 678  681      0.342     -0.031      2.500
 679  680      0.342      0.033      2.500
 682  676      0.346     -0.595      2.500
 681  687      0.347      0.041      2.500
 687  677      0.351      0.597      2.500
 683  682      0.352      0.403      2.500
 686  683      0.353     -0.554      2.500
 685  686      0.353      0.389      2.500
 684  689      0.354     -0.449      2.500
 691  679      0.354     -0.762      2.500
 689  685      0.356      0.488      2.500
 690  690      0.359     -0.569      2.500
 688  691      0.359      0.358      2.500
 693  684      0.360      0.727      2.500
 694  688      0.362      0.674      2.500
 692  694      0.367     -0.397      2.500
 697  693      0.371      0.528      2.500
 699  692      0.372     -0.753      2.500
 695  695      0.375      0.315      2.500
 696  699      0.380      0.088      2.500
 698  704      0.384      0.004      2.500
  -1   -2      0.384      0.684      2.500
 705  697      0.384     -0.706      2.500
 700  705      0.386     -0.214      2.500
 702  703      0.386      0.244      2.500
 709  698      0.387      0.728      2.500
 704  702      0.389      0.388      2.500
 701  709      0.389     -0.143      2.500
 707  708      0.394      0.342      2.500
 703  713      0.394     -0.190      2.500
 708  707      0.394      0.420      2.500
 713  701      0.396      0.684      2.500
 714  700      0.396     -0.874      2.500
 712  706      0.397     -0.641      2.500
 710  711      0.398     -0.450      2.500
 720  710      0.404     -0.667      2.500
 711  717      0.406     -0.184      2.500
 722  712      0.409     -0.894      2.500
 719  715      0.410      0.358      2.500
 715  722      0.413     -0.106      2.500
 716  721      0.414      0.127      2.500
 717  723      0.416     -0.004      2.500
 726  714      0.416      0.710      2.500
 718  724      0.416      0.005      2.500
 727  716      0.418     -0.702      2.500
 728  718      0.421     -0.715      2.500
 721  725      0.422      0.082      2.500
 729  719      0.423      0.644      2.500
 730  720      0.426     -0.683      2.500
 723  728      0.427     -0.278      2.500
 724  726      0.427      0.237      2.500
 725  733      0.431     -0.109      2.500
 732  727      0.432     -0.519      2.500
 733  732      0.439     -0.899      2.500
 731  735      0.440     -0.151      2.500
 736  729      0.442     -0.765      2.500
 742  730      0.444     -0.823      2.500
 740  731      0.445     -0.721      2.500
 735  741      0.449     -0.328      2.500
 734  745      0.451     -0.016      2.500
 746  734      0.453      0.692      2.500
 738  743      0.454     -0.414      2.500
 741  742      0.454      0.318      2.500
 744  736      0.454      0.573      2.500
 745  740      0.456      0.518      2.500
 750  737      0.458      0.831      2.500
 737  749      0.458     -0.159      2.500
 739  750      0.459      0.021      2.500
 751  738      0.459     -0.887      2.500
 752  739      0.460      0.791      2.500
 743  747      0.460      0.231      2.500
 748  746      0.462      0.426      2.500
 747  748      0.464      0.337      2.500
 753  744      0.466      0.724      2.500
 749  755      0.472     -0.037      2.500
 758  753      0.478     -0.552      2.500
 760  751      0.480     -0.655      2.500
 761  752      0.481     -0.664      2.500
 757  756      0.482     -0.390      2.500
 763  754      0.485      0.666      2.500
 754  758      0.485     -0.024      2.500
 755  759      0.486     -0.159      2.500
 756  760      0.486     -0.148      2.500
 759  762      0.488     -0.205      2.500
 764  757      0.493     -0.508      2.500
 762  763      0.495      0.180      2.500
 766  761      0.497      0.456      2.500
 769  765      0.505     -0.544      2.500
 765  768      0.506      0.064      2.500
 767  769      0.508      0.151      2.500
 773  764      0.509      0.614      2.500
 771  766      0.510      0.477      2.500
 770  772      0.513      0.158      2.500
 768  774      0.514     -0.127      2.500
 776  767      0.517      0.537      2.500
 774  773      0.518     -0.465      2.500
 778  770      0.520     -0.635      2.500
 772  780      0.522      0.037      2.500
 779  771      0.522     -0.603      2.500
 777  776      0.523      0.340      2.500
 775  779      0.525      0.223      2.500
 782  775      0.526      0.495      2.500
 781  777      0.526     -0.524      2.500
 780  782      0.530      0.265      2.500
 785  778      0.534     -0.765      2.500
 783  783      0.537     -0.511      2.500
 784  784      0.537     -0.519      2.500
 786  781      0.538     -0.902      2.500
 789  785      0.547      0.776      2.500
 791  786      0.548      0.763      2.500
 793  787      0.550     -0.730      2.500
 787  789      0.553      0.358      2.500
 797  788      0.554     -0.829      2.500
 790  793      0.558     -0.368      2.500
 796  791      0.558     -0.545      2.500
 795  792      0.560      0.367      2.500
 788  798      0.562     -0.002      2.500
 800  790      0.562      0.718      2.500
 792  797      0.562      0.128      2.500
 794  800      0.566     -0.130      2.500
 804  794      0.570      0.702      2.500
 803  795      0.570     -0.717      2.500
 806  796      0.572     -0.902      2.500
 802  799      0.573     -0.565      2.500
 798  803      0.573     -0.222      2.500
 799  805      0.576      0.005      2.500
 807  801      0.579      0.514      2.500
 801  806      0.579     -0.250      2.500
 808  802      0.582     -0.585      2.500
 805  808      0.584     -0.203      2.500
 809  807      0.587     -0.544      2.500
 810  804      0.588      0.535      2.500
 812  810      0.598     -0.306      2.500
 811  813      0.600     -0.103      2.500
 814  811      0.603      0.336      2.500
 815  809      0.604      0.484      2.500
  -1   -2      0.605     -0.308      2.500
 817  812      0.610      0.596      2.500
 816  819      0.616      0.198      2.500
 822  814      0.617     -0.820      2.500
 821  816      0.619      0.599      2.500
 826  817      0.622      0.735      2.500
 818  825      0.623      0.005      2.500
 819  828      0.626     -0.090      2.500
 828  818      0.626     -0.826      2.500
 823  823      0.626     -0.432      2.500
 830  820      0.629      0.659      2.500
 829  822      0.629     -0.665      2.500
 820  830      0.630     -0.150      2.500
 827  824      0.630     -0.554      2.500
 831  821      0.630     -0.812      2.500
 825  829      0.631     -0.335      2.500
 824  831      0.633     -0.191      2.500
 832  827      0.635      0.554      2.500
 835  826      0.637      0.782      2.500
 833  836      0.647      0.009      2.500
 834  837      0.648     -0.003      2.500
 838  832      0.651      0.796      2.500
 836  833      0.651     -0.619      2.500
 842  835      0.657      0.531      2.500
 844  834      0.657      0.599      2.500
 841  838      0.657     -0.898      2.500
 840  839      0.658      0.350      2.500
 837  841      0.660      0.251      2.500
 843  840      0.661      0.383      2.500
 839  847      0.663      0.106      2.500
 846  846      0.667      0.379      2.500
 847  845      0.668      0.501      2.500
 851  843      0.669      0.635      2.500
 850  844      0.669     -0.680      2.500
 852  842      0.669     -0.825      2.500
 849  848      0.672      0.403      2.500
 845  850      0.673     -0.016      2.500
 848  852      0.676      0.162      2.500
 854  849      0.678      0.685      2.500
 855  851      0.683     -0.640      2.500
 853  860      0.686     -0.225      2.500
 858  853      0.687      0.597      2.500
 856  859      0.688     -0.434      2.500
 864  854      0.689     -0.786      2.500
 863  856      0.690      0.635      2.500
 860  857      0.690     -0.650      2.500
 867  855      0.691     -0.843      2.500
 857  863      0.694      0.079      2.500
 869  858      0.695      0.712      2.500
 859  865      0.697     -0.172      2.500
 870  861      0.697     -0.798      2.500
 861  867      0.699     -0.200      2.500
 862  868      0.700      0.049      2.500
 868  864      0.700     -0.493      2.500
 872  862      0.700     -0.760      2.500
 865  870      0.701      0.069      2.500
 866  869      0.701     -0.248      2.500
 871  871      0.707      0.194      2.500
 873  866      0.708      0.735      2.500
 874  878      0.718      0.028      2.500
 879  872      0.718     -0.794      2.500
 875  875      0.719     -0.439      2.500
 880  873      0.721      0.591      2.500
 882  874      0.722     -0.738      2.500
 878  879      0.724     -0.355      2.500
 876  880      0.725     -0.140      2.500
 877  881      0.726     -0.209      2.500
 884  876      0.727     -0.855      2.500
 883  877      0.727     -0.796      2.500
 881  886      0.730      0.175      2.500
  -1   -2      0.733     -0.614      2.500
 888  883      0.734     -0.604      2.500
 886  888      0.736     -0.392      2.500
 891  884      0.736     -0.725      2.500
 893  885      0.737      0.675      2.500
 892  887      0.738      0.558      2.500
 885  890      0.739      0.074      2.500
 890  889      0.740      0.361      2.500
 889  893      0.744      0.038      2.500
 895  891      0.745      0.402      2.500
 894  898      0.747     -0.109      2.500
 896  895      0.749      0.216      2.500
 900  892      0.750      0.803      2.500
  -1   -2      0.752      0.227      2.500
 899  899      0.753      0.419      2.500
  -1  894      0.755     -0.904      2.500
 903  896      0.756      0.722      2.500
 901  901      0.755     -0.502      2.500
 904  897      0.756     -0.861      2.500
 898  906      0.757      0.000      2.500
 902  902      0.757     -0.482      2.500
 906  905      0.762      0.486      2.500
 909  903      0.762      0.753      2.500
 908  904      0.762      0.647      2.500
 911  907      0.764     -0.721      2.500
 907  908      0.766      0.331      2.500
 905  909      0.766     -0.229      2.500
 912  910      0.769      0.301      2.500
 910  914      0.770     -0.099      2.500
 915  912      0.772      0.444      2.500
 916  911      0.772      0.507      2.500
 913  916      0.773     -0.013      2.500
 914  915      0.774     -0.285      2.500
 918  913      0.776      0.737      2.500
 917  918      0.778     -0.426      2.500
 920  917      0.781      0.558      2.500
 919  921      0.783      0.170      2.500
 921  919      0.784      0.788      2.500
 924  920      0.786      0.607      2.500
 922  922      0.787     -0.490      2.500
 923  925      0.791     -0.062      2.500
 925  926      0.792     -0.023      2.500
 928  923      0.793      0.697      2.500
 930  924      0.797      0.740      2.500
 927  929      0.797      0.217      2.500
 926  932      0.798     -0.012      2.500
 929  930      0.798     -0.296      2.500
  -1   -2      0.800      0.578      2.500
 931  931      0.800      0.309      2.500
 933  927      0.800     -0.737      2.500
 935  933      0.805      0.570      2.500
 934  935      0.809     -0.052      2.500
 936  934      0.813      0.504      2.500
 938  936      0.815     -0.668      2.500
 937  937      0.818      0.252      2.500
 941  938      0.820     -0.654      2.500
  -1   -2      0.821      0.260      2.500
 940  940      0.821     -0.510      2.500
 942  939      0.822      0.553      2.500
 944  942      0.823      0.477      2.500
 943  944      0.824      0.372      2.500
 946  943      0.825      0.718      2.500
 945  948      0.829     -0.074      2.500
 947  947      0.830      0.124      2.500
 948  945      0.830     -0.659      2.500
 949  946      0.832     -0.605      2.500
 950  949      0.835      0.239      2.500
 951  951      0.837     -0.143      2.500
 952  950      0.838     -0.501      2.500
 953  952      0.840     -0.273      2.500
 954  953      0.841     -0.005      2.500
 957  954      0.845     -0.408      2.500
 955  957      0.845     -0.083      2.500
 956  959      0.846      0.028      2.500
 959  955      0.847     -0.675      2.500
 960  956      0.848     -0.858      2.500
 958  961      0.849      0.241      2.500
 961  958      0.849     -0.870      2.500
 962  960      0.850     -0.829      2.500
 963  962      0.854      0.427      2.500
 964  963      0.856     -0.888      2.500
 965  964      0.859     -0.567      2.500
 967  965      0.861     -0.377      2.500
 966  966      0.862     -0.222      2.500
 968  967      0.863     -0.341      2.500
 969  968      0.868     -0.181      2.500
 970  969      0.872      0.416      2.500
 971  970      0.874     -0.898      2.500
 972  971      0.876      0.771      2.500
 973  972      0.877      0.727      2.500
 974   -2      0.877      0.831      2.500
 975  973      0.878      0.196      2.500
 976  974      0.880      0.635      2.500
 977  975      0.880     -0.789      2.500
 978  976      0.881     -0.544      2.500
 979  977      0.889     -0.673      2.500
 980  978      0.892      0.695      2.500
 982  979      0.893     -0.620      2.500
 981  980      0.894      0.389      2.500
 983  981      0.897     -0.228      2.500
 984  982      0.901      0.358      2.500
 985  983      0.901     -0.473      2.500
 986  984      0.905      0.590      2.500
 988  985      0.905     -0.804      2.500
 987  987      0.906     -0.340      2.500
 989  986      0.907      0.805      2.500
 991  988      0.908      0.520      2.500
 992  989      0.908      0.618      2.500
 993  990      0.908     -0.742      2.500
 990  992      0.909     -0.014      2.500
  -1   -2      0.910      0.308      2.500
 995  993      0.911      0.299      2.500
