996
  -1    0     -0.823     -0.002      2.500
   0    1     -0.823      0.147      2.500
   1    2     -0.819     -0.149      2.500
   3    4     -0.816     -0.694      2.500
   2    3     -0.817      0.614      2.500
  -1   -2     -0.817      0.620      2.500
   5    6     -0.815     -0.230      2.500
   6    7     -0.815     -0.080      2.500
   7    8     -0.816      0.793      2.500
   8    9     -0.815      0.356      2.500
   9   10     -0.815     -0.516      2.500
  11   12     -0.814     -0.298      2.500
  12   11     -0.815      0.574      2.500
  10   13     -0.814     -0.734      2.500
  -1   14     -0.814      0.138      2.500
  13   15     -0.812     -0.281      2.500
  14   16     -0.809      0.185      2.500
  15   17     -0.805     -0.199      2.500
  16   18     -0.802      0.459      2.500
  17   22     -0.801      0.799      2.500
  19   19     -0.800     -0.053      2.500
  21   20     -0.800      0.283      2.500
  22   21     -0.799     -0.206      2.500
  18   25     -0.798     -0.890      2.500
  20   24     -0.799      0.557      2.500
  23   23     -0.798      0.261      2.500
  24   26     -0.794     -0.429      2.500
  25   27     -0.792     -0.133      2.500
  26   28     -0.791     -0.225      2.500
  27   29     -0.790      0.473      2.500
  28   30     -0.788     -0.403      2.500
  30   31     -0.785      0.122      2.500
  29   32     -0.785      0.682      2.500
  31   33     -0.782     -0.598      2.500
  36   34     -0.777      0.046      2.500
  32   35     -0.777      0.582      2.500
  34   38     -0.775     -0.637      2.500
  35   36     -0.776      0.453      2.500
  33   40     -0.775     -0.849      2.500
  37   37     -0.774      0.117      2.500
  38   39     -0.772     -0.277      2.500
  39   41     -0.771      0.322      2.500
  40   43     -0.769     -0.666      2.500
  42   44     -0.768      0.373      2.500
  43   42     -0.767      0.133      2.500
  45   45     -0.766      0.230      2.500
  41   46     -0.765     -0.850      2.500
  44   48     -0.764      0.623      2.500
  47   47     -0.762      0.281      2.500
  46   50     -0.761      0.781      2.500
  48   49     -0.756     -0.184      2.500
  49   51     -0.753      0.530      2.500
  50   52     -0.746     -0.220      2.500
  51   53     -0.742     -0.480      2.500
  53   54     -0.739     -0.244      2.500
  55   55     -0.736      0.332      2.500
  52   61     -0.734     -0.837      2.500
  54   59     -0.734     -0.624      2.500
  56   60     -0.734      0.518      2.500
  59   56     -0.733     -0.066      2.500
  60   57     -0.732      0.031      2.500
  62   58     -0.732      0.111      2.500
  57   62     -0.732      0.504      2.500
  61   67     -0.728     -0.592      2.500
  63   64     -0.728     -0.451      2.500
  64   65     -0.728      0.383      2.500
  58   69     -0.728      0.763      2.500
  66   63     -0.727     -0.189      2.500
  65   66     -0.726     -0.319      2.500
  67   68     -0.724     -0.264      2.500
  69   70     -0.719     -0.005      2.500
  68   73     -0.718      0.444      2.500
  73   71     -0.716     -0.152      2.500
  74   72     -0.716     -0.042      2.500
  70   76     -0.715      0.479      2.500
  75   74     -0.713      0.137      2.500
  71   78     -0.711     -0.661      2.500
  77   75     -0.711     -0.117      2.500
  72   80     -0.711      0.663      2.500
  78   77     -0.710      0.076      2.500
  76   83     -0.705     -0.796      2.500
  80   79     -0.705     -0.095      2.500
  81   81     -0.703     -0.190      2.500
  79   85     -0.702     -0.762      2.500
  82   82     -0.701      0.204      2.500
  88   84     -0.697      0.088      2.500
  86   86     -0.696     -0.323      2.500
  83   88     -0.696      0.699      2.500
  84   92     -0.692     -0.840      2.500
  85   90     -0.692     -0.898      2.500
  89   87     -0.693      0.167      2.500
  87   93     -0.691     -0.658      2.500
  93   89     -0.688     -0.509      2.500
  90   94     -0.689      0.506      2.500
  94   96     -0.687      0.564      2.500
  92   97     -0.686      0.731      2.500
  96   91     -0.685     -0.196      2.500
  91   99     -0.684     -0.792      2.500
  95   98     -0.684      0.560      2.500
  97   95     -0.683      0.190      2.500
  99  101     -0.672     -0.332      2.500
 101  100     -0.672     -0.039      2.500
 103  102     -0.670      0.062      2.500
 102  103     -0.669      0.284      2.500
  98  106     -0.667     -0.852      2.500
 100  105     -0.666      0.532      2.500
 104  104     -0.665      0.422      2.500
 106  107     -0.657     -0.249      2.500
 105  109     -0.655      0.391      2.500
 107  108     -0.654     -0.390      2.500
 108  111     -0.649     -0.899      2.500
 113  110     -0.646     -0.080      2.500
 111  113     -0.645     -0.398      2.500
 109  114     -0.644      0.447      2.500
 114  112     -0.643     -0.193      2.500
 110  117     -0.639     -0.767      2.500
 112  119     -0.635     -0.877      2.500
 115  115     -0.634     -0.289      2.500
 120  116     -0.631     -0.260      2.500
 116  121     -0.628      0.434      2.500
 121  118     -0.627      0.067      2.500
 117  122     -0.625     -0.559      2.500
 119  124     -0.624      0.582      2.500
 123  120     -0.623      0.038      2.500
 118  126     -0.621     -0.797      2.500
 122  125     -0.619      0.455      2.500
 126  123     -0.617     -0.188      2.500
 124  132     -0.612      0.652      2.500
 129  127     -0.609     -0.421      2.500
 128  131     -0.609      0.419      2.500
 131  128     -0.607     -0.449      2.500
 130  130     -0.608      0.357      2.500
 125  137     -0.607     -0.905      2.500
 127  139     -0.604     -0.748      2.500
 135  129     -0.604      0.139      2.500
 132  136     -0.604      0.450      2.500
 133  135     -0.602     -0.468      2.500
 138  133     -0.601     -0.243      2.500
 137  134     -0.601      0.259      2.500
 134  138     -0.600      0.395      2.500
 136  140     -0.598     -0.496      2.500
 139  142     -0.594      0.350      2.500
 141  141     -0.594     -0.294      2.500
 144  143     -0.586     -0.226      2.500
 140  148     -0.582     -0.816      2.500
 142  147     -0.582     -0.772      2.500
 143  149     -0.582      0.768      2.500
 147  144     -0.577     -0.408      2.500
 150  145     -0.576      0.220      2.500
 146  150     -0.575     -0.510      2.500
 145  152     -0.574      0.554      2.500
 149  151     -0.573      0.398      2.500
 152  146     -0.572     -0.195      2.500
 148  154     -0.570     -0.684      2.500
 151  159     -0.567      0.805      2.500
 155  153     -0.563     -0.008      2.500
 154  155     -0.562     -0.332      2.500
 153  161     -0.560     -0.645      2.500
 156  156     -0.560      0.119      2.500
 158  157     -0.556     -0.236      2.500
 160  158     -0.554      0.013      2.500
 157  166     -0.552      0.419      2.500
 164  160     -0.551      0.093      2.500
 161  165     -0.549     -0.393      2.500
 165  162     -0.549      0.174      2.500
 166  163     -0.547     -0.214      2.500
 163  167     -0.546     -0.472      2.500
 168  164     -0.545     -0.007      2.500
 159  168     -0.543      0.725      2.500
 162  171     -0.538     -0.893      2.500
 167  169     -0.537      0.490      2.500
 170  172     -0.532      0.461      2.500
 169  173     -0.532      0.506      2.500
 171  175     -0.529      0.547      2.500
 175  170     -0.527      0.147      2.500
 172  178     -0.524      0.489      2.500
 178  174     -0.519     -0.111      2.500
 174  181     -0.518      0.675      2.500
 173  182     -0.518      0.738      2.500
 181  176     -0.516     -0.016      2.500
 183  177     -0.515      0.017      2.500
 185  179     -0.512     -0.087      2.500
 177  186     -0.510      0.580      2.500
 176  188     -0.510      0.649      2.500
 187  180     -0.508      0.188      2.500
 184  184     -0.507      0.395      2.500
 186  183     -0.505     -0.418      2.500
 179  190     -0.504     -0.743      2.500
 180  192     -0.504      0.704      2.500
 182  189     -0.503     -0.678      2.500
 191  187     -0.501      0.241      2.500
 192  185     -0.499     -0.162      2.500
 189  194     -0.498      0.466      2.500
 190  193     -0.497     -0.542      2.500
  -1   -2     -0.495     -0.677      2.500
 195  191     -0.490     -0.208      2.500
 193  196     -0.485      0.458      2.500
 194  199     -0.478      0.774      2.500
 196  201     -0.475      0.601      2.500
 197  202     -0.471      0.429      2.500
 202  197     -0.468     -0.062      2.500
 201  203     -0.466      0.423      2.500
 198  205     -0.465     -0.701      2.500
 203  198     -0.465     -0.188      2.500
 199  206     -0.465      0.679      2.500
 200  207     -0.462     -0.667      2.500
 206  200     -0.462     -0.025      2.500
 204  208     -0.458      0.388      2.500
 205  209     -0.453      0.416      2.500
 216  204     -0.453     -0.105      2.500
 209  210     -0.452      0.382      2.500
 207  212     -0.450     -0.579      2.500
 208  215     -0.448      0.572      2.500
 215  213     -0.448      0.362      2.500
 210  218     -0.444      0.654      2.500
 211  219     -0.444      0.685      2.500
  -1  217     -0.443     -0.074      2.500
 220  214     -0.443      0.205      2.500
 213  220     -0.442     -0.689      2.500
 214  222     -0.440     -0.727      2.500
 212  223     -0.441      0.721      2.500
 218  216     -0.440     -0.459      2.500
 217  225     -0.436      0.537      2.500
 222  221     -0.436     -0.497      2.500
 219  226     -0.435     -0.614      2.500
 224  227     -0.433     -0.577      2.500
 221  229     -0.433      0.524      2.500
 225  224     -0.432     -0.899      2.500
 223  232     -0.430     -0.073      2.500
 226  234     -0.424      0.696      2.500
 231  231     -0.422     -0.468      2.500
 234  228     -0.422     -0.186      2.500
 227  235     -0.422      0.666      2.500
 236  230     -0.418     -0.196      2.500
 228  240     -0.418      0.645      2.500
 232  236     -0.417      0.479      2.500
 229  243     -0.416      0.761      2.500
 238  239     -0.411      0.327      2.500
 246  233     -0.410     -0.226      2.500
 235  244     -0.410      0.487      2.500
 230   -2     -0.409     -0.071      2.500
 233  246     -0.409      0.753      2.500
 243  237     -0.409      0.229      2.500
 242  242     -0.406     -0.445      2.500
 250  238     -0.405     -0.184      2.500
 249  241     -0.405      0.116      2.500
 239  247     -0.402     -0.665      2.500
 237  250     -0.402     -0.833      2.500
 240  249     -0.401      0.593      2.500
 254  245     -0.397     -0.067      2.500
 244  253     -0.396     -0.774      2.500
 245  254     -0.395      0.827      2.500
 253  248     -0.394     -0.369      2.500
 247  258     -0.393     -0.894      2.500
 251  257     -0.390      0.534      2.500
 252  259     -0.388      0.587      2.500
 257  252     -0.386      0.264      2.500
 263  251     -0.385      0.036      2.500
 256  262     -0.382     -0.558      2.500
 261  261     -0.381      0.333      2.500
 255  266     -0.381      0.580      2.500
 264  256     -0.379      0.101      2.500
 266  255     -0.378     -0.087      2.500
 260  267     -0.378      0.500      2.500
 259  270     -0.374     -0.818      2.500
 258  271     -0.375      0.825      2.500
  -1   -2     -0.374     -0.026      2.500
 270  263     -0.373     -0.164      2.500
  -1   -2     -0.372      0.581      2.500
 271  264     -0.372      0.085      2.500
 268  268     -0.370      0.349      2.500
 272  265     -0.369     -0.022      2.500
 267  273     -0.367      0.466      2.500
 265  274     -0.367      0.591      2.500
 274  269     -0.363     -0.251      2.500
 276  278     -0.354      0.460      2.500
 278  275     -0.353     -0.304      2.500
 273  282     -0.353      0.787      2.500
 275  281     -0.351     -0.670      2.500
 282  276     -0.350     -0.128      2.500
 283  277     -0.350     -0.122      2.500
 280  280     -0.347      0.292      2.500
 277  283     -0.345      0.770      2.500
 285  279     -0.343     -0.240      2.500
 279  285     -0.339     -0.773      2.500
 281  286     -0.337      0.660      2.500
 289  284     -0.331     -0.308      2.500
 284  289     -0.331      0.795      2.500
 286  288     -0.330      0.603      2.500
 287  290     -0.327     -0.668      2.500
 288  292     -0.326      0.621      2.500
 293  287     -0.323     -0.366      2.500
 290  294     -0.320     -0.587      2.500
 295  291     -0.319     -0.401      2.500
 292  302     -0.316      0.626      2.500
 296  297     -0.315      0.377      2.500
 291  306     -0.315      0.791      2.500
 301  293     -0.314      0.190      2.500
 300  298     -0.313     -0.435      2.500
 299  300     -0.312     -0.481      2.500
 294  307     -0.311      0.673      2.500
 298  303     -0.311      0.458      2.500
 302  305     -0.309      0.381      2.500
 306  295     -0.308     -0.124      2.500
 307  296     -0.308     -0.091      2.500
 304  299     -0.308     -0.251      2.500
 308  301     -0.306      0.074      2.500
 297  309     -0.305     -0.904      2.500
 305  304     -0.305      0.234      2.500
 303  310     -0.298     -0.706      2.500
 314  308     -0.293      0.073      2.500
 311  311     -0.291     -0.550      2.500
 310  312     -0.291      0.494      2.500
 309  316     -0.290      0.770      2.500
 312  313     -0.287      0.482      2.500
 313  317     -0.285     -0.634      2.500
 315  322     -0.280      0.570      2.500
 323  314     -0.278      0.117      2.500
 321  319     -0.278      0.273      2.500
 325  315     -0.277      0.079      2.500
 316  327     -0.277      0.653      2.500
 317  325     -0.277      0.623      2.500
 318  328     -0.276     -0.731      2.500
 326  318     -0.275     -0.050      2.500
 327  320     -0.273      0.037      2.500
 319  331     -0.273      0.718      2.500
 328  321     -0.272      0.093      2.500
 329  324     -0.270      0.195      2.500
 330  323     -0.269     -0.255      2.500
 320  332     -0.269     -0.820      2.500
 322  334     -0.268      0.818      2.500
 324  333     -0.266     -0.750      2.500
 332  326     -0.265     -0.080      2.500
 334  329     -0.261     -0.145      2.500
 333  330     -0.261      0.082      2.500
 331  337     -0.256     -0.775      2.500
 335  336     -0.253     -0.529      2.500
 336  335     -0.251      0.232      2.500
 339  338     -0.237     -0.222      2.500
 337  339     -0.236      0.729      2.500
 338  340     -0.234      0.585      2.500
 340  342     -0.230      0.398      2.500
 341  341     -0.229      0.338      2.500
 344  343     -0.220      0.384      2.500
 342  347     -0.220      0.690      2.500
 343  346     -0.219      0.535      2.500
 345  345     -0.217     -0.550      2.500
 353  344     -0.214      0.005      2.500
 347  348     -0.213     -0.899      2.500
 346  351     -0.212     -0.588      2.500
 350  350     -0.212     -0.429      2.500
 348  352     -0.210      0.416      2.500
 356  349     -0.207     -0.082      2.500
 349  357     -0.205     -0.809      2.500
 352  359     -0.204     -0.831      2.500
 351  360     -0.204      0.781      2.500
 354  354     -0.203     -0.541      2.500
 359  353     -0.202     -0.235      2.500
 355  355     -0.202      0.419      2.500
 357  362     -0.199     -0.576      2.500
 362  361     -0.196      0.305      2.500
 363  358     -0.196      0.245      2.500
 364  356     -0.196      0.096      2.500
 360  363     -0.195     -0.601      2.500
 358  368     -0.194      0.825      2.500
 361  366     -0.193      0.541      2.500
 368  364     -0.188     -0.293      2.500
 369  365     -0.187     -0.309      2.500
 367  367     -0.187     -0.391      2.500
 365  370     -0.187      0.470      2.500
 370  369     -0.181     -0.087      2.500
 366  376     -0.181     -0.786      2.500
 372  371     -0.179     -0.151      2.500
 373  372     -0.179     -0.070      2.500
 374  373     -0.178     -0.127      2.500
 371  374     -0.177     -0.363      2.500
 376  375     -0.174     -0.248      2.500
 375  378     -0.171     -0.535      2.500
 380  377     -0.168     -0.143      2.500
 377  381     -0.165      0.585      2.500
 379  379     -0.165     -0.378      2.500
 378  383     -0.162      0.808      2.500
 382  380     -0.162     -0.247      2.500
 381  382     -0.160      0.527      2.500
 383  384     -0.155     -0.508      2.500
 384  388     -0.153      0.472      2.500
 385  385     -0.152      0.256      2.500
 387  387     -0.151      0.275      2.500
 386  389     -0.150      0.389      2.500
 389  386     -0.149     -0.066      2.500
 388  392     -0.146     -0.509      2.500
 391  391     -0.145     -0.343      2.500
 392  390     -0.145      0.066      2.500
 390  393     -0.141      0.573      2.500
 394  394     -0.137      0.457      2.500
 393  398     -0.135      0.807      2.500
 395  396     -0.133     -0.479      2.500
  -1  397     -0.132     -0.422      2.500
 397   -2     -0.131     -0.429      2.500
 398  399     -0.125      0.632      2.500
 399  402     -0.122      0.754      2.500
 401  400     -0.121      0.514      2.500
 400  404     -0.121      0.702      2.500
 402  401     -0.120     -0.597      2.500
 403  405     -0.118     -0.672      2.500
 404  406     -0.116      0.657      2.500
 406  403     -0.114      0.073      2.500
 405  407     -0.113     -0.896      2.500
 408  408     -0.108      0.351      2.500
 407  411     -0.107     -0.628      2.500
 409  413     -0.106      0.488      2.500
  -1  410     -0.105      0.281      2.500
 411  412     -0.104     -0.419      2.500
 410   -2     -0.104      0.288      2.500
 412  416     -0.101      0.535      2.500
 414  415     -0.101     -0.582      2.500
 416  414     -0.098     -0.076      2.500
 415  419     -0.097     -0.520      2.500
 417  417     -0.095      0.121      2.500
 418  418     -0.094      0.105      2.500
 419  421     -0.090     -0.400      2.500
 420  420     -0.090     -0.220      2.500
 423  422     -0.085     -0.195      2.500
 425  423     -0.084      0.090      2.500
 421  426     -0.082     -0.735      2.500
 427  424     -0.081     -0.267      2.500
 422  427     -0.081      0.660      2.500
 431  425     -0.079     -0.249      2.500
 424  429     -0.079      0.678      2.500
 426  430     -0.079      0.595      2.500
 430  428     -0.077      0.293      2.500
 428  431     -0.076     -0.807      2.500
 429  432     -0.075      0.800      2.500
 432  434     -0.069     -0.741      2.500
 433  433     -0.067     -0.307      2.500
 434  436     -0.064      0.449      2.500
 436  435     -0.062      0.177      2.500
 435  437     -0.059      0.614      2.500
 437  438     -0.054     -0.244      2.500
 440  439     -0.052     -0.173      2.500
 439  440     -0.050     -0.536      2.500
 438  442     -0.050      0.578      2.500
 441  441     -0.049      0.120      2.500
 442  443     -0.047     -0.476      2.500
 444  444     -0.045      0.397      2.500
  -1   -2     -0.045      0.387      2.500
 445  446     -0.043     -0.034      2.500
 447  447     -0.043     -0.081      2.500
 446  448     -0.042      0.294      2.500
 448  449     -0.040     -0.424      2.500
 449  450     -0.031     -0.290      2.500
 450  451     -0.024     -0.525      2.500
 451  453     -0.022      0.763      2.500
 454  452     -0.019     -0.052      2.500
 453  454     -0.019     -0.461      2.500
 452  455     -0.019      0.676      2.500
 455  456     -0.017      0.472      2.500
 456  457     -0.015     -0.564      2.500
 458  458     -0.012     -0.375      2.500
 459  459     -0.011     -0.215      2.500
 457  461     -0.011      0.811      2.500
 460  460     -0.011      0.158      2.500
 461  462     -0.008      0.294      2.500
 462  463     -0.008      0.367      2.500
 463  464     -0.006     -0.820      2.500
 464  465     -0.003     -0.835      2.500
 465  468     -0.001     -0.677      2.500
 466  466     -0.000     -0.398      2.500
 467  467      0.000     -0.082      2.500
 468  469      0.002     -0.696      2.500
 472  470      0.004      0.013      2.500
 470  472      0.004      0.351      2.500
 469  473      0.004      0.604      2.500
 471  471      0.004     -0.001      2.500
 474  474      0.005     -0.428      2.500
 473  476      0.005     -0.516      2.500
 475  475      0.005     -0.109      2.500
 476  477      0.006      0.235      2.500
 477  478      0.009     -0.589      2.500
 479  479      0.013      0.138      2.500
 478  480      0.013     -0.809      2.500
 480  481      0.014      0.753      2.500
 481  482      0.015      0.419      2.500
 482  483      0.015      0.270      2.500
 483  484      0.017      0.030      2.500
 485  485      0.017     -0.426      2.500
 484  486      0.017      0.605      2.500
 486  487      0.018     -0.745      2.500
 487  488      0.019      0.163      2.500
 488  489      0.020     -0.260      2.500
 489  490      0.020      0.675      2.500
 490  491      0.021     -0.498      2.500
 491  492      0.021      0.782      2.500
 492  493      0.022      0.060      2.500
 493  494      0.025      0.087      2.500
 494  495      0.026     -0.023      2.500
 495  496      0.027     -0.594      2.500
 496  497      0.027     -0.398      2.500
 497  498      0.028     -0.474      2.500
 498  499      0.029      0.510      2.500
 499  500      0.030     -0.428      2.500
 500  501      0.033     -0.642      2.500
  -1   -2      0.034     -0.470      2.500
 502  505      0.035      0.175      2.500
 503  503      0.035     -0.560      2.500
 504  504      0.035      0.812      2.500
 505  506      0.035     -0.584      2.500
 506  507      0.048      0.002      2.500
 507  508      0.050     -0.368      2.500
 508  509      0.052     -0.232      2.500
 509  510      0.055      0.161      2.500
 510  511      0.056      0.410      2.500
 511  512      0.057      0.639      2.500
 512  513      0.058     -0.646      2.500
 513  514      0.059      0.584      2.500
 514  517      0.063     -0.324      2.500
 516  515      0.064     -0.630      2.500
 517  516      0.064      0.574      2.500
 515  518      0.065      0.013      2.500
 518  519      0.067     -0.132      2.500
 519  520      0.069     -0.114      2.500
 520  521      0.070     -0.202      2.500
 521  522      0.072      0.426      2.500
 522  523      0.074      0.071      2.500
 523  526      0.081      0.039      2.500
 524  525      0.081     -0.204      2.500
 527  524      0.084     -0.876      2.500
 525  528      0.084      0.254      2.500
 526  527      0.085     -0.456      2.500
 529  529      0.088     -0.716      2.500
 528  531      0.090      0.103      2.500
 531  530      0.091     -0.624      2.500
 530  532      0.093     -0.379      2.500
 532  533      0.095      0.221      2.500
 534  534      0.100      0.717      2.500
 533  536      0.101     -0.036      2.500
 535  535      0.102     -0.837      2.500
 537  537      0.105      0.604      2.500
 538  538      0.107     -0.776      2.500
 536  542      0.108      0.278      2.500
 539  540      0.110      0.550      2.500
 540  539      0.110     -0.881      2.500
 542  541      0.111      0.780      2.500
 541  543      0.112     -0.552      2.500
 543  544      0.116      0.535      2.500
 547  545      0.122     -0.817      2.500
 544  548      0.123      0.007      2.500
 545  547      0.123     -0.281      2.500
 546  546      0.123     -0.367      2.500
 548  551      0.132      0.140      2.500
 549  550      0.132     -0.386      2.500
 551  549      0.134     -0.876      2.500
 550  554      0.136      0.117      2.500
 553  552      0.138      0.690      2.500
 554  553      0.138     -0.795      2.500
  -1  557      0.140      0.136      2.500
 555  555      0.142     -0.477      2.500
 558  556      0.146     -0.882      2.500
 560  558      0.146      0.787      2.500
 556  560      0.147      0.405      2.500
 561  559      0.147     -0.790      2.500
 566  561      0.150     -0.888      2.500
 567  562      0.151      0.608      2.500
 562  564      0.152     -0.513      2.500
 557  568      0.152      0.006      2.500
 570  563      0.153     -0.838      2.500
 564  566      0.153     -0.454      2.500
 559  570      0.154     -0.082      2.500
 568  565      0.154     -0.592      2.500
 565  569      0.155      0.202      2.500
 563  572      0.156     -0.183      2.500
 569  571      0.158     -0.441      2.500
 574  567      0.159      0.640      2.500
 571  574      0.160     -0.203      2.500
 572  575      0.161      0.029      2.500
 573  577      0.165     -0.080      2.500
 577  573      0.166      0.725      2.500
 575  579      0.171     -0.024      2.500
 576  580      0.171     -0.192      2.500
 580  576      0.173      0.717      2.500
 581  578      0.176     -0.850      2.500
 578  581      0.177      0.187      2.500
 579  582      0.179      0.013      2.500
 583  583      0.184      0.410      2.500
 582  586      0.185      0.248      2.500
  -1   -2      0.185     -0.454      2.500
 586  589      0.188     -0.463      2.500
 590  584      0.189     -0.844      2.500
 585  590      0.189      0.280      2.500
 587  588      0.190     -0.603      2.500
 593  587      0.192      0.689      2.500
 591  592      0.194      0.347      2.500
 588  593      0.194     -0.416      2.500
 595  591      0.196      0.793      2.500
 589  594      0.197     -0.211      2.500
 592  595      0.200      0.059      2.500
 594  599      0.204      0.008      2.500
 598  597      0.206     -0.435      2.500
 597  598      0.206     -0.419      2.500
 596  600      0.206     -0.065      2.500
 600  596      0.209      0.534      2.500
 599  602      0.213     -0.050      2.500
 602  601      0.215     -0.471      2.500
 601  603      0.215      0.196      2.500
 603  608      0.219     -0.170      2.500
 606  606      0.222     -0.898      2.500
 609  605      0.223      0.433      2.500
 605  609      0.223     -0.291      2.500
 604  613      0.224      0.028      2.500
 610  604      0.224      0.562      2.500
 608  610      0.225      0.279      2.500
 607  614      0.226     -0.333      2.500
 611  611      0.228     -0.568      2.500
 614  607      0.229      0.813      2.500
 612  612      0.229     -0.540      2.500
 615  615      0.234      0.508      2.500
 613  616      0.236      0.088      2.500
 616  619      0.242     -0.219      2.500
 618  617      0.244      0.427      2.500
 622  618      0.248     -0.751      2.500
 617  625      0.248      0.113      2.500
 626  620      0.252      0.599      2.500
 619  629      0.253      0.099      2.500
 623  624      0.253     -0.494      2.500
 624  622      0.253      0.541      2.500
 620  630      0.254     -0.162      2.500
 629  621      0.255      0.640      2.500
 627  626      0.256     -0.551      2.500
 621  632      0.256      0.029      2.500
 631  623      0.257     -0.781      2.500
 628  633      0.261      0.223      2.500
 630  634      0.263      0.287      2.500
 625  635      0.263      0.023      2.500
 634  627      0.263     -0.880      2.500
 635  628      0.263      0.732      2.500
 636  631      0.266     -0.742      2.500
 632  638      0.270     -0.112      2.500
 633  639      0.273     -0.003      2.500
 642  636      0.276     -0.733      2.500
 643   -2      0.277     -0.783      2.500
 640  640      0.277     -0.337      2.500
 637  642      0.277      0.067      2.500
 638  643      0.278     -0.211      2.500
 639  644      0.279     -0.130      2.500
 646  637      0.282     -0.784      2.500
 644  641      0.283     -0.498      2.500
 641  646      0.284      0.120      2.500
 645  647      0.288     -0.381      2.500
 648  645      0.292     -0.665      2.500
 649  648      0.296      0.398      2.500
 647  653      0.299     -0.124      2.500
 653  649      0.304      0.453      2.500
 650  656      0.304     -0.034      2.500
 652  654      0.306      0.346      2.500
 656  650      0.306      0.503      2.500
 655  651      0.307     -0.605      2.500
 651  660      0.308     -0.054      2.500
 662  652      0.311      0.718      2.500
 654  663      0.312     -0.241      2.500
 663  655      0.313     -0.747      2.500
 658  659      0.314      0.358      2.500
 657  661      0.314      0.279      2.500
 665  657      0.317      0.660      2.500
 659  664      0.317     -0.423      2.500
 664  658      0.318      0.578      2.500
 660  665      0.318     -0.387      2.500
 661  667      0.323     -0.266      2.500
 666  672      0.329      0.194      2.500
 670  666      0.329     -0.740      2.500
 669  668      0.331     -0.570      2.500
 668  671      0.332      0.384      2.500
 667  675      0.334     -0.306      2.500
 674  669      0.337      0.721      2.500
  -1   -2      0.337      0.673      2.500
 672  674      0.339      0.465      2.500
 679  673      0.342     -0.872      2.500
 675  679      0.345     -0.530      2.500
 680  678      0.346      0.509      2.500
 682  677      0.347     -0.691      2.500
 671  683      0.347     -0.107      2.500
 677  681      0.347     -0.545      2.500
 683  676      0.348      0.675      2.500
 681  682      0.351      0.379      2.500
 687  680      0.353     -0.895      2.500
 684  684      0.355      0.366      2.500
 676  687      0.355      0.052      2.500
 678  686      0.356      0.096      2.500
 685  688      0.361      0.261      2.500
 686  693      0.364      0.159      2.500
 696  685      0.365      0.703      2.500
 691  690      0.367      0.337      2.500
 689  692      0.366     -0.427      2.500
 697  689      0.370     -0.626      2.500
 690  697      0.370     -0.284      2.500
 688  698      0.371     -0.001      2.500
 698  691      0.372     -0.654      2.500
 692  700      0.375      0.118      2.500
 694  701      0.376      0.097      2.500
 695  702      0.377     -0.185      2.500
 693  703      0.377     -0.013      2.500
 701  694      0.379      0.636      2.500
 703  695      0.380     -0.705      2.500
 702  696      0.380     -0.691      2.500
 699  709      0.385      0.051      2.500
 707  706      0.389      0.405      2.500
 712  699      0.389     -0.820      2.500
 700  715      0.389      0.083      2.500
 704  708      0.389     -0.379      2.500
 709  707      0.391      0.373      2.500
 706  711      0.391      0.298      2.500
 711  704      0.390     -0.673      2.500
 713  705      0.394     -0.760      2.500
 705  717      0.395      0.028      2.500
 708  720      0.398     -0.032      2.500
 710  721      0.400      0.035      2.500
 716  710      0.401      0.828      2.500
 718  712      0.401     -0.889      2.500
 719  714      0.403      0.688      2.500
 717  716      0.403     -0.714      2.500
 721  713      0.403      0.789      2.500
 714  719      0.404      0.329      2.500
 715  722      0.410     -0.436      2.500
 723  718      0.412      0.721      2.500
 720  725      0.415      0.233      2.500
 722  724      0.417      0.347      2.500
 725  723      0.419      0.568      2.500
 727  727      0.429     -0.510      2.500
 729  726      0.431      0.514      2.500
 724  729      0.431      0.082      2.500
 726  732      0.435     -0.207      2.500
 733  728      0.436      0.665      2.500
 732  730      0.439     -0.898      2.500
 728  734      0.440      0.002      2.500
 730  736      0.445     -0.139      2.500
 731  737      0.446     -0.185      2.500
 735  733      0.447     -0.654      2.500
 736  731      0.447     -0.663      2.500
 739  735      0.454      0.424      2.500
 737  739      0.458      0.233      2.500
 734  741      0.459     -0.180      2.500
 738  742      0.461      0.124      2.500
 748  738      0.467      0.617      2.500
 746  740      0.467     -0.552      2.500
 744  743      0.469      0.317      2.500
 741  746      0.469     -0.274      2.500
 740  749      0.471     -0.104      2.500
 747  744      0.472     -0.412      2.500
 742  752      0.474     -0.004      2.500
 745  751      0.474      0.081      2.500
 743  753      0.474      0.005      2.500
 749  747      0.475      0.338      2.500
 752  750      0.482      0.460      2.500
 755  745      0.483     -0.903      2.500
 750  760      0.483     -0.327      2.500
 756  748      0.483     -0.769      2.500
 758  754      0.487      0.544      2.500
 751  765      0.490     -0.108      2.500
 759  758      0.491      0.484      2.500
 757  761      0.491     -0.512      2.500
 760  757      0.491     -0.641      2.500
 753  764      0.491      0.233      2.500
 762  755      0.492      0.777      2.500
 764  756      0.493      0.765      2.500
 761  762      0.494     -0.550      2.500
 767  759      0.496     -0.834      2.500
 754  769      0.497     -0.150      2.500
 765  763      0.499     -0.610      2.500
 769  767      0.504      0.505      2.500
 771  766      0.505     -0.737      2.500
 766  770      0.505     -0.394      2.500
 763  773      0.509     -0.015      2.500
 772  768      0.511      0.724      2.500
 768  776      0.514     -0.159      2.500
 770  777      0.516      0.023      2.500
 776  771      0.518     -0.903      2.500
 773  774      0.519     -0.534      2.500
 777  772      0.520      0.709      2.500
 775  778      0.524     -0.475      2.500
 784  775      0.527     -0.727      2.500
 774  782      0.531     -0.035      2.500
 779  781      0.532      0.353      2.500
 782  779      0.532     -0.531      2.500
 783  780      0.532     -0.524      2.500
 778  783      0.534      0.188      2.500
 780  785      0.539     -0.208      2.500
 781  786      0.541     -0.161      2.500
 785  787      0.541     -0.150      2.500
 786  789      0.543     -0.022      2.500
 789  784      0.547     -0.560      2.500
 787  794      0.550      0.160      2.500
 790  793      0.553      0.280      2.500
 794  788      0.554      0.532      2.500
 788  797      0.554      0.168      2.500
 792  796      0.556      0.237      2.500
 793  795      0.557      0.377      2.500
 795  792      0.557     -0.583      2.500
 791  801      0.558      0.070      2.500
 798  790      0.559      0.554      2.500
 797  799      0.562      0.387      2.500
 799  798      0.563     -0.604      2.500
 801  791      0.563     -0.829      2.500
 796  807      0.570     -0.129      2.500
 806  800      0.572     -0.834      2.500
 803  803      0.573      0.614      2.500
 805  802      0.574      0.743      2.500
 800  811      0.576      0.043      2.500
 802  805      0.576     -0.565      2.500
 807  804      0.579     -0.822      2.500
 809  806      0.582      0.619      2.500
 804  812      0.582     -0.386      2.500
 808  808      0.585      0.508      2.500
 810  809      0.588      0.675      2.500
 811  810      0.590      0.787      2.500
 813  813      0.597     -0.687      2.500
 818  814      0.605      0.800      2.500
 812  817      0.605      0.143      2.500
 816  815      0.605      0.579      2.500
 815  816      0.610      0.364      2.500
 814  821      0.615      0.004      2.500
 821  819      0.617     -0.582      2.500
 819  822      0.617     -0.234      2.500
 817  824      0.618     -0.135      2.500
 820  825      0.620     -0.265      2.500
 825  818      0.620     -0.835      2.500
 826  820      0.624      0.624      2.500
 822  831      0.628      0.013      2.500
 828  823      0.628     -0.646      2.500
 823  832      0.629     -0.215      2.500
 824  830      0.629     -0.328      2.500
 830  827      0.632      0.561      2.500
 831  826      0.633      0.657      2.500
 829  833      0.636     -0.461      2.500
  -1   -2      0.636     -0.330      2.500
 833  828      0.637     -0.705      2.500
 835  829      0.639      0.703      2.500
 837  834      0.644     -0.851      2.500
 832  839      0.645      0.225      2.500
 839  836      0.647     -0.801      2.500
 836  837      0.648      0.535      2.500
 834  846      0.650     -0.107      2.500
 843  838      0.654     -0.812      2.500
 845  841      0.657      0.660      2.500
 838  848      0.656     -0.363      2.500
 844  842      0.657      0.626      2.500
 847  840      0.657      0.728      2.500
 840  847      0.657     -0.898      2.500
 841  845      0.658      0.422      2.500
 846  843      0.658     -0.670      2.500
 852  844      0.661     -0.780      2.500
 842  850      0.662      0.388      2.500
 853  849      0.664     -0.681      2.500
 849  851      0.665      0.418      2.500
 851  852      0.667      0.442      2.500
 848  855      0.670      0.014      2.500
 857  853      0.671      0.749      2.500
 850  858      0.673     -0.092      2.500
 854  860      0.675     -0.161      2.500
 855  859      0.675     -0.206      2.500
 856  857      0.678      0.287      2.500
 859  854      0.679     -0.810      2.500
 861  856      0.685     -0.862      2.500
 865  861      0.689     -0.812      2.500
 864  862      0.689     -0.762      2.500
 858  866      0.691      0.020      2.500
 860  867      0.692      0.006      2.500
 867  863      0.694      0.623      2.500
 863  864      0.695     -0.473      2.500
 866  865      0.697     -0.534      2.500
 862  870      0.698      0.129      2.500
 868  871      0.705      0.193      2.500
 871  868      0.706     -0.752      2.500
 870  869      0.707      0.699      2.500
 869  878      0.714     -0.008      2.500
 874  872      0.716      0.596      2.500
  -1   -2      0.716     -0.653      2.500
 875  875      0.717     -0.643      2.500
 876  874      0.719      0.812      2.500
 872  880      0.719     -0.249      2.500
 879  876      0.720     -0.867      2.500
 878  881      0.724     -0.483      2.500
 884  877      0.724     -0.903      2.500
 887  879      0.727      0.740      2.500
 877  884      0.728      0.102      2.500
 880  883      0.729      0.232      2.500
 881  886      0.730     -0.276      2.500
 882  888      0.732     -0.189      2.500
 883  889      0.732     -0.221      2.500
 888  882      0.733      0.767      2.500
 886  891      0.735      0.091      2.500
 885  892      0.735      0.069      2.500
 891  885      0.738      0.677      2.500
 893  887      0.739     -0.751      2.500
 890  893      0.740      0.411      2.500
 889  894      0.740     -0.395      2.500
 892  890      0.740      0.451      2.500
 895  895      0.746      0.469      2.500
 894  898      0.746     -0.436      2.500
 898  897      0.749      0.533      2.500
 901  896      0.750      0.753      2.500
 897  901      0.751      0.213      2.500
 896  905      0.752      0.045      2.500
 900  899      0.752     -0.550      2.500
 899  906      0.755     -0.233      2.500
 904  900      0.755     -0.904      2.500
 903  903      0.756     -0.529      2.500
 902  909      0.758     -0.153      2.500
 906  902      0.759      0.797      2.500
 905  904      0.759      0.553      2.500
 910  908      0.764      0.495      2.500
 907  911      0.764      0.260      2.500
 911  907      0.764      0.600      2.500
  -1   -2      0.766      0.272      2.500
 908  916      0.767      0.099      2.500
 914  910      0.768      0.643      2.500
 912  914      0.768      0.383      2.500
 917  913      0.771      0.721      2.500
 913  918      0.773      0.057      2.500
 918  915      0.775      0.757      2.500
 916  917      0.775      0.352      2.500
 915  920      0.778     -0.117      2.500
 921  919      0.780     -0.766      2.500
 919  922      0.782     -0.474      2.500
  -1   -2      0.785      0.619      2.500
 922  923      0.784     -0.541      2.500
 920  925      0.786      0.014      2.500
 923  926      0.788     -0.258      2.500
 926  924      0.791      0.612      2.500
 925  927      0.791     -0.322      2.500
 927  930      0.797     -0.105      2.500
 929  929      0.799      0.212      2.500
 928  932      0.799     -0.003      2.500
 931  928      0.802     -0.708      2.500
 932  931      0.804      0.554      2.500
 930  933      0.804      0.364      2.500
 933  937      0.808      0.265      2.500
 935  935      0.808     -0.696      2.500
 937  934      0.810      0.740      2.500
 938  936      0.811      0.598      2.500
 934  938      0.812     -0.336      2.500
 936  941      0.815     -0.061      2.500
 940  939      0.816      0.530      2.500
 939  943      0.816     -0.014      2.500
 942  940      0.818     -0.563      2.500
 943  942      0.819     -0.701      2.500
 941  946      0.820     -0.001      2.500
 944  944      0.822      0.429      2.500
 946  945      0.824     -0.653      2.500
 945  947      0.825      0.304      2.500
  -1   -2      0.827      0.313      2.500
 948  949      0.830     -0.048      2.500
 950  950      0.835     -0.866      2.500
 949  952      0.835     -0.556      2.500
 951  951      0.836     -0.875      2.500
 952  953      0.838     -0.716      2.500
 954  954      0.838     -0.843      2.500
 953  955      0.841      0.291      2.500
 955  956      0.843      0.161      2.500
 958  957      0.846     -0.890      2.500
 956  959      0.846     -0.075      2.500
 957  958      0.847     -0.461      2.500
 960  960      0.850      0.485      2.500
 959  961      0.850     -0.312      2.500
 961  962      0.852     -0.159      2.500
 962  963      0.854      0.294      2.500
 964  964      0.855     -0.620      2.500
 963  965      0.856      0.008      2.500
 965  966      0.859      0.048      2.500
 966  967      0.859     -0.087      2.500
 967  968      0.864     -0.428      2.500
 968  969      0.867     -0.388      2.500
 969  970      0.869      0.475      2.500
 971  971      0.871      0.784      2.500
 970  973      0.871     -0.253      2.500
 972  972      0.872      0.748      2.500
 973  975      0.874     -0.899      2.500
 976  974      0.875     -0.811      2.500
 975  976      0.876      0.672      2.500
 974  977      0.876     -0.205      2.500
 977  978      0.878     -0.599      2.500
 978  979      0.883      0.243      2.500
 979  980      0.885     -0.715      2.500
 980  981      0.887      0.722      2.500
 981  982      0.889     -0.669      2.500
 982  983      0.891      0.449      2.500
 983  986      0.900      0.417      2.500
 985  984      0.899     -0.824      2.500
 984  985      0.900     -0.529      2.500
 986  987      0.901      0.634      2.500
 987  988      0.902      0.816      2.500
 989  989      0.903     -0.773      2.500
 990  990      0.904      0.657      2.500
 991  991      0.904      0.572      2.500
 988  992      0.904     -0.260      2.500
 992  994      0.910     -0.388      2.500
  -1   -2      0.910      0.365      2.500
 994  995      0.912      0.355      2.500
