995
  -1    0     -0.823      0.136      2.500
   0    1     -0.820     -0.144      2.500
   2    2     -0.818      0.601      2.500
   3    3     -0.817     -0.682      2.500
  -1   -2     -0.818      0.608      2.500
   4    5     -0.815     -0.221      2.500
   5    6     -0.815     -0.080      2.500
  -1    7     -0.816      0.793      2.500
   7    9     -0.815     -0.516      2.500
   6    8     -0.815      0.356      2.500
   8   10     -0.814     -0.734      2.500
   9   11     -0.814     -0.298      2.500
  11   12     -0.814      0.574      2.500
  10   -2     -0.814      0.138      2.500
  12   13     -0.812     -0.270      2.500
  13   14     -0.808      0.172      2.500
  14   15     -0.804     -0.191      2.500
  -1   17     -0.803      0.795      2.500
  16   16     -0.802      0.443      2.500
  15   18     -0.801     -0.889      2.500
  17   20     -0.800      0.542      2.500
  18   19     -0.799     -0.054      2.500
  19   21     -0.799      0.267      2.500
  20   22     -0.798     -0.198      2.500
  21   23     -0.797      0.245      2.500
  22   24     -0.794     -0.413      2.500
  24   25     -0.790     -0.129      2.500
  23   27     -0.790      0.456      2.500
  25   26     -0.789     -0.215      2.500
  26   29     -0.788      0.673      2.500
  27   28     -0.787     -0.386      2.500
  29   30     -0.783      0.111      2.500
  28   31     -0.782     -0.582      2.500
  30   33     -0.779     -0.846      2.500
  31   32     -0.780      0.568      2.500
  32   34     -0.777     -0.623      2.500
  33   35     -0.776      0.436      2.500
  34   36     -0.774      0.039      2.500
  37   37     -0.772      0.106      2.500
  35   40     -0.771     -0.653      2.500
  39   38     -0.770     -0.265      2.500
  36   41     -0.769     -0.847      2.500
  38   39     -0.770      0.304      2.500
  42   42     -0.767      0.355      2.500
  40   44     -0.767      0.611      2.500
  -1   46     -0.765      0.777      2.500
  44   43     -0.764      0.122      2.500
  43   45     -0.764      0.214      2.500
  45   47     -0.760      0.264      2.500
  46   49     -0.755      0.515      2.500
  47   48     -0.753     -0.177      2.500
  50   50     -0.742     -0.211      2.500
  48   52     -0.741     -0.833      2.500
  49   51     -0.741     -0.464      2.500
  51   54     -0.737     -0.611      2.500
  53   56     -0.736      0.504      2.500
  56   53     -0.735     -0.234      2.500
  55   55     -0.735      0.315      2.500
  41   -2     -0.734      0.758      2.500
  54   57     -0.734      0.489      2.500
  57   61     -0.730     -0.578      2.500
  58   64     -0.728      0.366      2.500
  59   63     -0.727     -0.436      2.500
  61   59     -0.727     -0.066      2.500
  62   60     -0.727      0.025      2.500
  60   62     -0.727      0.101      2.500
  63   65     -0.723     -0.306      2.500
  66   66     -0.722     -0.182      2.500
  70   67     -0.720     -0.254      2.500
  65   68     -0.719      0.428      2.500
  69   70     -0.717      0.465      2.500
  64   72     -0.717      0.654      2.500
  67   71     -0.716     -0.649      2.500
  68   76     -0.713     -0.789      2.500
  72   69     -0.713     -0.008      2.500
  71   79     -0.710     -0.754      2.500
  73   73     -0.710     -0.147      2.500
  75   74     -0.709     -0.043      2.500
  78   75     -0.708      0.126      2.500
  79   77     -0.705     -0.114      2.500
  80   78     -0.704      0.068      2.500
  76   83     -0.703      0.692      2.500
  74   84     -0.701     -0.837      2.500
  77   85     -0.701     -0.898      2.500
  85   80     -0.698     -0.093      2.500
  84   82     -0.697      0.191      2.500
  86   81     -0.696     -0.183      2.500
  81   87     -0.695     -0.647      2.500
  82   91     -0.693     -0.786      2.500
  83   92     -0.694      0.725      2.500
  89   86     -0.692     -0.311      2.500
  87   90     -0.692      0.493      2.500
  88   94     -0.692      0.552      2.500
  91   88     -0.690      0.080      2.500
  90   93     -0.689     -0.495      2.500
  -1   95     -0.689      0.547      2.500
  92   89     -0.688      0.156      2.500
  95   96     -0.678     -0.190      2.500
  93   98     -0.677     -0.850      2.500
  94   97     -0.678      0.178      2.500
  96  100     -0.671      0.519      2.500
  98   99     -0.667     -0.321      2.500
  97  104     -0.666      0.408      2.500
  99  102     -0.665      0.270      2.500
 100  101     -0.662     -0.041      2.500
 101  103     -0.662      0.055      2.500
 102  105     -0.655      0.377      2.500
 106  107     -0.650     -0.378      2.500
 105  108     -0.649     -0.899      2.500
 108  106     -0.649     -0.241      2.500
 103  110     -0.649     -0.761      2.500
 104  112     -0.647     -0.875      2.500
 107  109     -0.646      0.434      2.500
 109  111     -0.641     -0.386      2.500
 112  113     -0.636     -0.080      2.500
 115  114     -0.634     -0.187      2.500
 110  118     -0.632     -0.793      2.500
 111  119     -0.631      0.573      2.500
 113  116     -0.630      0.422      2.500
 114  117     -0.628     -0.547      2.500
 117  115     -0.627     -0.280      2.500
 120  120     -0.622     -0.252      2.500
 116  124     -0.622      0.645      2.500
 118  122     -0.622      0.443      2.500
  -1  125     -0.619     -0.905      2.500
 121  121     -0.617      0.062      2.500
 119  127     -0.614     -0.742      2.500
 124  123     -0.613      0.033      2.500
 122  128     -0.610      0.407      2.500
 129  126     -0.607     -0.184      2.500
 123  132     -0.607      0.439      2.500
 125  130     -0.607      0.344      2.500
 126  129     -0.606     -0.411      2.500
 127  131     -0.605     -0.439      2.500
 132  133     -0.601     -0.458      2.500
 133  134     -0.600      0.384      2.500
 134  136     -0.598     -0.486      2.500
 128  140     -0.596     -0.812      2.500
 135  137     -0.596      0.248      2.500
 130  142     -0.595     -0.768      2.500
 137  135     -0.595      0.131      2.500
 131  143     -0.595      0.765      2.500
 136  139     -0.593      0.339      2.500
 138  138     -0.591     -0.237      2.500
 142  141     -0.585     -0.287      2.500
 141  145     -0.581      0.546      2.500
 140  148     -0.579     -0.677      2.500
 139  151     -0.580      0.803      2.500
 143  146     -0.576     -0.501      2.500
 147  144     -0.575     -0.221      2.500
 145  147     -0.573     -0.400      2.500
 144  149     -0.574      0.388      2.500
 148  150     -0.569      0.212      2.500
 146  153     -0.567     -0.639      2.500
 152  152     -0.560     -0.191      2.500
 149  159     -0.557      0.722      2.500
 153  154     -0.554     -0.325      2.500
 151  157     -0.554      0.411      2.500
 150  162     -0.553     -0.893      2.500
 157  155     -0.549     -0.010      2.500
 156  156     -0.549      0.114      2.500
 161  158     -0.545     -0.232      2.500
 154  163     -0.544     -0.464      2.500
 158  161     -0.544     -0.386      2.500
 155  167     -0.542      0.482      2.500
 166  160     -0.541      0.010      2.500
 165  165     -0.540      0.167      2.500
 167  164     -0.539      0.089      2.500
 159  169     -0.539      0.499      2.500
 160  171     -0.537      0.541      2.500
 163  170     -0.536      0.454      2.500
 169  166     -0.534     -0.210      2.500
 162  173     -0.532      0.736      2.500
 172  168     -0.531     -0.009      2.500
 164  174     -0.531      0.671      2.500
 168  172     -0.529      0.483      2.500
 170  176     -0.522      0.645      2.500
 171  177     -0.519      0.575      2.500
 174  179     -0.517     -0.740      2.500
 173  180     -0.517      0.701      2.500
 176  175     -0.516      0.142      2.500
 175  182     -0.513     -0.674      2.500
 178  184     -0.508      0.388      2.500
  -1   -2     -0.506     -0.673      2.500
 183  178     -0.505     -0.111      2.500
 179  189     -0.503      0.460      2.500
 184  181     -0.501     -0.017      2.500
 182  186     -0.501     -0.413      2.500
 180  190     -0.500     -0.538      2.500
 186  183     -0.500      0.015      2.500
 185  187     -0.498      0.184      2.500
 189  185     -0.497     -0.087      2.500
 190  191     -0.493      0.236      2.500
 181  194     -0.493      0.774      2.500
 188  193     -0.489      0.454      2.500
 187  196     -0.486      0.598      2.500
 193  192     -0.485     -0.161      2.500
 191  199     -0.478      0.677      2.500
 192  198     -0.477     -0.699      2.500
 196  195     -0.477     -0.206      2.500
 195  197     -0.474      0.425      2.500
 194  200     -0.472     -0.664      2.500
 197  201     -0.468      0.419      2.500
 205  204     -0.458      0.384      2.500
 198  211     -0.458      0.684      2.500
 201  208     -0.458      0.570      2.500
 199  210     -0.457      0.652      2.500
 204  207     -0.455     -0.577      2.500
 200  212     -0.456      0.721      2.500
 206  205     -0.456      0.413      2.500
 202  214     -0.453     -0.726      2.500
 203  213     -0.453     -0.688      2.500
 212  202     -0.453     -0.062      2.500
 207  209     -0.452      0.380      2.500
 213  203     -0.451     -0.187      2.500
 218  206     -0.447     -0.026      2.500
 210  215     -0.447      0.360      2.500
 208  217     -0.445      0.535      2.500
 209  219     -0.442     -0.613      2.500
 214  221     -0.440      0.522      2.500
 216  224     -0.438     -0.576      2.500
 211  226     -0.438      0.695      2.500
 220  218     -0.438     -0.458      2.500
 224  216     -0.437     -0.105      2.500
 221  222     -0.436     -0.496      2.500
 215  227     -0.436      0.665      2.500
 225  220     -0.434      0.204      2.500
 223  225     -0.432     -0.899      2.500
 219  228     -0.432      0.645      2.500
 217  229     -0.431      0.761      2.500
  -1  230     -0.427     -0.074      2.500
 222  233     -0.425      0.753      2.500
 227  232     -0.423      0.478      2.500
 228  231     -0.421     -0.468      2.500
 226  237     -0.419     -0.833      2.500
 230  235     -0.416      0.487      2.500
 229  248     -0.414     -0.074      2.500
 234  239     -0.413     -0.665      2.500
 235  240     -0.412      0.593      2.500
 231  244     -0.411     -0.774      2.500
 232  245     -0.411      0.828      2.500
 233  247     -0.409     -0.893      2.500
 241  234     -0.408     -0.186      2.500
 237  238     -0.408      0.327      2.500
 244  236     -0.404     -0.196      2.500
 239  242     -0.404     -0.446      2.500
 246  243     -0.401      0.229      2.500
 238  252     -0.399      0.588      2.500
 240  251     -0.398      0.534      2.500
 248  241     -0.397     -0.226      2.500
 236   -2     -0.394     -0.071      2.500
 253  249     -0.392      0.117      2.500
 245  255     -0.392      0.581      2.500
 254  250     -0.391     -0.185      2.500
 243  259     -0.391     -0.818      2.500
 242  258     -0.391      0.826      2.500
 255  253     -0.387     -0.371      2.500
 249  256     -0.386     -0.560      2.500
 250  260     -0.385      0.502      2.500
  -1   -2     -0.383      0.582      2.500
 261  254     -0.381     -0.067      2.500
 259  257     -0.380      0.265      2.500
 257  261     -0.379      0.335      2.500
 256  265     -0.378      0.592      2.500
 260  267     -0.372      0.468      2.500
 265  263     -0.370      0.036      2.500
 258  273     -0.369      0.787      2.500
 263  268     -0.368      0.352      2.500
 268  264     -0.366      0.102      2.500
 271  266     -0.363     -0.088      2.500
 264  275     -0.361     -0.673      2.500
 262  277     -0.361      0.771      2.500
  -1   -2     -0.359     -0.026      2.500
 274  270     -0.358     -0.166      2.500
 266  276     -0.359      0.463      2.500
 273  271     -0.358      0.086      2.500
 276  272     -0.354     -0.022      2.500
 267  279     -0.353     -0.774      2.500
 277  274     -0.351     -0.253      2.500
 269  281     -0.350      0.663      2.500
 270  284     -0.348      0.796      2.500
 281  278     -0.344     -0.307      2.500
 280  280     -0.343      0.296      2.500
 275  286     -0.342      0.607      2.500
 278  288     -0.338      0.624      2.500
 279  287     -0.336     -0.672      2.500
 286  282     -0.335     -0.129      2.500
 288  283     -0.335     -0.123      2.500
 289  285     -0.332     -0.243      2.500
 282  291     -0.331      0.792      2.500
 283  292     -0.328      0.629      2.500
 287  290     -0.325     -0.592      2.500
 284  294     -0.325      0.675      2.500
 291  289     -0.322     -0.313      2.500
 285  297     -0.321     -0.904      2.500
 294  293     -0.316     -0.371      2.500
 290  298     -0.316      0.463      2.500
 292  296     -0.315      0.383      2.500
 296  295     -0.314     -0.406      2.500
 297  299     -0.312     -0.487      2.500
 299  300     -0.310     -0.441      2.500
 293  303     -0.309     -0.711      2.500
 298  302     -0.309      0.387      2.500
 300  301     -0.305      0.195      2.500
 295  309     -0.305      0.771      2.500
 306  305     -0.298      0.239      2.500
 311  304     -0.297     -0.255      2.500
 301  310     -0.297      0.500      2.500
 303  311     -0.295     -0.557      2.500
 314  306     -0.294     -0.126      2.500
 316  307     -0.294     -0.092      2.500
 315  308     -0.293      0.077      2.500
 302  313     -0.293     -0.640      2.500
 305  312     -0.292      0.489      2.500
 304  316     -0.290      0.658      2.500
 309  315     -0.289      0.575      2.500
 307  317     -0.289      0.627      2.500
 308  318     -0.288     -0.735      2.500
 310  319     -0.287      0.721      2.500
 312  320     -0.282     -0.823      2.500
 313  322     -0.282      0.819      2.500
 319  314     -0.280      0.076      2.500
 317  324     -0.278     -0.754      2.500
 320  321     -0.273      0.280      2.500
 318  331     -0.268     -0.780      2.500
 321  323     -0.267      0.122      2.500
 322  325     -0.265      0.083      2.500
 323  329     -0.261      0.201      2.500
 328  326     -0.261     -0.050      2.500
 329  327     -0.260      0.040      2.500
 326  328     -0.260      0.097      2.500
 327  330     -0.259     -0.261      2.500
 324  335     -0.255     -0.538      2.500
 331  332     -0.251     -0.081      2.500
 325  337     -0.249      0.732      2.500
 332  333     -0.249      0.086      2.500
 333  334     -0.248     -0.148      2.500
 334  336     -0.245      0.240      2.500
 330  338     -0.243      0.592      2.500
 335  342     -0.232      0.695      2.500
 336  340     -0.232      0.408      2.500
 338  341     -0.227      0.348      2.500
 342  339     -0.227     -0.227      2.500
 337  343     -0.226      0.544      2.500
 344  344     -0.221      0.395      2.500
 341  345     -0.220     -0.560      2.500
 345  346     -0.217     -0.598      2.500
 340  349     -0.217     -0.813      2.500
 339  351     -0.217      0.782      2.500
 343  352     -0.216     -0.835      2.500
 346  347     -0.213     -0.899      2.500
 347  348     -0.212      0.427      2.500
 349  350     -0.209     -0.439      2.500
 348  358     -0.207      0.826      2.500
 350  354     -0.206     -0.552      2.500
 351  355     -0.204      0.430      2.500
 352  357     -0.203     -0.588      2.500
 355  353     -0.203      0.007      2.500
 354  360     -0.199     -0.612      2.500
 353  361     -0.199      0.551      2.500
 359  356     -0.196     -0.083      2.500
 358  362     -0.194      0.316      2.500
 361  359     -0.193     -0.242      2.500
 356  366     -0.191     -0.792      2.500
 360  363     -0.191      0.255      2.500
 357  365     -0.190      0.481      2.500
 363  364     -0.186      0.102      2.500
 362  367     -0.183     -0.402      2.500
 365  368     -0.181     -0.302      2.500
 366  369     -0.180     -0.319      2.500
 368  375     -0.173     -0.547      2.500
 369  371     -0.173     -0.374      2.500
 367  377     -0.173      0.595      2.500
 364  378     -0.173      0.809      2.500
 371  370     -0.171     -0.088      2.500
 372  372     -0.170     -0.155      2.500
 373  373     -0.168     -0.071      2.500
 374  374     -0.168     -0.130      2.500
 375  376     -0.167     -0.256      2.500
 370  381     -0.165      0.538      2.500
 376  379     -0.161     -0.390      2.500
 379  380     -0.158     -0.147      2.500
 377  384     -0.156      0.484      2.500
 378  383     -0.156     -0.521      2.500
 380  382     -0.154     -0.255      2.500
 381  386     -0.150      0.402      2.500
 385  385     -0.148      0.268      2.500
 386  387     -0.148      0.288      2.500
 382  390     -0.147      0.583      2.500
 384  388     -0.147     -0.522      2.500
 383  393     -0.145      0.808      2.500
 388  391     -0.141     -0.354      2.500
 390  389     -0.140     -0.067      2.500
 387  394     -0.139      0.470      2.500
 392  392     -0.137      0.072      2.500
 394  395     -0.133     -0.493      2.500
 389  398     -0.132      0.640      2.500
 391  399     -0.131      0.757      2.500
  -1   -2     -0.130     -0.435      2.500
 396  397     -0.130     -0.443      2.500
 393  400     -0.129      0.708      2.500
 397  401     -0.125      0.526      2.500
 399  403     -0.124     -0.683      2.500
 401  402     -0.123     -0.610      2.500
 398  404     -0.123      0.665      2.500
 400  405     -0.122     -0.898      2.500
 402  407     -0.111     -0.641      2.500
 403  409     -0.109      0.502      2.500
 404  408     -0.108      0.365      2.500
 407  406     -0.108      0.079      2.500
 405  412     -0.105      0.548      2.500
 406  414     -0.104     -0.596      2.500
  -1  413     -0.103      0.295      2.500
 409  411     -0.103     -0.433      2.500
 408   -2     -0.102      0.302      2.500
 411  415     -0.098     -0.535      2.500
 414  416     -0.092     -0.077      2.500
 416  417     -0.090      0.130      2.500
 418  418     -0.089      0.113      2.500
 415  419     -0.089     -0.414      2.500
 412  421     -0.087     -0.745      2.500
 413  422     -0.087      0.669      2.500
 422  420     -0.085     -0.228      2.500
 417  424     -0.085      0.685      2.500
 419  426     -0.083      0.606      2.500
 421  428     -0.081     -0.814      2.500
 420  429     -0.081      0.802      2.500
 423  423     -0.081     -0.203      2.500
 424  425     -0.079      0.097      2.500
 425  427     -0.078     -0.277      2.500
 427  430     -0.076      0.308      2.500
 428  431     -0.075     -0.259      2.500
 426  432     -0.073     -0.751      2.500
 429  434     -0.065      0.464      2.500
 431  433     -0.065     -0.319      2.500
 430  435     -0.063      0.624      2.500
 432  436     -0.059      0.188      2.500
 433  438     -0.053      0.590      2.500
 434  439     -0.052     -0.552      2.500
 435  437     -0.051     -0.254      2.500
 437  440     -0.049     -0.180      2.500
 436  442     -0.047     -0.492      2.500
  -1   -2     -0.046      0.403      2.500
 438  444     -0.046      0.413      2.500
 440  441     -0.046      0.129      2.500
 441  446     -0.041      0.309      2.500
 443  445     -0.040     -0.033      2.500
 442  448     -0.040     -0.439      2.500
 444  447     -0.039     -0.083      2.500
 445  449     -0.029     -0.302      2.500
 446  451     -0.025      0.766      2.500
 447  450     -0.024     -0.541      2.500
 448  452     -0.022      0.684      2.500
 449  453     -0.019     -0.477      2.500
 450  455     -0.018      0.487      2.500
 452  454     -0.017     -0.052      2.500
 451  456     -0.016     -0.580      2.500
 453  457     -0.013      0.812      2.500
 454  458     -0.011     -0.390      2.500
 456  459     -0.010     -0.224      2.500
 455  460     -0.010      0.169      2.500
 457  463     -0.008     -0.827      2.500
 459  462     -0.008      0.383      2.500
 458  461     -0.008      0.310      2.500
 460  464     -0.004     -0.840      2.500
 462  465     -0.002     -0.690      2.500
 461   -2     -0.001     -0.894      2.500
 464  466     -0.000     -0.414      2.500
 463  468      0.000     -0.708      2.500
 465  467      0.001     -0.083      2.500
 466  469      0.003      0.615      2.500
 467  470      0.003      0.368      2.500
 469  473      0.004     -0.533      2.500
 470  472      0.004      0.017      2.500
 472  471      0.004      0.002      2.500
 471  474      0.005     -0.444      2.500
 473  475      0.006     -0.112      2.500
 474  476      0.006      0.249      2.500
 475  477      0.009     -0.604      2.500
 476  478      0.012     -0.816      2.500
 478  479      0.013      0.149      2.500
 477  480      0.013      0.756      2.500
 479  481      0.014      0.435      2.500
 480  482      0.015      0.285      2.500
 481  484      0.016      0.616      2.500
 482  483      0.016      0.035      2.500
 483  485      0.017     -0.442      2.500
 484  486      0.018     -0.755      2.500
 485  487      0.019      0.175      2.500
 486  489      0.020      0.683      2.500
 487  488      0.020     -0.271      2.500
 488  490      0.020     -0.514      2.500
 489  491      0.021      0.784      2.500
 490  492      0.021      0.067      2.500
 491  493      0.024      0.095      2.500
 492  494      0.026     -0.021      2.500
 493  495      0.027     -0.609      2.500
 494  496      0.027     -0.414      2.500
 495  497      0.028     -0.491      2.500
 496  498      0.029      0.525      2.500
 497  499      0.030     -0.444      2.500
 498  500      0.033     -0.656      2.500
  -1   -2      0.033     -0.487      2.500
 500  502      0.034      0.188      2.500
 501  503      0.035     -0.576      2.500
 502  505      0.035     -0.599      2.500
 503  504      0.035      0.814      2.500
 504  506      0.047      0.006      2.500
 505  507      0.049     -0.383      2.500
 506  508      0.051     -0.241      2.500
 507  509      0.053      0.173      2.500
 508  510      0.056      0.426      2.500
 509  512      0.058     -0.660      2.500
 510  511      0.059      0.649      2.500
 511  513      0.060      0.596      2.500
 512  514      0.062     -0.338      2.500
 513  515      0.062      0.017      2.500
 516  516      0.064     -0.644      2.500
 514  518      0.065     -0.136      2.500
 518  517      0.065      0.586      2.500
 515  519      0.066     -0.117      2.500
 517  520      0.067     -0.210      2.500
 519  522      0.072      0.079      2.500
 520  521      0.072      0.442      2.500
 522  524      0.078     -0.212      2.500
 521  523      0.078      0.044      2.500
 523  525      0.082      0.269      2.500
 524  526      0.084     -0.472      2.500
 525  528      0.086      0.112      2.500
 526  527      0.087     -0.879      2.500
 528  529      0.090     -0.727      2.500
 527  530      0.091     -0.394      2.500
 529  532      0.093      0.234      2.500
 530  531      0.093     -0.638      2.500
 531  533      0.097     -0.035      2.500
 533  534      0.104      0.723      2.500
 532  536      0.106      0.293      2.500
 534  535      0.106     -0.842      2.500
 535  537      0.109      0.615      2.500
 536  538      0.111     -0.784      2.500
 537  539      0.112      0.562      2.500
 538  541      0.113     -0.568      2.500
 541  540      0.115     -0.883      2.500
 542  542      0.116      0.781      2.500
 539  544      0.117      0.010      2.500
 544  543      0.119      0.548      2.500
 540  545      0.119     -0.292      2.500
 543  546      0.121     -0.381      2.500
 545  548      0.127      0.150      2.500
 548  547      0.127     -0.823      2.500
 547  549      0.129     -0.400      2.500
 546  550      0.130      0.126      2.500
  -1   -2      0.134      0.146      2.500
 553  551      0.140     -0.879      2.500
 550  555      0.141     -0.492      2.500
 555  553      0.143      0.696      2.500
 556  554      0.144     -0.802      2.500
 551  557      0.145      0.009      2.500
 552  559      0.146     -0.083      2.500
 557  556      0.147      0.419      2.500
 554  563      0.149     -0.189      2.500
 558  565      0.150      0.214      2.500
 561  564      0.152     -0.469      2.500
 562  562      0.152     -0.528      2.500
 565  558      0.153     -0.884      2.500
 566  561      0.154     -0.797      2.500
 560  571      0.154     -0.211      2.500
 567  560      0.154      0.788      2.500
 559  572      0.154      0.034      2.500
 568  568      0.156     -0.605      2.500
 564  569      0.156     -0.455      2.500
 570  567      0.156      0.618      2.500
 563  573      0.157     -0.081      2.500
 572  566      0.158     -0.890      2.500
 573  570      0.160     -0.843      2.500
 569  575      0.162     -0.022      2.500
 571  576      0.164     -0.199      2.500
 575  574      0.165      0.649      2.500
 574  579      0.171      0.017      2.500
 576  578      0.171      0.198      2.500
 577  577      0.173      0.730      2.500
 580  580      0.180      0.721      2.500
 578  582      0.180      0.260      2.500
  -1   -2      0.184     -0.468      2.500
 586  581      0.185     -0.854      2.500
 583  583      0.185      0.424      2.500
 581  585      0.186      0.292      2.500
 585  586      0.187     -0.477      2.500
 582  589      0.189     -0.218      2.500
 584  592      0.190      0.065      2.500
 588  588      0.191     -0.429      2.500
 591  587      0.193     -0.615      2.500
 590  591      0.193      0.360      2.500
 587  594      0.194      0.011      2.500
 589  596      0.196     -0.065      2.500
 593  590      0.197     -0.848      2.500
 597  593      0.200      0.695      2.500
 592  599      0.202     -0.050      2.500
 594  597      0.203     -0.432      2.500
 595  598      0.204     -0.448      2.500
 600  595      0.206      0.794      2.500
 598  601      0.209      0.206      2.500
 596  603      0.209     -0.175      2.500
 599  604      0.213      0.031      2.500
 603  600      0.214      0.545      2.500
 602  602      0.214     -0.484      2.500
 601  605      0.215     -0.300      2.500
 604  607      0.220     -0.344      2.500
 605  608      0.221      0.290      2.500
 607  606      0.222     -0.898      2.500
 608  609      0.225      0.445      2.500
 606  613      0.226      0.094      2.500
 610  612      0.231     -0.552      2.500
 613  610      0.231      0.572      2.500
 611  611      0.231     -0.580      2.500
 609  616      0.232     -0.226      2.500
 617  615      0.238      0.519      2.500
 612  617      0.239      0.120      2.500
 619  614      0.240      0.815      2.500
 614  619      0.243      0.105      2.500
 615  620      0.243     -0.166      2.500
 616  621      0.245      0.033      2.500
 620  618      0.246      0.439      2.500
 618  625      0.250      0.026      2.500
 623  623      0.253     -0.505      2.500
 621  628      0.254      0.232      2.500
 622  632      0.258     -0.114      2.500
 631  622      0.258     -0.758      2.500
 625  630      0.258      0.297      2.500
 627  627      0.259     -0.562      2.500
 630  624      0.260      0.550      2.500
 624  633      0.260     -0.001      2.500
 632  626      0.261      0.607      2.500
 635  629      0.264      0.647      2.500
 626  637      0.266      0.071      2.500
 628  639      0.266     -0.133      2.500
 629  638      0.266     -0.216      2.500
 636  631      0.267     -0.787      2.500
 633  640      0.270     -0.346      2.500
 634  641      0.274      0.126      2.500
 640  635      0.275      0.734      2.500
 641  634      0.275     -0.882      2.500
 639  636      0.276     -0.748      2.500
 638  645      0.282     -0.390      2.500
 643  644      0.283     -0.509      2.500
 637  647      0.286     -0.127      2.500
 645  642      0.286     -0.740      2.500
 642  650      0.290     -0.033      2.500
 649  643      0.291     -0.788      2.500
 644  651      0.294     -0.054      2.500
 648  649      0.297      0.407      2.500
 651  648      0.299     -0.673      2.500
 647  654      0.301     -0.247      2.500
 650  652      0.304      0.354      2.500
 654  653      0.307      0.462      2.500
 652  657      0.309      0.287      2.500
 659  655      0.312     -0.613      2.500
 653  661      0.312     -0.271      2.500
 660  656      0.312      0.511      2.500
 656  658      0.312      0.367      2.500
 655  660      0.313     -0.395      2.500
 657  659      0.314     -0.432      2.500
 658  666      0.319      0.200      2.500
 663  663      0.324     -0.752      2.500
 664  662      0.324      0.721      2.500
 661  667      0.325     -0.312      2.500
 665  664      0.327      0.583      2.500
 668  665      0.329      0.665      2.500
 666  668      0.332      0.392      2.500
 662  671      0.332     -0.109      2.500
 670  669      0.335     -0.577      2.500
 672  670      0.341     -0.744      2.500
 667  676      0.341      0.055      2.500
 669  678      0.342      0.100      2.500
 671  672      0.344      0.472      2.500
 674  675      0.347     -0.537      2.500
  -1   -2      0.350      0.677      2.500
 678  677      0.350     -0.552      2.500
 687  674      0.351      0.723      2.500
 677  681      0.351      0.386      2.500
 683  680      0.353      0.515      2.500
 673  686      0.353      0.164      2.500
 676  685      0.354      0.267      2.500
 680  684      0.354      0.373      2.500
 675  688      0.356     -0.000      2.500
 692  679      0.357     -0.872      2.500
 689  682      0.357     -0.696      2.500
 681  690      0.359     -0.288      2.500
 693  683      0.362      0.678      2.500
 679  693      0.362     -0.012      2.500
 684  692      0.362      0.122      2.500
 688  689      0.362     -0.433      2.500
 682  695      0.363     -0.188      2.500
 685  694      0.363      0.100      2.500
 690  691      0.364      0.343      2.500
 697  687      0.368     -0.895      2.500
 691  699      0.370      0.053      2.500
 694  700      0.375      0.085      2.500
 700  697      0.377     -0.630      2.500
 703  696      0.379      0.706      2.500
 695  705      0.380      0.029      2.500
 702  698      0.381     -0.658      2.500
 696  708      0.382     -0.032      2.500
 699  704      0.383     -0.384      2.500
 698  710      0.384      0.036      2.500
 701  706      0.386      0.303      2.500
 704  709      0.390      0.377      2.500
 705  707      0.390      0.410      2.500
 706  702      0.391     -0.695      2.500
 708  701      0.391      0.639      2.500
 707  703      0.391     -0.709      2.500
 712  711      0.400     -0.677      2.500
 709  714      0.401      0.333      2.500
 714  712      0.404     -0.821      2.500
 711  715      0.406     -0.440      2.500
 710  720      0.407      0.235      2.500
 717  713      0.407     -0.762      2.500
 715  722      0.415      0.350      2.500
 720  717      0.415     -0.717      2.500
 713  724      0.416      0.083      2.500
 722  719      0.417      0.689      2.500
 723  716      0.417      0.829      2.500
 724  718      0.417     -0.889      2.500
 725  721      0.420      0.790      2.500
 716  726      0.421     -0.209      2.500
 718  728      0.424      0.002      2.500
 728  723      0.427      0.722      2.500
 727  725      0.429      0.570      2.500
 719  730      0.429     -0.140      2.500
 726  727      0.430     -0.512      2.500
 721  731      0.431     -0.186      2.500
 732  729      0.438      0.516      2.500
 730  732      0.439     -0.898      2.500
 729  734      0.444     -0.181      2.500
 731  738      0.448      0.125      2.500
 733  737      0.449      0.233      2.500
 739  733      0.450      0.665      2.500
 734  740      0.454     -0.104      2.500
 740  739      0.456      0.425      2.500
 741  735      0.457     -0.654      2.500
 742  736      0.457     -0.663      2.500
 735  742      0.457     -0.004      2.500
 737  741      0.457     -0.275      2.500
 736  743      0.457      0.005      2.500
 738  745      0.459      0.081      2.500
 743  744      0.464      0.317      2.500
 744  747      0.467     -0.412      2.500
 748  746      0.470     -0.552      2.500
 747  749      0.472      0.337      2.500
 745  751      0.473     -0.108      2.500
 746  750      0.473     -0.327      2.500
 752  748      0.479      0.617      2.500
 749  754      0.481     -0.150      2.500
 750  753      0.483      0.232      2.500
 753  752      0.486      0.459      2.500
 756  757      0.491     -0.511      2.500
 751  763      0.493     -0.015      2.500
 759  759      0.496      0.482      2.500
 760  758      0.496      0.542      2.500
 758  761      0.497     -0.548      2.500
 754  768      0.498     -0.159      2.500
 762  756      0.498     -0.769      2.500
 764  755      0.498     -0.903      2.500
 757  766      0.499     -0.392      2.500
 761  760      0.499     -0.639      2.500
 755  770      0.499      0.022      2.500
 765  765      0.505     -0.609      2.500
 767  762      0.508      0.777      2.500
 768  764      0.509      0.765      2.500
 766  769      0.510      0.503      2.500
 774  767      0.513     -0.833      2.500
 763  774      0.514     -0.036      2.500
 777  771      0.518     -0.736      2.500
 776  773      0.521     -0.531      2.500
 775  775      0.523     -0.472      2.500
 771  778      0.523      0.185      2.500
 770  780      0.524     -0.207      2.500
 769  781      0.525     -0.160      2.500
 779  772      0.526      0.723      2.500
 772  785      0.526     -0.149      2.500
 773  786      0.527     -0.023      2.500
 778  779      0.530      0.349      2.500
 781  782      0.534     -0.528      2.500
 785  777      0.535      0.707      2.500
 786  776      0.534     -0.903      2.500
 782  783      0.534     -0.520      2.500
 780  787      0.539      0.157      2.500
 789  784      0.539     -0.725      2.500
 784  788      0.543      0.164      2.500
 783  791      0.543      0.068      2.500
 788  790      0.546      0.275      2.500
 787  792      0.547      0.232      2.500
 791  789      0.551     -0.556      2.500
 790  796      0.554     -0.128      2.500
 793  793      0.556      0.371      2.500
 792  800      0.561      0.041      2.500
 796  794      0.562      0.528      2.500
 794  797      0.562      0.381      2.500
 795  795      0.562     -0.578      2.500
 798  798      0.568      0.549      2.500
 797  799      0.569     -0.599      2.500
 799  804      0.576     -0.380      2.500
 801  801      0.579     -0.827      2.500
 800  802      0.579     -0.560      2.500
 803  803      0.584      0.610      2.500
 806  805      0.588      0.741      2.500
 807  806      0.588     -0.833      2.500
 805  808      0.591      0.502      2.500
 809  809      0.593      0.614      2.500
 802  812      0.593      0.138      2.500
 811  807      0.594     -0.820      2.500
 813  810      0.600      0.671      2.500
 804  814      0.600      0.002      2.500
 816  811      0.604      0.786      2.500
 808  817      0.603     -0.133      2.500
 810  819      0.605     -0.230      2.500
 818  813      0.607     -0.681      2.500
 815  815      0.608      0.356      2.500
 812  820      0.608     -0.260      2.500
 814  822      0.614      0.010      2.500
 820  816      0.614      0.573      2.500
 817  823      0.617     -0.211      2.500
 823  818      0.618      0.799      2.500
 819  824      0.621     -0.321      2.500
 821  821      0.621     -0.575      2.500
  -1   -2      0.627     -0.323      2.500
 827  826      0.634      0.617      2.500
 825  829      0.633     -0.453      2.500
 829  825      0.635     -0.833      2.500
 828  828      0.635     -0.639      2.500
 824  834      0.637     -0.106      2.500
 826  832      0.638      0.217      2.500
 830  830      0.640      0.553      2.500
 832  831      0.644      0.652      2.500
 834  833      0.646     -0.699      2.500
 831  838      0.650     -0.354      2.500
 836  835      0.651      0.698      2.500
 838  836      0.654      0.525      2.500
 833  848      0.657      0.011      2.500
 839  840      0.657     -0.898      2.500
 844  837      0.658     -0.849      2.500
 842  841      0.660      0.411      2.500
 845  839      0.660     -0.797      2.500
 835  850      0.660     -0.092      2.500
 843  842      0.661      0.377      2.500
 837  854      0.663     -0.157      2.500
 841  855      0.663     -0.201      2.500
 848  846      0.665     -0.662      2.500
 849  844      0.666      0.618      2.500
 846  849      0.666      0.407      2.500
 851  845      0.667      0.654      2.500
 853  843      0.667     -0.809      2.500
 855  847      0.669      0.724      2.500
 847  851      0.669      0.431      2.500
 856  853      0.672     -0.673      2.500
 857  852      0.673     -0.775      2.500
 850  856      0.673      0.276      2.500
 852  858      0.679      0.016      2.500
 854  860      0.680      0.003      2.500
 859  857      0.682      0.745      2.500
 858  862      0.689      0.122      2.500
 863  859      0.691     -0.806      2.500
 860  863      0.694     -0.461      2.500
 861  868      0.697      0.183      2.500
 865  861      0.698     -0.861      2.500
 864  866      0.698     -0.522      2.500
 866  864      0.700     -0.756      2.500
 869  865      0.701     -0.808      2.500
 868  867      0.703      0.615      2.500
 862  869      0.703     -0.011      2.500
 867  872      0.710     -0.242      2.500
 874  871      0.716     -0.745      2.500
 876  870      0.716      0.692      2.500
 870  877      0.719      0.095      2.500
  -1   -2      0.721     -0.643      2.500
 871  882      0.722     -0.184      2.500
 882  874      0.723      0.586      2.500
 872  881      0.722     -0.267      2.500
 881  875      0.722     -0.633      2.500
 875  880      0.723      0.220      2.500
 873  883      0.723     -0.215      2.500
 879  878      0.723     -0.470      2.500
 877  885      0.726      0.063      2.500
 878  886      0.726      0.085      2.500
 883  876      0.728      0.810      2.500
 885  879      0.731     -0.866      2.500
 886  884      0.733     -0.903      2.500
 888  887      0.735      0.736      2.500
 884  889      0.736     -0.383      2.500
 889  890      0.741      0.396      2.500
 895  888      0.742      0.763      2.500
 892  892      0.742      0.437      2.500
 887  896      0.743      0.039      2.500
 890  894      0.744     -0.423      2.500
 896  891      0.745      0.669      2.500
 891  897      0.746      0.201      2.500
 898  893      0.747     -0.743      2.500
 893  899      0.747     -0.226      2.500
 897  895      0.749      0.455      2.500
 894  902      0.749     -0.149      2.500
 900  898      0.753      0.520      2.500
 899  900      0.753     -0.536      2.500
 902  903      0.757     -0.516      2.500
 905  901      0.758      0.749      2.500
 901  908      0.760      0.092      2.500
 903  907      0.760      0.247      2.500
 907  905      0.763      0.541      2.500
  -1   -2      0.763      0.258      2.500
 909  904      0.763     -0.904      2.500
 906  913      0.765      0.051      2.500
 912  906      0.766      0.795      2.500
 910  910      0.766      0.481      2.500
 911  912      0.768      0.368      2.500
 913  911      0.769      0.589      2.500
 908  915      0.770     -0.115      2.500
 916  914      0.773      0.633      2.500
 914  916      0.774      0.337      2.500
 918  917      0.778      0.715      2.500
 915  920      0.778      0.010      2.500
 920  918      0.781      0.752      2.500
 919  919      0.781     -0.460      2.500
 917  923      0.782     -0.249      2.500
 922  922      0.786     -0.527      2.500
 925  921      0.786     -0.758      2.500
 921  925      0.786     -0.311      2.500
  -1   -2      0.790      0.608      2.500
 923  927      0.790     -0.103      2.500
 924  928      0.792     -0.006      2.500
 927  929      0.795      0.199      2.500
 928  926      0.796      0.601      2.500
 929  930      0.803      0.348      2.500
 930  933      0.805      0.250      2.500
 935  931      0.806     -0.697      2.500
 934  932      0.807      0.541      2.500
 931  936      0.808     -0.061      2.500
 933  934      0.808     -0.325      2.500
 932  939      0.810     -0.017      2.500
 937  935      0.812     -0.685      2.500
 938  938      0.814      0.586      2.500
 939  937      0.814      0.734      2.500
 936  941      0.814     -0.004      2.500
 940  940      0.818      0.515      2.500
 941  942      0.819     -0.548      2.500
 943  945      0.823      0.289      2.500
 944  944      0.823      0.413      2.500
 945  943      0.823     -0.690      2.500
 942  948      0.824     -0.050      2.500
  -1   -2      0.826      0.298      2.500
 947  946      0.827     -0.640      2.500
 948  949      0.836     -0.540      2.500
 952  950      0.839     -0.864      2.500
 949  955      0.839      0.150      2.500
 950  953      0.840      0.276      2.500
 954  951      0.840     -0.874      2.500
 953  952      0.840     -0.705      2.500
 951  956      0.842     -0.075      2.500
 955  954      0.842     -0.840      2.500
 958  957      0.846     -0.445      2.500
 957  959      0.847     -0.301      2.500
 956  961      0.848     -0.154      2.500
 960  958      0.849     -0.890      2.500
 961  960      0.851      0.469      2.500
 959  963      0.852      0.004      2.500
 962  962      0.853      0.278      2.500
 963  966      0.855     -0.086      2.500
 964  965      0.856      0.042      2.500
 965  964      0.857     -0.606      2.500
 966  967      0.864     -0.413      2.500
 967  968      0.866     -0.375      2.500
 968  970      0.869     -0.244      2.500
 969  969      0.870      0.459      2.500
 971  971      0.873      0.780      2.500
 972  972      0.873      0.743      2.500
 970  974      0.874     -0.197      2.500
 973  973      0.874     -0.898      2.500
 974  975      0.877      0.662      2.500
 975  976      0.876     -0.805      2.500
 976  977      0.879     -0.584      2.500
 977  978      0.882      0.230      2.500
 978  979      0.886     -0.704      2.500
 979  980      0.889      0.715      2.500
 980  981      0.890     -0.656      2.500
 981  982      0.892      0.432      2.500
 982  983      0.900      0.400      2.500
 983  984      0.900     -0.513      2.500
 985  985      0.901     -0.819      2.500
 986  986      0.903      0.622      2.500
 984  988      0.902     -0.250      2.500
 987  987      0.903      0.813      2.500
 988  989      0.904     -0.765      2.500
 990  990      0.905      0.646      2.500
 989  991      0.906      0.558      2.500
 991  992      0.909     -0.374      2.500
  -1   -2      0.910      0.348      2.500
 993  994      0.912      0.339      2.500
