1001
  -1   -2     -0.823      0.514      2.500
   1    1     -0.822      0.505      2.500
   2    3     -0.821     -0.587      2.500
   4    2     -0.821     -0.467      2.500
   3    4     -0.821     -0.119      2.500
   5    5     -0.820      0.358      2.500
   6    7     -0.817      0.774      2.500
   7    8     -0.816     -0.882      2.500
   9    6     -0.815     -0.173      2.500
   8   13     -0.815     -0.516      2.500
  10    9     -0.816      0.793      2.500
  11   11     -0.815      0.138      2.500
  12   14     -0.815      0.574      2.500
  13   12     -0.815     -0.080      2.500
  15   16     -0.814     -0.734      2.500
  14   15     -0.814     -0.298      2.500
  16   17     -0.810     -0.207      2.500
  19   18     -0.804      0.099      2.500
  17   19     -0.804      0.437      2.500
  18   20     -0.803      0.601      2.500
  20   21     -0.801     -0.816      2.500
  22   22     -0.798     -0.150      2.500
  23   23     -0.797      0.328      2.500
  21   24     -0.795     -0.817      2.500
  25   25     -0.791      0.169      2.500
  24   29     -0.791      0.749      2.500
  27   26     -0.789      0.152      2.500
  26   30     -0.789      0.468      2.500
  28   27     -0.788     -0.153      2.500
  29   28     -0.788     -0.057      2.500
  30   31     -0.787      0.341      2.500
  31   32     -0.786     -0.313      2.500
  32   35     -0.782      0.521      2.500
  33   34     -0.781     -0.521      2.500
  34   33     -0.781     -0.474      2.500
  35   36     -0.780     -0.557      2.500
  37   37     -0.776     -0.289      2.500
  36   40     -0.775     -0.797      2.500
  38   38     -0.775     -0.165      2.500
  39   39     -0.775     -0.106      2.500
  40   41     -0.771      0.321      2.500
  41   43     -0.769      0.724      2.500
  42   42     -0.767      0.053      2.500
  43   44     -0.762      0.410      2.500
  44   45     -0.757      0.199      2.500
  45   46     -0.756      0.244      2.500
  46   50     -0.752     -0.737      2.500
  50   47     -0.751      0.005      2.500
  51   48     -0.750      0.050      2.500
  47   51     -0.749     -0.805      2.500
  53   49     -0.749     -0.200      2.500
  49   52     -0.748      0.583      2.500
  48   55     -0.747     -0.898      2.500
  52   57     -0.745     -0.689      2.500
  54   54     -0.744     -0.512      2.500
  57   53     -0.744      0.129      2.500
  56   58     -0.743      0.399      2.500
  60   56     -0.742      0.168      2.500
  55   61     -0.742      0.635      2.500
  63   59     -0.740      0.062      2.500
  61   60     -0.739      0.384      2.500
  58   62     -0.737     -0.735      2.500
  59   63     -0.738      0.680      2.500
  62   67     -0.733     -0.826      2.500
  65   64     -0.733     -0.477      2.500
  64   65     -0.733     -0.559      2.500
  66   66     -0.729     -0.363      2.500
  70   68     -0.720     -0.140      2.500
  67   69     -0.720      0.361      2.500
  73   70     -0.716      0.215      2.500
  71   71     -0.716      0.323      2.500
  69   73     -0.715     -0.559      2.500
  74   72     -0.716      0.262      2.500
  68   77     -0.714     -0.864      2.500
  72   -2     -0.714      0.462      2.500
  75   75     -0.710      0.457      2.500
  76   74     -0.709     -0.341      2.500
  78   76     -0.707     -0.165      2.500
  79   78     -0.702      0.396      2.500
  77   80     -0.700     -0.706      2.500
  81   79     -0.698     -0.182      2.500
  80   82     -0.694     -0.750      2.500
  83   81     -0.689     -0.237      2.500
  82   84     -0.689      0.429      2.500
  84   83     -0.686      0.051      2.500
  85   85     -0.682     -0.003      2.500
  88   86     -0.680     -0.065      2.500
  89   87     -0.679     -0.198      2.500
  86   89     -0.679     -0.403      2.500
  93   88     -0.677     -0.146      2.500
  87   90     -0.674      0.587      2.500
  91   91     -0.670     -0.688      2.500
  90   93     -0.670     -0.780      2.500
  92   97     -0.667      0.744      2.500
  94   95     -0.667      0.499      2.500
  98   92     -0.662      0.072      2.500
  95  101     -0.660     -0.723      2.500
  99   94     -0.660     -0.025      2.500
  97   98     -0.660      0.316      2.500
 100   96     -0.658     -0.123      2.500
  96  105     -0.656      0.793      2.500
 101  100     -0.655      0.122      2.500
 103   99     -0.654     -0.050      2.500
 106  102     -0.651      0.030      2.500
 102  106     -0.649     -0.899      2.500
 107  104     -0.649     -0.246      2.500
 108  103     -0.649     -0.100      2.500
 104  107     -0.647      0.347      2.500
 111  108     -0.642     -0.149      2.500
 109  110     -0.642      0.290      2.500
 105  114     -0.639     -0.889      2.500
 113  109     -0.639     -0.085      2.500
 112  111     -0.639      0.097      2.500
 116  112     -0.634      0.040      2.500
 110  118     -0.633      0.693      2.500
 114  116     -0.632     -0.470      2.500
 118  115     -0.630      0.193      2.500
 120  113     -0.629      0.117      2.500
 117  117     -0.629      0.339      2.500
 119  119     -0.627      0.363      2.500
 115  121     -0.626     -0.620      2.500
 123  120     -0.621     -0.259      2.500
 122  124     -0.618      0.481      2.500
 125  122     -0.617     -0.156      2.500
 121  126     -0.616      0.714      2.500
 127  123     -0.612     -0.310      2.500
 124  125     -0.612      0.362      2.500
 130  128     -0.606      0.331      2.500
 126  131     -0.605      0.636      2.500
 128  129     -0.604     -0.581      2.500
 131  127     -0.604     -0.319      2.500
 129  133     -0.599      0.674      2.500
 135  130     -0.594      0.025      2.500
 132  136     -0.593      0.608      2.500
 133  139     -0.591     -0.705      2.500
 138  132     -0.590     -0.047      2.500
 136  135     -0.590      0.312      2.500
 141  134     -0.586     -0.200      2.500
 134  142     -0.587      0.764      2.500
 137  138     -0.585     -0.420      2.500
 139  137     -0.585      0.275      2.500
 142  140     -0.580     -0.394      2.500
 144  141     -0.579     -0.375      2.500
 140  143     -0.579      0.489      2.500
 143  148     -0.574      0.531      2.500
 147  144     -0.572     -0.350      2.500
 151  145     -0.569      0.274      2.500
 149  147     -0.569     -0.442      2.500
 145  152     -0.568     -0.634      2.500
 146  151     -0.569      0.446      2.500
 150  153     -0.566      0.428      2.500
 153  150     -0.565      0.326      2.500
 154  146     -0.565     -0.236      2.500
 148  157     -0.563      0.654      2.500
  -1   -2     -0.562     -0.636      2.500
 158  149     -0.560     -0.161      2.500
 163  155     -0.555     -0.214      2.500
 164  154     -0.555     -0.076      2.500
 157  159     -0.554      0.432      2.500
 159  158     -0.554      0.354      2.500
 160  161     -0.552      0.401      2.500
 156  162     -0.552      0.566      2.500
 155  164     -0.550      0.708      2.500
 166  160     -0.548      0.194      2.500
 161  166     -0.546      0.666      2.500
 162  165     -0.545     -0.670      2.500
 165  170     -0.540      0.632      2.500
 174  163     -0.538      0.036      2.500
 173  167     -0.535     -0.351      2.500
 167  175     -0.533      0.756      2.500
 168  173     -0.532     -0.705      2.500
 169  177     -0.531      0.683      2.500
 171  174     -0.530     -0.636      2.500
 182  168     -0.530      0.014      2.500
 170  180     -0.527      0.748      2.500
 178  171     -0.526     -0.419      2.500
 184  169     -0.526     -0.161      2.500
 172  181     -0.526     -0.823      2.500
 175  182     -0.524      0.650      2.500
 179  179     -0.524      0.420      2.500
 177  183     -0.521     -0.666      2.500
 185  172     -0.521      0.097      2.500
 187  176     -0.519     -0.251      2.500
 176  187     -0.518     -0.888      2.500
 180  185     -0.519      0.544      2.500
 190  178     -0.516     -0.208      2.500
 181  190     -0.515      0.828      2.500
 183  188     -0.514      0.630      2.500
 188  186     -0.510     -0.502      2.500
 192  184     -0.510      0.171      2.500
 189  189     -0.509      0.418      2.500
 186  194     -0.506     -0.764      2.500
 194  192     -0.503      0.349      2.500
 196  191     -0.501     -0.348      2.500
 191  197     -0.497      0.827      2.500
 195  196     -0.497      0.514      2.500
 193  198     -0.495     -0.812      2.500
 202  193     -0.494     -0.197      2.500
 200  195     -0.494     -0.292      2.500
 198  199     -0.488      0.502      2.500
 201  202     -0.486     -0.595      2.500
 203  201     -0.485     -0.556      2.500
 204  200     -0.485      0.397      2.500
 197  206     -0.484     -0.904      2.500
 199  204     -0.484      0.582      2.500
 207  205     -0.478      0.394      2.500
 206  209     -0.476     -0.656      2.500
 205  212     -0.476      0.790      2.500
 212  203     -0.472     -0.175      2.500
 209  214     -0.471      0.581      2.500
 210  213     -0.468     -0.562      2.500
 208  217     -0.468      0.773      2.500
 216  207     -0.467      0.141      2.500
 215  210     -0.467     -0.387      2.500
 218  208     -0.466      0.091      2.500
 214  215     -0.464      0.393      2.500
 224  211     -0.463     -0.213      2.500
 211  219     -0.462      0.577      2.500
 217  222     -0.457      0.467      2.500
 213  228     -0.456      0.799      2.500
 225  220     -0.456      0.366      2.500
 223  223     -0.454      0.477      2.500
 220  225     -0.454      0.529      2.500
  -1   -2     -0.454      0.580      2.500
 222  229     -0.452      0.592      2.500
 230  216     -0.451     -0.017      2.500
 229  218     -0.451      0.071      2.500
 221  231     -0.450     -0.776      2.500
 228  226     -0.449      0.363      2.500
 231  221     -0.448     -0.196      2.500
 235  224     -0.443      0.001      2.500
 226  236     -0.442      0.667      2.500
  -1  239     -0.440      0.796      2.500
 238  232     -0.438      0.216      2.500
 240  230     -0.437      0.124      2.500
 233  234     -0.436     -0.488      2.500
 236  235     -0.436      0.346      2.500
 244  233     -0.431     -0.015      2.500
 232  243     -0.431     -0.900      2.500
 234  241     -0.430     -0.679      2.500
 237  240     -0.431      0.503      2.500
 245  237     -0.428      0.167      2.500
 246  242     -0.423     -0.452      2.500
 241  244     -0.421      0.633      2.500
 242  245     -0.421      0.615      2.500
 243  249     -0.419      0.684      2.500
 249  246     -0.414     -0.566      2.500
 248  252     -0.413      0.640      2.500
 247  254     -0.412      0.777      2.500
 251  247     -0.411     -0.468      2.500
 252  253     -0.407      0.477      2.500
 250  256     -0.405     -0.685      2.500
 254  248     -0.403     -0.109      2.500
 258  250     -0.400      0.010      2.500
 260  251     -0.399     -0.020      2.500
 264  255     -0.394     -0.087      2.500
 255  260     -0.392      0.476      2.500
 253  263     -0.390      0.824      2.500
 256  262     -0.388     -0.728      2.500
 261  259     -0.388      0.331      2.500
 262  261     -0.387     -0.454      2.500
 265  257     -0.387     -0.159      2.500
 267  258     -0.386     -0.203      2.500
 257  264     -0.386      0.732      2.500
 259  266     -0.383     -0.832      2.500
 263  267     -0.379      0.675      2.500
 266  268     -0.372     -0.755      2.500
 268  272     -0.371      0.647      2.500
 272  265     -0.371      0.205      2.500
 270  271     -0.367     -0.617      2.500
 269  274     -0.365     -0.773      2.500
 274  270     -0.364      0.350      2.500
 275  273     -0.361      0.370      2.500
 271  276     -0.360     -0.797      2.500
 273  277     -0.358      0.601      2.500
 279  269     -0.358     -0.190      2.500
 277  280     -0.351      0.492      2.500
 276  282     -0.351     -0.670      2.500
 284  275     -0.348     -0.063      2.500
 281  278     -0.348      0.241      2.500
 278  286     -0.346      0.746      2.500
 280  285     -0.345      0.532      2.500
 282  281     -0.344     -0.389      2.500
 286  279     -0.343     -0.026      2.500
 285  283     -0.341      0.283      2.500
 283  287     -0.337      0.523      2.500
 289  284     -0.335     -0.108      2.500
 287  290     -0.325     -0.595      2.500
  -1  294     -0.324     -0.076      2.500
 290  292     -0.323      0.419      2.500
 288  300     -0.321      0.716      2.500
 293  297     -0.318      0.425      2.500
 294  298     -0.317     -0.526      2.500
 296  295     -0.317      0.326      2.500
 299  289     -0.316     -0.197      2.500
 301  291     -0.316     -0.242      2.500
 300  293     -0.315     -0.207      2.500
 292  301     -0.314      0.627      2.500
 291  303     -0.313      0.790      2.500
  -1  296     -0.312     -0.239      2.500
 295  304     -0.312     -0.076      2.500
 302  299     -0.310      0.130      2.500
 297  306     -0.306     -0.851      2.500
 298  307     -0.304     -0.834      2.500
 305  302     -0.301     -0.198      2.500
  -1  308     -0.301      0.832      2.500
 304  305     -0.299     -0.484      2.500
 303   -2     -0.292     -0.074      2.500
 306  309     -0.291     -0.448      2.500
 310  310     -0.286     -0.338      2.500
 312  311     -0.284      0.120      2.500
 307  317     -0.283      0.590      2.500
 314  312     -0.282     -0.069      2.500
 311  315     -0.281     -0.413      2.500
 309  318     -0.279     -0.592      2.500
 315  313     -0.278     -0.280      2.500
 316  314     -0.276      0.047      2.500
 317  316     -0.274      0.105      2.500
 313  325     -0.270     -0.819      2.500
 318  321     -0.269     -0.350      2.500
 321  319     -0.269     -0.182      2.500
 323  320     -0.265     -0.093      2.500
  -1   -2     -0.262     -0.022      2.500
 326  324     -0.259     -0.272      2.500
 324  326     -0.259      0.284      2.500
 320  328     -0.258     -0.655      2.500
 329  323     -0.258     -0.017      2.500
 319  332     -0.258      0.817      2.500
 322  333     -0.255      0.602      2.500
 330  327     -0.253      0.236      2.500
 327  334     -0.251     -0.621      2.500
 328  335     -0.250      0.469      2.500
 331  330     -0.249      0.333      2.500
 336  329     -0.244     -0.143      2.500
 339  331     -0.243     -0.135      2.500
 332  336     -0.243     -0.672      2.500
 333  338     -0.240     -0.650      2.500
 334  340     -0.236      0.492      2.500
 337  339     -0.236      0.460      2.500
 338  341     -0.234     -0.619      2.500
 335  343     -0.233      0.644      2.500
 343  337     -0.232     -0.294      2.500
 340  344     -0.228      0.497      2.500
 342  342     -0.228      0.415      2.500
 341  345     -0.228      0.545      2.500
 344  352     -0.220      0.816      2.500
  -1   -2     -0.217      0.105      2.500
 346  347     -0.217      0.254      2.500
 347  351     -0.213     -0.899      2.500
 349  349     -0.213      0.301      2.500
 345  355     -0.212      0.599      2.500
 353  348     -0.210     -0.142      2.500
 354  350     -0.208     -0.101      2.500
 355  353     -0.207      0.106      2.500
 351  357     -0.205     -0.512      2.500
 357  354     -0.204      0.163      2.500
 359  356     -0.202     -0.309      2.500
 352  361     -0.200      0.639      2.500
 350  362     -0.199      0.773      2.500
 356  360     -0.198     -0.623      2.500
 362  358     -0.195      0.117      2.500
 363  359     -0.194      0.136      2.500
 358  364     -0.194      0.737      2.500
 361  366     -0.191      0.556      2.500
  -1  370     -0.190     -0.905      2.500
 360  369     -0.189      0.686      2.500
 364  367     -0.187      0.393      2.500
 366  363     -0.186      0.066      2.500
 367  365     -0.183      0.124      2.500
 365  373     -0.181      0.705      2.500
 369  368     -0.181     -0.049      2.500
 373  371     -0.175     -0.174      2.500
 375  372     -0.173     -0.088      2.500
 368  376     -0.173     -0.603      2.500
 372  375     -0.171     -0.482      2.500
 379  374     -0.170     -0.276      2.500
 374  377     -0.170      0.331      2.500
 370  379     -0.169     -0.745      2.500
 371  378     -0.169      0.547      2.500
 376  380     -0.166      0.485      2.500
 378  381     -0.164     -0.606      2.500
 377  382     -0.163      0.597      2.500
 380  384     -0.156     -0.686      2.500
 381  383     -0.154     -0.455      2.500
 384  385     -0.149     -0.392      2.500
 383  386     -0.148     -0.474      2.500
 382  389     -0.146     -0.713      2.500
 386  387     -0.146     -0.373      2.500
 389  388     -0.145     -0.299      2.500
 387  391     -0.143     -0.582      2.500
 385  393     -0.142      0.617      2.500
 388  395     -0.139      0.580      2.500
 396  390     -0.138      0.028      2.500
 390  394     -0.138      0.375      2.500
 399  392     -0.136      0.153      2.500
 395  397     -0.134      0.354      2.500
 392  400     -0.133      0.711      2.500
 391  403     -0.133      0.811      2.500
 393  404     -0.132      0.723      2.500
 402  396     -0.131     -0.092      2.500
 397  402     -0.130     -0.678      2.500
 394  405     -0.130     -0.796      2.500
 400  398     -0.129     -0.535      2.500
  -1   -2     -0.128     -0.527      2.500
 398  406     -0.128     -0.847      2.500
 404  399     -0.126     -0.320      2.500
 405  407     -0.122     -0.440      2.500
 403  410     -0.122      0.665      2.500
 409  409     -0.116     -0.322      2.500
 410  408     -0.116     -0.191      2.500
 408  414     -0.115      0.459      2.500
 407  415     -0.114     -0.626      2.500
 411  411     -0.113     -0.100      2.500
 412  412     -0.113     -0.158      2.500
 406  417     -0.112     -0.802      2.500
 413  413     -0.111     -0.076      2.500
 414  416     -0.107     -0.181      2.500
 415  418     -0.101     -0.529      2.500
 417  419     -0.098      0.398      2.500
  -1   -2     -0.098      0.390      2.500
 416  423     -0.096      0.680      2.500
 419  421     -0.095      0.121      2.500
 420  422     -0.090     -0.071      2.500
 421  424     -0.085     -0.512      2.500
 422  425     -0.083      0.554      2.500
 423  426     -0.081      0.656      2.500
 424  428     -0.074      0.407      2.500
 425  427     -0.074      0.132      2.500
 427  429     -0.065      0.201      2.500
 426  431     -0.064     -0.647      2.500
 428  430     -0.063      0.179      2.500
 429  432     -0.059     -0.295      2.500
 430  433     -0.058     -0.358      2.500
 433  434     -0.057     -0.085      2.500
 431  438     -0.055      0.512      2.500
 435  435     -0.054     -0.336      2.500
 436  436     -0.054     -0.262      2.500
  -1   -2     -0.054      0.503      2.500
 438  437     -0.054      0.159      2.500
 434  441     -0.053     -0.594      2.500
 439  440     -0.052     -0.410      2.500
 437  442     -0.050      0.782      2.500
 440  443     -0.046      0.276      2.500
 441  444     -0.043      0.725      2.500
 442  445     -0.041     -0.544      2.500
 443  446     -0.040      0.413      2.500
 445  447     -0.036     -0.331      2.500
 444  448     -0.034      0.822      2.500
 446  450     -0.032     -0.640      2.500
 447  449     -0.030      0.204      2.500
 449  451     -0.029     -0.233      2.500
 448  452     -0.028      0.577      2.500
 450  453     -0.025     -0.674      2.500
 451  454     -0.024     -0.859      2.500
 452  455     -0.023     -0.581      2.500
 454  458     -0.021     -0.392      2.500
 455  456     -0.021     -0.022      2.500
 456  457     -0.020     -0.094      2.500
 453  459     -0.019     -0.869      2.500
 457  460     -0.017     -0.904      2.500
 458  462     -0.012     -0.761      2.500
 459  461     -0.012      0.487      2.500
 461  463     -0.010     -0.493      2.500
 460  464     -0.009     -0.775      2.500
 462  465     -0.008      0.415      2.500
 463  467     -0.007      0.677      2.500
 464  466     -0.005     -0.049      2.500
 465  468     -0.005      0.257      2.500
 466  469     -0.003     -0.295      2.500
 467  470     -0.001     -0.520      2.500
 468  471      0.001     -0.634      2.500
 469  472      0.001      0.473      2.500
 471  473      0.003     -0.551      2.500
 470  475      0.004     -0.695      2.500
 472  474      0.004     -0.898      2.500
 473  476      0.005     -0.852      2.500
 474  477      0.006      0.776      2.500
 475  478      0.007      0.351      2.500
 476  479      0.007     -0.096      2.500
 478  481      0.009      0.029      2.500
 477  480      0.009      0.051      2.500
 479  482      0.010     -0.138      2.500
 480  483      0.011      0.535      2.500
 481  484      0.012      0.678      2.500
 482  486      0.014     -0.810      2.500
 483  485      0.014      0.232      2.500
 484  487      0.015      0.391      2.500
 485  488      0.016     -0.549      2.500
 486  489      0.016      0.725      2.500
 488  490      0.018      0.077      2.500
 487  491      0.018      0.795      2.500
 489  492      0.018     -0.617      2.500
 490  493      0.018      0.264      2.500
 491  494      0.019     -0.356      2.500
 492  495      0.021      0.122      2.500
 493  496      0.023      0.160      2.500
 494  497      0.024     -0.005      2.500
 495  499      0.026     -0.520      2.500
 496  498      0.026     -0.699      2.500
 497  500      0.027     -0.596      2.500
 499  502      0.029     -0.551      2.500
 498  501      0.029      0.609      2.500
 500  503      0.031      0.280      2.500
  -1   -2      0.033     -0.592      2.500
 502  505      0.034     -0.736      2.500
 503  506      0.035     -0.672      2.500
 504  507      0.037     -0.691      2.500
 505  508      0.038      0.035      2.500
 506  509      0.040      0.824      2.500
 507  510      0.043     -0.318      2.500
 508  511      0.046     -0.487      2.500
 509  512      0.046      0.262      2.500
 510  513      0.049      0.051      2.500
 511  514      0.051     -0.172      2.500
 512  515      0.052     -0.145      2.500
 513  516      0.055     -0.276      2.500
 514  517      0.055     -0.436      2.500
 515  518      0.057      0.137      2.500
 516  519      0.059      0.526      2.500
 517  520      0.061      0.090      2.500
 518  521      0.063     -0.277      2.500
 519  522      0.067     -0.739      2.500
 520  525      0.070      0.182      2.500
 522  523      0.071      0.701      2.500
 523  524      0.072      0.662      2.500
 521  527      0.072     -0.024      2.500
 524  526      0.074     -0.726      2.500
 525  528      0.077      0.371      2.500
 526  530      0.078      0.539      2.500
 527  529      0.078      0.655      2.500
 528  531      0.083      0.332      2.500
 530  532      0.085     -0.576      2.500
 529  533      0.085     -0.497      2.500
 531  534      0.087      0.040      2.500
 532  536      0.100     -0.378      2.500
 533  535      0.100      0.395      2.500
 534  537      0.103      0.228      2.500
 535  538      0.104      0.197      2.500
 536  540      0.106     -0.094      2.500
 537  541      0.107      0.037      2.500
  -1   -2      0.109      0.222      2.500
 542  539      0.110     -0.720      2.500
 539  544      0.111     -0.480      2.500
 544  542      0.113     -0.787      2.500
 541  546      0.114     -0.243      2.500
 540  548      0.114     -0.091      2.500
 543  547      0.115      0.071      2.500
 547  545      0.116     -0.895      2.500
 545  549      0.118     -0.008      2.500
 546  550      0.119     -0.271      2.500
 548  551      0.121     -0.499      2.500
 550  553      0.126     -0.255      2.500
 549  554      0.126      0.047      2.500
 551  552      0.127     -0.660      2.500
 552  555      0.130      0.303      2.500
 555  557      0.138      0.634      2.500
 556  556      0.138      0.674      2.500
 559  558      0.139      0.752      2.500
 553  562      0.142     -0.069      2.500
 554  563      0.142      0.038      2.500
 562  559      0.143     -0.868      2.500
 557  566      0.144      0.111      2.500
 563  560      0.144      0.623      2.500
 561  565      0.145      0.281      2.500
 565  561      0.146     -0.827      2.500
 558  568      0.146     -0.047      2.500
 560  567      0.147     -0.277      2.500
 564  564      0.147     -0.589      2.500
 568  570      0.154     -0.566      2.500
  -1   -2      0.156     -0.551      2.500
 570  569      0.156     -0.897      2.500
 566  574      0.157     -0.218      2.500
 567  575      0.158      0.064      2.500
 572  571      0.159      0.792      2.500
 571  573      0.160      0.512      2.500
 573  577      0.164      0.350      2.500
 574  576      0.165     -0.620      2.500
 576  578      0.171     -0.854      2.500
 575  580      0.174      0.146      2.500
 577  579      0.176      0.383      2.500
 578  581      0.178      0.285      2.500
 582  583      0.180     -0.375      2.500
 580  584      0.180     -0.282      2.500
 579  586      0.181      0.064      2.500
 581  588      0.182     -0.204      2.500
 588  582      0.183     -0.686      2.500
 583  592      0.185      0.054      2.500
 587  585      0.185     -0.520      2.500
  -1   -2      0.186     -0.559      2.500
 585  593      0.187      0.176      2.500
 584  596      0.188     -0.134      2.500
 586  595      0.188      0.157      2.500
 589  598      0.190      0.018      2.500
 593  594      0.192     -0.567      2.500
 595  589      0.192     -0.893      2.500
 594  590      0.192      0.731      2.500
 591  597      0.193     -0.424      2.500
 598  591      0.193     -0.838      2.500
 592  605      0.196     -0.158      2.500
 599  599      0.196      0.449      2.500
 597  600      0.197     -0.520      2.500
 596  607      0.201      0.111      2.500
 604  601      0.202      0.672      2.500
 600  604      0.202     -0.536      2.500
 602  602      0.202      0.509      2.500
 608  603      0.206     -0.834      2.500
 601  610      0.206     -0.265      2.500
 606  609      0.207      0.373      2.500
  -1   -2      0.210     -0.896      2.500
 603  614      0.210     -0.148      2.500
 605  615      0.211     -0.026      2.500
 611  608      0.212      0.797      2.500
 607  617      0.214     -0.054      2.500
 609  618      0.216      0.178      2.500
 613  611      0.217      0.694      2.500
 615  612      0.217     -0.900      2.500
 616  613      0.218     -0.867      2.500
 612  616      0.220     -0.568      2.500
  -1  619      0.222     -0.899      2.500
 614  621      0.223      0.304      2.500
 617  620      0.228     -0.688      2.500
 621  622      0.236      0.753      2.500
 618  623      0.237     -0.415      2.500
 619  625      0.239     -0.296      2.500
 622  626      0.243      0.372      2.500
 624  624      0.245      0.747      2.500
 620  629      0.245     -0.122      2.500
 625  628      0.250      0.519      2.500
 630  627      0.252     -0.873      2.500
 623  632      0.254     -0.322      2.500
 627  630      0.255     -0.626      2.500
 626  638      0.259      0.080      2.500
 629  634      0.259     -0.459      2.500
 633  631      0.261      0.606      2.500
 634  633      0.262     -0.650      2.500
 628  640      0.265      0.012      2.500
 635  637      0.265     -0.578      2.500
 631  641      0.267      0.134      2.500
 640  635      0.269      0.725      2.500
 632  643      0.269     -0.003      2.500
 641  636      0.269     -0.868      2.500
 639  639      0.270      0.508      2.500
 636  642      0.271      0.253      2.500
 637  645      0.274     -0.364      2.500
 638  649      0.279     -0.215      2.500
 652  646      0.283      0.579      2.500
 642  651      0.283      0.074      2.500
 644  652      0.284      0.130      2.500
 654  644      0.285      0.801      2.500
 643  654      0.285     -0.028      2.500
 647  650      0.286      0.347      2.500
 655  647      0.286      0.624      2.500
 653  648      0.287     -0.628      2.500
 645  657      0.287      0.045      2.500
 646  655      0.288      0.154      2.500
 651  653      0.289     -0.455      2.500
 648  656      0.289      0.204      2.500
 650  659      0.292      0.110      2.500
 649  660      0.292      0.053      2.500
 657  658      0.296     -0.573      2.500
 656  662      0.298     -0.329      2.500
 658  661      0.301     -0.491      2.500
 659  663      0.303      0.414      2.500
 661  665      0.314      0.466      2.500
 664  664      0.315      0.600      2.500
 662  666      0.315      0.423      2.500
 663  668      0.320      0.313      2.500
 660  671      0.323      0.009      2.500
 665  672      0.326      0.101      2.500
 670  667      0.329      0.822      2.500
 669  669      0.329      0.647      2.500
 666  674      0.329     -0.151      2.500
 667  676      0.333     -0.229      2.500
 671  670      0.334     -0.790      2.500
 668  679      0.338     -0.202      2.500
 680  673      0.341      0.679      2.500
 675  675      0.341      0.511      2.500
 674  677      0.342      0.440      2.500
 679  681      0.346     -0.476      2.500
 677  682      0.347     -0.422      2.500
 672  685      0.348     -0.195      2.500
 673  688      0.349     -0.109      2.500
 684  678      0.350     -0.812      2.500
 676  693      0.352     -0.001      2.500
 678  694      0.353      0.009      2.500
 690  680      0.353     -0.779      2.500
 682  684      0.355      0.384      2.500
 686  686      0.357      0.415      2.500
 681  695      0.357      0.264      2.500
 688  690      0.358      0.428      2.500
 691  683      0.359     -0.657      2.500
 689  696      0.361      0.338      2.500
 692  687      0.361      0.553      2.500
 693  691      0.362     -0.711      2.500
 683  701      0.363      0.139      2.500
 695  689      0.364     -0.770      2.500
 685  702      0.364      0.090      2.500
 687  704      0.366     -0.113      2.500
 698  692      0.367      0.750      2.500
 696  698      0.369     -0.579      2.500
 701  697      0.370     -0.888      2.500
 697  699      0.371     -0.619      2.500
  -1  703      0.375     -0.809      2.500
 702  705      0.377     -0.591      2.500
 694  707      0.378     -0.156      2.500
 699  708      0.381     -0.289      2.500
 704  706      0.381      0.509      2.500
 703   -2      0.382     -0.810      2.500
 700  713      0.385     -0.015      2.500
 705  709      0.386      0.361      2.500
 708  710      0.388     -0.468      2.500
 711  712      0.392      0.407      2.500
 706  717      0.394      0.023      2.500
 710  714      0.394      0.248      2.500
 707  719      0.395     -0.163      2.500
 713  711      0.397      0.612      2.500
 715  718      0.404      0.437      2.500
 717  715      0.404      0.545      2.500
 714  720      0.404      0.372      2.500
 712  722      0.405     -0.037      2.500
 721  716      0.409     -0.773      2.500
 716  724      0.411     -0.337      2.500
 718  727      0.418     -0.024      2.500
 724  721      0.418      0.683      2.500
 719  731      0.422     -0.150      2.500
 725  723      0.422      0.734      2.500
 720  730      0.422     -0.161      2.500
 722  729      0.425      0.236      2.500
 727  725      0.426     -0.763      2.500
 723  734      0.429     -0.207      2.500
 731  726      0.431     -0.717      2.500
 730  728      0.431     -0.652      2.500
 726  733      0.434     -0.420      2.500
 729  739      0.438      0.322      2.500
 734  736      0.439     -0.527      2.500
 732  738      0.439     -0.898      2.500
  -1   -2      0.443      0.690      2.500
 728  742      0.444      0.062      2.500
 736  737      0.444     -0.676      2.500
 742  735      0.446     -0.903      2.500
 733  746      0.448     -0.127      2.500
 735  744      0.449      0.178      2.500
 744  740      0.451      0.733      2.500
 739  743      0.452      0.339      2.500
 745  741      0.455      0.689      2.500
 741  747      0.456     -0.390      2.500
 740  750      0.458      0.147      2.500
 737  752      0.458      0.034      2.500
 743  754      0.463      0.154      2.500
 747  745      0.464     -0.873      2.500
 746  748      0.465     -0.706      2.500
 749  751      0.469     -0.687      2.500
 750  749      0.470     -0.719      2.500
 748  757      0.472      0.425      2.500
 753  753      0.477     -0.892      2.500
 752  756      0.477      0.647      2.500
 754  755      0.478      0.713      2.500
 756  758      0.487      0.517      2.500
 751  762      0.487      0.215      2.500
 757  760      0.491     -0.548      2.500
 759  764      0.495     -0.502      2.500
 761  761      0.496      0.571      2.500
 762  759      0.496     -0.720      2.500
 755  767      0.497     -0.006      2.500
 765  763      0.500     -0.764      2.500
 760  766      0.501      0.254      2.500
 758  769      0.501     -0.127      2.500
 763  776      0.509      0.118      2.500
 766  771      0.509     -0.455      2.500
 771  765      0.509     -0.820      2.500
 767  773      0.511      0.328      2.500
 764  781      0.512      0.001      2.500
 769  770      0.513      0.446      2.500
 773  768      0.513      0.690      2.500
 770  774      0.515     -0.535      2.500
 774  772      0.516     -0.650      2.500
 768  782      0.518     -0.213      2.500
 777  775      0.520     -0.658      2.500
 781  777      0.525      0.831      2.500
 782  778      0.527      0.792      2.500
 772  787      0.527     -0.194      2.500
 776  785      0.527     -0.354      2.500
 783  780      0.528      0.722      2.500
 775  788      0.528     -0.238      2.500
 784  779      0.528     -0.884      2.500
 780  783      0.529      0.464      2.500
 779  784      0.531     -0.510      2.500
 778  793      0.537     -0.101      2.500
 785  789      0.538     -0.496      2.500
 788  786      0.541      0.660      2.500
 786  790      0.541     -0.503      2.500
 787  792      0.544      0.338      2.500
 789  791      0.545     -0.589      2.500
 793  794      0.550      0.523      2.500
 792  795      0.550      0.479      2.500
 794  796      0.550     -0.621      2.500
 791  798      0.554      0.345      2.500
 798  797      0.555      0.603      2.500
 790  799      0.556     -0.289      2.500
 795  802      0.563     -0.002      2.500
  -1   -2      0.564     -0.288      2.500
 796  803      0.565     -0.088      2.500
 800  800      0.567     -0.523      2.500
 799  804      0.572     -0.142      2.500
 801  805      0.576      0.175      2.500
 802  808      0.579     -0.178      2.500
 806  807      0.586     -0.541      2.500
 805  809      0.589      0.306      2.500
 809  806      0.589     -0.752      2.500
 803  814      0.590     -0.010      2.500
 804  813      0.590      0.000      2.500
 808  812      0.594     -0.517      2.500
 807  819      0.596     -0.309      2.500
 811  810      0.598     -0.714      2.500
 810  815      0.599     -0.558      2.500
 815  811      0.600     -0.900      2.500
 812  818      0.603      0.487      2.500
 817  816      0.607      0.772      2.500
 818  817      0.608      0.758      2.500
 813  823      0.609     -0.400      2.500
 820  820      0.613     -0.696      2.500
 814  827      0.615      0.085      2.500
 819  824      0.615      0.506      2.500
 822  821      0.616     -0.819      2.500
 823  822      0.618      0.707      2.500
 816  829      0.618     -0.023      2.500
 821  826      0.621      0.451      2.500
 825  825      0.623      0.689      2.500
 828  828      0.631     -0.901      2.500
 824  830      0.632      0.216      2.500
 826  833      0.636      0.133      2.500
 829  831      0.638     -0.518      2.500
 827  834      0.641     -0.204      2.500
 836  832      0.646      0.567      2.500
 830  837      0.648      0.059      2.500
 833  835      0.648      0.308      2.500
 831  838      0.649     -0.157      2.500
 832  842      0.652      0.033      2.500
 840  836      0.654      0.569      2.500
 834  844      0.654     -0.181      2.500
 835  845      0.655      0.050      2.500
 837  840      0.657      0.340      2.500
 839  841      0.657     -0.898      2.500
 842  839      0.659     -0.632      2.500
 838  850      0.661     -0.222      2.500
 843  843      0.662      0.518      2.500
 841  846      0.662      0.334      2.500
 846  852      0.671      0.357      2.500
 851  847      0.671     -0.806      2.500
 852  848      0.672      0.721      2.500
 848  851      0.671     -0.580      2.500
 850  849      0.672      0.634      2.500
 844  857      0.673      0.014      2.500
 847  854      0.674     -0.391      2.500
 845  858      0.675      0.158      2.500
 853  855      0.679      0.490      2.500
 855  853      0.679     -0.812      2.500
 849  862      0.680     -0.128      2.500
 857  856      0.682     -0.795      2.500
 856  860      0.684      0.456      2.500
 858  859      0.687      0.775      2.500
 854  863      0.686     -0.186      2.500
 859  861      0.689      0.564      2.500
 862  866      0.695     -0.446      2.500
 865  865      0.697     -0.642      2.500
 860  869      0.698      0.138      2.500
 867  864      0.698      0.789      2.500
 861  871      0.699      0.051      2.500
 863  870      0.700     -0.314      2.500
 864  872      0.703      0.021      2.500
 870  867      0.704      0.602      2.500
 869  868      0.703     -0.597      2.500
 866  876      0.706     -0.102      2.500
 868  873      0.707     -0.391      2.500
 872  874      0.711     -0.607      2.500
 874  878      0.716      0.557      2.500
 877  875      0.715     -0.808      2.500
 876  877      0.716      0.658      2.500
 871  881      0.717     -0.011      2.500
 873  880      0.718     -0.346      2.500
 879  879      0.722      0.600      2.500
 875  883      0.724      0.172      2.500
  -1   -2      0.729      0.181      2.500
 884  882      0.729     -0.760      2.500
 885  884      0.733      0.688      2.500
 883  889      0.734      0.305      2.500
 880  891      0.734     -0.092      2.500
 881  890      0.734     -0.200      2.500
 886  886      0.735     -0.730      2.500
 887  885      0.735     -0.828      2.500
 882  894      0.737     -0.023      2.500
 888  888      0.736     -0.774      2.500
 892  893      0.744      0.545      2.500
 889  895      0.744      0.344      2.500
 894  892      0.745      0.715      2.500
 891  896      0.745     -0.551      2.500
  -1   -2      0.746     -0.563      2.500
 890  900      0.748     -0.247      2.500
 902  898      0.752     -0.702      2.500
 895  901      0.752     -0.426      2.500
 896  904      0.753     -0.446      2.500
 897  903      0.754      0.360      2.500
 905  899      0.754     -0.768      2.500
 904  902      0.756      0.507      2.500
 901  905      0.756      0.274      2.500
 899  907      0.756      0.246      2.500
 900  909      0.758      0.129      2.500
 898  912      0.758     -0.062      2.500
 903  913      0.761     -0.031      2.500
 908  906      0.761     -0.769      2.500
 907  908      0.762     -0.685      2.500
 910  911      0.766      0.641      2.500
 911  910      0.765     -0.843      2.500
 909  914      0.767     -0.371      2.500
 906  916      0.768     -0.022      2.500
 912  915      0.770      0.427      2.500
 914  917      0.775      0.383      2.500
  -1  922      0.777      0.169      2.500
 913  920      0.777     -0.255      2.500
 919  918      0.781      0.795      2.500
 916  925      0.780     -0.054      2.500
 915   -2      0.781      0.167      2.500
 917  921      0.782      0.448      2.500
 920  919      0.784      0.697      2.500
 918  926      0.783     -0.431      2.500
 921  923      0.785      0.606      2.500
 922  924      0.786     -0.678      2.500
 924  927      0.789     -0.849      2.500
 925  928      0.790      0.734      2.500
 923  929      0.791      0.251      2.500
 926  930      0.795      0.502      2.500
 927  931      0.800      0.713      2.500
 930  932      0.803      0.557      2.500
 929  935      0.805      0.197      2.500
 933  933      0.806      0.830      2.500
 928  936      0.806     -0.072      2.500
 934  934      0.808      0.776      2.500
  -1   -2      0.810      0.204      2.500
 932  940      0.811      0.088      2.500
 937  937      0.813      0.664      2.500
  -1   -2      0.813      0.523      2.500
 938  943      0.817      0.514      2.500
 941  941      0.817      0.716      2.500
 936  945      0.817     -0.127      2.500
 940  942      0.817     -0.693      2.500
 943  944      0.820      0.441      2.500
 942  946      0.821     -0.447      2.500
 939  948      0.821     -0.017      2.500
 944  947      0.822      0.307      2.500
 945  950      0.824      0.185      2.500
 947  951      0.825     -0.233      2.500
 946  953      0.826     -0.079      2.500
 949  949      0.826     -0.612      2.500
 948  956      0.828      0.009      2.500
 950  952      0.828      0.411      2.500
 951  954      0.829     -0.597      2.500
 952  955      0.831      0.493      2.500
 953  958      0.837     -0.437      2.500
 955  957      0.837     -0.542      2.500
 954  961      0.838     -0.350      2.500
 957  960      0.839     -0.601      2.500
 958  959      0.840      0.688      2.500
 956  962      0.840      0.187      2.500
 959  963      0.850     -0.190      2.500
 963  964      0.854     -0.619      2.500
 964  965      0.855      0.359      2.500
 962  966      0.855     -0.323      2.500
 960  968      0.856     -0.157      2.500
 961  967      0.856     -0.291      2.500
 965  969      0.860     -0.844      2.500
 966  970      0.860     -0.859      2.500
 968  971      0.861     -0.806      2.500
 967  972      0.862     -0.501      2.500
 969  973      0.866     -0.884      2.500
 970  974      0.872      0.147      2.500
 971  975      0.873      0.347      2.500
 972  976      0.874     -0.898      2.500
 974  978      0.882      0.698      2.500
 973  977      0.882      0.753      2.500
 975  979      0.883      0.821      2.500
 976  980      0.883     -0.478      2.500
 977  981      0.885      0.585      2.500
 978  982      0.886     -0.753      2.500
 979  983      0.888     -0.195      2.500
 981  984      0.893     -0.615      2.500
 980  985      0.894      0.321      2.500
 982  986      0.896     -0.556      2.500
 983  987      0.897      0.658      2.500
 984  988      0.899     -0.024      2.500
 986  989      0.901      0.291      2.500
 985  991      0.901     -0.290      2.500
 987  990      0.901     -0.410      2.500
  -1   -2      0.908      0.245      2.500
 988  994      0.908      0.075      2.500
 990  995      0.908      0.237      2.500
 991  993      0.909      0.532      2.500
 992  996      0.911      0.453      2.500
 993  997      0.911     -0.774      2.500
 994  999      0.913      0.564      2.500
 995  998      0.913      0.795      2.500
 996 1000      0.913     -0.696      2.500
