1001
  -1   -2     -0.823      0.522      2.500
   1    2     -0.823      0.513      2.500
   3    1     -0.821     -0.476      2.500
   2    3     -0.821     -0.595      2.500
   4    4     -0.821     -0.121      2.500
   5    5     -0.821      0.368      2.500
   8    6     -0.815     -0.176      2.500
   6   13     -0.816      0.776      2.500
   7   15     -0.815     -0.883      2.500
  10    7     -0.816      0.793      2.500
  -1   -2     -0.815      0.356      2.500
  11    8     -0.815      0.138      2.500
  13    9     -0.815     -0.080      2.500
   9   10     -0.814     -0.516      2.500
  12   14     -0.815      0.574      2.500
  15   12     -0.814     -0.298      2.500
  14   11     -0.814     -0.734      2.500
  16   16     -0.810     -0.211      2.500
  17   17     -0.805      0.104      2.500
  18   18     -0.804      0.445      2.500
  19   19     -0.802      0.607      2.500
  20   21     -0.799     -0.819      2.500
  21   20     -0.799     -0.153      2.500
  22   22     -0.798      0.336      2.500
  23   24     -0.793     -0.820      2.500
  24   23     -0.792      0.176      2.500
  26   25     -0.790      0.158      2.500
  28   26     -0.789     -0.156      2.500
  29   27     -0.789     -0.057      2.500
  25   31     -0.789      0.751      2.500
  27   29     -0.789      0.477      2.500
  30   30     -0.787      0.350      2.500
  31   28     -0.787     -0.320      2.500
  34   32     -0.781     -0.483      2.500
  33   33     -0.781     -0.529      2.500
  32   34     -0.782      0.529      2.500
  35   35     -0.780     -0.565      2.500
  36   37     -0.777     -0.296      2.500
  38   36     -0.777     -0.168      2.500
  39   38     -0.777     -0.108      2.500
  37   40     -0.773     -0.801      2.500
  40   39     -0.772      0.330      2.500
  42   41     -0.769      0.056      2.500
  41   42     -0.766      0.727      2.500
  43   43     -0.762      0.419      2.500
  44   44     -0.758      0.206      2.500
  45   45     -0.758      0.252      2.500
  47   46     -0.754      0.007      2.500
  48   47     -0.753      0.053      2.500
  50   48     -0.751     -0.204      2.500
  46   49     -0.750     -0.742      2.500
  49   55     -0.746     -0.808      2.500
  51   54     -0.746      0.589      2.500
  55   50     -0.746      0.134      2.500
  54   52     -0.744     -0.520      2.500
  52   58     -0.744     -0.898      2.500
  57   51     -0.744      0.174      2.500
  53   59     -0.743     -0.695      2.500
  56   57     -0.743      0.408      2.500
  59   53     -0.742      0.065      2.500
  60   60     -0.739      0.392      2.500
  58   61     -0.739      0.640      2.500
  61   63     -0.735     -0.740      2.500
  62   65     -0.735      0.685      2.500
  64   62     -0.734     -0.485      2.500
  65   66     -0.732     -0.567      2.500
  66   64     -0.730     -0.370      2.500
  63   67     -0.730     -0.828      2.500
  67   68     -0.723     -0.143      2.500
  68   70     -0.720      0.369      2.500
  69   69     -0.718      0.222      2.500
  70   72     -0.717      0.331      2.500
  72   71     -0.717      0.270      2.500
  71   74     -0.714     -0.567      2.500
  76   75     -0.711     -0.348      2.500
  75   76     -0.711      0.467      2.500
  77   73     -0.711     -0.168      2.500
  73   77     -0.709     -0.865      2.500
  78   79     -0.702      0.403      2.500
  80   78     -0.702     -0.185      2.500
  79   81     -0.697     -0.712      2.500
  82   80     -0.692     -0.241      2.500
  81   87     -0.690     -0.754      2.500
  84   82     -0.690      0.054      2.500
  83   85     -0.689      0.437      2.500
  85   83     -0.686     -0.001      2.500
  86   84     -0.685     -0.065      2.500
  87   86     -0.683     -0.201      2.500
  89   88     -0.681     -0.149      2.500
  88   89     -0.680     -0.410      2.500
  90   93     -0.671      0.592      2.500
  91   95     -0.667     -0.693      2.500
  95   90     -0.666      0.075      2.500
  92  100     -0.665     -0.784      2.500
  97   91     -0.666     -0.024      2.500
  94   97     -0.665      0.505      2.500
  99   92     -0.663     -0.124      2.500
  93  103     -0.662      0.746      2.500
  98   98     -0.662      0.323      2.500
 102   94     -0.659     -0.049      2.500
 101   96     -0.659      0.126      2.500
  96  104     -0.656     -0.727      2.500
 103   99     -0.656      0.032      2.500
 106  101     -0.655     -0.100      2.500
 105  102     -0.654     -0.250      2.500
 100  111     -0.651      0.794      2.500
 104  107     -0.649     -0.899      2.500
 107  108     -0.648      0.353      2.500
 108  105     -0.647     -0.151      2.500
 111  106     -0.644     -0.085      2.500
 109  110     -0.644      0.296      2.500
 112  109     -0.644      0.101      2.500
 113  112     -0.639      0.042      2.500
 117  113     -0.634      0.120      2.500
 110  119     -0.633     -0.889      2.500
 116  114     -0.633      0.198      2.500
 115  115     -0.633     -0.476      2.500
 118  116     -0.630      0.346      2.500
 114  121     -0.628      0.696      2.500
 119  120     -0.627      0.369      2.500
 121  117     -0.625     -0.263      2.500
 120  122     -0.623     -0.625      2.500
 123  118     -0.622     -0.158      2.500
 125  123     -0.616     -0.315      2.500
 122  124     -0.616      0.487      2.500
 126  125     -0.612      0.368      2.500
 124  129     -0.610      0.716      2.500
 130  126     -0.608     -0.323      2.500
 127  127     -0.607      0.337      2.500
 129  131     -0.602     -0.586      2.500
 132  128     -0.600      0.027      2.500
 128  133     -0.601      0.640      2.500
 135  130     -0.597     -0.047      2.500
 131  137     -0.593      0.677      2.500
 137  132     -0.592     -0.203      2.500
 136  134     -0.591      0.317      2.500
 133  140     -0.588      0.612      2.500
 140  135     -0.587      0.280      2.500
 139  136     -0.587     -0.425      2.500
 134  141     -0.586     -0.709      2.500
 141  138     -0.582     -0.398      2.500
 142  139     -0.582     -0.380      2.500
 138  147     -0.580      0.765      2.500
 143  145     -0.577      0.494      2.500
 145  142     -0.576     -0.354      2.500
 146  144     -0.572      0.279      2.500
 152  143     -0.571     -0.238      2.500
 147  148     -0.570     -0.446      2.500
 144  152     -0.570      0.535      2.500
 155  146     -0.567     -0.162      2.500
 151  150     -0.567      0.330      2.500
 149  153     -0.567      0.450      2.500
 148  155     -0.565     -0.638      2.500
 150  154     -0.565      0.432      2.500
 157  149     -0.563     -0.077      2.500
 156  151     -0.561     -0.216      2.500
  -1   -2     -0.558     -0.639      2.500
 153  162     -0.557      0.657      2.500
 159  157     -0.555      0.358      2.500
 158  159     -0.554      0.436      2.500
 163  156     -0.552      0.197      2.500
 160  161     -0.552      0.406      2.500
 161  165     -0.547      0.569      2.500
 167  160     -0.544      0.037      2.500
 162  168     -0.543      0.709      2.500
 165  167     -0.540     -0.674      2.500
 164  170     -0.540      0.668      2.500
 168  164     -0.539     -0.354      2.500
 173  163     -0.537      0.015      2.500
 176  166     -0.534     -0.163      2.500
 166  174     -0.533      0.634      2.500
 175  171     -0.529     -0.422      2.500
 181  169     -0.528      0.098      2.500
 170  176     -0.526     -0.707      2.500
 172  175     -0.526     -0.639      2.500
 169  179     -0.525      0.757      2.500
 182  172     -0.525     -0.253      2.500
 171  180     -0.524      0.684      2.500
 185  173     -0.523     -0.209      2.500
 179  177     -0.523      0.423      2.500
 174  182     -0.519      0.748      2.500
 177  183     -0.518     -0.824      2.500
 178  184     -0.517      0.652      2.500
 180  181     -0.516     -0.668      2.500
 189  178     -0.515      0.173      2.500
 184  186     -0.514      0.547      2.500
 188  185     -0.510     -0.505      2.500
 183  192     -0.510     -0.889      2.500
 187  193     -0.508      0.632      2.500
 190  189     -0.508      0.421      2.500
 186  194     -0.507      0.828      2.500
 193  187     -0.504     -0.351      2.500
 192  190     -0.504      0.352      2.500
 197  188     -0.501     -0.199      2.500
 191  195     -0.499     -0.765      2.500
 198  191     -0.499     -0.294      2.500
 195  196     -0.493      0.517      2.500
 194  201     -0.489      0.827      2.500
 196  202     -0.488     -0.813      2.500
 199  199     -0.485      0.504      2.500
 202  198     -0.484      0.399      2.500
 201  200     -0.483     -0.558      2.500
 200  204     -0.482     -0.597      2.500
 208  197     -0.480     -0.175      2.500
 204  209     -0.479      0.584      2.500
 205  206     -0.478      0.396      2.500
 203  210     -0.476     -0.904      2.500
 212  205     -0.473      0.142      2.500
 214  203     -0.473      0.092      2.500
 206  212     -0.471     -0.657      2.500
 213  208     -0.470     -0.389      2.500
 216  207     -0.470     -0.214      2.500
 207  217     -0.468      0.789      2.500
 210  214     -0.466     -0.563      2.500
 209  218     -0.465      0.582      2.500
 215  215     -0.464      0.394      2.500
 225  211     -0.460     -0.017      2.500
 211  223     -0.460      0.774      2.500
 226  213     -0.458      0.072      2.500
 217  222     -0.457      0.578      2.500
 220  220     -0.456      0.367      2.500
 229  216     -0.455     -0.197      2.500
 218  221     -0.455      0.468      2.500
 221  226     -0.452      0.478      2.500
 230  219     -0.451      0.002      2.500
 222  229     -0.450      0.530      2.500
 228  225     -0.449      0.364      2.500
  -1   -2     -0.448      0.581      2.500
 219  233     -0.448      0.799      2.500
 224  231     -0.447      0.592      2.500
 234  224     -0.443      0.125      2.500
 227  236     -0.442     -0.776      2.500
 233  228     -0.443      0.216      2.500
 237  227     -0.440     -0.015      2.500
 235  235     -0.436     -0.488      2.500
 236  234     -0.437      0.347      2.500
 231  238     -0.435      0.668      2.500
 241  232     -0.434      0.167      2.500
  -1  237     -0.432     -0.899      2.500
 232  241     -0.432      0.796      2.500
 240  240     -0.427      0.504      2.500
 239  242     -0.425     -0.680      2.500
 242  239     -0.424     -0.452      2.500
 238  246     -0.422     -0.900      2.500
 243  251     -0.414      0.633      2.500
 244  250     -0.414      0.615      2.500
 246  249     -0.412     -0.566      2.500
 249  247     -0.412     -0.468      2.500
 252  243     -0.411     -0.109      2.500
 245  252     -0.412      0.684      2.500
 253  244     -0.408      0.010      2.500
 254  245     -0.407     -0.020      2.500
 247  256     -0.406      0.640      2.500
 250  254     -0.405      0.476      2.500
 248  257     -0.404      0.777      2.500
 255  248     -0.402     -0.087      2.500
 251  258     -0.400     -0.685      2.500
 261  253     -0.395     -0.159      2.500
 262  255     -0.393     -0.203      2.500
 259  259     -0.390      0.331      2.500
 256  261     -0.390      0.476      2.500
 260  260     -0.389     -0.453      2.500
 258  263     -0.382     -0.727      2.500
 257  264     -0.381      0.824      2.500
 263  266     -0.378      0.731      2.500
 268  262     -0.376      0.204      2.500
 264  267     -0.374     -0.832      2.500
 265  270     -0.371      0.674      2.500
 266  274     -0.365     -0.754      2.500
 275  265     -0.365     -0.189      2.500
 271  268     -0.365      0.349      2.500
 269  272     -0.364     -0.615      2.500
 267  275     -0.364      0.647      2.500
 272  271     -0.361      0.368      2.500
 270  277     -0.358     -0.772      2.500
 278  269     -0.356     -0.063      2.500
 273  282     -0.352     -0.796      2.500
 274  280     -0.353      0.599      2.500
 279  276     -0.352      0.240      2.500
 283  273     -0.351     -0.026      2.500
 276  283     -0.348      0.490      2.500
 282  278     -0.348     -0.387      2.500
 277  284     -0.346     -0.668      2.500
 284  281     -0.344      0.281      2.500
 286  279     -0.342     -0.108      2.500
 281  286     -0.341      0.530      2.500
 280  288     -0.338      0.745      2.500
 285  289     -0.333      0.521      2.500
  -1  291     -0.332     -0.076      2.500
 294  287     -0.323     -0.195      2.500
 287  296     -0.322     -0.593      2.500
 295   -2     -0.322     -0.240      2.500
 289  294     -0.322      0.416      2.500
 296  290     -0.321     -0.206      2.500
 288  300     -0.319     -0.076      2.500
 293  295     -0.318      0.323      2.500
 299  292     -0.318     -0.237      2.500
 291  297     -0.317      0.422      2.500
 292  298     -0.316     -0.523      2.500
 301  293     -0.316      0.128      2.500
 290  301     -0.313      0.715      2.500
 297  302     -0.308      0.625      2.500
 304  299     -0.307     -0.196      2.500
 298  306     -0.304      0.789      2.500
 300   -2     -0.300     -0.074      2.500
 306  303     -0.299     -0.480      2.500
 302  309     -0.298     -0.850      2.500
 303  311     -0.297     -0.833      2.500
 305  315     -0.293      0.832      2.500
 308  308     -0.292     -0.445      2.500
 309  307     -0.290     -0.335      2.500
 310  305     -0.290      0.117      2.500
 312  304     -0.289     -0.069      2.500
 315  312     -0.284     -0.277      2.500
 316  310     -0.283      0.046      2.500
 313  314     -0.283     -0.409      2.500
 317  313     -0.280      0.103      2.500
 311  321     -0.278      0.587      2.500
 314  320     -0.277     -0.588      2.500
 320  316     -0.275     -0.180      2.500
 321  317     -0.273     -0.093      2.500
 319  319     -0.272     -0.347      2.500
  -1   -2     -0.269     -0.023      2.500
 326  322     -0.265     -0.017      2.500
 323  323     -0.264     -0.269      2.500
 318  327     -0.263     -0.818      2.500
 324  324     -0.262      0.280      2.500
 329  325     -0.256      0.232      2.500
 325  330     -0.255     -0.651      2.500
 333  326     -0.251     -0.142      2.500
 332  329     -0.250      0.329      2.500
 334  328     -0.250     -0.134      2.500
 327  334     -0.250      0.816      2.500
 328  332     -0.250      0.599      2.500
 330  333     -0.248     -0.617      2.500
 331  331     -0.248      0.465      2.500
 335  336     -0.238     -0.667      2.500
 341  335     -0.237     -0.291      2.500
 336  337     -0.236     -0.645      2.500
 338  338     -0.234      0.456      2.500
 337  339     -0.234      0.488      2.500
 339  340     -0.231     -0.614      2.500
 343  342     -0.228      0.410      2.500
 340  345     -0.227      0.641      2.500
 342  343     -0.226      0.493      2.500
 344  347     -0.224      0.541      2.500
  -1   -2     -0.222      0.102      2.500
 347  344     -0.220      0.250      2.500
 351  346     -0.216     -0.140      2.500
 349  350     -0.215      0.296      2.500
 352  348     -0.214     -0.100      2.500
 348  351     -0.213     -0.898      2.500
 345  354     -0.214      0.815      2.500
 353  349     -0.212      0.103      2.500
 355  352     -0.208      0.159      2.500
 350  357     -0.208      0.595      2.500
 356  353     -0.206     -0.305      2.500
 354  356     -0.204     -0.507      2.500
 360  355     -0.200      0.114      2.500
 361  358     -0.198      0.132      2.500
 359  360     -0.195     -0.617      2.500
 357  363     -0.195      0.635      2.500
 358  365     -0.193      0.772      2.500
 367  359     -0.191      0.063      2.500
 362  369     -0.188      0.735      2.500
 368  361     -0.188      0.120      2.500
 363  368     -0.187      0.551      2.500
 366  364     -0.187      0.388      2.500
 370  362     -0.186     -0.049      2.500
 365  370     -0.184      0.683      2.500
 364  371     -0.183     -0.904      2.500
 371  366     -0.180     -0.171      2.500
 372  367     -0.179     -0.087      2.500
 369  375     -0.176      0.703      2.500
 375  372     -0.173     -0.271      2.500
 374  374     -0.171     -0.476      2.500
 373  376     -0.171     -0.597      2.500
 376  373     -0.171      0.324      2.500
 378  377     -0.166      0.542      2.500
 377  379     -0.165     -0.741      2.500
 379  378     -0.164      0.479      2.500
 380  380     -0.162     -0.600      2.500
 381  382     -0.159      0.592      2.500
 383  381     -0.155     -0.448      2.500
 382  386     -0.152     -0.681      2.500
 384  383     -0.151     -0.386      2.500
 385  387     -0.148     -0.467      2.500
 387  385     -0.148     -0.367      2.500
 388  384     -0.148     -0.294      2.500
 386  392     -0.142     -0.708      2.500
 392  388     -0.142      0.026      2.500
 389  391     -0.141     -0.575      2.500
 394  389     -0.139      0.148      2.500
 390  395     -0.139      0.613      2.500
 393  393     -0.138      0.368      2.500
 391  396     -0.136      0.574      2.500
 399  390     -0.136     -0.091      2.500
 395  394     -0.135      0.347      2.500
 402  398     -0.129     -0.527      2.500
 405  397     -0.129     -0.314      2.500
 396  401     -0.128      0.708      2.500
  -1   -2     -0.128     -0.520      2.500
 400  400     -0.128     -0.672      2.500
 397  404     -0.128      0.810      2.500
 398  405     -0.127      0.721      2.500
 401  406     -0.126     -0.793      2.500
 404  410     -0.124     -0.845      2.500
 406  402     -0.123     -0.433      2.500
 409  403     -0.120     -0.188      2.500
 408  408     -0.119     -0.315      2.500
 407  412     -0.118      0.661      2.500
 412  407     -0.117     -0.099      2.500
 413  409     -0.117     -0.155      2.500
 415  411     -0.115     -0.076      2.500
 410  414     -0.114      0.452      2.500
 411  415     -0.112     -0.620      2.500
 416  413     -0.111     -0.178      2.500
 414  416     -0.109     -0.799      2.500
 417  417     -0.101     -0.521      2.500
 418  419     -0.098      0.390      2.500
  -1   -2     -0.098      0.383      2.500
 421  418     -0.098      0.116      2.500
 422  421     -0.094     -0.071      2.500
 420  422     -0.093      0.677      2.500
 423  423     -0.085     -0.505      2.500
 424  424     -0.081      0.548      2.500
 425  426     -0.078      0.651      2.500
 427  425     -0.076      0.127      2.500
 426  427     -0.074      0.400      2.500
 428  428     -0.067      0.195      2.500
 430  429     -0.064      0.173      2.500
 429  431     -0.063     -0.640      2.500
 431  430     -0.061     -0.290      2.500
 432  433     -0.059     -0.351      2.500
 433  432     -0.059     -0.085      2.500
 435  436     -0.056     -0.329      2.500
 436  434     -0.056     -0.257      2.500
 438  435     -0.056      0.153      2.500
 434  438     -0.054      0.504      2.500
  -1   -2     -0.053      0.495      2.500
 440  437     -0.052     -0.402      2.500
 439  440     -0.052     -0.586      2.500
 441  442     -0.048      0.781      2.500
 442  441     -0.047      0.269      2.500
 443  445     -0.041      0.723      2.500
 444  443     -0.040     -0.536      2.500
 445  444     -0.040      0.405      2.500
 446  446     -0.036     -0.324      2.500
 447  450     -0.032      0.821      2.500
 449  447     -0.032      0.197      2.500
 448  449     -0.032     -0.632      2.500
 450  448     -0.031     -0.229      2.500
 451  451     -0.027      0.571      2.500
 452  452     -0.024     -0.667      2.500
 453  457     -0.022     -0.857      2.500
 454  455     -0.022     -0.574      2.500
 456  454     -0.022     -0.023      2.500
 457  453     -0.022     -0.093      2.500
 455  456     -0.021     -0.385      2.500
 458  458     -0.018     -0.867      2.500
 459  459     -0.016     -0.903      2.500
 461  460     -0.011      0.480      2.500
 460  462     -0.011     -0.757      2.500
 462  461     -0.010     -0.485      2.500
 463  464     -0.008     -0.771      2.500
 464  463     -0.008      0.407      2.500
 466  465     -0.006     -0.049      2.500
 465  467     -0.006      0.673      2.500
 467  466     -0.005      0.249      2.500
 468  468     -0.003     -0.288      2.500
 469  469     -0.000     -0.512      2.500
 470  470      0.001     -0.627      2.500
 471  471      0.001      0.465      2.500
 472  472      0.003     -0.543      2.500
 474  473      0.004     -0.898      2.500
 473  474      0.004     -0.689      2.500
 475  475      0.006     -0.850      2.500
 476  478      0.007      0.774      2.500
 477  477      0.007      0.343      2.500
 478  476      0.007     -0.095      2.500
 480  480      0.009      0.048      2.500
 479  479      0.009      0.027      2.500
 481  481      0.010     -0.136      2.500
 482  482      0.011      0.527      2.500
 483  483      0.012      0.674      2.500
 485  484      0.014      0.225      2.500
 484  485      0.014     -0.806      2.500
 486  486      0.015      0.382      2.500
 487  487      0.016     -0.540      2.500
 488  488      0.017      0.723      2.500
 489  489      0.017      0.074      2.500
 490  492      0.018      0.794      2.500
 491  491      0.018     -0.610      2.500
 492  490      0.019      0.256      2.500
 493  493      0.020     -0.349      2.500
 494  494      0.021      0.117      2.500
 495  495      0.023      0.155      2.500
 496  496      0.024     -0.006      2.500
 498  497      0.026     -0.693      2.500
 497  498      0.026     -0.511      2.500
 499  499      0.027     -0.588      2.500
 501  500      0.028      0.603      2.500
 500  501      0.029     -0.543      2.500
 502  502      0.031      0.272      2.500
  -1   -2      0.033     -0.584      2.500
 504  504      0.033     -0.731      2.500
 505  505      0.035     -0.665      2.500
 506  506      0.036     -0.685      2.500
 507  508      0.039      0.032      2.500
 508  507      0.039      0.823      2.500
 509  509      0.044     -0.311      2.500
 510  510      0.046     -0.479      2.500
 511  511      0.046      0.254      2.500
 512  512      0.050      0.047      2.500
 513  513      0.052     -0.169      2.500
 514  514      0.053     -0.142      2.500
 515  516      0.055     -0.270      2.500
 516  515      0.056     -0.428      2.500
 517  518      0.058      0.132      2.500
 518  517      0.059      0.519      2.500
 519  519      0.062      0.086      2.500
 520  520      0.064     -0.271      2.500
 521  521      0.066     -0.733      2.500
 523  522      0.070      0.697      2.500
 524  523      0.070      0.658      2.500
 522  524      0.071      0.176      2.500
 526  525      0.073     -0.720      2.500
 525  526      0.074     -0.025      2.500
 527  529      0.077      0.363      2.500
 529  527      0.077      0.651      2.500
 528  528      0.078      0.532      2.500
 530  530      0.083      0.324      2.500
 531  531      0.085     -0.568      2.500
 532  532      0.085     -0.488      2.500
 533  533      0.089      0.037      2.500
 535  534      0.101      0.387      2.500
 534  535      0.101     -0.370      2.500
 536  536      0.105      0.221      2.500
 537  538      0.106      0.191      2.500
 541  537      0.108     -0.714      2.500
 538  541      0.109     -0.093      2.500
 539  543      0.109      0.035      2.500
 543  539      0.110     -0.783      2.500
  -1   -2      0.110      0.216      2.500
 542  542      0.111     -0.472      2.500
 547  540      0.113     -0.893      2.500
 544  545      0.116     -0.238      2.500
 546  546      0.117      0.068      2.500
 545  547      0.117     -0.090      2.500
 548  550      0.121     -0.009      2.500
 549  549      0.121     -0.266      2.500
 550  548      0.121     -0.491      2.500
 553  551      0.125     -0.653      2.500
 551  552      0.128     -0.250      2.500
 552  553      0.129      0.044      2.500
 554  554      0.131      0.295      2.500
 556  555      0.135      0.670      2.500
 555  556      0.135      0.629      2.500
 557  557      0.136      0.750      2.500
 560  558      0.139     -0.867      2.500
 562  559      0.142      0.618      2.500
 564  560      0.142     -0.825      2.500
 558  565      0.145     -0.068      2.500
 559  564      0.145      0.035      2.500
 567  561      0.146     -0.582      2.500
 563  562      0.146      0.274      2.500
 561  566      0.147      0.107      2.500
 566  568      0.149     -0.272      2.500
 565  570      0.150     -0.047      2.500
 570  563      0.153     -0.896      2.500
 568  569      0.154     -0.558      2.500
 573  567      0.155      0.791      2.500
  -1   -2      0.155     -0.544      2.500
 574  572      0.158      0.505      2.500
 571  575      0.160     -0.214      2.500
 572  576      0.161      0.061      2.500
 576  573      0.163     -0.613      2.500
 575  577      0.165      0.343      2.500
 577  574      0.167     -0.852      2.500
 579  578      0.175      0.376      2.500
 578  580      0.177      0.141      2.500
 580  581      0.180      0.278      2.500
 585  579      0.180     -0.680      2.500
 581  584      0.182     -0.368      2.500
 582  588      0.184     -0.277      2.500
 587  586      0.185     -0.512      2.500
 583  590      0.185      0.061      2.500
  -1  589      0.186     -0.552      2.500
 584  591      0.186     -0.200      2.500
 594  582      0.187     -0.892      2.500
 595  583      0.188      0.728      2.500
 597  585      0.188     -0.835      2.500
 586  593      0.189      0.051      2.500
 589  594      0.191      0.171      2.500
 593   -2      0.191     -0.560      2.500
 591  596      0.191      0.152      2.500
 590  600      0.193     -0.132      2.500
 596  597      0.194     -0.417      2.500
 592  602      0.195      0.016      2.500
 599  595      0.195      0.442      2.500
 600  599      0.197     -0.513      2.500
 602  592      0.197      0.668      2.500
 604  601      0.200      0.503      2.500
 605  598      0.201     -0.831      2.500
 603  604      0.201     -0.529      2.500
 598  606      0.201     -0.155      2.500
  -1   -2      0.205     -0.896      2.500
 601  611      0.205      0.107      2.500
 611  605      0.207      0.796      2.500
 607  610      0.208      0.367      2.500
 606  612      0.210     -0.260      2.500
 614  608      0.212      0.691      2.500
 615  607      0.212     -0.899      2.500
 616  609      0.213     -0.865      2.500
 609  614      0.216     -0.146      2.500
 610  617      0.217     -0.027      2.500
 617  613      0.219     -0.562      2.500
 612  619      0.219     -0.054      2.500
 613  618      0.220      0.173      2.500
 618  616      0.222     -0.899      2.500
 620  615      0.224     -0.683      2.500
 619  621      0.225      0.297      2.500
 621  620      0.231      0.752      2.500
 622  623      0.238     -0.409      2.500
 625  622      0.239      0.745      2.500
 623  627      0.243     -0.291      2.500
 624  625      0.244      0.366      2.500
 628  624      0.246     -0.872      2.500
 627  626      0.247      0.514      2.500
 626  633      0.251     -0.121      2.500
 630  628      0.252     -0.620      2.500
 633  629      0.256      0.602      2.500
 629  635      0.257     -0.317      2.500
 634  630      0.259     -0.645      2.500
 632  634      0.260     -0.453      2.500
 638  632      0.263      0.723      2.500
 640  631      0.263     -0.866      2.500
 636  636      0.263     -0.573      2.500
 631  638      0.265      0.078      2.500
 641  637      0.268      0.503      2.500
 635  643      0.271      0.011      2.500
 637  644      0.272      0.130      2.500
 642  642      0.274      0.248      2.500
 639  647      0.275     -0.004      2.500
 648  639      0.278      0.801      2.500
 643  645      0.278     -0.359      2.500
 645  640      0.278      0.575      2.500
 651  641      0.281      0.620      2.500
 652  646      0.284     -0.623      2.500
 644  649      0.285     -0.212      2.500
 650  648      0.287      0.342      2.500
 646  652      0.289      0.071      2.500
 647  653      0.289      0.127      2.500
 655  650      0.289     -0.450      2.500
 649  656      0.292     -0.028      2.500
 654  655      0.293      0.151      2.500
 656  654      0.294      0.200      2.500
 653  657      0.294      0.043      2.500
 659  651      0.295     -0.568      2.500
 657  660      0.297      0.108      2.500
 658  662      0.298      0.051      2.500
 661  658      0.301     -0.486      2.500
 660  663      0.302     -0.325      2.500
 662  659      0.302      0.410      2.500
 664  661      0.309      0.597      2.500
 663  664      0.312      0.462      2.500
 665  666      0.315      0.419      2.500
 669  665      0.321      0.821      2.500
 666  669      0.322      0.309      2.500
 670  667      0.323      0.644      2.500
 673  668      0.327     -0.788      2.500
 667  673      0.330      0.009      2.500
 668  674      0.333      0.099      2.500
 675  670      0.334      0.677      2.500
 671  677      0.337     -0.150      2.500
 676  671      0.338      0.508      2.500
 672  678      0.339     -0.226      2.500
 677  675      0.341      0.436      2.500
 682  672      0.343     -0.811      2.500
 674  682      0.344     -0.200      2.500
 685  676      0.346     -0.777      2.500
 678  679      0.346     -0.473      2.500
 679  685      0.349     -0.418      2.500
 690  681      0.355     -0.654      2.500
 686  688      0.355      0.381      2.500
 680  692      0.355     -0.193      2.500
 687  689      0.356      0.412      2.500
 692  686      0.357      0.551      2.500
 681  697      0.357     -0.109      2.500
 695  680      0.357     -0.768      2.500
 689  690      0.357      0.425      2.500
 693  684      0.357     -0.709      2.500
 698  683      0.359      0.749      2.500
 683  699      0.360     -0.001      2.500
 684  700      0.360      0.008      2.500
 688  694      0.361      0.261      2.500
 691  693      0.362      0.335      2.500
 700  687      0.362     -0.888      2.500
 699  696      0.366     -0.576      2.500
 701  695      0.367     -0.616      2.500
  -1   -2      0.368     -0.808      2.500
 694  703      0.369      0.137      2.500
 696  704      0.371      0.089      2.500
 702  698      0.374     -0.809      2.500
 697  705      0.374     -0.113      2.500
 703  701      0.375     -0.589      2.500
 706  702      0.377      0.507      2.500
 704  711      0.385     -0.155      2.500
 705  710      0.386     -0.288      2.500
 709  707      0.386      0.358      2.500
 710  708      0.390     -0.466      2.500
 715  706      0.391      0.611      2.500
 711  709      0.391      0.405      2.500
 708  714      0.393     -0.015      2.500
 713  716      0.398      0.247      2.500
 717  713      0.400      0.543      2.500
 720  712      0.402     -0.772      2.500
 712  720      0.403      0.023      2.500
 716  715      0.403      0.435      2.500
 714  721      0.403     -0.162      2.500
 718  718      0.405      0.370      2.500
 723  717      0.411      0.683      2.500
 719  725      0.413     -0.037      2.500
 725  719      0.414      0.733      2.500
 721  724      0.415     -0.335      2.500
 728  722      0.419     -0.762      2.500
 730  723      0.425     -0.716      2.500
 722  732      0.426     -0.024      2.500
 731  726      0.427     -0.651      2.500
 727  730      0.430      0.235      2.500
 726  735      0.430     -0.160      2.500
 724  734      0.430     -0.149      2.500
  -1   -2      0.435      0.690      2.500
 732  736      0.436     -0.419      2.500
 729  740      0.436     -0.206      2.500
 739  728      0.438     -0.903      2.500
 734  733      0.438     -0.526      2.500
 738  729      0.439     -0.675      2.500
 735  738      0.439     -0.898      2.500
 733  739      0.440      0.321      2.500
 742  731      0.443      0.732      2.500
 744  737      0.447      0.689      2.500
 737  746      0.452      0.062      2.500
 743  743      0.454      0.338      2.500
 741  748      0.455      0.178      2.500
 749  741      0.455     -0.873      2.500
 740  752      0.456     -0.127      2.500
 745  750      0.460     -0.390      2.500
 750  742      0.460     -0.706      2.500
 752  744      0.464     -0.719      2.500
 746  754      0.464      0.147      2.500
 751  745      0.464     -0.687      2.500
 747  755      0.466      0.035      2.500
 754  747      0.468     -0.892      2.500
 748  756      0.470      0.154      2.500
 756  749      0.470      0.713      2.500
 755  751      0.471      0.647      2.500
 753  753      0.471      0.426      2.500
 757  757      0.483      0.517      2.500
 762  758      0.489     -0.721      2.500
 759  761      0.490     -0.549      2.500
 761  759      0.491      0.572      2.500
 758  764      0.492      0.216      2.500
 764  760      0.493     -0.765      2.500
 760  763      0.495     -0.503      2.500
 769  762      0.501     -0.821      2.500
 765  768      0.504      0.255      2.500
 763  776      0.505     -0.006      2.500
 773  765      0.506      0.691      2.500
 766  778      0.510     -0.127      2.500
 772  769      0.510      0.447      2.500
 768  773      0.510     -0.457      2.500
 775  766      0.512     -0.651      2.500
 770  777      0.513      0.329      2.500
 774  775      0.514     -0.536      2.500
 777  771      0.515     -0.659      2.500
 767  779      0.516      0.118      2.500
 778  767      0.516      0.831      2.500
 779  770      0.518      0.792      2.500
 784  772      0.519     -0.884      2.500
 782  774      0.520      0.723      2.500
 771  782      0.520      0.001      2.500
 776  784      0.525     -0.213      2.500
 785  780      0.527      0.466      2.500
 786  783      0.531     -0.512      2.500
 781  785      0.531     -0.355      2.500
 789  781      0.533      0.661      2.500
 780  790      0.534     -0.195      2.500
 783  789      0.534     -0.240      2.500
 788  786      0.538     -0.498      2.500
 790  788      0.541     -0.505      2.500
 792  787      0.543     -0.591      2.500
 791  795      0.545      0.341      2.500
 787  796      0.545     -0.101      2.500
 793  791      0.546      0.525      2.500
 794  794      0.547      0.482      2.500
 795  792      0.547     -0.623      2.500
 797  793      0.550      0.605      2.500
 796  797      0.555      0.348      2.500
 798  799      0.562     -0.290      2.500
 802  798      0.567     -0.526      2.500
  -1   -2      0.569     -0.291      2.500
 799  802      0.570     -0.002      2.500
 801  803      0.573     -0.088      2.500
 803  808      0.580     -0.143      2.500
 804  807      0.582      0.177      2.500
 808  801      0.583     -0.754      2.500
 806  804      0.585     -0.544      2.500
 805  812      0.586     -0.179      2.500
 807  810      0.591      0.309      2.500
 813  806      0.592     -0.716      2.500
 815  805      0.593     -0.900      2.500
 811  813      0.594     -0.520      2.500
 810  819      0.597      0.001      2.500
 809  820      0.597     -0.010      2.500
 814  814      0.597     -0.562      2.500
 817  809      0.599      0.773      2.500
 818  811      0.600      0.758      2.500
 816  815      0.601      0.490      2.500
 812  821      0.601     -0.312      2.500
 820  817      0.608     -0.700      2.500
 823  816      0.608     -0.821      2.500
 824  818      0.611      0.709      2.500
 819  824      0.612     -0.404      2.500
 822  822      0.613      0.510      2.500
 827  823      0.616      0.690      2.500
 826  826      0.619      0.455      2.500
 821  827      0.621      0.087      2.500
 828  825      0.624     -0.901      2.500
 825  828      0.625     -0.022      2.500
 829  831      0.636      0.220      2.500
 831  829      0.637     -0.523      2.500
 833  830      0.642      0.571      2.500
 830  833      0.642      0.136      2.500
 832  836      0.648     -0.206      2.500
 835  834      0.650      0.313      2.500
 838  832      0.651      0.573      2.500
 834  842      0.654      0.061      2.500
 836  844      0.655     -0.159      2.500
 843  835      0.656     -0.637      2.500
 841  839      0.657      0.346      2.500
 842  838      0.657     -0.898      2.500
 837  846      0.659      0.035      2.500
 845  837      0.659      0.523      2.500
 839  847      0.660     -0.183      2.500
 840  850      0.661      0.052      2.500
 846  845      0.663      0.340      2.500
 848  840      0.664     -0.808      2.500
 849  841      0.666      0.723      2.500
 851  843      0.667      0.637      2.500
 844  853      0.667     -0.225      2.500
 850  849      0.669     -0.585      2.500
 847  852      0.672      0.363      2.500
 856  848      0.673     -0.814      2.500
 853  856      0.676     -0.396      2.500
 855  854      0.676      0.496      2.500
 858  851      0.676     -0.798      2.500
 852  860      0.679      0.015      2.500
 854  859      0.679      0.162      2.500
 860  855      0.681      0.776      2.500
 859  857      0.682      0.462      2.500
 862  858      0.685      0.569      2.500
 857  863      0.686     -0.129      2.500
 861  865      0.692     -0.189      2.500
 866  861      0.693      0.790      2.500
 864  862      0.694     -0.648      2.500
 863  866      0.696     -0.452      2.500
 870  864      0.700      0.607      2.500
 871  867      0.701     -0.603      2.500
 865  869      0.702      0.142      2.500
 868  872      0.704     -0.319      2.500
 867  874      0.705      0.054      2.500
 869  876      0.708      0.023      2.500
 873  875      0.709     -0.397      2.500
 874  871      0.709     -0.613      2.500
 876  868      0.710     -0.811      2.500
 872  878      0.712     -0.103      2.500
 877  870      0.712      0.661      2.500
 875  873      0.712      0.563      2.500
 880  877      0.719      0.605      2.500
 879  880      0.720     -0.351      2.500
 878  885      0.723     -0.009      2.500
 883  879      0.724     -0.764      2.500
 881  886      0.727      0.177      2.500
 884  881      0.728      0.692      2.500
 889  882      0.730     -0.830      2.500
 888  883      0.731     -0.734      2.500
  -1   -2      0.732      0.186      2.500
 891  884      0.732     -0.777      2.500
 885  888      0.735      0.312      2.500
 887  891      0.739     -0.203      2.500
 886  892      0.739     -0.093      2.500
 894  889      0.741      0.717      2.500
 892  890      0.742      0.552      2.500
 890  898      0.742     -0.022      2.500
 893  895      0.745      0.351      2.500
 895  893      0.744     -0.558      2.500
  -1   -2      0.745     -0.570      2.500
 898  896      0.748     -0.707      2.500
 902  897      0.750     -0.772      2.500
 897  904      0.751     -0.252      2.500
 899  901      0.753     -0.433      2.500
 903  899      0.754      0.514      2.500
 901  902      0.754      0.368      2.500
 900  903      0.754     -0.453      2.500
 904  908      0.758      0.281      2.500
 909  900      0.757     -0.773      2.500
 905  909      0.758      0.253      2.500
 910  905      0.759     -0.691      2.500
 906  910      0.761      0.134      2.500
 912  906      0.761     -0.845      2.500
 911  907      0.762      0.646      2.500
 907  911      0.762     -0.062      2.500
 908  913      0.765     -0.030      2.500
 913  914      0.769     -0.378      2.500
 915  912      0.769      0.435      2.500
 914  917      0.772     -0.021      2.500
 916  916      0.775      0.391      2.500
 919  915      0.777      0.795      2.500
 923  918      0.780      0.700      2.500
 918  924      0.780     -0.260      2.500
 922  920      0.781      0.456      2.500
 917  925      0.781      0.174      2.500
 925  919      0.782      0.612      2.500
 926  921      0.783     -0.684      2.500
 920  927      0.784     -0.054      2.500
 924  926      0.784     -0.439      2.500
 927  922      0.785     -0.851      2.500
 928  923      0.787      0.736      2.500
 929  929      0.793      0.258      2.500
 930  928      0.793      0.510      2.500
 931  930      0.798      0.716      2.500
 932  931      0.801      0.564      2.500
 934   -2      0.804      0.831      2.500
 936  932      0.805      0.778      2.500
 933  934      0.807      0.204      2.500
 935  936      0.809     -0.072      2.500
 939  933      0.811      0.668      2.500
  -1   -2      0.812      0.211      2.500
  -1   -2      0.812      0.530      2.500
 938  941      0.814      0.092      2.500
 942  937      0.815      0.719      2.500
 944  939      0.815     -0.699      2.500
 941  940      0.816      0.521      2.500
 945  942      0.820      0.449      2.500
 943  945      0.820     -0.129      2.500
 946  943      0.821     -0.455      2.500
 948  944      0.822      0.315      2.500
 947  947      0.824     -0.016      2.500
 952  946      0.825     -0.620      2.500
 949  948      0.826      0.191      2.500
 950  952      0.827     -0.238      2.500
 954  949      0.828      0.420      2.500
 951  953      0.828     -0.080      2.500
 955  950      0.829     -0.605      2.500
 956  951      0.830      0.501      2.500
 953  954      0.830      0.011      2.500
 958  956      0.837     -0.550      2.500
 957  958      0.838     -0.446      2.500
 961  955      0.838      0.692      2.500
 960  957      0.838     -0.609      2.500
 959  959      0.839     -0.357      2.500
 962  960      0.841      0.193      2.500
 963  962      0.852     -0.194      2.500
 964  961      0.853     -0.627      2.500
 965  963      0.855      0.368      2.500
 966  965      0.856     -0.329      2.500
 968  966      0.856     -0.297      2.500
 967  968      0.857     -0.160      2.500
 969  964      0.858     -0.846      2.500
 970  967      0.859     -0.861      2.500
 971  969      0.860     -0.809      2.500
 972  970      0.862     -0.510      2.500
 973  971      0.865     -0.885      2.500
 974  973      0.873      0.153      2.500
 975  972      0.873      0.356      2.500
 976  974      0.874     -0.898      2.500
 978  975      0.882      0.755      2.500
 977  976      0.882      0.702      2.500
 979  977      0.882      0.822      2.500
 980  978      0.883     -0.487      2.500
 981  979      0.884      0.592      2.500
 982  980      0.885     -0.758      2.500
 983  981      0.889     -0.199      2.500
 984  982      0.893     -0.623      2.500
 985  983      0.894      0.329      2.500
 986  985      0.895     -0.564      2.500
 987  984      0.896      0.663      2.500
 988  987      0.900     -0.024      2.500
 989  986      0.901      0.299      2.500
 991  988      0.901     -0.418      2.500
 990  989      0.901     -0.296      2.500
  -1   -2      0.908      0.253      2.500
 995  990      0.909      0.540      2.500
 993  993      0.908      0.080      2.500
 994  992      0.909      0.245      2.500
 996  995      0.911      0.462      2.500
 997  994      0.910     -0.778      2.500
 999  996      0.912      0.796      2.500
 998  997      0.912      0.571      2.500
1000  998      0.912     -0.702      2.500
