1000
   0    0     -0.824      0.543      2.500
   1    1     -0.823      0.188      2.500
   2    2     -0.821      0.012      2.500
   3    3     -0.819     -0.166      2.500
   4    5     -0.815     -0.262      2.500
   6    6     -0.816      0.356      2.500
   5    7     -0.815     -0.080      2.500
   7    8     -0.815     -0.516      2.500
   8    9     -0.816      0.793      2.500
  11   10     -0.815      0.138      2.500
  10   11     -0.814     -0.298      2.500
  12   12     -0.814      0.574      2.500
  16   13     -0.813     -0.322      2.500
   9   16     -0.812     -0.733      2.500
  13   14     -0.813      0.653      2.500
  -1   -2     -0.813      0.659      2.500
  17   17     -0.810      0.234      2.500
  18   18     -0.807     -0.227      2.500
  19   19     -0.803     -0.050      2.500
  20   20     -0.802     -0.236      2.500
  21   21     -0.802      0.342      2.500
  22   23     -0.801      0.516      2.500
  23   22     -0.800      0.319      2.500
  24   24     -0.797     -0.487      2.500
  25   25     -0.796     -0.148      2.500
  26   26     -0.795     -0.260      2.500
  27   28     -0.793      0.603      2.500
  29   27     -0.791     -0.460      2.500
  28   30     -0.791      0.809      2.500
  31   29     -0.790      0.164      2.500
  30   31     -0.787     -0.892      2.500
  32   32     -0.787      0.528      2.500
  33   33     -0.783      0.073      2.500
  34   34     -0.781      0.159      2.500
  36   35     -0.778     -0.322      2.500
  35   36     -0.777     -0.647      2.500
  38   38     -0.774      0.384      2.500
  39   37     -0.774      0.178      2.500
  37   41     -0.773      0.710      2.500
  40   40     -0.773      0.509      2.500
  41   39     -0.771      0.288      2.500
  43   42     -0.769      0.434      2.500
  42   45     -0.767     -0.682      2.500
  44   46     -0.767      0.625      2.500
  46   43     -0.766     -0.212      2.500
  45   44     -0.766      0.341      2.500
  48   48     -0.757     -0.707      2.500
  47   49     -0.757     -0.859      2.500
  49   47     -0.757     -0.255      2.500
  51   50     -0.751     -0.282      2.500
  50   53     -0.750      0.659      2.500
  53   51     -0.749     -0.066      2.500
  54   52     -0.747      0.054      2.500
  52   56     -0.745     -0.859      2.500
  58   54     -0.745      0.150      2.500
  57   57     -0.743     -0.535      2.500
  59   55     -0.742     -0.217      2.500
  56   58     -0.743      0.577      2.500
  55   61     -0.742      0.791      2.500
  60   62     -0.738      0.390      2.500
  63   59     -0.738      0.010      2.500
  61   60     -0.737     -0.305      2.500
  62   63     -0.737     -0.367      2.500
  64   64     -0.735     -0.036      2.500
  65   65     -0.734     -0.172      2.500
  67   66     -0.731     -0.129      2.500
  66   67     -0.731     -0.506      2.500
  69   69     -0.728      0.179      2.500
  70   68     -0.727      0.108      2.500
  68   71     -0.727      0.440      2.500
  72   70     -0.727     -0.101      2.500
  71   73     -0.722     -0.668      2.500
  76   72     -0.722     -0.216      2.500
  73   74     -0.722      0.565      2.500
  74   75     -0.721      0.553      2.500
  75   77     -0.718     -0.638      2.500
  77   76     -0.716      0.121      2.500
  80   78     -0.714      0.253      2.500
  79   81     -0.712      0.496      2.500
  81   79     -0.709     -0.368      2.500
  78   83     -0.708     -0.848      2.500
  83   80     -0.709      0.211      2.500
  85   82     -0.707     -0.223      2.500
  84   85     -0.705      0.529      2.500
  82   87     -0.704      0.776      2.500
  88   84     -0.699     -0.033      2.500
  86   86     -0.698      0.236      2.500
  89   88     -0.695      0.088      2.500
  87   89     -0.693     -0.698      2.500
  92   90     -0.686     -0.375      2.500
  90   93     -0.687      0.691      2.500
  91   91     -0.685     -0.558      2.500
  95   94     -0.679     -0.282      2.500
  98   92     -0.678     -0.083      2.500
  97   95     -0.677      0.334      2.500
  93   98     -0.675     -0.813      2.500
  94   99     -0.673     -0.785      2.500
  96   97     -0.673      0.550      2.500
 102   96     -0.671     -0.215      2.500
  99  100     -0.670     -0.694      2.500
 100  102     -0.667      0.721      2.500
 101  104     -0.666      0.602      2.500
 106  101     -0.663     -0.434      2.500
 103   -2     -0.664      0.598      2.500
 104  108     -0.660     -0.898      2.500
 105  112     -0.657     -0.850      2.500
 111  103     -0.657      0.091      2.500
 108  110     -0.657      0.469      2.500
 113  105     -0.656      0.057      2.500
 112  106     -0.656     -0.323      2.500
 114  107     -0.655     -0.291      2.500
 110  109     -0.654     -0.440      2.500
 107  114     -0.655      0.747      2.500
 109  116     -0.650     -0.810      2.500
 115  115     -0.650      0.438      2.500
 116  113     -0.649     -0.899      2.500
 118  111     -0.649     -0.208      2.500
 117  117     -0.647      0.571      2.500
 119  120     -0.632      0.490      2.500
 121  118     -0.632      0.169      2.500
 122  119     -0.631     -0.269      2.500
 120  123     -0.626     -0.860      2.500
 125  122     -0.619     -0.323      2.500
 127  121     -0.618     -0.248      2.500
 123  126     -0.618      0.475      2.500
 124  124     -0.617     -0.459      2.500
 128  125     -0.615      0.297      2.500
 126  130     -0.613     -0.595      2.500
 129  129     -0.611     -0.487      2.500
 133  127     -0.609     -0.211      2.500
 130  131     -0.608      0.398      2.500
 136  128     -0.605      0.000      2.500
 131  134     -0.605      0.494      2.500
 134  133     -0.603     -0.505      2.500
 135  137     -0.600      0.458      2.500
 132  143     -0.599     -0.785      2.500
 144  132     -0.597      0.023      2.500
 142  135     -0.597      0.253      2.500
 139  140     -0.595      0.389      2.500
 141  141     -0.594     -0.531      2.500
 137  146     -0.594      0.611      2.500
 140  144     -0.594      0.433      2.500
 145  136     -0.594      0.142      2.500
 138  150     -0.591     -0.880      2.500
 147  139     -0.591     -0.256      2.500
 143  149     -0.590      0.486      2.500
 148  138     -0.590      0.001      2.500
 146  147     -0.588     -0.440      2.500
 150  142     -0.588      0.112      2.500
 151  148     -0.585     -0.359      2.500
 153  145     -0.585     -0.230      2.500
 154  151     -0.578      0.200      2.500
 149  154     -0.577     -0.810      2.500
 152  155     -0.575      0.673      2.500
 156  156     -0.569     -0.541      2.500
 160  152     -0.567     -0.116      2.500
 158  161     -0.567      0.432      2.500
 161  153     -0.564     -0.009      2.500
 155  162     -0.563     -0.905      2.500
 159  160     -0.563     -0.420      2.500
 157  163     -0.562     -0.766      2.500
 163  158     -0.562      0.026      2.500
 162  159     -0.561      0.168      2.500
 164  157     -0.561     -0.088      2.500
 166  165     -0.546     -0.498      2.500
 172  164     -0.545     -0.170      2.500
 165  169     -0.544      0.579      2.500
 167  167     -0.542      0.448      2.500
 174  166     -0.538      0.208      2.500
 168  171     -0.536     -0.786      2.500
 169  172     -0.536      0.775      2.500
 170  170     -0.535     -0.704      2.500
 175  168     -0.533     -0.217      2.500
 171  176     -0.532     -0.825      2.500
 173  175     -0.530     -0.666      2.500
 177  174     -0.523      0.261      2.500
 181  173     -0.521     -0.061      2.500
 176  183     -0.518      0.809      2.500
 180  178     -0.517     -0.437      2.500
 179  180     -0.515      0.485      2.500
 178  182     -0.515      0.512      2.500
 183  177     -0.514     -0.022      2.500
 184  179     -0.512     -0.194      2.500
 182  185     -0.508      0.527      2.500
 189  181     -0.505     -0.107      2.500
 186  186     -0.502      0.416      2.500
 185  187     -0.502      0.510      2.500
 187  188     -0.498      0.565      2.500
  -1  189     -0.497     -0.073      2.500
 188  190     -0.495      0.733      2.500
 190  193     -0.485     -0.894      2.500
 192  191     -0.485     -0.557      2.500
 191  197     -0.484     -0.072      2.500
 193  195     -0.480      0.482      2.500
 201  192     -0.474      0.214      2.500
 194  198     -0.474      0.593      2.500
 195  200     -0.472      0.684      2.500
 204  194     -0.471     -0.188      2.500
 200  199     -0.468      0.473      2.500
 197  205     -0.467      0.743      2.500
 207  196     -0.466     -0.198      2.500
 198  203     -0.466     -0.688      2.500
 199  206     -0.465      0.658      2.500
 196   -2     -0.464     -0.070      2.500
 205  207     -0.459      0.441      2.500
  -1   -2     -0.458     -0.686      2.500
 202  212     -0.457     -0.751      2.500
 212   -2     -0.457     -0.229      2.500
 208  209     -0.456      0.434      2.500
 214  201     -0.455     -0.185      2.500
 210  210     -0.455      0.399      2.500
 215  202     -0.454     -0.225      2.500
 206  215     -0.454      0.709      2.500
 218  204     -0.452     -0.066      2.500
 211  214     -0.450      0.392      2.500
 213  213     -0.450      0.371      2.500
 219  208     -0.449      0.119      2.500
 217  216     -0.445     -0.465      2.500
 216  218     -0.445      0.425      2.500
 223  220     -0.437      0.232      2.500
 228  217     -0.436      0.037      2.500
 220  227     -0.436      0.608      2.500
 221  222     -0.433     -0.501      2.500
 230  219     -0.433     -0.086      2.500
 224  223     -0.432     -0.899      2.500
 222  228     -0.431     -0.584      2.500
  -1   -2     -0.429     -0.025      2.500
 225  233     -0.426     -0.671      2.500
 229  229     -0.427     -0.470      2.500
 234  224     -0.425      0.100      2.500
 227  234     -0.424     -0.705      2.500
 237  225     -0.424     -0.162      2.500
 226  236     -0.424      0.776      2.500
 238  226     -0.423     -0.021      2.500
 233  231     -0.421      0.329      2.500
 242  230     -0.419      0.084      2.500
 239  232     -0.418     -0.367      2.500
 240  235     -0.416     -0.444      2.500
 231  242     -0.416      0.682      2.500
 235  238     -0.414     -0.578      2.500
 236  243     -0.411      0.575      2.500
 241  244     -0.409     -0.615      2.500
 246  237     -0.409      0.262      2.500
 243  245     -0.406      0.539      2.500
 251  239     -0.405     -0.246      2.500
 244  246     -0.405      0.525      2.500
 253  240     -0.403     -0.126      2.500
 254  241     -0.403     -0.119      2.500
 245  247     -0.402     -0.690      2.500
 247  252     -0.398      0.655      2.500
 250  249     -0.397      0.478      2.500
 248  253     -0.396     -0.727      2.500
 249  254     -0.394      0.686      2.500
 256  251     -0.390      0.329      2.500
 257  248     -0.388     -0.296      2.500
 255  255     -0.388      0.485      2.500
 252  256     -0.388      0.721      2.500
 259  250     -0.387     -0.233      2.500
 262  257     -0.376      0.342      2.500
 258  260     -0.374      0.664      2.500
 260  265     -0.373      0.695      2.500
 261  264     -0.373      0.643      2.500
 264  262     -0.369     -0.549      2.500
 263  266     -0.368     -0.659      2.500
 270  258     -0.365     -0.298      2.500
 269  263     -0.364      0.281      2.500
 266  268     -0.362      0.588      2.500
 267  269     -0.361      0.527      2.500
 275  259     -0.360     -0.088      2.500
 265  272     -0.360      0.759      2.500
 277  261     -0.360     -0.120      2.500
 271  273     -0.355      0.492      2.500
 268  276     -0.355      0.750      2.500
 280  267     -0.353      0.067      2.500
 272  278     -0.351      0.581      2.500
 276  275     -0.350      0.456      2.500
 284  270     -0.349     -0.239      2.500
 283  271     -0.348      0.178      2.500
 282  274     -0.347     -0.351      2.500
 273  282     -0.347     -0.832      2.500
 274  281     -0.346     -0.770      2.500
 278  280     -0.345      0.573      2.500
 289  277     -0.339      0.065      2.500
 286  283     -0.339      0.447      2.500
 279  287     -0.338      0.825      2.500
 288  279     -0.337     -0.384      2.500
 281  288     -0.336     -0.896      2.500
  -1   -2     -0.336      0.572      2.500
 291  284     -0.332      0.218      2.500
 287  292     -0.330      0.581      2.500
 294  291     -0.324     -0.416      2.500
 295  285     -0.325     -0.050      2.500
 290  298     -0.321     -0.814      2.500
 298  289     -0.322      0.070      2.500
 300  290     -0.320      0.031      2.500
 299  293     -0.319      0.105      2.500
 292  302     -0.319      0.822      2.500
 293  300     -0.318     -0.657      2.500
 296  296     -0.317      0.358      2.500
 297  297     -0.316     -0.460      2.500
 303  295     -0.314      0.082      2.500
 304  294     -0.314     -0.078      2.500
 302  303     -0.310      0.361      2.500
 308  299     -0.307     -0.137      2.500
 307  301     -0.307     -0.239      2.500
 301  308     -0.305      0.832      2.500
 315  304     -0.304      0.071      2.500
 306  307     -0.303     -0.566      2.500
 316  305     -0.301      0.176      2.500
 310  309     -0.298      0.436      2.500
 317  306     -0.298      0.250      2.500
 305  311     -0.298      0.783      2.500
 309  310     -0.295     -0.651      2.500
 311  313     -0.293     -0.762      2.500
 314  312     -0.293      0.589      2.500
 313  314     -0.292      0.649      2.500
 312  315     -0.292      0.766      2.500
 318  318     -0.287      0.607      2.500
 320  317     -0.282     -0.524      2.500
 319  322     -0.277      0.792      2.500
 321  320     -0.277      0.611      2.500
 326  316     -0.276     -0.205      2.500
 325  319     -0.276      0.208      2.500
 322  321     -0.273      0.470      2.500
 324  323     -0.270      0.457      2.500
 323  325     -0.268      0.660      2.500
 328  327     -0.263     -0.687      2.500
 327  329     -0.262      0.788      2.500
 329  326     -0.262     -0.609      2.500
 332  324     -0.256     -0.002      2.500
 330  331     -0.253     -0.903      2.500
 331  332     -0.250      0.546      2.500
 337  328     -0.250     -0.079      2.500
 333  330     -0.248     -0.497      2.500
 335  335     -0.241      0.603      2.500
 334  338     -0.241      0.764      2.500
 336  337     -0.240     -0.710      2.500
 338  339     -0.238      0.636      2.500
 339  334     -0.237      0.305      2.500
 342  333     -0.236     -0.214      2.500
 346  336     -0.231      0.078      2.500
 344  340     -0.229      0.363      2.500
 341  343     -0.228     -0.730      2.500
 340  345     -0.228      0.706      2.500
 343  351     -0.225     -0.808      2.500
 348  342     -0.223     -0.393      2.500
 349  346     -0.221      0.348      2.500
 350  341     -0.220     -0.083      2.500
 345  354     -0.220      0.814      2.500
 347  355     -0.217     -0.757      2.500
 353  344     -0.217     -0.068      2.500
 352  349     -0.216      0.212      2.500
 356  347     -0.216     -0.139      2.500
 358  348     -0.215     -0.118      2.500
 355  350     -0.215     -0.265      2.500
 351  353     -0.213     -0.898      2.500
 359  352     -0.212     -0.279      2.500
 354  357     -0.210     -0.512      2.500
 361  356     -0.208      0.269      2.500
 360  360     -0.207      0.378      2.500
 357  362     -0.206      0.557      2.500
 366  358     -0.204     -0.223      2.500
 369  359     -0.203     -0.131      2.500
 365  361     -0.203     -0.355      2.500
 362  363     -0.201     -0.551      2.500
 363  367     -0.199      0.502      2.500
 367  365     -0.198     -0.502      2.500
 368  366     -0.198      0.380      2.500
 370  364     -0.196     -0.328      2.500
 364  369     -0.195      0.716      2.500
 373  368     -0.190     -0.221      2.500
 371  370     -0.189     -0.537      2.500
 372  375     -0.184      0.671      2.500
 377  371     -0.182     -0.065      2.500
 374  373     -0.181     -0.562      2.500
 375  372     -0.181     -0.340      2.500
 376  376     -0.177      0.429      2.500
 381  374     -0.175      0.049      2.500
 378  377     -0.174      0.505      2.500
 379  382     -0.169     -0.791      2.500
 383  379     -0.168     -0.492      2.500
 384  378     -0.167      0.218      2.500
 380  383     -0.166     -0.816      2.500
 382  384     -0.165      0.774      2.500
 385  380     -0.164      0.236      2.500
 387  381     -0.163     -0.306      2.500
 386  387     -0.156      0.821      2.500
 388  385     -0.155     -0.462      2.500
 390  386     -0.150      0.343      2.500
 389  389     -0.150     -0.763      2.500
 393  388     -0.146     -0.463      2.500
 392  392     -0.144      0.486      2.500
 391  394     -0.144      0.550      2.500
 394  391     -0.144      0.427      2.500
  -1   -2     -0.141     -0.377      2.500
 396  395     -0.140     -0.384      2.500
 397  390     -0.139      0.053      2.500
 398  396     -0.136     -0.432      2.500
 400  397     -0.130      0.410      2.500
 399  399     -0.128      0.804      2.500
 402  398     -0.123     -0.073      2.500
 401  400     -0.123      0.534      2.500
  -1   -2     -0.115      0.236      2.500
 407  401     -0.115      0.093      2.500
 409  402     -0.114      0.079      2.500
 405  404     -0.113      0.243      2.500
 406  405     -0.112      0.302      2.500
 410  406     -0.111     -0.372      2.500
 404  408     -0.111     -0.549      2.500
 408  409     -0.110      0.468      2.500
 413  407     -0.109     -0.194      2.500
 411  413     -0.106      0.802      2.500
 415  410     -0.105     -0.173      2.500
 412  414     -0.104      0.599      2.500
 414  412     -0.104     -0.630      2.500
 417  411     -0.103      0.066      2.500
 422  415     -0.099     -0.353      2.500
 419  418     -0.098      0.440      2.500
 425  416     -0.097     -0.234      2.500
 416  421     -0.097      0.680      2.500
 421  420     -0.096     -0.581      2.500
 423  419     -0.096     -0.469      2.500
 418  424     -0.096      0.741      2.500
 426  417     -0.095     -0.219      2.500
 420  423     -0.095      0.627      2.500
 424  422     -0.094     -0.533      2.500
 428  425     -0.090      0.490      2.500
 427  427     -0.088     -0.890      2.500
 429  426     -0.084      0.245      2.500
 430  428     -0.079     -0.268      2.500
 431  429     -0.074      0.140      2.500
 432  432     -0.067     -0.699      2.500
 436  430     -0.066     -0.213      2.500
 433  433     -0.066      0.554      2.500
 437  431     -0.066     -0.154      2.500
 434  434     -0.065      0.629      2.500
 435  436     -0.063      0.650      2.500
 439  437     -0.061      0.396      2.500
 440  435     -0.060      0.090      2.500
 438  440     -0.059     -0.782      2.500
 443  438     -0.056     -0.038      2.500
 444  439     -0.056     -0.077      2.500
 441  442     -0.056      0.796      2.500
 442  441     -0.055     -0.705      2.500
 446  444     -0.049     -0.482      2.500
 447  443     -0.048     -0.423      2.500
 445  445     -0.048      0.574      2.500
 449  446     -0.046      0.244      2.500
  -1   -2     -0.045      0.333      2.500
 450  448     -0.045      0.343      2.500
 451  449     -0.043     -0.372      2.500
 452  450     -0.041      0.534      2.500
 453  451     -0.037     -0.252      2.500
 454  452     -0.027     -0.053      2.500
 455  453     -0.023     -0.469      2.500
 456  454     -0.020     -0.407      2.500
 457  455     -0.016     -0.188      2.500
 458  456     -0.015      0.122      2.500
 460  457     -0.015     -0.326      2.500
 459  458     -0.014      0.418      2.500
 462  459     -0.013     -0.509      2.500
 461  460     -0.013      0.751      2.500
 463  461     -0.012      0.646      2.500
 464  462     -0.010      0.243      2.500
 465  463     -0.007      0.312      2.500
 466  465     -0.004      0.806      2.500
 467  464     -0.004     -0.078      2.500
 469  466     -0.001     -0.348      2.500
 468  467     -0.000     -0.796      2.500
 470  469      0.001     -0.000      2.500
 471  468      0.001     -0.012      2.500
 472  472      0.003     -0.814      2.500
 474  470      0.003     -0.100      2.500
 473  471      0.003     -0.630      2.500
 476  473      0.004     -0.899      2.500
 477  474      0.004      0.297      2.500
 475  476      0.004     -0.882      2.500
 479  475      0.005     -0.375      2.500
 478  477      0.005     -0.651      2.500
 481  478      0.005      0.189      2.500
 480  479      0.006     -0.460      2.500
 482  480      0.007      0.562      2.500
 483  481      0.011     -0.534      2.500
 484  482      0.012      0.105      2.500
 485  483      0.015     -0.783      2.500
 486  484      0.016      0.363      2.500
 487  485      0.016      0.220      2.500
 488  486      0.016      0.738      2.500
 489  487      0.017      0.014      2.500
 490  488      0.018     -0.373      2.500
 491  489      0.018      0.563      2.500
 492  491      0.020     -0.708      2.500
 493  490      0.020      0.126      2.500
 494  492      0.021     -0.225      2.500
 496  494      0.022     -0.442      2.500
 495  493      0.021      0.644      2.500
 497  495      0.022      0.774      2.500
 498  496      0.023      0.039      2.500
 499  497      0.026      0.061      2.500
 500  498      0.027     -0.540      2.500
 501  499      0.028     -0.030      2.500
 502  500      0.029     -0.347      2.500
 503  502      0.029     -0.419      2.500
 504  501      0.029      0.458      2.500
 505  503      0.032     -0.375      2.500
 506  504      0.033     -0.591      2.500
 507  505      0.034      0.807      2.500
  -1   -2      0.035     -0.415      2.500
 509  507      0.035     -0.505      2.500
 510  508      0.036     -0.529      2.500
 511  509      0.038      0.136      2.500
 513  510      0.053      0.602      2.500
 512  511      0.055     -0.320      2.500
 514  514      0.055     -0.009      2.500
 515  512      0.056     -0.596      2.500
 516  513      0.056      0.539      2.500
 517  515      0.057      0.354      2.500
 518  517      0.059     -0.201      2.500
 520  516      0.061      0.528      2.500
 519  519      0.061      0.125      2.500
 521  518      0.061     -0.578      2.500
 522  520      0.070     -0.281      2.500
 523  522      0.072      0.371      2.500
 525  521      0.074     -0.865      2.500
 524  523      0.076     -0.000      2.500
 526  525      0.079     -0.118      2.500
 529  524      0.080     -0.675      2.500
 527  526      0.080     -0.177      2.500
 528  527      0.081     -0.104      2.500
 530  531      0.086      0.049      2.500
 531  529      0.088     -0.573      2.500
 533  528      0.088      0.696      2.500
 532  532      0.089     -0.403      2.500
 534  530      0.089     -0.818      2.500
 535  536      0.092      0.207      2.500
 536  538      0.094     -0.178      2.500
 538  533      0.095     -0.871      2.500
 539  534      0.095     -0.745      2.500
 537  539      0.095      0.022      2.500
 541  535      0.096      0.771      2.500
 540  537      0.096      0.564      2.500
 542  541      0.102     -0.331      2.500
 544  540      0.102      0.503      2.500
 543  543      0.104      0.076      2.500
 545  544      0.106      0.178      2.500
 546  542      0.106     -0.794      2.500
 547  545      0.109      0.488      2.500
 548  546      0.112     -0.499      2.500
 550  547      0.114     -0.866      2.500
 549  549      0.117      0.230      2.500
 552  548      0.120      0.664      2.500
 551  553      0.120     -0.040      2.500
 553  550      0.121     -0.768      2.500
 554  551      0.124     -0.872      2.500
 555  552      0.125      0.780      2.500
 556  554      0.128     -0.879      2.500
 557  555      0.129     -0.763      2.500
 559  556      0.132     -0.820      2.500
 558  558      0.135     -0.322      2.500
 561  557      0.136      0.570      2.500
 560  561      0.140     -0.246      2.500
 564  559      0.141      0.607      2.500
 565  560      0.143      0.707      2.500
 562  563      0.143     -0.340      2.500
 563  568      0.146     -0.004      2.500
 566  565      0.147     -0.427      2.500
 567  567      0.148      0.354      2.500
 570  562      0.148      0.697      2.500
 569  566      0.149     -0.543      2.500
 573  564      0.151     -0.835      2.500
 568  570      0.151      0.109      2.500
 571  569      0.154     -0.462      2.500
 572  572      0.157      0.089      2.500
 575  573      0.160     -0.405      2.500
 574  576      0.161      0.106      2.500
 576  571      0.161     -0.828      2.500
 579  574      0.166      0.788      2.500
 577  577      0.166     -0.393      2.500
 578  575      0.166      0.666      2.500
 580  578      0.174      0.165      2.500
 581  581      0.181     -0.004      2.500
 584  579      0.181     -0.557      2.500
 582  582      0.183     -0.163      2.500
 583  583      0.183     -0.078      2.500
 586  580      0.184      0.363      2.500
 585  585      0.188     -0.181      2.500
 587  588      0.191      0.016      2.500
 594  584      0.193      0.809      2.500
  -1   -2      0.194     -0.409      2.500
 592  586      0.194      0.494      2.500
 590  589      0.196     -0.417      2.500
 588  590      0.197     -0.076      2.500
 591  591      0.199      0.153      2.500
 593  594      0.201     -0.172      2.500
 597  593      0.202      0.302      2.500
 596  595      0.203      0.209      2.500
 595  597      0.203     -0.029      2.500
 598  596      0.204      0.238      2.500
 601  592      0.206      0.525      2.500
 599  598      0.207     -0.373      2.500
 600  601      0.213      0.002      2.500
 602  604      0.217     -0.393      2.500
 608  599      0.219     -0.724      2.500
 603  609      0.220     -0.377      2.500
 604  605      0.220      0.390      2.500
 606  602      0.220      0.468      2.500
 605  611      0.222     -0.428      2.500
 609  608      0.222     -0.525      2.500
 607  610      0.222     -0.898      2.500
 613  600      0.223     -0.873      2.500
 612  603      0.224     -0.760      2.500
 614  607      0.225      0.614      2.500
 616  606      0.225      0.718      2.500
 611  613      0.227     -0.497      2.500
 617  612      0.227      0.569      2.500
 610  616      0.230     -0.189      2.500
 615  618      0.234      0.043      2.500
 619  615      0.235      0.505      2.500
 621  614      0.235     -0.715      2.500
 620  621      0.241      0.165      2.500
 618  623      0.241     -0.001      2.500
 624  619      0.242      0.387      2.500
 623  622      0.243      0.241      2.500
 630  617      0.243     -0.763      2.500
 629  620      0.246     -0.707      2.500
 622  625      0.246     -0.063      2.500
 627  626      0.251     -0.300      2.500
 631  624      0.251     -0.512      2.500
 628  627      0.252     -0.262      2.500
 626  629      0.253     -0.051      2.500
 632  631      0.257     -0.154      2.500
 633  628      0.258     -0.454      2.500
 634  634      0.264      0.017      2.500
 636  632      0.268     -0.635      2.500
 638  630      0.269      0.705      2.500
 635  637      0.274      0.071      2.500
 642  633      0.276     -0.903      2.500
 641  635      0.277     -0.726      2.500
 644  636      0.279      0.642      2.500
 637  639      0.279     -0.200      2.500
 639  638      0.281      0.254      2.500
 640  648      0.286      0.093      2.500
 646  644      0.287     -0.464      2.500
 643  649      0.288      0.194      2.500
 649  641      0.289      0.553      2.500
 648  643      0.290      0.473      2.500
 650  646      0.291     -0.575      2.500
 654  640      0.292      0.710      2.500
 645  653      0.292      0.081      2.500
 655  645      0.293     -0.720      2.500
 656  642      0.293     -0.866      2.500
 652  650      0.296      0.422      2.500
  -1   -2      0.296      0.658      2.500
 653  652      0.298      0.366      2.500
 647  655      0.298     -0.149      2.500
 651  656      0.300      0.020      2.500
 661  651      0.302     -0.892      2.500
 658  657      0.306     -0.310      2.500
 663  654      0.306      0.660      2.500
 657  661      0.308      0.014      2.500
 660  660      0.310     -0.352      2.500
 669  658      0.316     -0.670      2.500
 666  662      0.316      0.316      2.500
 662  666      0.317     -0.106      2.500
 673  659      0.319      0.693      2.500
 665  668      0.320     -0.195      2.500
 672  663      0.321     -0.542      2.500
 664  669      0.321     -0.008      2.500
 667  670      0.322      0.054      2.500
 671  664      0.322      0.330      2.500
 668  671      0.325      0.103      2.500
 675  665      0.326      0.486      2.500
 670  674      0.327     -0.122      2.500
 674  667      0.327      0.440      2.500
 676  676      0.334     -0.396      2.500
 678  675      0.335      0.358      2.500
 677  677      0.335      0.254      2.500
 683  673      0.339      0.622      2.500
 684  672      0.339     -0.813      2.500
 680  681      0.341     -0.520      2.500
 679  687      0.341     -0.362      2.500
 681  684      0.342     -0.505      2.500
 688  679      0.344     -0.690      2.500
 685  683      0.345     -0.634      2.500
 692  678      0.346      0.826      2.500
 690  685      0.346     -0.675      2.500
 694  680      0.347     -0.889      2.500
 689  688      0.348     -0.605      2.500
 696  682      0.349      0.786      2.500
 695  686      0.349     -0.749      2.500
 682  693      0.349     -0.118      2.500
 693  692      0.355      0.357      2.500
 687  695      0.355     -0.225      2.500
 700  689      0.356      0.679      2.500
 686  697      0.356     -0.035      2.500
 701  691      0.359     -0.658      2.500
 691  698      0.360     -0.054      2.500
 703  690      0.361      0.715      2.500
 699  696      0.362      0.345      2.500
 697  700      0.364     -0.249      2.500
 698  699      0.364      0.177      2.500
 704  694      0.364     -0.702      2.500
 702  701      0.370     -0.288      2.500
 705  702      0.378      0.319      2.500
 706  705      0.383     -0.408      2.500
 709  703      0.386      0.558      2.500
 707  707      0.386      0.245      2.500
 708  706      0.386      0.390      2.500
 712  704      0.390      0.659      2.500
 711  708      0.395      0.358      2.500
 710  710      0.401     -0.104      2.500
 713  712      0.404      0.088      2.500
 714  713      0.405      0.149      2.500
 718  709      0.406      0.506      2.500
 715  716      0.407      0.047      2.500
 717  715      0.410      0.286      2.500
 716  717      0.411     -0.272      2.500
 719  718      0.415     -0.366      2.500
 724  711      0.415     -0.656      2.500
 725  714      0.416     -0.647      2.500
 721  720      0.417      0.318      2.500
 720  725      0.422      0.111      2.500
 727  722      0.424     -0.425      2.500
 732  719      0.425      0.615      2.500
 722  729      0.426      0.091      2.500
 728  724      0.426      0.338      2.500
 723  730      0.427     -0.003      2.500
 730  723      0.428     -0.501      2.500
 726  731      0.429     -0.178      2.500
 735  721      0.433     -0.769      2.500
 729  733      0.434     -0.015      2.500
 738  726      0.437      0.776      2.500
 740  727      0.439      0.764      2.500
 731  735      0.439      0.048      2.500
 741  728      0.439     -0.835      2.500
 734  732      0.439     -0.897      2.500
 733  736      0.440      0.079      2.500
 736  737      0.446      0.227      2.500
 743  734      0.447      0.422      2.500
 737  744      0.450      0.026      2.500
 739  746      0.455      0.033      2.500
 744  741      0.455     -0.549      2.500
 742  747      0.456     -0.032      2.500
 745  740      0.457      0.545      2.500
 748  738      0.459      0.725      2.500
 746  739      0.459     -0.739      2.500
 747  743      0.461     -0.641      2.500
 750  742      0.463     -0.904      2.500
 749  748      0.467      0.462      2.500
 753  745      0.469      0.711      2.500
 751  749      0.470      0.487      2.500
 754  750      0.474     -0.612      2.500
 757  751      0.480      0.510      2.500
 752  757      0.482      0.082      2.500
 763  752      0.482     -0.731      2.500
 760  753      0.483     -0.553      2.500
 756  754      0.483      0.320      2.500
 758  755      0.485      0.341      2.500
 755  760      0.486     -0.206      2.500
 762  756      0.488     -0.515      2.500
 759  758      0.488      0.235      2.500
 761  759      0.490     -0.413      2.500
 764  762      0.497      0.003      2.500
 765  763      0.499     -0.184      2.500
 766  765      0.501     -0.138      2.500
 772  761      0.506     -0.833      2.500
 767  768      0.508      0.127      2.500
 770  766      0.511     -0.542      2.500
 769  770      0.512     -0.276      2.500
 768  771      0.512     -0.181      2.500
 779  764      0.515     -0.839      2.500
 771  773      0.517     -0.331      2.500
 773  776      0.521      0.241      2.500
 783  767      0.522      0.749      2.500
 785  769      0.523     -0.827      2.500
 780  775      0.524     -0.542      2.500
 774  783      0.525      0.085      2.500
 784  772      0.525      0.546      2.500
 781  777      0.526     -0.535      2.500
 778  780      0.527     -0.401      2.500
 786  774      0.527      0.567      2.500
 782  779      0.528     -0.486      2.500
 775  788      0.529     -0.103      2.500
 776  790      0.531      0.007      2.500
 777  791      0.531     -0.002      2.500
 787  781      0.533     -0.573      2.500
 790  778      0.534      0.627      2.500
 788  789      0.537      0.368      2.500
 791  784      0.538     -0.597      2.500
 794  782      0.539      0.790      2.500
 793  786      0.540     -0.617      2.500
 796  785      0.543      0.685      2.500
 795  787      0.543      0.632      2.500
 789  793      0.546     -0.109      2.500
 792  798      0.551     -0.152      2.500
 802  792      0.555      0.803      2.500
 797  795      0.557      0.396      2.500
 804  796      0.560      0.528      2.500
 800  800      0.561      0.407      2.500
 803  797      0.560     -0.583      2.500
 806  794      0.560     -0.702      2.500
 798  802      0.565     -0.012      2.500
 799  805      0.567     -0.163      2.500
 808  799      0.567     -0.842      2.500
 805  803      0.569      0.202      2.500
 801  806      0.570      0.029      2.500
 809  801      0.571      0.598      2.500
 807  804      0.572      0.299      2.500
 810  809      0.582      0.256      2.500
 818  807      0.585      0.642      2.500
 812  813      0.586     -0.216      2.500
 811  816      0.587     -0.032      2.500
 813  814      0.589      0.176      2.500
 815  819      0.591      0.184      2.500
 814  822      0.592     -0.166      2.500
 822  808      0.592     -0.857      2.500
 819  810      0.593      0.674      2.500
 816  823      0.594     -0.155      2.500
 824  811      0.596      0.716      2.500
 817  825      0.598     -0.018      2.500
 827  812      0.598     -0.812      2.500
 823  818      0.599     -0.606      2.500
 825  817      0.599     -0.668      2.500
 826  815      0.600     -0.724      2.500
 828  820      0.602      0.585      2.500
 820  824      0.602     -0.407      2.500
 830  821      0.606     -0.823      2.500
 821  830      0.606      0.082      2.500
 829  828      0.611      0.393      2.500
 833  826      0.614      0.740      2.500
 835  827      0.617     -0.794      2.500
 834  829      0.618      0.679      2.500
 831  837      0.621     -0.134      2.500
 837  831      0.622      0.648      2.500
 836  832      0.622      0.563      2.500
 832  838      0.624      0.054      2.500
 838  834      0.627     -0.694      2.500
 839  833      0.629      0.759      2.500
 841  836      0.632     -0.704      2.500
 843  835      0.634     -0.822      2.500
 844  839      0.638     -0.867      2.500
 842  841      0.639     -0.492      2.500
 840  843      0.642      0.165      2.500
 848  840      0.645     -0.824      2.500
 847  844      0.650      0.458      2.500
 851  842      0.650     -0.780      2.500
 852  845      0.655      0.479      2.500
 845  851      0.655     -0.286      2.500
 849  850      0.656     -0.354      2.500
 846  852      0.656     -0.252      2.500
 856  846      0.657      0.455      2.500
 853  848      0.657     -0.898      2.500
 857  847      0.658      0.426      2.500
  -1   -2      0.661     -0.357      2.500
 850  856      0.662      0.013      2.500
 861  849      0.663      0.649      2.500
 855  857      0.664     -0.142      2.500
 859  858      0.668      0.257      2.500
 858  860      0.669     -0.232      2.500
 863  854      0.670     -0.772      2.500
 864  855      0.672      0.717      2.500
 860  863      0.673      0.024      2.500
 862  862      0.675     -0.394      2.500
 865  859      0.680     -0.872      2.500
 866  861      0.683      0.819      2.500
 869  867      0.689     -0.572      2.500
 870  865      0.689      0.627      2.500
 871  864      0.689     -0.902      2.500
 867  869      0.690      0.327      2.500
  -1   -2      0.692     -0.685      2.500
 874  866      0.693      0.754      2.500
 868  873      0.694     -0.112      2.500
 875  870      0.695     -0.677      2.500
 873  872      0.696     -0.512      2.500
 876  871      0.700      0.777      2.500
 881  875      0.708      0.700      2.500
 882  874      0.708     -0.774      2.500
 877  878      0.710      0.027      2.500
 878  877      0.711     -0.225      2.500
 879  879      0.713     -0.174      2.500
 880  880      0.715     -0.096      2.500
 883  876      0.720      0.766      2.500
 887  882      0.723     -0.525      2.500
 889  881      0.726     -0.903      2.500
 886  886      0.727      0.230      2.500
 884  887      0.728      0.159      2.500
 891  883      0.729      0.805      2.500
 885  890      0.729      0.034      2.500
 888  891      0.730      0.018      2.500
 890  885      0.730      0.497      2.500
 892  884      0.731      0.574      2.500
 893  889      0.735      0.458      2.500
 894  888      0.735      0.515      2.500
 897  892      0.740      0.593      2.500
 900  893      0.743      0.635      2.500
 898  896      0.743     -0.594      2.500
 901  894      0.744      0.673      2.500
 896  898      0.745      0.274      2.500
 903  895      0.746      0.740      2.500
 895  901      0.745     -0.277      2.500
 908  897      0.749      0.770      2.500
 899  905      0.749      0.002      2.500
 906  900      0.749     -0.575      2.500
 902  902      0.749     -0.438      2.500
 909  899      0.751      0.541      2.500
 905  904      0.751     -0.481      2.500
 904  906      0.753     -0.308      2.500
 912  903      0.754     -0.789      2.500
 907  907      0.756      0.131      2.500
 910  909      0.759     -0.247      2.500
 911  911      0.761     -0.209      2.500
 913  912      0.762      0.119      2.500
 914  913      0.764      0.093      2.500
  -1   -2      0.766      0.653      2.500
 916  910      0.766      0.434      2.500
 915  914      0.767      0.256      2.500
 922  915      0.773      0.648      2.500
 918  917      0.774      0.308      2.500
  -1   -2      0.775      0.320      2.500
 920  916      0.775      0.404      2.500
 924  919      0.778     -0.589      2.500
 921  922      0.779     -0.261      2.500
 923  923      0.780      0.066      2.500
 926  921      0.781     -0.523      2.500
 928  920      0.784     -0.741      2.500
 925  926      0.785     -0.168      2.500
 927  928      0.790      0.130      2.500
 929  925      0.791      0.598      2.500
 930  924      0.791      0.757      2.500
 932  927      0.792     -0.731      2.500
 933  929      0.796      0.637      2.500
 931  930      0.797      0.081      2.500
 936  931      0.803      0.418      2.500
 934  935      0.803     -0.127      2.500
 935  934      0.804     -0.364      2.500
 939  933      0.806      0.577      2.500
 940  932      0.805     -0.736      2.500
 937  936      0.806     -0.291      2.500
 938  940      0.809      0.030      2.500
 941  938      0.810      0.258      2.500
 942  937      0.811     -0.612      2.500
 944  939      0.813     -0.694      2.500
 943  941      0.815      0.316      2.500
 946  942      0.818      0.484      2.500
 949  943      0.819     -0.872      2.500
 945  947      0.820     -0.112      2.500
 947  949      0.821      0.011      2.500
 950  944      0.821     -0.879      2.500
 948  946      0.821     -0.381      2.500
 951  945      0.823     -0.854      2.500
 953  948      0.826     -0.750      2.500
 952  950      0.828      0.359      2.500
  -1   -2      0.830      0.369      2.500
 955  951      0.830     -0.607      2.500
 958  953      0.833     -0.892      2.500
 956  954      0.835     -0.059      2.500
 957  955      0.835     -0.003      2.500
 959  956      0.838      0.013      2.500
 960  958      0.844      0.346      2.500
 962  957      0.845      0.539      2.500
 963  959      0.847     -0.514      2.500
 961  961      0.847     -0.045      2.500
 964  960      0.849     -0.667      2.500
 965  962      0.852      0.204      2.500
 966  963      0.856      0.349      2.500
 967  964      0.857     -0.355      2.500
 968  966      0.861     -0.077      2.500
 970  965      0.864      0.795      2.500
 969  970      0.864     -0.177      2.500
 972  968      0.865      0.530      2.500
 971  969      0.865     -0.480      2.500
 973  967      0.866      0.765      2.500
 974  972      0.868      0.024      2.500
 978  971      0.869     -0.829      2.500
 976  974      0.870     -0.438      2.500
 975  975      0.870      0.072      2.500
 979  973      0.871      0.702      2.500
 977  976      0.872     -0.091      2.500
 980  977      0.874     -0.898      2.500
 981  978      0.875     -0.649      2.500
 982  979      0.879     -0.288      2.500
 983  980      0.880     -0.751      2.500
 984  981      0.882      0.744      2.500
 985  984      0.885     -0.232      2.500
 987  982      0.885     -0.711      2.500
 986  983      0.886      0.296      2.500
 988  985      0.889      0.506      2.500
 989  986      0.894     -0.839      2.500
 990  987      0.896      0.826      2.500
 991  988      0.897      0.670      2.500
 992  989      0.898      0.475      2.500
 993  990      0.897     -0.583      2.500
 994  991      0.897     -0.798      2.500
 995  992      0.900      0.690      2.500
 996  993      0.901      0.617      2.500
  -1   -2      0.909      0.423      2.500
 999  995      0.911      0.413      2.500
 998  997      0.911     -0.296      2.500
1000  996      0.912     -0.438      2.500
1001  998      0.912     -0.640      2.500
