999
   0    0     -0.823      0.550      2.500
   1    1     -0.822      0.194      2.500
   2    2     -0.821      0.014      2.500
   3    3     -0.819     -0.168      2.500
  -1   10     -0.817     -0.734      2.500
   4    4     -0.816     -0.267      2.500
   5    5     -0.816      0.356      2.500
   6    7     -0.815     -0.080      2.500
   7    6     -0.815     -0.516      2.500
   8    8     -0.816      0.793      2.500
   9    9     -0.815      0.138      2.500
  10   11     -0.814     -0.298      2.500
  11   12     -0.814      0.574      2.500
  12   13     -0.813     -0.328      2.500
  14   14     -0.812      0.658      2.500
  -1   -2     -0.812      0.664      2.500
  13   15     -0.811     -0.737      2.500
  16   17     -0.810      0.241      2.500
  17   18     -0.807     -0.231      2.500
  18   19     -0.804     -0.049      2.500
  19   20     -0.802     -0.240      2.500
  20   21     -0.802      0.351      2.500
  22   22     -0.801      0.327      2.500
  21   23     -0.800      0.523      2.500
  23   24     -0.797     -0.495      2.500
  24   25     -0.796     -0.151      2.500
  25   26     -0.795     -0.265      2.500
  27   27     -0.791     -0.468      2.500
  26   29     -0.792      0.610      2.500
  29   28     -0.790      0.171      2.500
  28   30     -0.789      0.810      2.500
  30   32     -0.786     -0.892      2.500
  31   31     -0.786      0.535      2.500
  32   33     -0.784      0.078      2.500
  33   34     -0.782      0.166      2.500
  34   35     -0.779     -0.329      2.500
  35   37     -0.775     -0.653      2.500
  37   36     -0.775      0.186      2.500
  36   38     -0.775      0.393      2.500
  40   39     -0.772      0.296      2.500
  39   40     -0.772      0.517      2.500
  38   42     -0.771      0.714      2.500
  41   43     -0.769      0.443      2.500
  44   41     -0.767     -0.216      2.500
  45   44     -0.767      0.350      2.500
  42   45     -0.765     -0.687      2.500
  43   46     -0.765      0.630      2.500
  48   47     -0.759     -0.260      2.500
  46   48     -0.756     -0.712      2.500
  47   51     -0.755     -0.860      2.500
  49   49     -0.752     -0.288      2.500
  51   50     -0.751     -0.066      2.500
  52   52     -0.749      0.057      2.500
  50   55     -0.748      0.663      2.500
  54   53     -0.747      0.156      2.500
  56   54     -0.744     -0.221      2.500
  53   60     -0.742     -0.860      2.500
  55   56     -0.742     -0.543      2.500
  57   63     -0.741      0.584      2.500
  60   57     -0.740      0.012      2.500
  61   58     -0.739     -0.311      2.500
  58   66     -0.739      0.793      2.500
  59   64     -0.739      0.399      2.500
  62   61     -0.738     -0.374      2.500
  63   59     -0.738     -0.035      2.500
  64   62     -0.736     -0.175      2.500
  65   65     -0.734     -0.131      2.500
  66   70     -0.730     -0.513      2.500
  68   68     -0.730      0.113      2.500
  67   69     -0.730      0.186      2.500
  70   67     -0.729     -0.102      2.500
  69   72     -0.726      0.448      2.500
  72   71     -0.724     -0.220      2.500
  71   74     -0.720     -0.673      2.500
  73   75     -0.720      0.572      2.500
  74   77     -0.719      0.559      2.500
  76   73     -0.718      0.126      2.500
  75   78     -0.716     -0.645      2.500
  77   76     -0.715      0.261      2.500
  79   81     -0.710     -0.375      2.500
  81   80     -0.710      0.218      2.500
  78   82     -0.710      0.503      2.500
  82   79     -0.709     -0.227      2.500
  80   87     -0.704     -0.850      2.500
  85   83     -0.703     -0.032      2.500
  83   86     -0.703      0.535      2.500
  86   84     -0.700      0.243      2.500
  84   88     -0.700      0.778      2.500
  87   85     -0.698      0.092      2.500
  88   91     -0.689     -0.703      2.500
  89   89     -0.688     -0.381      2.500
  91   93     -0.684     -0.564      2.500
  93   90     -0.683     -0.083      2.500
  90   95     -0.683      0.694      2.500
  92   92     -0.682     -0.287      2.500
  94   96     -0.677      0.342      2.500
  98   94     -0.675     -0.219      2.500
  97   97     -0.671      0.556      2.500
  95   99     -0.670     -0.815      2.500
  96  101     -0.669     -0.787      2.500
  99  103     -0.666     -0.699      2.500
 102   98     -0.664     -0.440      2.500
 100  107     -0.662      0.723      2.500
 106  100     -0.661      0.095      2.500
 101  106     -0.662      0.605      2.500
 108  102     -0.661      0.060      2.500
 109  105     -0.658     -0.329      2.500
 110  104     -0.658     -0.296      2.500
 104  111     -0.655     -0.898      2.500
 111  109     -0.655     -0.447      2.500
 107  110     -0.656      0.476      2.500
 116  108     -0.653     -0.212      2.500
 105  113     -0.651     -0.851      2.500
 115   -2     -0.649     -0.899      2.500
 112  114     -0.650      0.749      2.500
 114  112     -0.649      0.445      2.500
 113  116     -0.644     -0.812      2.500
 117  115     -0.643      0.576      2.500
 119  117     -0.635      0.174      2.500
 120  118     -0.634     -0.273      2.500
 118  119     -0.630      0.496      2.500
 123  120     -0.623     -0.251      2.500
 122  121     -0.622     -0.328      2.500
 121  126     -0.620     -0.861      2.500
 125  123     -0.617     -0.465      2.500
 126  124     -0.617      0.303      2.500
 124  127     -0.615      0.481      2.500
 129  122     -0.614     -0.214      2.500
 131  125     -0.611      0.002      2.500
 128  128     -0.611     -0.492      2.500
 127  130     -0.610     -0.600      2.500
 130  131     -0.608      0.404      2.500
 136  129     -0.603      0.025      2.500
 133  133     -0.602     -0.510      2.500
 132  137     -0.603      0.499      2.500
 137  134     -0.600      0.259      2.500
 142  132     -0.598      0.146      2.500
 134  139     -0.598      0.463      2.500
 146  135     -0.596      0.002      2.500
 144  136     -0.596     -0.259      2.500
 138  141     -0.595      0.394      2.500
 139  142     -0.593     -0.536      2.500
 148  138     -0.594      0.116      2.500
 135  146     -0.593     -0.787      2.500
 141  143     -0.593      0.439      2.500
 150  140     -0.589     -0.233      2.500
 140  149     -0.590      0.615      2.500
 147  145     -0.589     -0.445      2.500
 149  144     -0.587     -0.363      2.500
 145  148     -0.588      0.491      2.500
 143  151     -0.584     -0.880      2.500
 151  147     -0.582      0.204      2.500
 155  150     -0.573     -0.116      2.500
 157  152     -0.571     -0.008      2.500
 152  160     -0.570     -0.812      2.500
 153  159     -0.570      0.676      2.500
 154  157     -0.567     -0.545      2.500
 163  153     -0.568     -0.088      2.500
 161  154     -0.568      0.027      2.500
 162  155     -0.566      0.171      2.500
 159  156     -0.565     -0.424      2.500
 156  158     -0.565      0.436      2.500
 158  162     -0.557     -0.905      2.500
 160  163     -0.556     -0.767      2.500
 165  161     -0.552     -0.171      2.500
 164  164     -0.546     -0.502      2.500
 168  165     -0.542      0.212      2.500
 167  167     -0.541      0.452      2.500
 172  166     -0.539     -0.219      2.500
 166  169     -0.539      0.581      2.500
 171  172     -0.529     -0.705      2.500
 169  174     -0.529     -0.787      2.500
 170  175     -0.529      0.775      2.500
 176  168     -0.528     -0.060      2.500
 175  171     -0.526      0.264      2.500
 174  176     -0.525     -0.669      2.500
 173  179     -0.524     -0.826      2.500
 181  170     -0.522     -0.021      2.500
 178  177     -0.518     -0.440      2.500
 182  173     -0.518     -0.196      2.500
 179  181     -0.512      0.488      2.500
 184  178     -0.512     -0.107      2.500
 180  182     -0.511      0.515      2.500
 177  183     -0.511      0.809      2.500
  -1  185     -0.505     -0.074      2.500
 183  184     -0.504      0.530      2.500
 185  186     -0.501      0.419      2.500
 186  187     -0.498      0.512      2.500
 187  188     -0.494      0.567      2.500
 188  193     -0.492     -0.072      2.500
 189  192     -0.487      0.734      2.500
 191  191     -0.483     -0.559      2.500
 194  190     -0.478      0.216      2.500
 190  196     -0.477     -0.894      2.500
 197  189     -0.477     -0.189      2.500
 193  195     -0.477      0.485      2.500
 200  194     -0.472     -0.198      2.500
 192   -2     -0.472     -0.070      2.500
 195  200     -0.468      0.594      2.500
 198  201     -0.465      0.474      2.500
 196  203     -0.465      0.685      2.500
 209  197     -0.461     -0.185      2.500
 211  199     -0.461     -0.228      2.500
 201  205     -0.460     -0.689      2.500
 213  198     -0.460     -0.066      2.500
 199  209     -0.459      0.744      2.500
 202  208     -0.458      0.659      2.500
 204  204     -0.458      0.443      2.500
 216  202     -0.455      0.120      2.500
 208  207     -0.454      0.436      2.500
 210  206     -0.453      0.400      2.500
  -1   -2     -0.453     -0.687      2.500
 206  218     -0.450     -0.751      2.500
 215  211     -0.450      0.372      2.500
 214  212     -0.450      0.393      2.500
 212  220     -0.447      0.710      2.500
 217  215     -0.446     -0.466      2.500
 220  210     -0.443      0.037      2.500
 218  219     -0.443      0.426      2.500
 223  213     -0.440     -0.086      2.500
 219  217     -0.440      0.233      2.500
  -1   -2     -0.437     -0.025      2.500
 222  224     -0.433     -0.501      2.500
 224  226     -0.432     -0.899      2.500
 229  223     -0.432      0.101      2.500
 231  221     -0.431     -0.162      2.500
 233  222     -0.431     -0.021      2.500
 221  230     -0.430      0.609      2.500
 225  228     -0.428     -0.584      2.500
 228  227     -0.427     -0.470      2.500
 235  225     -0.426      0.085      2.500
 234  231     -0.422      0.329      2.500
 236  229     -0.421     -0.367      2.500
 227  236     -0.421     -0.671      2.500
 230  238     -0.418     -0.705      2.500
 237  232     -0.417     -0.444      2.500
 232  240     -0.416      0.776      2.500
 242  237     -0.412      0.262      2.500
 239  239     -0.411     -0.578      2.500
 244  235     -0.411     -0.246      2.500
 246  233     -0.410     -0.125      2.500
 247  234     -0.410     -0.119      2.500
 238  242     -0.409      0.682      2.500
 240  243     -0.406      0.575      2.500
 241  241     -0.405     -0.614      2.500
 243  246     -0.402      0.539      2.500
 245  247     -0.400      0.525      2.500
 248  249     -0.397     -0.689      2.500
 254  245     -0.394     -0.295      2.500
 250  250     -0.394      0.478      2.500
 257  244     -0.393     -0.232      2.500
 253  248     -0.392      0.328      2.500
 249  251     -0.391      0.655      2.500
 251  252     -0.389     -0.727      2.500
 252  254     -0.387      0.686      2.500
 255  253     -0.385      0.484      2.500
 256  259     -0.381      0.721      2.500
 258  255     -0.377      0.341      2.500
 264  257     -0.370     -0.296      2.500
 268  256     -0.368     -0.088      2.500
 259  264     -0.368      0.664      2.500
 270  258     -0.367     -0.119      2.500
 262  262     -0.367     -0.548      2.500
 265  260     -0.367      0.280      2.500
 261  265     -0.366      0.642      2.500
 260  267     -0.366      0.694      2.500
 263  266     -0.363     -0.658      2.500
 273  261     -0.359      0.067      2.500
 266  272     -0.357      0.587      2.500
 267  271     -0.357      0.526      2.500
 276  263     -0.355     -0.238      2.500
 277  268     -0.353      0.177      2.500
 269  275     -0.353      0.759      2.500
 271  273     -0.352      0.491      2.500
 278  269     -0.350     -0.349      2.500
 275  274     -0.348      0.454      2.500
 272  280     -0.347      0.750      2.500
 282  270     -0.346      0.064      2.500
 274  278     -0.346      0.579      2.500
 285  276     -0.340     -0.381      2.500
 281  281     -0.340      0.571      2.500
 280  285     -0.339     -0.768      2.500
 279  286     -0.339     -0.831      2.500
 283  282     -0.337      0.445      2.500
 288  277     -0.336      0.216      2.500
 291  279     -0.332     -0.050      2.500
  -1   -2     -0.331      0.570      2.500
 284  292     -0.331      0.825      2.500
 286  294     -0.328     -0.896      2.500
 293  283     -0.328      0.069      2.500
 294  284     -0.327      0.030      2.500
 290  288     -0.327     -0.413      2.500
 289  295     -0.325      0.579      2.500
 295  287     -0.325      0.104      2.500
 301  289     -0.321     -0.077      2.500
 300  290     -0.321      0.081      2.500
 298  298     -0.317      0.355      2.500
 299  297     -0.317     -0.457      2.500
 292  303     -0.314     -0.813      2.500
 303  293     -0.314     -0.136      2.500
 297  302     -0.314     -0.654      2.500
 304  296     -0.313     -0.237      2.500
 296  305     -0.311      0.822      2.500
 302  301     -0.310      0.358      2.500
 306  299     -0.310      0.069      2.500
 308  300     -0.306      0.174      2.500
 310  304     -0.301      0.248      2.500
 307  306     -0.301     -0.563      2.500
 305  308     -0.298      0.831      2.500
 309  307     -0.297      0.434      2.500
 312  310     -0.291     -0.648      2.500
 311  313     -0.290      0.783      2.500
 314  312     -0.288      0.587      2.500
 313  315     -0.286     -0.760      2.500
 315  316     -0.286      0.647      2.500
 316  317     -0.284      0.765      2.500
 321  309     -0.282     -0.203      2.500
 318  314     -0.281     -0.520      2.500
 317  318     -0.281      0.605      2.500
 322  311     -0.280      0.205      2.500
 320  321     -0.272      0.608      2.500
 323  320     -0.270      0.466      2.500
 319  323     -0.270      0.791      2.500
 324  322     -0.268      0.453      2.500
 329  319     -0.263     -0.003      2.500
 325  326     -0.262      0.658      2.500
 328  325     -0.259     -0.605      2.500
 326  327     -0.258     -0.684      2.500
 332  324     -0.256     -0.078      2.500
 327  328     -0.255      0.787      2.500
 333  329     -0.248     -0.493      2.500
 330  334     -0.246     -0.903      2.500
 331  331     -0.247      0.543      2.500
 339  330     -0.241     -0.212      2.500
 338  333     -0.239      0.301      2.500
 334  336     -0.237      0.599      2.500
 340  332     -0.236      0.075      2.500
 336  337     -0.235     -0.707      2.500
 335  341     -0.234      0.763      2.500
 337  340     -0.233      0.633      2.500
 341  338     -0.230      0.358      2.500
 347  335     -0.227     -0.082      2.500
 345  342     -0.225     -0.388      2.500
 342  349     -0.223     -0.726      2.500
 350  339     -0.223     -0.068      2.500
 343  350     -0.223      0.704      2.500
 346  347     -0.222      0.343      2.500
 352  343     -0.221     -0.137      2.500
 353  344     -0.221     -0.117      2.500
 351  346     -0.219      0.208      2.500
 354  345     -0.219     -0.261      2.500
 344  354     -0.218     -0.806      2.500
 356  348     -0.216     -0.276      2.500
 355  353     -0.213     -0.899      2.500
 348  359     -0.213      0.814      2.500
 349  358     -0.212     -0.754      2.500
 358  355     -0.210      0.264      2.500
 357  356     -0.210     -0.507      2.500
 361  351     -0.209     -0.220      2.500
 362  352     -0.208     -0.130      2.500
 359  360     -0.207      0.373      2.500
 363  357     -0.205     -0.350      2.500
 360  362     -0.203      0.552      2.500
 364  364     -0.199     -0.545      2.500
 368  361     -0.199     -0.323      2.500
 366  365     -0.198     -0.496      2.500
 367  366     -0.198      0.374      2.500
 365  367     -0.196      0.496      2.500
 370  363     -0.194     -0.218      2.500
 369  371     -0.190      0.714      2.500
 371  369     -0.188     -0.531      2.500
 373  368     -0.188     -0.065      2.500
 375  370     -0.183     -0.335      2.500
 374  373     -0.180     -0.556      2.500
 377  372     -0.179      0.047      2.500
 372  375     -0.179      0.669      2.500
 376  374     -0.176      0.424      2.500
 378  377     -0.171      0.500      2.500
 381  376     -0.170      0.213      2.500
 380  380     -0.167     -0.485      2.500
 384  379     -0.166      0.230      2.500
 385  378     -0.166     -0.300      2.500
 379  381     -0.164     -0.788      2.500
 382  382     -0.162     -0.814      2.500
 383  384     -0.160      0.774      2.500
 387  383     -0.155     -0.456      2.500
 388  385     -0.151      0.337      2.500
 386  388     -0.151      0.821      2.500
 390  386     -0.146     -0.456      2.500
 389  391     -0.146     -0.759      2.500
 396  387     -0.143      0.050      2.500
 393  392     -0.143      0.421      2.500
 391  393     -0.143      0.480      2.500
  -1   -2     -0.142     -0.371      2.500
 392  394     -0.142      0.545      2.500
 395  390     -0.141     -0.378      2.500
 397  395     -0.136     -0.425      2.500
 398  397     -0.130      0.403      2.500
 400  396     -0.127     -0.072      2.500
 399  400     -0.124      0.803      2.500
 401  401     -0.121      0.528      2.500
 403  398     -0.118      0.090      2.500
 404  399     -0.117      0.076      2.500
  -1  403     -0.116      0.230      2.500
 405   -2     -0.114      0.237      2.500
 406  406     -0.113      0.295      2.500
 407  405     -0.113     -0.365      2.500
 410  404     -0.112     -0.191      2.500
 408  408     -0.110     -0.543      2.500
 409  410     -0.109      0.462      2.500
 412  407     -0.108     -0.170      2.500
 415  409     -0.105      0.063      2.500
 414  413     -0.102     -0.623      2.500
 411  416     -0.102      0.801      2.500
 413  415     -0.102      0.594      2.500
 416  412     -0.100     -0.347      2.500
 418  411     -0.100     -0.230      2.500
 423  414     -0.098     -0.215      2.500
 417  418     -0.097      0.433      2.500
 421  417     -0.096     -0.462      2.500
 420  419     -0.095     -0.574      2.500
 419  421     -0.094      0.677      2.500
 425  420     -0.094     -0.526      2.500
 424  422     -0.092      0.622      2.500
 422  423     -0.092      0.740      2.500
 426  424     -0.089      0.483      2.500
 428  425     -0.085      0.239      2.500
 427  427     -0.085     -0.889      2.500
 429  426     -0.081     -0.263      2.500
 430  428     -0.076      0.135      2.500
 432  430     -0.068     -0.209      2.500
 434  429     -0.068     -0.151      2.500
 431  431     -0.065     -0.693      2.500
 433  433     -0.064      0.548      2.500
 435  434     -0.063      0.625      2.500
 438  432     -0.062      0.086      2.500
 436  438     -0.061      0.646      2.500
 437  437     -0.060      0.388      2.500
 440  435     -0.058     -0.039      2.500
 441  436     -0.058     -0.076      2.500
 439  439     -0.057     -0.779      2.500
 443  440     -0.054     -0.699      2.500
 442  441     -0.053      0.795      2.500
 445  442     -0.049     -0.415      2.500
 444  443     -0.048     -0.475      2.500
 446  446     -0.046      0.569      2.500
 447  444     -0.046      0.237      2.500
  -1   -2     -0.045      0.325      2.500
 449  447     -0.045      0.335      2.500
 450  448     -0.044     -0.365      2.500
 451  450     -0.040      0.527      2.500
 452  449     -0.039     -0.247      2.500
 453  451     -0.028     -0.053      2.500
 454  452     -0.023     -0.462      2.500
 455  453     -0.020     -0.399      2.500
 456  454     -0.017     -0.184      2.500
 457  455     -0.016      0.117      2.500
 458  456     -0.015     -0.320      2.500
 459  457     -0.013      0.410      2.500
 460  458     -0.013     -0.501      2.500
 461  459     -0.012      0.749      2.500
 462  461     -0.011      0.641      2.500
 463  460     -0.010      0.236      2.500
 464  462     -0.007      0.304      2.500
 466  463     -0.004     -0.077      2.500
 465  464     -0.003      0.805      2.500
 467  465     -0.001     -0.341      2.500
 468  468      0.000     -0.793      2.500
 470  467      0.000     -0.013      2.500
 469  466      0.001     -0.002      2.500
 472  469      0.003     -0.098      2.500
 473  470      0.003     -0.623      2.500
 471  471      0.003     -0.811      2.500
 474  472      0.004     -0.899      2.500
 475  473      0.004      0.289      2.500
 477  474      0.005     -0.368      2.500
 476  476      0.005     -0.880      2.500
 478  478      0.005     -0.644      2.500
 479  475      0.005      0.182      2.500
 480  477      0.006     -0.452      2.500
 481  479      0.007      0.556      2.500
 482  480      0.011     -0.527      2.500
 483  481      0.012      0.100      2.500
 484  483      0.016     -0.779      2.500
 485  482      0.016      0.355      2.500
 486  484      0.016      0.214      2.500
 487  485      0.017      0.736      2.500
 488  486      0.017      0.012      2.500
 489  487      0.018     -0.366      2.500
 490  488      0.019      0.556      2.500
 492  489      0.020      0.121      2.500
 491  490      0.020     -0.702      2.500
 493  491      0.021     -0.221      2.500
 495  493      0.021      0.640      2.500
 494  492      0.022     -0.434      2.500
 496  494      0.023      0.773      2.500
 497  495      0.023      0.036      2.500
 498  496      0.027      0.058      2.500
 499  497      0.028     -0.532      2.500
 500  498      0.029     -0.031      2.500
 501  501      0.029     -0.340      2.500
 503  499      0.029      0.450      2.500
 502  500      0.030     -0.411      2.500
 504  502      0.033     -0.368      2.500
 505  503      0.033     -0.584      2.500
 506  504      0.033      0.806      2.500
  -1   -2      0.035     -0.407      2.500
 508  506      0.036     -0.497      2.500
 509  507      0.036     -0.521      2.500
 510  508      0.038      0.131      2.500
 511  509      0.053      0.596      2.500
 512  512      0.055     -0.314      2.500
 514  511      0.055     -0.589      2.500
 515  510      0.056      0.532      2.500
 513  513      0.057     -0.010      2.500
 516  514      0.057      0.346      2.500
 518  515      0.060      0.521      2.500
 517  517      0.060     -0.197      2.500
 520  516      0.061     -0.571      2.500
 519  518      0.062      0.120      2.500
 521  520      0.071     -0.276      2.500
 523  519      0.072     -0.863      2.500
 522  521      0.073      0.363      2.500
 524  523      0.078     -0.002      2.500
 526  522      0.079     -0.668      2.500
 525  524      0.081     -0.117      2.500
 527  525      0.082     -0.174      2.500
 528  526      0.082     -0.102      2.500
 531  527      0.086      0.693      2.500
 530  529      0.087     -0.566      2.500
 533  528      0.088     -0.814      2.500
 529  530      0.088      0.046      2.500
 532  531      0.090     -0.395      2.500
 536  532      0.093     -0.869      2.500
 537  534      0.094     -0.740      2.500
 539  533      0.094      0.770      2.500
 534  536      0.094      0.201      2.500
 540  535      0.095      0.558      2.500
 535  537      0.097     -0.175      2.500
 538  538      0.097      0.020      2.500
 542  539      0.102      0.496      2.500
 541  541      0.103     -0.325      2.500
 545  540      0.104     -0.791      2.500
 543  543      0.106      0.072      2.500
 544  544      0.108      0.172      2.500
 546  542      0.108      0.480      2.500
 547  546      0.112     -0.492      2.500
 548  545      0.112     -0.864      2.500
 550  547      0.118      0.660      2.500
 549  551      0.118      0.224      2.500
 552  548      0.119     -0.765      2.500
 553  549      0.121     -0.871      2.500
 554  550      0.122      0.779      2.500
 551  555      0.123     -0.040      2.500
 555  552      0.125     -0.878      2.500
 556  553      0.127     -0.759      2.500
 557  554      0.129     -0.818      2.500
 559  556      0.134      0.565      2.500
 558  559      0.137     -0.317      2.500
 561  557      0.138      0.602      2.500
 562  558      0.140      0.704      2.500
 560  562      0.143     -0.241      2.500
 567  560      0.145      0.694      2.500
 563  563      0.145     -0.334      2.500
 569  561      0.147     -0.832      2.500
 565  565      0.148     -0.420      2.500
 568  564      0.148     -0.536      2.500
 566  566      0.148      0.346      2.500
 564  567      0.149     -0.006      2.500
 571  569      0.154     -0.455      2.500
 570  570      0.155      0.105      2.500
 575  568      0.158     -0.825      2.500
 572  574      0.161      0.086      2.500
 573  573      0.162     -0.399      2.500
 576  571      0.162      0.787      2.500
 578  572      0.163      0.662      2.500
 574  575      0.164      0.103      2.500
 577  576      0.168     -0.387      2.500
 579  578      0.177      0.160      2.500
 581  577      0.180     -0.551      2.500
 584  580      0.185      0.356      2.500
 580  581      0.185     -0.006      2.500
 582  583      0.187     -0.160      2.500
 583  584      0.188     -0.077      2.500
 587  579      0.189      0.809      2.500
 585  585      0.192     -0.178      2.500
 589  582      0.193      0.488      2.500
  -1   -2      0.195     -0.402      2.500
 586  588      0.196      0.014      2.500
 590  587      0.197     -0.411      2.500
 591  592      0.202     -0.076      2.500
 592  591      0.203      0.149      2.500
 598  589      0.204      0.519      2.500
 594  590      0.204      0.296      2.500
 593  595      0.205     -0.169      2.500
 595  593      0.206      0.204      2.500
 597  594      0.207      0.233      2.500
 596  599      0.208     -0.030      2.500
 599  597      0.210     -0.367      2.500
 602  596      0.215     -0.720      2.500
 609  598      0.218     -0.872      2.500
 600  609      0.218      0.001      2.500
 605  603      0.219      0.462      2.500
 610  600      0.219     -0.756      2.500
 601  607      0.220     -0.387      2.500
 604  604      0.220      0.384      2.500
 612  601      0.220      0.716      2.500
 611  602      0.221      0.610      2.500
 607  606      0.222     -0.519      2.500
 603  610      0.222     -0.372      2.500
 608  608      0.222     -0.898      2.500
 606  611      0.223     -0.422      2.500
 614  605      0.224      0.564      2.500
 613  612      0.227     -0.491      2.500
 618  613      0.231     -0.711      2.500
 617  614      0.232      0.500      2.500
 615  617      0.235     -0.187      2.500
 623  615      0.239     -0.760      2.500
 616  619      0.239      0.041      2.500
 621  618      0.242      0.381      2.500
 624  616      0.242     -0.703      2.500
 619  621      0.246      0.161      2.500
 622  620      0.246      0.236      2.500
 620  623      0.247     -0.002      2.500
 627  622      0.251     -0.506      2.500
 625  625      0.252     -0.063      2.500
 626  626      0.255     -0.296      2.500
 628  628      0.257     -0.258      2.500
 631  627      0.259     -0.449      2.500
 629  631      0.259     -0.051      2.500
 634  624      0.263      0.703      2.500
 630  634      0.263     -0.153      2.500
 633  629      0.265     -0.631      2.500
 636  630      0.270     -0.903      2.500
 632  635      0.270      0.015      2.500
 637  632      0.272     -0.723      2.500
 638  633      0.274      0.640      2.500
 635  642      0.280      0.068      2.500
 640  643      0.284      0.250      2.500
 639  647      0.285     -0.197      2.500
 647  636      0.285      0.708      2.500
 644  638      0.286      0.549      2.500
 650  637      0.287     -0.866      2.500
 645  641      0.288      0.469      2.500
 642  646      0.288     -0.459      2.500
 649  639      0.288     -0.717      2.500
 646  644      0.289     -0.570      2.500
  -1   -2      0.291      0.655      2.500
 641  651      0.292      0.091      2.500
 643  650      0.293      0.190      2.500
 651  648      0.295      0.417      2.500
 656  645      0.295     -0.892      2.500
 653  652      0.298      0.361      2.500
 648  653      0.298      0.079      2.500
 658  649      0.300      0.658      2.500
 654  656      0.305     -0.148      2.500
 655  657      0.307      0.019      2.500
 657  658      0.310     -0.306      2.500
 661  655      0.311     -0.667      2.500
 664  654      0.313      0.691      2.500
 660  659      0.314     -0.348      2.500
 659  663      0.315      0.013      2.500
 662  661      0.318      0.312      2.500
 666  660      0.320     -0.538      2.500
 669  665      0.323      0.326      2.500
 671  662      0.324      0.482      2.500
 663  669      0.324     -0.105      2.500
 673  664      0.326      0.436      2.500
 665  671      0.327     -0.193      2.500
 667  675      0.328     -0.009      2.500
 668  674      0.329      0.053      2.500
 670  677      0.331      0.101      2.500
 678  666      0.332     -0.812      2.500
 677  667      0.333      0.620      2.500
 672  683      0.334     -0.121      2.500
 675  676      0.336      0.354      2.500
 674  681      0.337     -0.393      2.500
 676  686      0.339      0.251      2.500
 684  668      0.339      0.825      2.500
 682  673      0.340     -0.687      2.500
 686  670      0.340     -0.888      2.500
 679  682      0.340     -0.516      2.500
 688  672      0.341      0.785      2.500
 683  680      0.341     -0.631      2.500
 681  684      0.342     -0.501      2.500
 685  678      0.342     -0.672      2.500
 689  679      0.343     -0.747      2.500
 680  689      0.345     -0.359      2.500
 687  685      0.345     -0.602      2.500
 693  687      0.349      0.678      2.500
 697  688      0.354      0.714      2.500
 695  690      0.355     -0.655      2.500
 691  692      0.356      0.354      2.500
 690  694      0.357     -0.117      2.500
 701  691      0.359     -0.700      2.500
 692  695      0.362     -0.224      2.500
 698  693      0.363      0.342      2.500
 694  696      0.364     -0.035      2.500
 696  698      0.368     -0.054      2.500
 700  697      0.369      0.175      2.500
 699  699      0.370     -0.247      2.500
 702  702      0.376     -0.285      2.500
 703  703      0.380      0.317      2.500
 705  701      0.381      0.556      2.500
 708  700      0.383      0.657      2.500
 704  705      0.386     -0.405      2.500
 707  704      0.386      0.388      2.500
 706  706      0.390      0.243      2.500
 709  707      0.396      0.356      2.500
 713  708      0.403      0.504      2.500
 710  713      0.410     -0.103      2.500
 718  709      0.410     -0.654      2.500
 711  715      0.411      0.087      2.500
 712  714      0.412      0.148      2.500
 719  710      0.412     -0.645      2.500
 715  712      0.413      0.285      2.500
 714  719      0.415      0.046      2.500
 716  723      0.417     -0.271      2.500
 717  720      0.419     -0.365      2.500
 723  711      0.420      0.614      2.500
 720  717      0.420      0.317      2.500
 729  716      0.426     -0.768      2.500
 722  725      0.427     -0.423      2.500
 727  724      0.428     -0.499      2.500
 725  726      0.428      0.337      2.500
 721  727      0.428      0.111      2.500
 731  718      0.430      0.776      2.500
 732  721      0.431      0.764      2.500
 734  722      0.431     -0.835      2.500
 724  729      0.433      0.090      2.500
 726  730      0.435     -0.003      2.500
 728  732      0.436     -0.178      2.500
 735   -2      0.439     -0.897      2.500
 730  736      0.442     -0.014      2.500
 738  733      0.446      0.421      2.500
 733  739      0.447      0.047      2.500
 736  740      0.447      0.078      2.500
 737  742      0.451      0.227      2.500
 744  731      0.451      0.725      2.500
 745  734      0.452     -0.739      2.500
 743  735      0.453      0.545      2.500
 741  737      0.454     -0.549      2.500
 747  728      0.455     -0.904      2.500
 746  738      0.457     -0.641      2.500
 739  745      0.458      0.026      2.500
 749  741      0.462      0.711      2.500
 740  748      0.462      0.034      2.500
 742  750      0.464     -0.032      2.500
 748  743      0.465      0.463      2.500
 750  744      0.467      0.487      2.500
 751  746      0.471     -0.612      2.500
 752  749      0.476      0.511      2.500
 754  747      0.476     -0.732      2.500
 755  751      0.481     -0.553      2.500
 756  753      0.485      0.320      2.500
 757  754      0.486      0.342      2.500
 759  752      0.487     -0.516      2.500
 753  758      0.490      0.082      2.500
 760  757      0.492      0.235      2.500
 761  756      0.493     -0.413      2.500
 758  760      0.493     -0.206      2.500
 765  755      0.498     -0.834      2.500
 762  764      0.505      0.003      2.500
 763  765      0.506     -0.185      2.500
 770  759      0.507     -0.839      2.500
 764  767      0.509     -0.138      2.500
 767  763      0.510     -0.543      2.500
 773  761      0.515      0.749      2.500
 766  769      0.514      0.128      2.500
 774  762      0.515     -0.828      2.500
 768  772      0.518     -0.276      2.500
 769  776      0.520     -0.181      2.500
 777  766      0.521      0.548      2.500
 771  775      0.522     -0.332      2.500
 780  768      0.523      0.569      2.500
 775  770      0.522     -0.543      2.500
 772  778      0.525      0.243      2.500
 778  774      0.525     -0.536      2.500
 786  771      0.528      0.628      2.500
 781  780      0.529     -0.487      2.500
 779  782      0.529     -0.403      2.500
 785  777      0.531     -0.575      2.500
 789  773      0.531      0.790      2.500
 776  786      0.532      0.086      2.500
 788  783      0.535     -0.599      2.500
 791  779      0.536      0.686      2.500
 790  784      0.536     -0.619      2.500
 792  781      0.537      0.633      2.500
 782  788      0.537     -0.104      2.500
 787  785      0.538      0.370      2.500
 783  789      0.539      0.008      2.500
 784  790      0.539     -0.001      2.500
 795  787      0.548      0.804      2.500
 793  798      0.554     -0.109      2.500
 800  791      0.555     -0.703      2.500
 796  795      0.557      0.399      2.500
 797  793      0.557      0.531      2.500
 799  794      0.558     -0.585      2.500
 794  799      0.559     -0.153      2.500
 803  792      0.559     -0.842      2.500
 798  796      0.560      0.410      2.500
 806  797      0.566      0.601      2.500
 801  805      0.573     -0.011      2.500
 804  803      0.574      0.204      2.500
 807  801      0.574      0.302      2.500
 802  806      0.574     -0.164      2.500
 805  809      0.577      0.030      2.500
 809  800      0.580      0.644      2.500
 815  802      0.584     -0.857      2.500
 808  811      0.585      0.259      2.500
 816  804      0.586      0.676      2.500
 818  807      0.590      0.717      2.500
 820  808      0.591     -0.813      2.500
 810  817      0.593     -0.218      2.500
 812  816      0.594      0.178      2.500
 823  810      0.594     -0.726      2.500
 811  820      0.594     -0.032      2.500
 822  812      0.595     -0.671      2.500
 821  815      0.596     -0.609      2.500
 813  818      0.596      0.187      2.500
 824  814      0.597      0.588      2.500
 826  813      0.599     -0.824      2.500
 814  823      0.599     -0.168      2.500
 817  825      0.601     -0.156      2.500
 825  824      0.604     -0.410      2.500
 819  828      0.605     -0.017      2.500
 829  819      0.608      0.741      2.500
 830  821      0.610     -0.795      2.500
 828  827      0.611      0.398      2.500
 831  822      0.612      0.681      2.500
 827  832      0.613      0.084      2.500
 833  826      0.616      0.650      2.500
 834  829      0.618      0.567      2.500
 837  830      0.622      0.760      2.500
 836  831      0.622     -0.697      2.500
 839  833      0.627     -0.823      2.500
 838  834      0.627     -0.707      2.500
 832  837      0.628     -0.135      2.500
 835  838      0.631      0.056      2.500
 840  835      0.631     -0.868      2.500
 843  836      0.638     -0.825      2.500
 841  840      0.640     -0.496      2.500
 845  839      0.644     -0.782      2.500
 842  843      0.646      0.168      2.500
 844  841      0.648      0.463      2.500
 846  842      0.653      0.484      2.500
 850  845      0.655      0.461      2.500
 852  846      0.657      0.431      2.500
 851  847      0.657     -0.898      2.500
 855  844      0.658      0.652      2.500
 848  851      0.659     -0.358      2.500
 847  852      0.659     -0.289      2.500
 849  853      0.661     -0.255      2.500
  -1   -2      0.664     -0.361      2.500
 859  849      0.665     -0.775      2.500
 860  850      0.667      0.719      2.500
 854  858      0.668      0.014      2.500
 856  859      0.671     -0.143      2.500
 857  857      0.671      0.262      2.500
 863  855      0.674     -0.872      2.500
 858  861      0.674     -0.235      2.500
 864  856      0.677      0.820      2.500
 862  862      0.678     -0.399      2.500
 861  866      0.679      0.025      2.500
 867  860      0.683     -0.902      2.500
 866  863      0.685      0.631      2.500
 870  864      0.687      0.756      2.500
 865  867      0.687     -0.577      2.500
  -1   -2      0.688     -0.689      2.500
 868  870      0.691      0.333      2.500
 872  868      0.691     -0.681      2.500
 874  869      0.695      0.779      2.500
 873  871      0.696     -0.518      2.500
 871  874      0.700     -0.113      2.500
 876  872      0.703     -0.776      2.500
 875  873      0.704      0.703      2.500
 881  875      0.715      0.768      2.500
 878  878      0.715     -0.229      2.500
 877  879      0.715      0.029      2.500
 879  881      0.718     -0.177      2.500
 880  883      0.720     -0.096      2.500
 883  876      0.720     -0.903      2.500
 882  880      0.723     -0.531      2.500
 886  877      0.725      0.806      2.500
 890  882      0.728      0.580      2.500
 889  884      0.729      0.503      2.500
 884  887      0.729      0.236      2.500
 885  889      0.731      0.164      2.500
 892  885      0.733      0.521      2.500
 891  886      0.733      0.465      2.500
 887  893      0.733      0.037      2.500
 888  894      0.735      0.020      2.500
 893  888      0.737      0.598      2.500
 894  890      0.740      0.640      2.500
 896  891      0.741      0.677      2.500
 898  892      0.742      0.742      2.500
 895  895      0.741     -0.600      2.500
 900  896      0.744      0.772      2.500
 897  900      0.746      0.281      2.500
 904  897      0.748      0.547      2.500
 902  899      0.748     -0.581      2.500
 899  903      0.749     -0.281      2.500
 903  902      0.750     -0.445      2.500
 907  898      0.750     -0.792      2.500
 905  901      0.751     -0.488      2.500
 901  904      0.754      0.004      2.500
 906  905      0.756     -0.313      2.500
 908  907      0.759      0.136      2.500
  -1   -2      0.763      0.658      2.500
 909  909      0.763     -0.251      2.500
 914  908      0.765      0.441      2.500
 910  911      0.765     -0.212      2.500
 911  912      0.766      0.123      2.500
 912  914      0.768      0.097      2.500
 915  913      0.769      0.263      2.500
 916  910      0.771      0.652      2.500
 919  915      0.775      0.412      2.500
 917  917      0.775      0.315      2.500
  -1   -2      0.775      0.328      2.500
 920  916      0.777     -0.595      2.500
 924  919      0.781     -0.745      2.500
 923  920      0.781     -0.530      2.500
 921  922      0.782     -0.266      2.500
 922  924      0.783      0.069      2.500
 928  921      0.788      0.759      2.500
 927  923      0.788      0.603      2.500
 925  927      0.789     -0.170      2.500
 929  925      0.790     -0.736      2.500
 926  928      0.793      0.135      2.500
 930  926      0.794      0.642      2.500
 931  932      0.800      0.085      2.500
 932  931      0.802      0.426      2.500
 936  929      0.803     -0.741      2.500
 935  930      0.804      0.583      2.500
 934  933      0.805     -0.370      2.500
 933  936      0.806     -0.128      2.500
 937  937      0.808     -0.297      2.500
 940  934      0.810     -0.619      2.500
 939  938      0.811      0.265      2.500
 941  935      0.811     -0.700      2.500
 938  940      0.812      0.033      2.500
 942  942      0.815      0.324      2.500
 943  941      0.817      0.492      2.500
 944  939      0.816     -0.873      2.500
 947  943      0.819     -0.880      2.500
 949  944      0.821     -0.855      2.500
 948  946      0.822     -0.387      2.500
 945  947      0.823     -0.114      2.500
 950  945      0.823     -0.754      2.500
 946  948      0.824      0.013      2.500
 951  949      0.828      0.367      2.500
 953  950      0.829     -0.614      2.500
  -1   -2      0.830      0.377      2.500
 954  952      0.831     -0.892      2.500
 955  953      0.837     -0.059      2.500
 956  954      0.838     -0.001      2.500
 957  956      0.841      0.016      2.500
 959  955      0.843      0.545      2.500
 958  957      0.844      0.355      2.500
 960  958      0.846     -0.521      2.500
 962  959      0.848     -0.673      2.500
 961  960      0.849     -0.044      2.500
 963  961      0.853      0.210      2.500
 964  962      0.856      0.357      2.500
 965  963      0.858     -0.362      2.500
 967  964      0.863      0.796      2.500
 966  967      0.863     -0.077      2.500
 971  965      0.865      0.768      2.500
 969  966      0.865      0.538      2.500
 970  968      0.865     -0.488      2.500
 968  969      0.866     -0.180      2.500
 973  970      0.868     -0.831      2.500
 972  973      0.869      0.027      2.500
 976  971      0.870      0.706      2.500
 974  972      0.870     -0.446      2.500
 975  974      0.872      0.076      2.500
 977  977      0.873     -0.092      2.500
 978  976      0.874     -0.898      2.500
 979  975      0.874     -0.656      2.500
 980  979      0.879     -0.294      2.500
 981  978      0.879     -0.755      2.500
 982  980      0.882      0.746      2.500
 984  981      0.884     -0.717      2.500
 985  982      0.886      0.304      2.500
 983  983      0.886     -0.237      2.500
 986  984      0.888      0.514      2.500
 987  985      0.893     -0.841      2.500
 988  986      0.896      0.827      2.500
 989  987      0.896      0.675      2.500
 990  988      0.897      0.483      2.500
 991  990      0.897     -0.590      2.500
 992  989      0.897     -0.802      2.500
 993  991      0.899      0.694      2.500
 994  992      0.900      0.623      2.500
  -1   -2      0.909      0.431      2.500
 996  994      0.910      0.421      2.500
 998  996      0.912     -0.445      2.500
 997  997      0.912     -0.302      2.500
 999  995      0.912     -0.647      2.500
