997
   0    1     -0.823      0.001      2.500
   1    0     -0.823      0.158      2.500
   2    2     -0.819     -0.153      2.500
   6    4     -0.815     -0.239      2.500
   3   10     -0.816      0.626      2.500
   4    7     -0.815     -0.706      2.500
  -1   -2     -0.816      0.632      2.500
   7    5     -0.815     -0.080      2.500
   8    6     -0.816      0.793      2.500
  10    9     -0.815     -0.516      2.500
   9    8     -0.815      0.356      2.500
  11   12     -0.815      0.574      2.500
  12   15     -0.814     -0.298      2.500
  13   13     -0.814     -0.734      2.500
  14   14     -0.814      0.138      2.500
  15   -2     -0.812     -0.292      2.500
  16   16     -0.809      0.198      2.500
  17   17     -0.805     -0.207      2.500
  18   18     -0.802      0.476      2.500
  19   19     -0.801     -0.052      2.500
  20   20     -0.800      0.300      2.500
  21   21     -0.800     -0.214      2.500
  23   22     -0.799      0.277      2.500
  22   23     -0.798      0.801      2.500
  24   24     -0.797      0.571      2.500
  25   26     -0.795     -0.890      2.500
  26   25     -0.795     -0.446      2.500
  27   27     -0.793     -0.137      2.500
  28   28     -0.792     -0.234      2.500
  29   30     -0.790      0.489      2.500
  30   29     -0.789     -0.419      2.500
  31   31     -0.786      0.134      2.500
  32   33     -0.782      0.691      2.500
  33   32     -0.780     -0.612      2.500
  34   34     -0.779      0.053      2.500
  37   35     -0.776      0.129      2.500
  36   37     -0.775      0.470      2.500
  39   36     -0.774     -0.289      2.500
  35   38     -0.774      0.595      2.500
  38   39     -0.773     -0.650      2.500
  41   40     -0.772      0.340      2.500
  40   44     -0.770     -0.852      2.500
  42   41     -0.769      0.146      2.500
  44   43     -0.769      0.391      2.500
  45   42     -0.768      0.246      2.500
  43   45     -0.766     -0.679      2.500
  47   46     -0.764      0.298      2.500
  46   49     -0.759     -0.852      2.500
  48   48     -0.760      0.634      2.500
  49   47     -0.759     -0.192      2.500
  50   50     -0.756      0.784      2.500
  51   52     -0.750      0.544      2.500
  52   51     -0.750     -0.230      2.500
  53   54     -0.743     -0.496      2.500
  54   53     -0.742     -0.254      2.500
  56   55     -0.738     -0.066      2.500
  57   56     -0.737      0.037      2.500
  55   58     -0.737      0.349      2.500
  58   57     -0.736      0.121      2.500
  63   59     -0.732     -0.197      2.500
  59   62     -0.731     -0.637      2.500
  60   64     -0.731      0.532      2.500
  66   60     -0.730     -0.332      2.500
  64   63     -0.729     -0.467      2.500
  62   67     -0.729      0.519      2.500
  68   61     -0.728     -0.275      2.500
  65   65     -0.728      0.399      2.500
  61   71     -0.727     -0.841      2.500
  67   68     -0.726     -0.606      2.500
  70   66     -0.725     -0.001      2.500
  71   70     -0.722     -0.157      2.500
  72   69     -0.722     -0.041      2.500
  69   75     -0.722      0.767      2.500
  75   72     -0.718     -0.120      2.500
  74   73     -0.718      0.148      2.500
  73   76     -0.717      0.460      2.500
  77   74     -0.715      0.084      2.500
  76   79     -0.713      0.494      2.500
  79   77     -0.712     -0.096      2.500
  81   78     -0.709     -0.197      2.500
  78   82     -0.707     -0.672      2.500
  82   80     -0.706      0.217      2.500
  80   84     -0.705      0.672      2.500
  84   81     -0.703      0.097      2.500
  86   83     -0.700     -0.335      2.500
  87   85     -0.698      0.179      2.500
  83   87     -0.697     -0.801      2.500
  85   88     -0.695     -0.769      2.500
  91   86     -0.692     -0.203      2.500
  89   90     -0.688     -0.523      2.500
  95   89     -0.688      0.203      2.500
  88   92     -0.688      0.706      2.500
  93   93     -0.685     -0.669      2.500
  94   94     -0.685      0.519      2.500
  90   96     -0.684     -0.898      2.500
  92   98     -0.683     -0.843      2.500
  98   99     -0.680      0.574      2.500
 100   91     -0.680     -0.038      2.500
 102   95     -0.678      0.069      2.500
  97  101     -0.678      0.736      2.500
 101   97     -0.677     -0.344      2.500
  99  103     -0.675     -0.798      2.500
 103  102     -0.671      0.298      2.500
 107  104     -0.663     -0.258      2.500
 104  105     -0.663      0.436      2.500
 105  108     -0.661      0.544      2.500
 108  107     -0.657     -0.403      2.500
 106  111     -0.656     -0.855      2.500
 110  106     -0.656     -0.081      2.500
 109  110     -0.654      0.405      2.500
 112  109     -0.652     -0.199      2.500
 111  113     -0.649     -0.899      2.500
 113  112     -0.648     -0.410      2.500
 114  117     -0.641      0.460      2.500
 115  114     -0.641     -0.298      2.500
 116  115     -0.638     -0.268      2.500
 118  116     -0.636      0.073      2.500
 120  118     -0.633      0.042      2.500
 117  121     -0.628     -0.773      2.500
 123  119     -0.627     -0.194      2.500
 121  120     -0.625      0.446      2.500
 119  123     -0.623     -0.878      2.500
 122  122     -0.623     -0.570      2.500
 124  128     -0.616      0.591      2.500
 125  126     -0.616      0.466      2.500
 129  124     -0.613      0.147      2.500
 127  127     -0.612     -0.432      2.500
 133  125     -0.610     -0.250      2.500
 126  135     -0.609     -0.802      2.500
 128  129     -0.609     -0.460      2.500
 130  130     -0.609      0.368      2.500
 131  132     -0.607      0.430      2.500
 134  131     -0.606      0.269      2.500
 135  134     -0.603     -0.479      2.500
 132  140     -0.602      0.659      2.500
 141  133     -0.601     -0.302      2.500
 136  137     -0.601      0.461      2.500
 138  138     -0.599      0.406      2.500
 140  139     -0.597     -0.506      2.500
 137  142     -0.595     -0.905      2.500
 143  136     -0.595     -0.232      2.500
 142  141     -0.595      0.361      2.500
 139  144     -0.592     -0.754      2.500
 146  143     -0.583     -0.199      2.500
 145  145     -0.583      0.229      2.500
 144  146     -0.581     -0.417      2.500
 153  147     -0.576     -0.006      2.500
 150  150     -0.574     -0.519      2.500
 151  153     -0.572      0.408      2.500
 147  156     -0.570     -0.777      2.500
 156  148     -0.570      0.125      2.500
 155  151     -0.569     -0.339      2.500
 149  158     -0.569      0.770      2.500
 148  160     -0.568     -0.819      2.500
 158  149     -0.567      0.015      2.500
 157  152     -0.567     -0.241      2.500
 152  161     -0.565      0.561      2.500
 160  154     -0.562      0.098      2.500
 154  162     -0.560     -0.690      2.500
 164  155     -0.558     -0.005      2.500
 163  157     -0.558     -0.218      2.500
 162  159     -0.558      0.181      2.500
 165  163     -0.554     -0.400      2.500
 159  167     -0.553      0.806      2.500
 161  165     -0.552     -0.652      2.500
 166  164     -0.550      0.428      2.500
 167  166     -0.546     -0.479      2.500
 170  168     -0.538      0.152      2.500
 174  169     -0.534     -0.113      2.500
 176  170     -0.530     -0.014      2.500
 169  173     -0.531      0.497      2.500
 168  175     -0.530      0.728      2.500
 177  171     -0.529      0.019      2.500
 172  174     -0.528      0.468      2.500
 179  172     -0.526     -0.087      2.500
 173  176     -0.526      0.513      2.500
 171  179     -0.523     -0.893      2.500
 175  180     -0.521      0.553      2.500
 178  181     -0.518      0.496      2.500
 180  177     -0.517      0.193      2.500
 185  178     -0.512     -0.164      2.500
 183  182     -0.509     -0.423      2.500
 187  183     -0.508      0.246      2.500
 184  185     -0.506      0.401      2.500
 181  186     -0.505      0.678      2.500
 182  187     -0.504      0.740      2.500
 191  184     -0.503     -0.210      2.500
 186  188     -0.500      0.584      2.500
 188  192     -0.497      0.652      2.500
 193  189     -0.494     -0.547      2.500
 194  191     -0.493      0.471      2.500
 189  193     -0.493     -0.682      2.500
 190  196     -0.490     -0.746      2.500
 192  197     -0.490      0.706      2.500
  -1   -2     -0.485     -0.680      2.500
 197  190     -0.484     -0.061      2.500
 196  199     -0.480      0.463      2.500
 198  194     -0.479     -0.190      2.500
 200  195     -0.477     -0.024      2.500
 204  200     -0.468     -0.105      2.500
 202  202     -0.468      0.433      2.500
 201  204     -0.464      0.604      2.500
 203  203     -0.463      0.427      2.500
 199  207     -0.463      0.775      2.500
  -1  208     -0.459     -0.074      2.500
 208  206     -0.457      0.391      2.500
 205  212     -0.453     -0.703      2.500
 207  213     -0.452     -0.669      2.500
 214  205     -0.452      0.207      2.500
 210  209     -0.452      0.385      2.500
 209  210     -0.451      0.419      2.500
 206  214     -0.451      0.680      2.500
 213  211     -0.449      0.364      2.500
 211  220     -0.446     -0.073      2.500
 212  216     -0.445     -0.581      2.500
 216  217     -0.441     -0.461      2.500
 215  222     -0.438      0.573      2.500
 228  215     -0.436     -0.186      2.500
 221  219     -0.435     -0.498      2.500
 224  221     -0.432     -0.899      2.500
 230  218     -0.432     -0.196      2.500
 220  225     -0.431     -0.690      2.500
 218  228     -0.431      0.655      2.500
 219  232     -0.430      0.686      2.500
 222  233     -0.428     -0.727      2.500
 226  229     -0.427     -0.615      2.500
 227  226     -0.427     -0.578      2.500
 225  231     -0.428      0.538      2.500
 223  237     -0.426      0.722      2.500
 217   -2     -0.425     -0.071      2.500
 229  236     -0.425      0.524      2.500
 231  227     -0.423     -0.469      2.500
 233  223     -0.423     -0.225      2.500
 238  224     -0.420     -0.184      2.500
 241  230     -0.418      0.117      2.500
 237  234     -0.417      0.230      2.500
 239  238     -0.414      0.327      2.500
 245  235     -0.413     -0.067      2.500
 236  240     -0.411      0.479      2.500
 242  239     -0.409     -0.445      2.500
 234  243     -0.410      0.696      2.500
 235  245     -0.409      0.666      2.500
 240  248     -0.405      0.645      2.500
 244  246     -0.404      0.487      2.500
 248  242     -0.401     -0.368      2.500
 243  254     -0.400      0.761      2.500
 251  241     -0.399      0.036      2.500
 255  244     -0.394     -0.087      2.500
 246  256     -0.394      0.752      2.500
 252  250     -0.393      0.263      2.500
 247  255     -0.392     -0.664      2.500
 256  247     -0.392      0.100      2.500
  -1   -2     -0.390     -0.026      2.500
 249  258     -0.390      0.592      2.500
 263  251     -0.387     -0.164      2.500
 250  260     -0.386     -0.833      2.500
 264  253     -0.385      0.085      2.500
 265  252     -0.385     -0.022      2.500
 261  257     -0.384      0.332      2.500
 253  263     -0.381     -0.773      2.500
 257  261     -0.381      0.532      2.500
 262  262     -0.378     -0.556      2.500
 254  268     -0.379      0.827      2.500
 259  267     -0.377      0.586      2.500
 258  269     -0.376     -0.895      2.500
 269  259     -0.375     -0.249      2.500
 268  265     -0.372      0.347      2.500
 267  271     -0.371      0.498      2.500
 266  272     -0.371      0.579      2.500
 276  264     -0.365     -0.128      2.500
 277  266     -0.365     -0.121      2.500
 275  270     -0.363     -0.301      2.500
 273  274     -0.362      0.464      2.500
  -1   -2     -0.361      0.579      2.500
 270  277     -0.359     -0.818      2.500
 271  279     -0.359      0.824      2.500
 274  278     -0.356      0.589      2.500
 279  273     -0.356     -0.237      2.500
 280  276     -0.352      0.288      2.500
 278  280     -0.349      0.457      2.500
 281  282     -0.341     -0.667      2.500
 284  281     -0.341     -0.305      2.500
 282  288     -0.337      0.786      2.500
 283  292     -0.330      0.769      2.500
 287  284     -0.329     -0.361      2.500
 285  293     -0.325     -0.770      2.500
 291  289     -0.324     -0.395      2.500
 293  287     -0.324      0.186      2.500
 286  295     -0.324      0.658      2.500
 295  286     -0.323     -0.123      2.500
 296  285     -0.323     -0.090      2.500
 299  291     -0.319     -0.247      2.500
 301  290     -0.319      0.071      2.500
 288  299     -0.319      0.600      2.500
 290  300     -0.317     -0.664      2.500
 298  294     -0.316     -0.429      2.500
 297  297     -0.315      0.372      2.500
 289  305     -0.315      0.794      2.500
 294  302     -0.314     -0.582      2.500
 292  304     -0.314      0.618      2.500
 300  298     -0.313     -0.475      2.500
 304  296     -0.313      0.228      2.500
 305  303     -0.309      0.375      2.500
 303  306     -0.307      0.452      2.500
 308  301     -0.306      0.070      2.500
 302  307     -0.305      0.623      2.500
 306  313     -0.299      0.790      2.500
 307  312     -0.298      0.669      2.500
 309  322     -0.289     -0.904      2.500
 314  310     -0.290      0.113      2.500
 315  308     -0.289      0.076      2.500
 318  309     -0.289     -0.050      2.500
 311  315     -0.288     -0.543      2.500
 310  320     -0.287     -0.701      2.500
 320  311     -0.286      0.035      2.500
 312  321     -0.285      0.488      2.500
 321  314     -0.283      0.090      2.500
 319  316     -0.283      0.266      2.500
 313  324     -0.281      0.475      2.500
 323  318     -0.280     -0.250      2.500
 326  317     -0.278     -0.079      2.500
 324  319     -0.278      0.189      2.500
 317  326     -0.278     -0.627      2.500
 316  327     -0.275      0.768      2.500
 329  323     -0.273     -0.142      2.500
 330  325     -0.272      0.078      2.500
 322  328     -0.271      0.563      2.500
 325  329     -0.267      0.617      2.500
 328  331     -0.265     -0.725      2.500
 327  332     -0.266      0.649      2.500
 331  334     -0.259      0.715      2.500
 335  330     -0.258      0.225      2.500
 332  337     -0.255     -0.817      2.500
 333  336     -0.255     -0.744      2.500
 334  338     -0.253      0.817      2.500
 336  335     -0.251     -0.520      2.500
 338  333     -0.248     -0.216      2.500
 337  339     -0.244     -0.771      2.500
 341  340     -0.231      0.329      2.500
 342  342     -0.230      0.388      2.500
 340  344     -0.226      0.577      2.500
 344  341     -0.225      0.003      2.500
 339  346     -0.224      0.726      2.500
 343  345     -0.220      0.374      2.500
 349  343     -0.219     -0.081      2.500
 345  349     -0.215     -0.539      2.500
 350  347     -0.214     -0.418      2.500
 348  350     -0.213     -0.899      2.500
 346  352     -0.213      0.526      2.500
 353  348     -0.211     -0.229      2.500
 347  356     -0.209      0.685      2.500
 352  353     -0.209      0.405      2.500
 351  354     -0.208     -0.578      2.500
 356  351     -0.205      0.090      2.500
 354  357     -0.201     -0.530      2.500
 358  355     -0.201      0.235      2.500
 355  359     -0.200      0.408      2.500
 361  358     -0.199      0.295      2.500
 362  365     -0.195     -0.566      2.500
 364  360     -0.195     -0.284      2.500
 357  368     -0.194     -0.804      2.500
 365  362     -0.193     -0.300      2.500
 369  361     -0.192     -0.085      2.500
 359  370     -0.192     -0.828      2.500
 360  372     -0.192      0.779      2.500
 367  367     -0.191     -0.380      2.500
 363  369     -0.190     -0.590      2.500
 372  363     -0.189     -0.069      2.500
 371  364     -0.189     -0.147      2.500
 373  366     -0.188     -0.124      2.500
 366  374     -0.187      0.532      2.500
 370  376     -0.183      0.459      2.500
 375  371     -0.182     -0.240      2.500
 368  377     -0.183      0.824      2.500
 374  373     -0.182     -0.353      2.500
 377  375     -0.177     -0.140      2.500
 376  381     -0.172     -0.780      2.500
 378  380     -0.170     -0.523      2.500
 380  378     -0.169     -0.239      2.500
 379  379     -0.169     -0.367      2.500
 381  386     -0.159      0.576      2.500
 386  382     -0.158     -0.066      2.500
 385  383     -0.156      0.245      2.500
 384  387     -0.155     -0.495      2.500
 382  388     -0.155      0.516      2.500
 387  385     -0.154      0.264      2.500
 390  384     -0.153      0.061      2.500
 383  392     -0.151      0.807      2.500
 388  391     -0.150      0.460      2.500
 391  389     -0.150     -0.331      2.500
 389  390     -0.150      0.375      2.500
 392  393     -0.145     -0.496      2.500
 393  398     -0.135      0.563      2.500
 394  397     -0.134      0.443      2.500
  -1   -2     -0.134     -0.408      2.500
 395  395     -0.133     -0.416      2.500
 396  396     -0.133     -0.466      2.500
 398  400     -0.126      0.805      2.500
 403  399     -0.121      0.066      2.500
 399  403     -0.119      0.623      2.500
 400  401     -0.118      0.501      2.500
 401  402     -0.117     -0.584      2.500
 405  404     -0.114     -0.660      2.500
 402  406     -0.114      0.751      2.500
 404  405     -0.114      0.697      2.500
 406  412     -0.109      0.649      2.500
 408  407     -0.109      0.337      2.500
  -1  410     -0.107      0.268      2.500
 409   -2     -0.106      0.275      2.500
 407  414     -0.106     -0.894      2.500
 412  411     -0.105     -0.405      2.500
 414  409     -0.105     -0.075      2.500
 411  417     -0.103     -0.615      2.500
 413  416     -0.103      0.475      2.500
 417  413     -0.100      0.113      2.500
 418  415     -0.099      0.097      2.500
 415  418     -0.098     -0.569      2.500
 416  421     -0.098      0.523      2.500
 419  420     -0.096     -0.506      2.500
 420  419     -0.095     -0.212      2.500
 421  422     -0.092     -0.386      2.500
 422  423     -0.090     -0.189      2.500
 423  424     -0.089      0.082      2.500
 424  425     -0.086     -0.257      2.500
 425  426     -0.083     -0.240      2.500
 428  427     -0.079      0.279      2.500
 426  428     -0.077     -0.725      2.500
 427  429     -0.076      0.652      2.500
 430  430     -0.075      0.584      2.500
 429  432     -0.074      0.671      2.500
 433  431     -0.070     -0.295      2.500
 431  433     -0.070     -0.801      2.500
 432  435     -0.069      0.799      2.500
 435  434     -0.065      0.165      2.500
 434  436     -0.065     -0.731      2.500
 436  437     -0.063      0.434      2.500
 438  438     -0.057     -0.234      2.500
 439  439     -0.056     -0.167      2.500
 437  440     -0.055      0.603      2.500
 441  441     -0.052      0.111      2.500
 440  442     -0.050     -0.521      2.500
 443  445     -0.047     -0.461      2.500
 442  446     -0.047      0.566      2.500
 446  443     -0.047     -0.035      2.500
 447  444     -0.046     -0.080      2.500
  -1   -2     -0.045      0.372      2.500
 444  448     -0.045      0.381      2.500
 448  449     -0.043      0.279      2.500
 449  450     -0.041     -0.409      2.500
 450  451     -0.032     -0.279      2.500
 451  452     -0.023     -0.509      2.500
 452  453     -0.021     -0.052      2.500
 454  454     -0.019     -0.445      2.500
 453  455     -0.019      0.760      2.500
 455  456     -0.017      0.668      2.500
 456  457     -0.015      0.456      2.500
 457  458     -0.014     -0.549      2.500
 458  460     -0.013     -0.360      2.500
 459  459     -0.013     -0.207      2.500
 460  461     -0.012      0.147      2.500
 461  463     -0.009      0.809      2.500
 462  462     -0.008      0.279      2.500
 463  464     -0.007      0.351      2.500
 464  465     -0.004     -0.814      2.500
 465  468     -0.001     -0.830      2.500
 467  466     -0.001     -0.081      2.500
 466  467     -0.001     -0.383      2.500
 468  469      0.000     -0.664      2.500
  -1  470      0.001     -0.888      2.500
 469  473      0.003     -0.684      2.500
 470  472      0.003      0.009      2.500
 471  471      0.003     -0.005      2.500
 472  475      0.004      0.336      2.500
  -1  474      0.004     -0.899      2.500
 475  476      0.005     -0.106      2.500
 474  477      0.005     -0.413      2.500
 473  479      0.005      0.592      2.500
 476  478      0.005     -0.501      2.500
 477  480      0.006      0.221      2.500
 478  481      0.010     -0.574      2.500
 479  482      0.013      0.128      2.500
 480  483      0.014     -0.802      2.500
 481  485      0.015      0.749      2.500
 482  484      0.015      0.403      2.500
 483  486      0.016      0.256      2.500
 484  487      0.017      0.025      2.500
 485  488      0.017     -0.410      2.500
 486  489      0.017      0.593      2.500
 487  490      0.019     -0.735      2.500
 488  491      0.019      0.152      2.500
 489  492      0.020     -0.250      2.500
 490  493      0.020      0.667      2.500
 491  494      0.021     -0.481      2.500
 492  495      0.021      0.780      2.500
 493  496      0.022      0.053      2.500
 494  497      0.025      0.079      2.500
 495  499      0.027     -0.025      2.500
 496  498      0.027     -0.579      2.500
 497  500      0.028     -0.383      2.500
 498  501      0.028     -0.458      2.500
 499  502      0.029      0.495      2.500
 500  503      0.031     -0.412      2.500
 501  504      0.033     -0.628      2.500
  -1   -2      0.034     -0.454      2.500
 504  506      0.035      0.811      2.500
 503  507      0.035     -0.544      2.500
 506  508      0.035     -0.569      2.500
 505  509      0.035      0.164      2.500
 507  510      0.050     -0.001      2.500
 508  511      0.051     -0.354      2.500
 509  512      0.054     -0.223      2.500
 512  513      0.056      0.629      2.500
 511  514      0.056      0.394      2.500
 510  516      0.056      0.150      2.500
 513  515      0.057     -0.633      2.500
 514  517      0.058      0.571      2.500
 515  518      0.063     -0.615      2.500
 516  519      0.063      0.561      2.500
 517  520      0.065     -0.311      2.500
 518  521      0.068      0.009      2.500
 519  523      0.071     -0.128      2.500
 522  522      0.072      0.410      2.500
 520  524      0.072     -0.110      2.500
 521  525      0.073     -0.194      2.500
 523  527      0.078      0.064      2.500
 524  526      0.081     -0.873      2.500
 525  530      0.085     -0.196      2.500
 529  528      0.085     -0.705      2.500
 526  531      0.085      0.034      2.500
 527  529      0.086     -0.440      2.500
 528  532      0.086      0.241      2.500
 530  533      0.090     -0.610      2.500
 531  535      0.093      0.095      2.500
 532  537      0.095     -0.365      2.500
 534  534      0.096      0.712      2.500
 533  538      0.098      0.208      2.500
 535  536      0.098     -0.832      2.500
 537  539      0.102      0.593      2.500
 538  540      0.103     -0.768      2.500
 539  541      0.106     -0.878      2.500
 536  544      0.106     -0.037      2.500
 541  542      0.106      0.777      2.500
 540  543      0.107      0.537      2.500
 542  545      0.110      0.264      2.500
 543  546      0.112     -0.537      2.500
 544  547      0.114      0.522      2.500
 545  548      0.117     -0.811      2.500
 546  550      0.126     -0.354      2.500
 547  552      0.127     -0.270      2.500
 549  549      0.128     -0.874      2.500
 548  554      0.129      0.003      2.500
 552  551      0.132      0.683      2.500
 553  553      0.133     -0.788      2.500
 550  556      0.135     -0.372      2.500
 551  559      0.137      0.130      2.500
 556  555      0.139     -0.879      2.500
 558  557      0.140      0.785      2.500
 554  564      0.141      0.109      2.500
 559  558      0.142     -0.783      2.500
 555  562      0.143     -0.462      2.500
 561  560      0.143     -0.885      2.500
 557  566      0.145      0.127      2.500
 560  565      0.146      0.390      2.500
 562  563      0.147      0.598      2.500
 563  561      0.147     -0.834      2.500
 564  569      0.152     -0.498      2.500
 565  568      0.152     -0.578      2.500
 567  567      0.153      0.631      2.500
 566  571      0.155     -0.440      2.500
 573  570      0.159      0.720      2.500
 569  574      0.159      0.191      2.500
 571  572      0.160     -0.427      2.500
 568  575      0.160      0.002      2.500
 570  577      0.161     -0.080      2.500
 572  578      0.163     -0.177      2.500
 576  573      0.165      0.711      2.500
 574  579      0.168     -0.196      2.500
 578  576      0.168     -0.846      2.500
 575  580      0.169      0.025      2.500
 577  582      0.174     -0.079      2.500
 580  585      0.179     -0.186      2.500
 579  587      0.179     -0.026      2.500
 584  581      0.180     -0.840      2.500
 581  589      0.182      0.177      2.500
 583  586      0.184      0.397      2.500
 587  583      0.184      0.683      2.500
 588  588      0.187     -0.590      2.500
  -1   -2      0.187     -0.441      2.500
 591  584      0.187      0.791      2.500
 582  593      0.188      0.010      2.500
 586  592      0.189      0.236      2.500
 589  591      0.190     -0.450      2.500
 590  594      0.193      0.267      2.500
 592  595      0.196      0.334      2.500
 593  596      0.197     -0.403      2.500
 596  597      0.204      0.523      2.500
 594  599      0.206     -0.205      2.500
 597  598      0.209     -0.423      2.500
 595  602      0.209      0.054      2.500
 598  600      0.209     -0.407      2.500
 599  605      0.214      0.005      2.500
 601  604      0.216     -0.459      2.500
 600  608      0.217     -0.064      2.500
 607  601      0.218      0.813      2.500
 604  603      0.219      0.552      2.500
 605  606      0.222      0.421      2.500
 603  610      0.222      0.187      2.500
 606  607      0.222     -0.898      2.500
 602  613      0.224     -0.050      2.500
 611  609      0.226     -0.556      2.500
 612  612      0.228     -0.528      2.500
 615  611      0.229      0.497      2.500
 610  614      0.230      0.267      2.500
 608  616      0.230     -0.165      2.500
 609  615      0.230     -0.282      2.500
 614  618      0.232     -0.323      2.500
 613  619      0.235      0.024      2.500
 618  617      0.239     -0.744      2.500
 617  623      0.243      0.416      2.500
 620  620      0.245      0.591      2.500
 621  621      0.246      0.633      2.500
 616  627      0.246      0.083      2.500
 623  622      0.247     -0.776      2.500
 622  624      0.247      0.531      2.500
 627  625      0.250     -0.878      2.500
 628  626      0.252      0.728      2.500
 619  631      0.252     -0.213      2.500
 624  630      0.254     -0.482      2.500
 626  629      0.254     -0.540      2.500
 631  628      0.256     -0.735      2.500
 625  634      0.259      0.107      2.500
 629  635      0.263      0.093      2.500
 630  638      0.266     -0.158      2.500
 636  632      0.267     -0.726      2.500
 634  636      0.267      0.277      2.500
 632  639      0.268      0.026      2.500
 637  633      0.268     -0.778      2.500
 633  637      0.269      0.214      2.500
 635  641      0.275      0.020      2.500
 638  644      0.283     -0.110      2.500
 641  642      0.284     -0.488      2.500
 645  640      0.284     -0.657      2.500
 640  643      0.285     -0.329      2.500
 639  646      0.286     -0.005      2.500
 643  647      0.289     -0.206      2.500
 642  648      0.289      0.063      2.500
 644  653      0.292     -0.127      2.500
 647  651      0.294     -0.372      2.500
 646  657      0.295      0.115      2.500
 648  649      0.296      0.389      2.500
 652  645      0.298      0.714      2.500
 649  655      0.301      0.444      2.500
 650  652      0.301      0.495      2.500
 651  654      0.301     -0.597      2.500
 655  650      0.302     -0.741      2.500
 657  656      0.306      0.656      2.500
 654  660      0.308      0.337      2.500
 658  659      0.309      0.571      2.500
 662  658      0.309     -0.904      2.500
 653  665      0.313     -0.122      2.500
 659  663      0.316      0.350      2.500
 666  661      0.318     -0.735      2.500
 656  670      0.319     -0.034      2.500
 661  667      0.320      0.271      2.500
 664  668      0.322     -0.415      2.500
 660  673      0.322     -0.054      2.500
 669  662      0.323      0.718      2.500
 663  674      0.324     -0.236      2.500
 665  671      0.324     -0.380      2.500
  -1   -2      0.325      0.669      2.500
 673  666      0.327     -0.870      2.500
 668  669      0.327     -0.562      2.500
 671  676      0.332      0.376      2.500
 667  680      0.334     -0.260      2.500
 674  678      0.335      0.458      2.500
 676  672      0.335      0.671      2.500
 677  677      0.337     -0.686      2.500
 680  675      0.338     -0.894      2.500
 672  682      0.338      0.189      2.500
 678  679      0.340      0.503      2.500
 679  681      0.343     -0.523      2.500
 675  685      0.344     -0.300      2.500
 681  683      0.345     -0.538      2.500
 685  684      0.351      0.701      2.500
 682  686      0.352      0.373      2.500
 684  687      0.357      0.360      2.500
 683  694      0.362     -0.106      2.500
 689  688      0.363     -0.620      2.500
 691  689      0.364     -0.649      2.500
 694  690      0.367      0.633      2.500
 688  695      0.367      0.256      2.500
 686  699      0.369      0.093      2.500
 690  696      0.370      0.332      2.500
 695  691      0.370     -0.702      2.500
 687  703      0.370      0.050      2.500
 696  692      0.370     -0.687      2.500
 692  697      0.371     -0.421      2.500
 699  693      0.374     -0.818      2.500
 693  705      0.375      0.156      2.500
 705  698      0.380     -0.757      2.500
 704  700      0.381     -0.669      2.500
 697  709      0.382     -0.279      2.500
 710  701      0.385      0.828      2.500
 712  702      0.385     -0.890      2.500
 698  712      0.387     -0.002      2.500
 713  704      0.387      0.788      2.500
 706  708      0.388      0.401      2.500
 700  713      0.388      0.116      2.500
 714  706      0.389      0.686      2.500
 701  714      0.390      0.095      2.500
 707  711      0.391      0.368      2.500
 702  716      0.392     -0.183      2.500
 716  707      0.392     -0.712      2.500
 703  718      0.393     -0.014      2.500
 711  715      0.396      0.295      2.500
 708  717      0.396     -0.375      2.500
 718  710      0.397      0.720      2.500
 709  720      0.400      0.049      2.500
 715  722      0.404      0.081      2.500
 719  721      0.408      0.326      2.500
 723  719      0.409      0.565      2.500
 717  725      0.411      0.027      2.500
 722  724      0.414     -0.432      2.500
 720  729      0.414     -0.032      2.500
 721  728      0.415      0.035      2.500
 724  727      0.419      0.344      2.500
 728  723      0.423      0.664      2.500
 726  726      0.423      0.512      2.500
 725  731      0.424      0.230      2.500
 727  730      0.429     -0.507      2.500
 731  732      0.438     -0.661      2.500
 733  733      0.438     -0.652      2.500
 730  734      0.439     -0.898      2.500
 729  737      0.445      0.081      2.500
 732  738      0.450     -0.206      2.500
 735  736      0.452      0.424      2.500
 738  735      0.455      0.617      2.500
 734  742      0.457      0.002      2.500
 736  745      0.461     -0.138      2.500
 737  744      0.461     -0.184      2.500
 740  740      0.463     -0.551      2.500
 739  747      0.466      0.233      2.500
 745  739      0.466     -0.904      2.500
 748  741      0.469     -0.770      2.500
 743  750      0.473      0.317      2.500
 741  757      0.475     -0.180      2.500
 742  755      0.475      0.125      2.500
 755  743      0.477      0.777      2.500
 744  754      0.477     -0.412      2.500
 756  746      0.478      0.765      2.500
 747  753      0.478      0.339      2.500
 750  751      0.478      0.461      2.500
 754  749      0.479      0.544      2.500
 759  748      0.479     -0.835      2.500
 746  759      0.481     -0.274      2.500
 757  752      0.482     -0.641      2.500
 758  756      0.485      0.485      2.500
 749  766      0.488     -0.104      2.500
 751  767      0.489      0.082      2.500
 761  763      0.490     -0.513      2.500
 753  770      0.490      0.005      2.500
 752  771      0.490     -0.004      2.500
 762  762      0.491     -0.551      2.500
 766  758      0.492     -0.739      2.500
 763  760      0.492     -0.611      2.500
 760  768      0.493     -0.328      2.500
 768  761      0.496      0.725      2.500
 767  764      0.497      0.507      2.500
 764  772      0.500      0.235      2.500
 771  765      0.503     -0.903      2.500
 772  769      0.506      0.710      2.500
 765  774      0.506     -0.108      2.500
 770  775      0.511     -0.395      2.500
 769  777      0.512     -0.150      2.500
 775  773      0.514     -0.729      2.500
 774  776      0.517     -0.536      2.500
 773  781      0.526     -0.015      2.500
 778  778      0.526     -0.478      2.500
 776  783      0.529     -0.160      2.500
 779  779      0.530     -0.534      2.500
 780  780      0.531     -0.527      2.500
 777  785      0.532      0.024      2.500
 781  782      0.534      0.357      2.500
 784  786      0.543     -0.565      2.500
 783  790      0.544      0.191      2.500
 788  787      0.546      0.537      2.500
 782  794      0.547     -0.035      2.500
 791  784      0.547     -0.830      2.500
 790  788      0.550      0.558      2.500
 792  791      0.552     -0.588      2.500
 785  798      0.553     -0.210      2.500
 786  801      0.556     -0.162      2.500
 800  789      0.556     -0.836      2.500
 798  793      0.556     -0.608      2.500
 787  802      0.557     -0.151      2.500
 795  797      0.557      0.382      2.500
 793  799      0.559      0.285      2.500
 802  792      0.559      0.745      2.500
 789  804      0.559     -0.021      2.500
 794  806      0.562      0.164      2.500
 799  800      0.562      0.393      2.500
 803  796      0.562      0.619      2.500
 796  805      0.563      0.242      2.500
 804  795      0.563     -0.824      2.500
 797  810      0.565      0.172      2.500
 806  803      0.571      0.623      2.500
 805  809      0.571     -0.571      2.500
 801  812      0.572      0.073      2.500
 809  808      0.575      0.678      2.500
 810  807      0.576      0.788      2.500
 808  811      0.578      0.514      2.500
 807  817      0.585     -0.131      2.500
 813  813      0.587     -0.691      2.500
 812  816      0.588     -0.391      2.500
 811  818      0.590      0.046      2.500
 814  814      0.591      0.801      2.500
 815  815      0.596      0.585      2.500
 818  819      0.605     -0.837      2.500
 816  822      0.611      0.372      2.500
 819  821      0.612     -0.589      2.500
 820  820      0.613      0.630      2.500
 817  826      0.616      0.149      2.500
 823  824      0.620     -0.653      2.500
 826  823      0.622      0.663      2.500
 827  825      0.624      0.569      2.500
 828  828      0.627     -0.711      2.500
 829  827      0.628      0.707      2.500
 821  834      0.629      0.006      2.500
 822  832      0.629     -0.239      2.500
 834  829      0.630     -0.853      2.500
 825  833      0.630     -0.271      2.500
 824  837      0.632     -0.137      2.500
 836  830      0.634     -0.805      2.500
 833  836      0.637     -0.470      2.500
 830  840      0.637     -0.335      2.500
 837  835      0.641      0.543      2.500
 832  844      0.641     -0.220      2.500
 838  831      0.641     -0.816      2.500
 831  846      0.641      0.015      2.500
  -1   -2      0.644     -0.337      2.500
 840  838      0.645      0.732      2.500
 841  839      0.646      0.666      2.500
 842  841      0.647      0.632      2.500
 844  842      0.649     -0.784      2.500
 843  843      0.650     -0.678      2.500
 839  850      0.653      0.234      2.500
 849  847      0.655     -0.688      2.500
 845  849      0.656      0.432      2.500
 847  851      0.657     -0.898      2.500
 853  848      0.659      0.752      2.500
 850  852      0.661      0.399      2.500
 848  856      0.662     -0.371      2.500
 851  855      0.663      0.429      2.500
 852  854      0.664      0.453      2.500
 846  858      0.664     -0.108      2.500
 854  853      0.667     -0.814      2.500
 856  857      0.672     -0.864      2.500
 861  859      0.677     -0.816      2.500
 862  860      0.679     -0.768      2.500
 857  862      0.682      0.298      2.500
 855  863      0.682      0.017      2.500
 863  861      0.686      0.631      2.500
 859  864      0.686     -0.211      2.500
 858  866      0.686     -0.093      2.500
 860  867      0.686     -0.164      2.500
 865  869      0.695     -0.545      2.500
 864  870      0.696     -0.484      2.500
 868  865      0.697     -0.758      2.500
 869  868      0.698      0.704      2.500
 866  875      0.702      0.024      2.500
 867  877      0.703      0.009      2.500
 870  879      0.707      0.137      2.500
 874  871      0.709      0.814      2.500
 872  873      0.709      0.605      2.500
 876  872      0.709     -0.869      2.500
  -1   -2      0.709     -0.663      2.500
 875  876      0.711     -0.654      2.500
 871  881      0.712      0.204      2.500
 877  878      0.714     -0.903      2.500
 879  880      0.717      0.745      2.500
 882  882      0.724      0.770      2.500
 881  883      0.724     -0.495      2.500
 878  886      0.725     -0.006      2.500
 880  887      0.727     -0.256      2.500
 885  884      0.730      0.684      2.500
 887  885      0.731     -0.758      2.500
 883  888      0.734      0.243      2.500
 884  892      0.736      0.110      2.500
 886  893      0.737     -0.284      2.500
 890  889      0.738      0.465      2.500
 893  891      0.739      0.425      2.500
 889  898      0.741     -0.228      2.500
 888  899      0.741     -0.194      2.500
 896  890      0.742      0.757      2.500
 894  897      0.743     -0.407      2.500
 895  894      0.744      0.482      2.500
 891  901      0.744      0.099      2.500
 892  902      0.744      0.075      2.500
 897  895      0.744      0.545      2.500
 900  896      0.747     -0.904      2.500
 898  903      0.748     -0.449      2.500
 899  904      0.750     -0.563      2.500
 902  900      0.751      0.799      2.500
 904  905      0.754      0.565      2.500
 903  906      0.754     -0.543      2.500
 901  910      0.756      0.225      2.500
 907  907      0.759      0.611      2.500
 908  909      0.760      0.508      2.500
 905  913      0.760      0.050      2.500
 910  908      0.761      0.652      2.500
 906  914      0.762     -0.241      2.500
 913  911      0.764      0.727      2.500
 909  918      0.766     -0.157      2.500
 915  912      0.767      0.761      2.500
 911  916      0.768      0.274      2.500
 914  915      0.768      0.397      2.500
  -1   -2      0.769      0.285      2.500
 919  917      0.773     -0.773      2.500
 916  922      0.774      0.107      2.500
 917  920      0.776      0.367      2.500
  -1   -2      0.780      0.630      2.500
 918  926      0.780      0.064      2.500
 922  924      0.782     -0.488      2.500
 923  923      0.783     -0.555      2.500
 920  927      0.786     -0.120      2.500
 924  925      0.787      0.623      2.500
 925  929      0.793      0.018      2.500
 926  930      0.794     -0.267      2.500
 927  931      0.795     -0.333      2.500
 928  928      0.797     -0.718      2.500
 931  932      0.800      0.567      2.500
 929  936      0.802      0.224      2.500
 933  935      0.804      0.379      2.500
 934  933      0.805      0.745      2.500
 930  938      0.804     -0.107      2.500
 935  934      0.804     -0.707      2.500
 932  939      0.806      0.001      2.500
 936  937      0.807      0.610      2.500
 937  940      0.810      0.279      2.500
 939  941      0.813      0.544      2.500
 938  944      0.815     -0.349      2.500
 942  942      0.816     -0.712      2.500
 940  943      0.816     -0.577      2.500
 941  947      0.821     -0.061      2.500
 944  946      0.821      0.445      2.500
 945  945      0.821     -0.665      2.500
 943  948      0.822     -0.011      2.500
 947  949      0.826      0.319      2.500
 946  950      0.826      0.003      2.500
  -1   -2      0.828      0.329      2.500
 950  951      0.830     -0.868      2.500
 951  953      0.832     -0.877      2.500
 952  955      0.834     -0.571      2.500
 954  954      0.834     -0.846      2.500
 949  957      0.835     -0.048      2.500
 953  956      0.835     -0.726      2.500
 955  959      0.842      0.307      2.500
 957  958      0.842     -0.890      2.500
 956  960      0.846      0.173      2.500
 958  961      0.847     -0.476      2.500
 960  962      0.849      0.501      2.500
 959  963      0.851     -0.076      2.500
 961  965      0.852     -0.324      2.500
 964  964      0.853     -0.634      2.500
 963  966      0.855      0.310      2.500
 962  967      0.856     -0.164      2.500
 965  968      0.860      0.013      2.500
 966  969      0.863      0.055      2.500
 967  971      0.863     -0.088      2.500
 968  970      0.865     -0.443      2.500
 970  972      0.868      0.492      2.500
 969  974      0.868     -0.402      2.500
 971  973      0.869      0.787      2.500
 972  975      0.870      0.754      2.500
 973  978      0.873     -0.262      2.500
 974  976      0.873     -0.817      2.500
 976  977      0.875      0.681      2.500
 975  979      0.874     -0.898      2.500
 978  980      0.877     -0.614      2.500
 977  981      0.879     -0.212      2.500
 979  983      0.884      0.258      2.500
 980  982      0.883     -0.726      2.500
 981  984      0.886      0.728      2.500
 982  985      0.888     -0.682      2.500
 983  986      0.891      0.465      2.500
 984  987      0.897     -0.829      2.500
 986  988      0.899      0.433      2.500
 985  991      0.899     -0.544      2.500
 987  989      0.900      0.645      2.500
 988  990      0.900      0.819      2.500
 989  992      0.901     -0.781      2.500
 990  993      0.903      0.667      2.500
 991  994      0.903      0.586      2.500
 992  995      0.906     -0.270      2.500
  -1   -2      0.910      0.381      2.500
 994  997      0.910     -0.402      2.500
 995  998      0.911      0.372      2.500
