998
   0    0     -0.822     -0.501      2.500
  -1   -2     -0.822      0.546      2.500
   3    1     -0.822      0.394      2.500
   1    3     -0.822      0.537      2.500
   5    4     -0.821     -0.126      2.500
   4    5     -0.820     -0.619      2.500
   6    6     -0.816     -0.186      2.500
   7    8     -0.816      0.793      2.500
   8    9     -0.815     -0.080      2.500
   9   10     -0.815      0.138      2.500
  12   12     -0.814     -0.298      2.500
  11   11     -0.814     -0.734      2.500
  10   13     -0.814     -0.516      2.500
  13   14     -0.814      0.574      2.500
  14   15     -0.813      0.781      2.500
  15   17     -0.811     -0.885      2.500
  16   16     -0.811     -0.225      2.500
  17   18     -0.806      0.120      2.500
  18   19     -0.803      0.471      2.500
  19   20     -0.801     -0.162      2.500
  21   21     -0.799      0.363      2.500
  20   22     -0.799      0.626      2.500
  22   24     -0.795     -0.827      2.500
  23   23     -0.794      0.197      2.500
  25   25     -0.792     -0.166      2.500
  24   27     -0.792      0.178      2.500
  26   26     -0.792     -0.057      2.500
  28   28     -0.789     -0.342      2.500
  27   30     -0.788     -0.828      2.500
  29   29     -0.789      0.377      2.500
  30   31     -0.787      0.501      2.500
  31   37     -0.784      0.758      2.500
  32   33     -0.782     -0.509      2.500
  34   32     -0.781     -0.179      2.500
  33   36     -0.781     -0.554      2.500
  35   34     -0.781     -0.112      2.500
  36   35     -0.780     -0.317      2.500
  37   38     -0.779     -0.589      2.500
  38   39     -0.779      0.551      2.500
  40   40     -0.774      0.068      2.500
  39   41     -0.774      0.356      2.500
  41   42     -0.767     -0.811      2.500
  44   43     -0.762      0.228      2.500
  42   47     -0.761      0.444      2.500
  45   45     -0.761      0.276      2.500
  46   44     -0.760      0.014      2.500
  47   46     -0.759      0.065      2.500
  43   49     -0.759      0.736      2.500
  48   48     -0.757     -0.218      2.500
  49   50     -0.752      0.152      2.500
  50   52     -0.750      0.194      2.500
  51   51     -0.749      0.077      2.500
  53   53     -0.744     -0.543      2.500
  52   55     -0.742     -0.756      2.500
  56   54     -0.743      0.432      2.500
  55   57     -0.740      0.607      2.500
  58   56     -0.739      0.417      2.500
  57   62     -0.736     -0.817      2.500
  59   61     -0.736     -0.712      2.500
  62   58     -0.734     -0.393      2.500
  60   63     -0.734     -0.898      2.500
  61   60     -0.734     -0.509      2.500
  66   59     -0.732     -0.150      2.500
  63   65     -0.731      0.654      2.500
  64   64     -0.729     -0.589      2.500
  65   67     -0.726     -0.753      2.500
  67   69     -0.726      0.696      2.500
  69   66     -0.724      0.244      2.500
  71   70     -0.721      0.293      2.500
  70   71     -0.721      0.393      2.500
  73   68     -0.720     -0.177      2.500
  68   74     -0.718     -0.835      2.500
  72   72     -0.719      0.355      2.500
  74   73     -0.717     -0.368      2.500
  77   75     -0.712     -0.195      2.500
  75   76     -0.711     -0.588      2.500
  78   77     -0.707      0.490      2.500
  81   79     -0.701     -0.256      2.500
  82   78     -0.701      0.064      2.500
  79   83     -0.701      0.426      2.500
  83   81     -0.698      0.004      2.500
  84   82     -0.697     -0.066      2.500
  80   86     -0.695     -0.869      2.500
  86   84     -0.694     -0.213      2.500
  87   85     -0.693     -0.156      2.500
  85   89     -0.687     -0.726      2.500
  88   88     -0.686      0.458      2.500
  89   87     -0.684     -0.431      2.500
  91   90     -0.679     -0.021      2.500
  92   91     -0.679      0.086      2.500
  90   96     -0.678     -0.766      2.500
  93   92     -0.677     -0.129      2.500
  94   93     -0.674     -0.048      2.500
  95   95     -0.671      0.140      2.500
  96   94     -0.670      0.040      2.500
  97   97     -0.669     -0.103      2.500
 100   98     -0.665     -0.264      2.500
  98  100     -0.664      0.344      2.500
 103   99     -0.661     -0.158      2.500
 105  101     -0.660     -0.087      2.500
  99  104     -0.660      0.607      2.500
 101  105     -0.658      0.523      2.500
 106  102     -0.656      0.112      2.500
 102  106     -0.655     -0.708      2.500
 109  103     -0.654      0.050      2.500
 104  112     -0.650     -0.792      2.500
 108  108     -0.649     -0.899      2.500
 110  110     -0.649      0.373      2.500
 112  109     -0.648      0.316      2.500
 113  107     -0.647      0.132      2.500
 107  115     -0.647      0.752      2.500
 114  111     -0.644      0.215      2.500
 111  116     -0.643     -0.739      2.500
 118  113     -0.638     -0.165      2.500
 117  114     -0.638     -0.276      2.500
 115  120     -0.634      0.796      2.500
 116  117     -0.633     -0.494      2.500
 119  118     -0.631      0.365      2.500
 120  121     -0.628      0.388      2.500
 121  119     -0.627     -0.329      2.500
 125  123     -0.618     -0.338      2.500
 126  122     -0.618      0.033      2.500
 129  124     -0.615     -0.046      2.500
 122  129     -0.615     -0.891      2.500
 123  127     -0.614     -0.640      2.500
 127  126     -0.613      0.386      2.500
 124  131     -0.611      0.704      2.500
 130  128     -0.609      0.354      2.500
 128  130     -0.609      0.503      2.500
 131  125     -0.608     -0.211      2.500
 132  135     -0.595     -0.600      2.500
 134  132     -0.595      0.333      2.500
 135  133     -0.594      0.295      2.500
 136  134     -0.591     -0.439      2.500
 133  142     -0.591      0.722      2.500
 138  136     -0.590     -0.393      2.500
 139  139     -0.589     -0.412      2.500
 141  137     -0.587     -0.247      2.500
 143  138     -0.586     -0.167      2.500
 140  141     -0.585     -0.367      2.500
 137  145     -0.584      0.649      2.500
 146  140     -0.583     -0.077      2.500
 145  144     -0.579      0.293      2.500
 148  143     -0.578     -0.224      2.500
 142  150     -0.575      0.685      2.500
 149  146     -0.573     -0.460      2.500
 144  151     -0.572      0.622      2.500
 147  152     -0.570     -0.718      2.500
 151  148     -0.570      0.344      2.500
 150  153     -0.568      0.507      2.500
 156  149     -0.565      0.208      2.500
 157  147     -0.564      0.042      2.500
 153  156     -0.561      0.464      2.500
 155  157     -0.561      0.445      2.500
 154  159     -0.559      0.547      2.500
 152  162     -0.559      0.768      2.500
 160  154     -0.558      0.018      2.500
 159  158     -0.556      0.371      2.500
 158  163     -0.554     -0.649      2.500
 164  155     -0.554     -0.167      2.500
 165  160     -0.549     -0.364      2.500
 163  164     -0.549      0.418      2.500
 162  167     -0.549      0.449      2.500
  -1   -2     -0.547     -0.650      2.500
 167  161     -0.546      0.105      2.500
 170  165     -0.542     -0.215      2.500
 169  166     -0.542     -0.260      2.500
 166  171     -0.538      0.663      2.500
 171  169     -0.534     -0.432      2.500
 168  172     -0.533      0.578      2.500
 175  170     -0.530      0.181      2.500
 172  174     -0.526     -0.682      2.500
 173  178     -0.522      0.713      2.500
 180  173     -0.521     -0.203      2.500
 174  179     -0.520      0.674      2.500
 177  177     -0.519      0.433      2.500
 181  175     -0.516     -0.358      2.500
 176  182     -0.515      0.640      2.500
 182  176     -0.514     -0.300      2.500
 178  180     -0.514     -0.647      2.500
 179  185     -0.509     -0.713      2.500
 185  181     -0.509     -0.514      2.500
 187  184     -0.506      0.361      2.500
 188  186     -0.504      0.430      2.500
 183  192     -0.503      0.688      2.500
 186  189     -0.501     -0.675      2.500
 184  193     -0.502      0.759      2.500
 194  183     -0.501     -0.178      2.500
 189  191     -0.501      0.554      2.500
 191  195     -0.497      0.657      2.500
 190  196     -0.496      0.750      2.500
 192  198     -0.494     -0.827      2.500
 197  187     -0.494      0.096      2.500
 200  188     -0.492      0.147      2.500
 201  190     -0.490     -0.217      2.500
 193  199     -0.489      0.636      2.500
 195  205     -0.485     -0.890      2.500
 208  194     -0.483     -0.016      2.500
 196  208     -0.483      0.828      2.500
 202  203     -0.483      0.406      2.500
 199  204     -0.482      0.523      2.500
 210  197     -0.479      0.075      2.500
 207  202     -0.479     -0.394      2.500
 198  210     -0.478     -0.769      2.500
 203  207     -0.477     -0.564      2.500
 206  206     -0.476      0.402      2.500
 212  200     -0.476     -0.199      2.500
 214  201     -0.475      0.003      2.500
 204  211     -0.475      0.510      2.500
 205  212     -0.473     -0.602      2.500
 209  220     -0.465      0.827      2.500
 211  221     -0.464     -0.816      2.500
 221  209     -0.464     -0.014      2.500
 220  213     -0.463      0.127      2.500
 215  214     -0.462      0.399      2.500
 213  219     -0.462      0.588      2.500
 217  216     -0.459     -0.567      2.500
 216  222     -0.457     -0.661      2.500
 219  217     -0.457      0.371      2.500
 223  215     -0.456      0.219      2.500
 229  218     -0.451      0.169      2.500
 218  227     -0.450     -0.905      2.500
 225  223     -0.451      0.367      2.500
 222  226     -0.449      0.585      2.500
 226  224     -0.447      0.472      2.500
 224  235     -0.443      0.790      2.500
 227  229     -0.443      0.481      2.500
 228  233     -0.441      0.581      2.500
 232  228     -0.440      0.350      2.500
 234  232     -0.437     -0.490      2.500
 231  236     -0.437      0.533      2.500
 239  225     -0.436     -0.109      2.500
 230  239     -0.435      0.774      2.500
 236  237     -0.432     -0.898      2.500
 241  231     -0.432      0.010      2.500
 242  230     -0.432     -0.020      2.500
  -1   -2     -0.432      0.583      2.500
 235  242     -0.429      0.594      2.500
 240  238     -0.428     -0.453      2.500
 245  234     -0.426     -0.086      2.500
 237  245     -0.422      0.799      2.500
 238  247     -0.420     -0.777      2.500
 249  241     -0.418     -0.158      2.500
 244  246     -0.416      0.504      2.500
 250  243     -0.415     -0.202      2.500
 248  244     -0.414     -0.468      2.500
 243  248     -0.413      0.668      2.500
 246  249     -0.409     -0.680      2.500
 251  250     -0.405     -0.565      2.500
 247  251     -0.406      0.796      2.500
 252  260     -0.396     -0.902      2.500
 255  256     -0.396      0.475      2.500
 253  257     -0.395      0.615      2.500
 254  259     -0.395      0.633      2.500
 258  252     -0.394      0.329      2.500
 259  255     -0.392     -0.451      2.500
 262  253     -0.391      0.202      2.500
 256  262     -0.389      0.683      2.500
 264  254     -0.387     -0.188      2.500
 257  263     -0.386      0.639      2.500
 260  265     -0.383     -0.684      2.500
 263  264     -0.381      0.474      2.500
 265  258     -0.381     -0.063      2.500
 261  267     -0.378      0.776      2.500
 268  261     -0.375     -0.026      2.500
 267  268     -0.368      0.345      2.500
 274  266     -0.366     -0.107      2.500
 272  269     -0.364      0.235      2.500
 266  273     -0.363     -0.725      2.500
 270  271     -0.363      0.364      2.500
 277  272     -0.357     -0.382      2.500
  -1  276     -0.356     -0.076      2.500
 269  279     -0.356      0.823      2.500
 275  277     -0.354     -0.611      2.500
 271  280     -0.354      0.730      2.500
 280  274     -0.352      0.276      2.500
 273  282     -0.350     -0.831      2.500
 276  283     -0.350      0.671      2.500
 278  285     -0.344     -0.751      2.500
 279  286     -0.344      0.643      2.500
 286  275     -0.344     -0.192      2.500
 281  289     -0.343     -0.075      2.500
 289  278     -0.342     -0.202      2.500
  -1   -2     -0.341     -0.236      2.500
 283  287     -0.339      0.484      2.500
 291  281     -0.337     -0.232      2.500
 282  290     -0.337     -0.770      2.500
 284  291     -0.335      0.595      2.500
 292  284     -0.335      0.124      2.500
 287  292     -0.332     -0.663      2.500
 285  295     -0.330     -0.794      2.500
 290  294     -0.329      0.524      2.500
 296  288     -0.328     -0.192      2.500
 295  293     -0.324      0.315      2.500
 288   -2     -0.323     -0.073      2.500
 293  298     -0.321      0.514      2.500
 297  297     -0.319      0.408      2.500
 298  302     -0.315     -0.585      2.500
 300  300     -0.314     -0.514      2.500
 301  301     -0.314      0.414      2.500
 294  305     -0.314      0.743      2.500
 302  296     -0.311     -0.069      2.500
 303  299     -0.308      0.112      2.500
 307  303     -0.304      0.042      2.500
 305  304     -0.302     -0.326      2.500
 304  310     -0.301     -0.470      2.500
 310  306     -0.300     -0.269      2.500
 311  307     -0.299      0.097      2.500
 309  311     -0.296     -0.435      2.500
 312  308     -0.295     -0.175      2.500
 315  309     -0.294     -0.091      2.500
  -1   -2     -0.291     -0.024      2.500
 306  318     -0.291      0.711      2.500
 314  314     -0.290     -0.398      2.500
 308  317     -0.290      0.618      2.500
 320  313     -0.286     -0.019      2.500
 319  315     -0.284     -0.337      2.500
 313  321     -0.280      0.788      2.500
 322  316     -0.280     -0.261      2.500
 317  324     -0.276     -0.848      2.500
 318  325     -0.275     -0.829      2.500
 326  319     -0.271     -0.138      2.500
 328  320     -0.270     -0.130      2.500
 323  326     -0.270     -0.577      2.500
 325  322     -0.270      0.269      2.500
 321  327     -0.269      0.831      2.500
 327  323     -0.267      0.221      2.500
 324  328     -0.263      0.578      2.500
 329  329     -0.255      0.316      2.500
 332  330     -0.251     -0.280      2.500
 331  333     -0.244     -0.639      2.500
 330  336     -0.243     -0.813      2.500
 333  332     -0.242      0.451      2.500
 334  337     -0.239     -0.604      2.500
  -1   -2     -0.239      0.094      2.500
 335  340     -0.236      0.589      2.500
 342  334     -0.234     -0.136      2.500
 344  335     -0.232     -0.097      2.500
 345  339     -0.229      0.236      2.500
 339  341     -0.229      0.441      2.500
 336  349     -0.229      0.815      2.500
 347  338     -0.228      0.095      2.500
 338  345     -0.227     -0.655      2.500
 340  346     -0.226     -0.632      2.500
 341  344     -0.227      0.473      2.500
 343  343     -0.226      0.394      2.500
 346  350     -0.223     -0.599      2.500
 351  342     -0.221      0.148      2.500
 349  347     -0.221      0.281      2.500
 348  353     -0.219      0.478      2.500
 353  348     -0.218     -0.292      2.500
 355  351     -0.215      0.105      2.500
 350  356     -0.214      0.527      2.500
 354  354     -0.213     -0.899      2.500
 356  352     -0.212      0.121      2.500
 352  358     -0.212      0.631      2.500
 358  355     -0.207      0.056      2.500
 357  360     -0.204     -0.490      2.500
 361  357     -0.204     -0.049      2.500
 362  359     -0.202      0.110      2.500
 363  361     -0.196     -0.164      2.500
 365  362     -0.196     -0.086      2.500
 360  363     -0.195      0.582      2.500
 359  365     -0.195      0.813      2.500
 364  367     -0.188     -0.601      2.500
 366  366     -0.187      0.369      2.500
 368  364     -0.185     -0.259      2.500
 367  368     -0.181      0.624      2.500
 370  370     -0.178      0.536      2.500
 369  372     -0.176      0.769      2.500
 373  369     -0.174      0.306      2.500
 374  371     -0.173     -0.457      2.500
 371  373     -0.171      0.730      2.500
 372  374     -0.170      0.673      2.500
 375  378     -0.166     -0.904      2.500
 376  375     -0.166     -0.579      2.500
 377  383     -0.161      0.694      2.500
 378  382     -0.159      0.460      2.500
 381  379     -0.158     -0.429      2.500
 384  376     -0.158     -0.279      2.500
 379  385     -0.157      0.525      2.500
 383  380     -0.157     -0.368      2.500
 380  384     -0.157     -0.581      2.500
 387  377     -0.156      0.021      2.500
 385  381     -0.155     -0.349      2.500
 382  389     -0.153     -0.728      2.500
 388  388     -0.150     -0.447      2.500
 391  386     -0.150     -0.089      2.500
 390  387     -0.150      0.135      2.500
 386  390     -0.149      0.577      2.500
 389  391     -0.143     -0.665      2.500
 393  393     -0.139      0.347      2.500
 392  395     -0.138     -0.555      2.500
 396  392     -0.137     -0.298      2.500
 395  394     -0.137      0.327      2.500
 394  400     -0.133     -0.693      2.500
 401  396     -0.131     -0.178      2.500
 402  397     -0.130     -0.095      2.500
 397  405     -0.129      0.598      2.500
 404  398     -0.128     -0.148      2.500
 399  402     -0.128     -0.506      2.500
 398  406     -0.128      0.557      2.500
  -1   -2     -0.127     -0.498      2.500
 406  399     -0.127     -0.074      2.500
 405  401     -0.126     -0.299      2.500
 403  403     -0.126     -0.412      2.500
 412  407     -0.121     -0.169      2.500
 407  408     -0.120     -0.655      2.500
 408  409     -0.116      0.700      2.500
 409  411     -0.115      0.713      2.500
 411  410     -0.114     -0.782      2.500
 410  413     -0.115      0.808      2.500
 413  415     -0.111     -0.838      2.500
 414  412     -0.111      0.430      2.500
 415  418     -0.108      0.649      2.500
 416  417     -0.107     -0.599      2.500
 417  414     -0.106      0.104      2.500
 419  416     -0.104     -0.070      2.500
 420  419     -0.100     -0.499      2.500
 418  422     -0.098     -0.788      2.500
 421  421     -0.098      0.367      2.500
  -1   -2     -0.098      0.360      2.500
 424  424     -0.085     -0.481      2.500
 423  425     -0.085      0.665      2.500
 425  423     -0.083      0.114      2.500
 426  426     -0.076      0.528      2.500
 427  428     -0.074      0.376      2.500
 429  427     -0.072      0.177      2.500
 428  432     -0.070      0.637      2.500
 430  429     -0.070      0.156      2.500
 431  431     -0.066     -0.273      2.500
 432  430     -0.066     -0.083      2.500
 433  433     -0.063     -0.331      2.500
 435  434     -0.061     -0.241      2.500
 436  435     -0.061      0.137      2.500
 437  436     -0.060     -0.310      2.500
 434  437     -0.059     -0.619      2.500
 438  438     -0.055     -0.380      2.500
 439  439     -0.051      0.482      2.500
  -1   -2     -0.050      0.473      2.500
 440  441     -0.050     -0.563      2.500
 442  440     -0.049      0.247      2.500
 443  446     -0.041      0.778      2.500
 444  444     -0.039     -0.511      2.500
 446  443     -0.039     -0.305      2.500
 445  445     -0.039      0.381      2.500
 447  449     -0.035      0.714      2.500
 449  447     -0.035     -0.215      2.500
 448  448     -0.035      0.178      2.500
 450  450     -0.029     -0.610      2.500
 451  453     -0.027      0.819      2.500
 453  452     -0.026     -0.025      2.500
 454  451     -0.026     -0.090      2.500
 452  455     -0.024      0.551      2.500
 456  454     -0.023     -0.363      2.500
 455  456     -0.022     -0.646      2.500
 457  457     -0.021     -0.550      2.500
 458  458     -0.018     -0.850      2.500
 459  459     -0.014     -0.861      2.500
 460  460     -0.012     -0.901      2.500
 461  461     -0.010     -0.460      2.500
 462  463     -0.010      0.456      2.500
 465  462     -0.009     -0.050      2.500
 463  465     -0.008     -0.742      2.500
 464  464     -0.008      0.382      2.500
 467  466     -0.006      0.228      2.500
 466  468     -0.006     -0.757      2.500
 468  467     -0.005     -0.271      2.500
 469  469     -0.004      0.660      2.500
 470  470     -0.000     -0.487      2.500
 471  471      0.002     -0.604      2.500
 472  472      0.002      0.441      2.500
 474  474      0.004     -0.518      2.500
 473  473      0.004     -0.898      2.500
 476  475      0.005     -0.092      2.500
 475  476      0.005     -0.669      2.500
 477  477      0.007      0.318      2.500
 478  480      0.008     -0.842      2.500
 480  478      0.008      0.039      2.500
 481  479      0.008      0.020      2.500
 479  482      0.009      0.771      2.500
 482  481      0.009     -0.129      2.500
 483  483      0.012      0.505      2.500
 485  484      0.013      0.204      2.500
 484  485      0.013      0.661      2.500
 486  486      0.015      0.357      2.500
 487  487      0.015     -0.795      2.500
 488  488      0.016     -0.515      2.500
 490  489      0.017      0.063      2.500
 489  490      0.017      0.714      2.500
 492  492      0.019     -0.586      2.500
 491  491      0.019      0.235      2.500
 493  493      0.019      0.792      2.500
 494  494      0.019     -0.328      2.500
 495  495      0.021      0.103      2.500
 496  496      0.023      0.138      2.500
 497  497      0.024     -0.011      2.500
 498  499      0.026     -0.486      2.500
 499  498      0.026     -0.673      2.500
 500  500      0.027     -0.564      2.500
 501  501      0.029      0.585      2.500
 502  502      0.029     -0.518      2.500
 503  503      0.031      0.249      2.500
  -1   -2      0.033     -0.560      2.500
 505  505      0.033     -0.713      2.500
 506  506      0.035     -0.644      2.500
 507  507      0.036     -0.665      2.500
 508  508      0.038      0.821      2.500
 509  509      0.040      0.024      2.500
 510  510      0.045     -0.292      2.500
 511  511      0.046     -0.454      2.500
 512  512      0.048      0.232      2.500
 513  513      0.053      0.038      2.500
 514  514      0.055     -0.160      2.500
 515  515      0.055     -0.135      2.500
 516  516      0.057     -0.404      2.500
 518  517      0.058      0.496      2.500
 517  518      0.058     -0.253      2.500
 519  519      0.061      0.117      2.500
 521  520      0.064     -0.716      2.500
 520  523      0.065      0.074      2.500
 523  521      0.066      0.686      2.500
 522  524      0.067     -0.255      2.500
 524  522      0.067      0.644      2.500
 525  525      0.070     -0.703      2.500
 527  526      0.073      0.636      2.500
 526  527      0.074      0.158      2.500
 528  528      0.076      0.511      2.500
 530  529      0.078      0.339      2.500
 529  530      0.079     -0.028      2.500
 531  531      0.084     -0.544      2.500
 532  532      0.085      0.300      2.500
 533  533      0.086     -0.464      2.500
 534  534      0.095      0.029      2.500
 535  535      0.101      0.362      2.500
 537  536      0.103     -0.696      2.500
 536  539      0.104     -0.349      2.500
 538  537      0.104     -0.771      2.500
 540  538      0.106     -0.890      2.500
 539  540      0.110      0.201      2.500
 541  541      0.110      0.173      2.500
 542  542      0.113     -0.448      2.500
  -1   -2      0.115      0.197      2.500
 544  545      0.117     -0.090      2.500
 545  544      0.117      0.027      2.500
 550  546      0.121     -0.633      2.500
 547  547      0.122     -0.468      2.500
 546  550      0.123     -0.224      2.500
 548  553      0.125      0.058      2.500
 549  554      0.126     -0.087      2.500
 553  548      0.127      0.744      2.500
 554  549      0.127      0.658      2.500
 551  556      0.128     -0.250      2.500
 555  551      0.128      0.614      2.500
 557  552      0.130     -0.861      2.500
 552  558      0.130     -0.013      2.500
 560  555      0.133     -0.815      2.500
 558  559      0.134      0.273      2.500
 561  557      0.135      0.602      2.500
 556  560      0.135     -0.235      2.500
 559  563      0.138      0.036      2.500
 563  561      0.142     -0.893      2.500
 564  562      0.143      0.789      2.500
 562  564      0.144     -0.560      2.500
 565  568      0.151      0.253      2.500
 570   -2      0.152     -0.536      2.500
 572  567      0.154      0.484      2.500
  -1  565      0.154     -0.522      2.500
 574  566      0.155     -0.846      2.500
 567  572      0.156      0.029      2.500
 569  571      0.156      0.095      2.500
 568  574      0.157     -0.067      2.500
 571  573      0.157     -0.257      2.500
 575  570      0.159     -0.592      2.500
 573  575      0.162     -0.048      2.500
 576  576      0.167      0.321      2.500
 577  581      0.171     -0.203      2.500
 578  582      0.173      0.052      2.500
 579  578      0.173     -0.663      2.500
 581  577      0.174     -0.889      2.500
 582  579      0.175      0.721      2.500
 583  580      0.176     -0.828      2.500
 580  583      0.177      0.354      2.500
  -1   -2      0.184     -0.531      2.500
 587  588      0.185     -0.491      2.500
 590  584      0.185      0.657      2.500
 584  591      0.186      0.259      2.500
 592  585      0.187     -0.824      2.500
 585  594      0.188      0.128      2.500
 589  590      0.188     -0.539      2.500
 588  592      0.189     -0.350      2.500
  -1   -2      0.190     -0.893      2.500
 598  589      0.192      0.794      2.500
 593  596      0.193      0.421      2.500
 597  595      0.194      0.484      2.500
 591  600      0.194     -0.262      2.500
 605  593      0.196     -0.897      2.500
 599  599      0.197     -0.492      2.500
 608  597      0.198     -0.860      2.500
 607  598      0.198      0.682      2.500
 594  603      0.198      0.053      2.500
 595  604      0.198     -0.190      2.500
 600  602      0.199     -0.398      2.500
 604  601      0.200     -0.509      2.500
 601  605      0.201      0.156      2.500
 603  606      0.202      0.139      2.500
 602  607      0.203      0.044      2.500
 606  611      0.207     -0.127      2.500
 610  609      0.209      0.347      2.500
 609  612      0.210      0.011      2.500
 616  608      0.215      0.747      2.500
 614  610      0.215     -0.667      2.500
 613  613      0.216     -0.543      2.500
 611  615      0.216     -0.149      2.500
 612  618      0.219      0.097      2.500
 619  614      0.222      0.740      2.500
 617  616      0.222     -0.899      2.500
 615  619      0.223     -0.248      2.500
 624  617      0.229     -0.868      2.500
 622  620      0.230      0.280      2.500
 618  622      0.231     -0.140      2.500
 620  621      0.232      0.160      2.500
 621  625      0.233     -0.029      2.500
 623  628      0.236     -0.054      2.500
 625  623      0.240      0.498      2.500
 628  627      0.244      0.589      2.500
 626  631      0.244     -0.392      2.500
 630  624      0.244     -0.862      2.500
 631  626      0.245      0.718      2.500
 629  629      0.245     -0.604      2.500
 627  630      0.246      0.348      2.500
 633  632      0.250     -0.630      2.500
 632  636      0.256     -0.278      2.500
 638  633      0.258      0.799      2.500
 634  634      0.259     -0.556      2.500
 636  635      0.261      0.488      2.500
 635  639      0.264     -0.436      2.500
 640  638      0.267      0.562      2.500
 641  637      0.267      0.610      2.500
 639  641      0.270     -0.304      2.500
 637  642      0.270     -0.117      2.500
 643  640      0.276     -0.609      2.500
 642  644      0.282      0.071      2.500
 644  643      0.283      0.235      2.500
 647  647      0.288     -0.346      2.500
 645  650      0.288      0.121      2.500
 650  645      0.290     -0.553      2.500
 646  652      0.290      0.007      2.500
 649  649      0.290      0.327      2.500
 651  651      0.294     -0.435      2.500
 653  646      0.295      0.587      2.500
 648  656      0.295     -0.007      2.500
 661  648      0.298      0.820      2.500
 656  654      0.301      0.396      2.500
 657  657      0.302     -0.472      2.500
 652  660      0.303     -0.205      2.500
 666  653      0.305      0.637      2.500
 654  663      0.306      0.118      2.500
 663  658      0.306      0.449      2.500
 658  662      0.307      0.189      2.500
 655  664      0.308      0.065      2.500
 669  655      0.308     -0.782      2.500
 659  665      0.309      0.142      2.500
 668  661      0.312      0.406      2.500
 660  668      0.313     -0.030      2.500
 662  670      0.314      0.038      2.500
 670  659      0.315      0.671      2.500
 665  667      0.315     -0.314      2.500
 664  671      0.316      0.101      2.500
 667  672      0.319      0.046      2.500
 672  666      0.322     -0.806      2.500
 674  669      0.327     -0.772      2.500
 673  673      0.328      0.498      2.500
 671  675      0.328      0.297      2.500
 676  674      0.337      0.746      2.500
 675  678      0.337      0.425      2.500
 677  676      0.337     -0.763      2.500
 681  677      0.339     -0.887      2.500
 680  679      0.341     -0.702      2.500
 682  680      0.343     -0.645      2.500
 684  682      0.344      0.542      2.500
  -1   -2      0.346     -0.804      2.500
 683  684      0.349     -0.462      2.500
 678  692      0.352      0.006      2.500
 679  691      0.353      0.093      2.500
 693  683      0.353     -0.805      2.500
 690  685      0.355      0.416      2.500
 689  686      0.355      0.403      2.500
 691  688      0.356      0.371      2.500
 688  690      0.356     -0.409      2.500
 694  687      0.358     -0.607      2.500
 686  695      0.359     -0.221      2.500
 685  696      0.359     -0.146      2.500
 695  689      0.360     -0.567      2.500
 692  699      0.365     -0.195      2.500
 696  698      0.367      0.326      2.500
 699  694      0.367     -0.581      2.500
 700  693      0.368      0.499      2.500
 697  701      0.371      0.253      2.500
 704  697      0.373      0.606      2.500
 698  705      0.377     -0.189      2.500
 701  706      0.380     -0.107      2.500
 708  700      0.381     -0.768      2.500
 702  709      0.383     -0.003      2.500
 703  711      0.384      0.007      2.500
 711  704      0.387      0.537      2.500
 705  713      0.388      0.132      2.500
 707  708      0.389      0.351      2.500
 713  702      0.389      0.679      2.500
 709  707      0.390      0.397      2.500
 715  703      0.390      0.731      2.500
 706  715      0.393      0.085      2.500
 712  712      0.393     -0.459      2.500
 716  714      0.398      0.429      2.500
 710  719      0.399     -0.111      2.500
 718  710      0.398     -0.759      2.500
 714  721      0.403     -0.282      2.500
 719  720      0.407      0.364      2.500
 722  716      0.407     -0.713      2.500
 717  725      0.409     -0.153      2.500
 720  724      0.410      0.242      2.500
 727  717      0.412     -0.904      2.500
  -1   -2      0.413      0.688      2.500
 723  722      0.414     -0.647      2.500
 721  729      0.417     -0.016      2.500
 729  723      0.419      0.731      2.500
 730  727      0.423     -0.673      2.500
 732  726      0.425      0.687      2.500
 724  730      0.426     -0.161      2.500
 725  734      0.427      0.022      2.500
 728  731      0.429     -0.332      2.500
 734  728      0.429     -0.873      2.500
 733  733      0.435     -0.523      2.500
 731  741      0.438     -0.037      2.500
 736  732      0.442     -0.894      2.500
 742  735      0.442     -0.705      2.500
 735  742      0.443      0.233      2.500
 737  740      0.443     -0.417      2.500
 745  737      0.445     -0.718      2.500
 739  743      0.446      0.319      2.500
 747  736      0.447      0.712      2.500
 746  738      0.448     -0.686      2.500
 748  739      0.450      0.646      2.500
 738  745      0.451     -0.024      2.500
 740  747      0.454     -0.148      2.500
 741  746      0.454     -0.159      2.500
 749  744      0.458      0.337      2.500
 743  751      0.458     -0.205      2.500
 753  750      0.467      0.426      2.500
 750  755      0.469     -0.389      2.500
 757  749      0.471     -0.722      2.500
 755  752      0.471      0.518      2.500
 758  748      0.471     -0.766      2.500
 751  757      0.472      0.178      2.500
 752  758      0.475      0.062      2.500
 759  754      0.475      0.573      2.500
 762  753      0.477     -0.822      2.500
 754  764      0.481     -0.127      2.500
 756  765      0.483      0.148      2.500
 764  756      0.483      0.692      2.500
 763  760      0.485     -0.551      2.500
 760  768      0.488      0.154      2.500
 761  770      0.490      0.035      2.500
 766  759      0.491      0.831      2.500
 767  761      0.493      0.792      2.500
 769  762      0.493     -0.886      2.500
 765  767      0.495     -0.505      2.500
 771  763      0.497      0.724      2.500
 770  766      0.498     -0.653      2.500
 772  769      0.501     -0.662      2.500
 773  771      0.505      0.451      2.500
 768  774      0.506      0.218      2.500
 774  773      0.510     -0.540      2.500
 778  772      0.513      0.664      2.500
 776  775      0.514     -0.460      2.500
 775  778      0.516      0.259      2.500
 777  777      0.517      0.333      2.500
 780  776      0.520      0.471      2.500
 783  780      0.529     -0.517      2.500
 779  785      0.530     -0.005      2.500
 786  779      0.532      0.610      2.500
 787  781      0.534      0.530      2.500
 781  788      0.534     -0.128      2.500
 785  782      0.534     -0.597      2.500
 791  783      0.536     -0.629      2.500
 782  789      0.536      0.122      2.500
 788  786      0.538     -0.504      2.500
 793  784      0.539      0.488      2.500
 792  787      0.540     -0.511      2.500
 790  790      0.543     -0.360      2.500
 784  792      0.545      0.003      2.500
 789  793      0.546     -0.216      2.500
 795  791      0.549      0.348      2.500
 794  796      0.554     -0.244      2.500
 796  799      0.556     -0.198      2.500
 797  795      0.558      0.356      2.500
 800  794      0.562     -0.759      2.500
 799  798      0.564     -0.534      2.500
 798  803      0.569     -0.102      2.500
 802  797      0.570     -0.901      2.500
 804  800      0.575     -0.723      2.500
 806  801      0.577      0.774      2.500
 807  802      0.578      0.761      2.500
 801  806      0.578     -0.297      2.500
 805  805      0.580     -0.553      2.500
  -1   -2      0.585     -0.297      2.500
 813  804      0.586     -0.825      2.500
 817  807      0.590      0.713      2.500
 812  810      0.591     -0.572      2.500
 811  813      0.591     -0.531      2.500
 816  809      0.592      0.501      2.500
 818  808      0.593     -0.708      2.500
 808  817      0.593      0.001      2.500
 809  819      0.596     -0.089      2.500
 820  811      0.597      0.696      2.500
 815  815      0.597      0.320      2.500
 810  818      0.597      0.185      2.500
 814  820      0.602     -0.146      2.500
 822  814      0.602     -0.902      2.500
 821  816      0.602      0.521      2.500
 819  822      0.607     -0.184      2.500
 826  821      0.614      0.468      2.500
 823  823      0.615     -0.322      2.500
 827  824      0.619     -0.415      2.500
 825  826      0.620      0.004      2.500
 824  827      0.620     -0.007      2.500
 828  825      0.629      0.582      2.500
 830  829      0.635     -0.536      2.500
 832  828      0.637      0.585      2.500
 829  834      0.640      0.094      2.500
 835  830      0.645     -0.814      2.500
 834  832      0.645     -0.650      2.500
 831  839      0.646     -0.020      2.500
 833  837      0.647      0.233      2.500
 839  831      0.647      0.729      2.500
 837  833      0.649      0.537      2.500
 840  835      0.652      0.647      2.500
 844  836      0.654     -0.820      2.500
 838  840      0.654      0.329      2.500
 836  846      0.657      0.146      2.500
 841  842      0.657     -0.898      2.500
 845  838      0.657     -0.805      2.500
 843  845      0.660      0.362      2.500
 850  841      0.662      0.779      2.500
 847  844      0.662     -0.600      2.500
 842  851      0.664     -0.214      2.500
 846  848      0.665      0.357      2.500
 852  847      0.668      0.512      2.500
 848  854      0.672      0.068      2.500
 854  852      0.672      0.380      2.500
 856  850      0.674      0.582      2.500
 849  855      0.674     -0.164      2.500
 860  849      0.675      0.792      2.500
 858  853      0.677      0.479      2.500
 851  858      0.677      0.041      2.500
 853  859      0.678     -0.190      2.500
 855  861      0.679      0.059      2.500
 859  860      0.682     -0.412      2.500
 857  862      0.682     -0.234      2.500
 861  856      0.684     -0.663      2.500
 864  857      0.687      0.620      2.500
 862  866      0.692      0.175      2.500
 868  863      0.694     -0.818      2.500
 865  864      0.694     -0.619      2.500
 863  870      0.696      0.020      2.500
 870  865      0.698      0.672      2.500
 867  869      0.699     -0.470      2.500
 872  867      0.702      0.578      2.500
 871  868      0.702     -0.630      2.500
 866  873      0.703     -0.133      2.500
 875  871      0.707      0.619      2.500
 869  876      0.707     -0.197      2.500
 878  872      0.710     -0.774      2.500
 873  880      0.714     -0.334      2.500
 876  879      0.714     -0.415      2.500
 880  875      0.715      0.701      2.500
 874  881      0.715      0.155      2.500
 881  874      0.715     -0.836      2.500
 884  877      0.718     -0.787      2.500
 883  878      0.718     -0.746      2.500
 877  883      0.720      0.062      2.500
 879  884      0.724      0.029      2.500
 886  882      0.728      0.725      2.500
 882  887      0.728     -0.105      2.500
 885  886      0.728     -0.368      2.500
 889  885      0.733      0.569      2.500
 888  893      0.737      0.193      2.500
 892  888      0.737     -0.782      2.500
 890  890      0.738      0.333      2.500
 887  896      0.738     -0.005      2.500
 893  889      0.738     -0.721      2.500
 894  891      0.741     -0.578      2.500
  -1   -2      0.741      0.203      2.500
  -1   -2      0.741     -0.590      2.500
 896  899      0.746      0.373      2.500
 900  894      0.745     -0.784      2.500
 899  898      0.748      0.534      2.500
 902  895      0.747     -0.850      2.500
 903  900      0.750     -0.706      2.500
 897  903      0.751     -0.214      2.500
 907  901      0.752      0.659      2.500
 898  906      0.753     -0.095      2.500
 904  902      0.754      0.390      2.500
 906  904      0.755     -0.475      2.500
 905  905      0.755     -0.454      2.500
 901  907      0.756     -0.018      2.500
 909  909      0.762      0.302      2.500
 908  910      0.762     -0.265      2.500
 910  911      0.764      0.273      2.500
 913  908      0.766      0.799      2.500
 911  912      0.767      0.457      2.500
 916  913      0.770      0.710      2.500
 912  918      0.771      0.149      2.500
 915  920      0.773     -0.398      2.500
 920  914      0.773     -0.856      2.500
 919  915      0.774      0.628      2.500
 918  917      0.775      0.414      2.500
 914  922      0.775     -0.062      2.500
 924  916      0.776      0.744      2.500
 921  919      0.776     -0.701      2.500
 917  923      0.777     -0.028      2.500
 922  921      0.778      0.478      2.500
 923  927      0.783     -0.017      2.500
 925  925      0.786     -0.461      2.500
 928  926      0.789      0.532      2.500
 929  924      0.789      0.725      2.500
 927  928      0.788      0.192      2.500
 926  929      0.788     -0.275      2.500
 932  930      0.795      0.583      2.500
 930  933      0.795     -0.053      2.500
 933  931      0.797      0.782      2.500
 931  932      0.797      0.280      2.500
 934  934      0.804      0.681      2.500
  -1   -2      0.807      0.552      2.500
 936  935      0.808      0.729      2.500
 938  937      0.809     -0.716      2.500
 939  938      0.812      0.543      2.500
 937  939      0.812      0.224      2.500
  -1   -2      0.816      0.231      2.500
 942  940      0.817      0.473      2.500
 941  943      0.818     -0.073      2.500
 943  945      0.821      0.105      2.500
 945  942      0.821     -0.641      2.500
 944  944      0.821     -0.479      2.500
 946  946      0.823      0.339      2.500
 949  947      0.825     -0.626      2.500
 948  949      0.827      0.445      2.500
 950  948      0.827      0.524      2.500
 947  950      0.828     -0.135      2.500
 951  952      0.830      0.212      2.500
 952  953      0.832     -0.011      2.500
 955  951      0.833      0.704      2.500
 953  956      0.833     -0.253      2.500
 958  954      0.835     -0.631      2.500
 957  955      0.835     -0.574      2.500
 954  957      0.836     -0.081      2.500
 956  959      0.837      0.018      2.500
 959  958      0.838     -0.469      2.500
 960  960      0.842     -0.379      2.500
 961  961      0.845      0.213      2.500
 962  962      0.851     -0.648      2.500
 965  963      0.854     -0.852      2.500
 964  965      0.855      0.394      2.500
 966  964      0.855     -0.865      2.500
 963  967      0.856     -0.205      2.500
 968  966      0.856     -0.818      2.500
 967  968      0.858     -0.350      2.500
 969  969      0.859     -0.315      2.500
 971  971      0.861     -0.535      2.500
 972  970      0.861     -0.886      2.500
 970  972      0.862     -0.168      2.500
 973  973      0.873      0.382      2.500
 975  974      0.874     -0.898      2.500
 974  975      0.875      0.171      2.500
 976  976      0.879      0.762      2.500
 977  977      0.880      0.714      2.500
 978  978      0.880      0.826      2.500
 979  979      0.882      0.611      2.500
 980  980      0.882     -0.512      2.500
 981  981      0.883     -0.772      2.500
 983  982      0.891     -0.645      2.500
 982  983      0.892     -0.211      2.500
 984  985      0.894      0.355      2.500
 985  984      0.895      0.677      2.500
 986  986      0.894     -0.589      2.500
 987  987      0.901      0.324      2.500
 988  988      0.901     -0.442      2.500
 990  989      0.904     -0.315      2.500
 989  990      0.904     -0.020      2.500
 991  991      0.907      0.562      2.500
 993  992      0.908     -0.790      2.500
  -1   -2      0.909      0.276      2.500
 994  997      0.910      0.267      2.500
 996  993      0.910      0.800      2.500
 995  995      0.910      0.488      2.500
 998  996      0.911      0.592      2.500
 999  998      0.910     -0.720      2.500
 997  999      0.912      0.092      2.500
