1002
  -1    0     -0.824      0.535      2.500
   0    1     -0.823      0.182      2.500
   1    2     -0.822      0.010      2.500
   2    3     -0.819     -0.163      2.500
   3    4     -0.815     -0.257      2.500
   4    6     -0.815     -0.080      2.500
   5    5     -0.815      0.356      2.500
   6    7     -0.815     -0.516      2.500
   7    8     -0.816      0.793      2.500
   9   13     -0.814     -0.734      2.500
  10   10     -0.814     -0.298      2.500
  11    9     -0.814      0.138      2.500
   8   11     -0.815      0.574      2.500
  12   14     -0.814      0.648      2.500
  13   -2     -0.812     -0.728      2.500
  -1   -2     -0.813      0.654      2.500
  15   12     -0.812     -0.316      2.500
  16   16     -0.809      0.226      2.500
  17   17     -0.806     -0.223      2.500
  18   18     -0.803     -0.050      2.500
  20   19     -0.801     -0.231      2.500
  21   20     -0.801      0.334      2.500
  19   21     -0.801      0.508      2.500
  22   22     -0.800      0.311      2.500
  23   23     -0.797     -0.479      2.500
  24   24     -0.795     -0.146      2.500
  26   25     -0.794     -0.254      2.500
  25   26     -0.794      0.597      2.500
  27   28     -0.793      0.807      2.500
  29   27     -0.790     -0.452      2.500
  28   30     -0.789     -0.891      2.500
  30   29     -0.789      0.158      2.500
  31   31     -0.788      0.520      2.500
  32   32     -0.783      0.069      2.500
  33   33     -0.780      0.153      2.500
  34   35     -0.777     -0.640      2.500
  35   34     -0.778     -0.315      2.500
  36   38     -0.775      0.706      2.500
  38   36     -0.774      0.376      2.500
  39   37     -0.773      0.171      2.500
  37   39     -0.773      0.502      2.500
  41   40     -0.771      0.279      2.500
  40   42     -0.768     -0.676      2.500
  43   41     -0.769      0.426      2.500
  42   43     -0.769      0.619      2.500
  44   45     -0.766      0.332      2.500
  45   44     -0.765     -0.208      2.500
  46   47     -0.760     -0.858      2.500
  47   46     -0.760     -0.702      2.500
  48   48     -0.756     -0.250      2.500
  49   50     -0.752      0.654      2.500
  51   49     -0.749     -0.276      2.500
  50   53     -0.748     -0.858      2.500
  54   51     -0.747     -0.066      2.500
  55   52     -0.746      0.050      2.500
  52   58     -0.745      0.790      2.500
  53   57     -0.744      0.571      2.500
  56   55     -0.743     -0.528      2.500
  57   54     -0.743      0.144      2.500
  58   56     -0.740     -0.213      2.500
  59   59     -0.738      0.382      2.500
  61   61     -0.736     -0.299      2.500
  60   62     -0.735     -0.360      2.500
  62   60     -0.735      0.008      2.500
  64   63     -0.733     -0.037      2.500
  65   64     -0.732     -0.169      2.500
  63   66     -0.730     -0.498      2.500
  68   65     -0.729     -0.127      2.500
  66   69     -0.728      0.432      2.500
  71   67     -0.726      0.173      2.500
  72   68     -0.725      0.103      2.500
  67   71     -0.724     -0.662      2.500
  74   70     -0.724     -0.100      2.500
  69   73     -0.724      0.559      2.500
  70   74     -0.723      0.546      2.500
  73   75     -0.720     -0.632      2.500
  75   72     -0.720     -0.212      2.500
  78   76     -0.714      0.116      2.500
  76   80     -0.712     -0.847      2.500
  77   78     -0.713      0.489      2.500
  79   77     -0.712      0.246      2.500
  82   79     -0.707     -0.361      2.500
  80   84     -0.707      0.774      2.500
  83   81     -0.707      0.205      2.500
  81   83     -0.706      0.522      2.500
  84   82     -0.704     -0.219      2.500
  86   86     -0.696      0.229      2.500
  85   88     -0.696     -0.694      2.500
  88   85     -0.695     -0.034      2.500
  89   87     -0.692      0.084      2.500
  87   90     -0.690      0.687      2.500
  90   91     -0.686     -0.551      2.500
  92   89     -0.685     -0.368      2.500
  91   95     -0.679     -0.811      2.500
  93   96     -0.678     -0.781      2.500
  98   92     -0.676     -0.277      2.500
  94   97     -0.676      0.544      2.500
  97   94     -0.676      0.327      2.500
 101   93     -0.675     -0.082      2.500
  95   99     -0.673     -0.689      2.500
  96  100     -0.671      0.718      2.500
  99  101     -0.670      0.597      2.500
 103   98     -0.668     -0.212      2.500
  -1  103     -0.667      0.593      2.500
 100  104     -0.665     -0.899      2.500
 102  105     -0.663     -0.849      2.500
 105  102     -0.663     -0.428      2.500
 104  112     -0.659      0.745      2.500
 107  107     -0.659      0.463      2.500
 106  113     -0.655     -0.807      2.500
 109  111     -0.653     -0.434      2.500
 113  106     -0.653      0.087      2.500
 111  109     -0.653     -0.318      2.500
 115  108     -0.652      0.053      2.500
 114  110     -0.652     -0.286      2.500
 110  114     -0.651      0.432      2.500
 112  115     -0.649     -0.899      2.500
 108  117     -0.650      0.566      2.500
 116  116     -0.645     -0.205      2.500
 118  118     -0.634      0.484      2.500
 117  121     -0.632     -0.859      2.500
 119  119     -0.629      0.165      2.500
 120  120     -0.627     -0.265      2.500
 121  124     -0.619      0.470      2.500
 123  125     -0.616     -0.454      2.500
 124  122     -0.616     -0.319      2.500
 122  127     -0.615     -0.590      2.500
 128  123     -0.614     -0.244      2.500
 126  126     -0.613      0.291      2.500
 127  128     -0.611     -0.482      2.500
 130  130     -0.609      0.392      2.500
 129  132     -0.607      0.489      2.500
 125  135     -0.605     -0.783      2.500
 135  129     -0.604     -0.208      2.500
 132  133     -0.603     -0.500      2.500
 134  134     -0.601      0.452      2.500
 140  131     -0.600     -0.001      2.500
 133  140     -0.599      0.608      2.500
 131  143     -0.598     -0.880      2.500
 138  138     -0.596      0.383      2.500
 136  141     -0.596      0.428      2.500
 137  139     -0.595     -0.526      2.500
 141  137     -0.595      0.248      2.500
 139  145     -0.593      0.481      2.500
 145  136     -0.591      0.022      2.500
 146  142     -0.590      0.138      2.500
 143  147     -0.587     -0.436      2.500
 147  144     -0.587     -0.253      2.500
 150  146     -0.584     -0.000      2.500
 142  152     -0.583     -0.809      2.500
 149  148     -0.584      0.109      2.500
 148  149     -0.582     -0.355      2.500
 144  153     -0.581      0.670      2.500
 153  150     -0.579     -0.227      2.500
 155  151     -0.574      0.196      2.500
 151  158     -0.570     -0.905      2.500
 154  154     -0.570     -0.536      2.500
 152  160     -0.568     -0.763      2.500
 156  156     -0.568      0.427      2.500
 157  159     -0.562     -0.416      2.500
 158  155     -0.560     -0.115      2.500
 161  157     -0.558     -0.011      2.500
 160  162     -0.557      0.164      2.500
 164  161     -0.555      0.024      2.500
 165  163     -0.554     -0.088      2.500
 159  166     -0.548      0.575      2.500
 167  164     -0.547     -0.495      2.500
 169  167     -0.544      0.444      2.500
 162  169     -0.543     -0.784      2.500
 163  170     -0.543      0.774      2.500
 168  171     -0.540     -0.701      2.500
 166  173     -0.539     -0.824      2.500
 171  165     -0.539     -0.169      2.500
 170  174     -0.534     -0.664      2.500
 173  168     -0.534      0.205      2.500
 174  172     -0.527     -0.216      2.500
 172  177     -0.525      0.808      2.500
 177  175     -0.520      0.258      2.500
 175  180     -0.518      0.509      2.500
 176  179     -0.518      0.481      2.500
 179  178     -0.516     -0.434      2.500
 183  176     -0.514     -0.061      2.500
 178  183     -0.511      0.525      2.500
 186  181     -0.507     -0.022      2.500
 187  182     -0.505     -0.193      2.500
 181  186     -0.505      0.507      2.500
 184  185     -0.503      0.413      2.500
 182  187     -0.503      0.563      2.500
 180  189     -0.502      0.732      2.500
 188  184     -0.498     -0.106      2.500
 185  190     -0.493     -0.894      2.500
  -1  192     -0.489     -0.074      2.500
 189  191     -0.487     -0.555      2.500
 190  193     -0.483      0.480      2.500
 192  195     -0.479      0.592      2.500
 191  196     -0.479      0.683      2.500
 193  203     -0.477     -0.073      2.500
 194  199     -0.474      0.743      2.500
 196  201     -0.471     -0.687      2.500
 195  202     -0.471      0.657      2.500
 197  198     -0.471      0.471      2.500
 202  194     -0.470      0.213      2.500
 198  206     -0.464     -0.750      2.500
  -1   -2     -0.464     -0.685      2.500
 205  197     -0.464     -0.188      2.500
 203  204     -0.461      0.440      2.500
 201  212     -0.461      0.709      2.500
 207  200     -0.459     -0.197      2.500
 204  208     -0.457      0.433      2.500
 199   -2     -0.456     -0.070      2.500
 206  210     -0.455      0.397      2.500
 208  214     -0.451      0.391      2.500
 214  207     -0.450     -0.229      2.500
 209  215     -0.449      0.370      2.500
 215  209     -0.448     -0.184      2.500
 216  211     -0.447     -0.224      2.500
 211  218     -0.446      0.424      2.500
 213  217     -0.445     -0.464      2.500
 220  213     -0.444     -0.066      2.500
 221  216     -0.442      0.119      2.500
 212  221     -0.441      0.608      2.500
 223  222     -0.434     -0.501      2.500
 218  225     -0.434     -0.583      2.500
 226  219     -0.433      0.231      2.500
 224  224     -0.432     -0.899      2.500
 219  227     -0.431     -0.671      2.500
 217  232     -0.432      0.776      2.500
 222  230     -0.430     -0.705      2.500
 229  220     -0.429      0.036      2.500
 227  228     -0.426     -0.470      2.500
 232  223     -0.425     -0.086      2.500
 225  238     -0.423      0.682      2.500
  -1   -2     -0.421     -0.026      2.500
 231  234     -0.419      0.328      2.500
 239  229     -0.419      0.100      2.500
 230  239     -0.417     -0.578      2.500
 228  240     -0.417      0.575      2.500
 242  231     -0.416     -0.162      2.500
 245  233     -0.415     -0.022      2.500
 240  236     -0.414     -0.367      2.500
 237  237     -0.414     -0.444      2.500
 233  241     -0.413     -0.615      2.500
 246  235     -0.412      0.084      2.500
 234  243     -0.410      0.539      2.500
 238  245     -0.409      0.525      2.500
 235  248     -0.408     -0.690      2.500
 248  242     -0.406      0.262      2.500
 241  249     -0.404      0.655      2.500
 243  251     -0.402     -0.727      2.500
 244  252     -0.401      0.686      2.500
 249  250     -0.400      0.479      2.500
 251  244     -0.399     -0.247      2.500
 247  256     -0.396      0.722      2.500
 252  246     -0.396     -0.126      2.500
 256  247     -0.395     -0.119      2.500
 250  255     -0.392      0.485      2.500
 254  253     -0.389      0.329      2.500
 258  254     -0.383     -0.297      2.500
 253  259     -0.381      0.665      2.500
 261  257     -0.380     -0.234      2.500
 255  260     -0.380      0.695      2.500
 257  261     -0.379      0.644      2.500
 262  258     -0.375      0.343      2.500
 259  263     -0.373     -0.661      2.500
 264  262     -0.371     -0.551      2.500
 260  269     -0.368      0.760      2.500
 263  266     -0.368      0.589      2.500
 266  267     -0.365      0.528      2.500
 265  272     -0.362      0.751      2.500
 271  265     -0.362      0.283      2.500
 272  264     -0.360     -0.299      2.500
 268  271     -0.358      0.494      2.500
 269  274     -0.356      0.582      2.500
 267  279     -0.354     -0.832      2.500
 270  280     -0.353     -0.770      2.500
 278  268     -0.353     -0.088      2.500
 274  275     -0.353      0.458      2.500
 279  270     -0.352     -0.120      2.500
 273  281     -0.350      0.574      2.500
 275  284     -0.347      0.826      2.500
 283  273     -0.346      0.068      2.500
 276  286     -0.344     -0.896      2.500
 282  278     -0.343     -0.353      2.500
 284  277     -0.343      0.180      2.500
 285  276     -0.343     -0.241      2.500
  -1   -2     -0.341      0.573      2.500
 280  283     -0.341      0.449      2.500
 281  289     -0.335      0.583      2.500
 288  285     -0.334     -0.386      2.500
 290  282     -0.333      0.066      2.500
 286  292     -0.328     -0.815      2.500
 291  288     -0.328      0.220      2.500
 287  296     -0.327      0.823      2.500
 289  297     -0.323     -0.659      2.500
 292  290     -0.323     -0.418      2.500
 297  291     -0.317     -0.050      2.500
 294  298     -0.317      0.361      2.500
 295  299     -0.315     -0.463      2.500
 299  293     -0.315      0.071      2.500
 301  295     -0.313      0.106      2.500
 302  294     -0.313      0.031      2.500
 293  305     -0.313      0.832      2.500
 298  302     -0.309      0.364      2.500
 308  300     -0.308      0.083      2.500
 310  301     -0.307     -0.078      2.500
 296  311     -0.305      0.784      2.500
 300  307     -0.305     -0.569      2.500
 312  304     -0.301     -0.241      2.500
 313  303     -0.300     -0.138      2.500
 306  312     -0.299     -0.654      2.500
 309  309     -0.300      0.440      2.500
 304  313     -0.299     -0.764      2.500
 303  316     -0.299      0.766      2.500
 305  315     -0.298      0.651      2.500
 307  314     -0.298      0.592      2.500
 317  306     -0.297      0.072      2.500
 316  308     -0.296      0.178      2.500
 315  310     -0.295      0.253      2.500
 311  317     -0.292      0.610      2.500
 314  319     -0.285      0.792      2.500
 319  318     -0.283     -0.528      2.500
 318  320     -0.282      0.614      2.500
 321  323     -0.275      0.474      2.500
 320  325     -0.274      0.662      2.500
 323  324     -0.273      0.461      2.500
 325  322     -0.272      0.212      2.500
 328  321     -0.270     -0.207      2.500
 322  327     -0.269      0.789      2.500
 324  326     -0.268     -0.690      2.500
 326  328     -0.265     -0.613      2.500
 327  330     -0.260     -0.903      2.500
 329  331     -0.254      0.550      2.500
 335  329     -0.250     -0.001      2.500
 333  333     -0.249     -0.502      2.500
 330  335     -0.247      0.765      2.500
 331  334     -0.246      0.606      2.500
 332  336     -0.245     -0.713      2.500
 338  332     -0.243     -0.079      2.500
 334  337     -0.243      0.638      2.500
 340  338     -0.236      0.310      2.500
 336  343     -0.234      0.708      2.500
 337  342     -0.233     -0.733      2.500
 344  339     -0.231     -0.216      2.500
 339  344     -0.230     -0.810      2.500
 342  341     -0.229      0.368      2.500
 341  348     -0.226      0.815      2.500
 346  340     -0.225      0.080      2.500
 343  349     -0.222     -0.760      2.500
 347  345     -0.221     -0.398      2.500
 345  346     -0.221      0.353      2.500
 352  347     -0.215     -0.083      2.500
 349  355     -0.213     -0.899      2.500
 351  351     -0.213      0.217      2.500
 356  350     -0.211     -0.068      2.500
 350  357     -0.211     -0.518      2.500
 354  354     -0.211     -0.269      2.500
 357  352     -0.210     -0.140      2.500
 348  360     -0.210      0.561      2.500
 360  353     -0.210     -0.119      2.500
 359  356     -0.208     -0.283      2.500
 353  359     -0.207      0.384      2.500
 358  358     -0.206      0.274      2.500
 362  364     -0.202     -0.556      2.500
 361  365     -0.201      0.506      2.500
 355  369     -0.201      0.719      2.500
 365  363     -0.200     -0.360      2.500
 366  361     -0.200     -0.226      2.500
 363  366     -0.199     -0.508      2.500
 364  367     -0.198      0.386      2.500
 368  362     -0.197     -0.133      2.500
 370  368     -0.192     -0.332      2.500
 369  371     -0.190     -0.543      2.500
 367  372     -0.188      0.674      2.500
 372  370     -0.185     -0.225      2.500
 371  374     -0.183     -0.568      2.500
 377  375     -0.178     -0.345      2.500
 374  376     -0.178      0.435      2.500
 379  373     -0.177     -0.065      2.500
 375  378     -0.176      0.511      2.500
 373  379     -0.174     -0.794      2.500
 376  382     -0.171     -0.819      2.500
 382  377     -0.170      0.051      2.500
 378  383     -0.170      0.776      2.500
 380  380     -0.168     -0.498      2.500
 383  381     -0.165      0.223      2.500
 384  384     -0.162      0.241      2.500
 381  386     -0.161      0.822      2.500
 386  385     -0.160     -0.311      2.500
 387  387     -0.155     -0.469      2.500
 385  389     -0.154     -0.766      2.500
 388  388     -0.150      0.350      2.500
 389  392     -0.147      0.555      2.500
 390  391     -0.146      0.492      2.500
 392  390     -0.146     -0.469      2.500
 391  393     -0.145      0.434      2.500
  -1   -2     -0.140     -0.383      2.500
 395  395     -0.138     -0.390      2.500
 398  396     -0.135      0.055      2.500
 396  397     -0.135     -0.438      2.500
 394  399     -0.133      0.804      2.500
 397  398     -0.131      0.417      2.500
 399  401     -0.125      0.540      2.500
 400  400     -0.119     -0.073      2.500
  -1   -2     -0.113      0.242      2.500
 401  408     -0.112     -0.556      2.500
 404  405     -0.112      0.249      2.500
 405  406     -0.112      0.309      2.500
 409  403     -0.111      0.097      2.500
 403  409     -0.111      0.475      2.500
 410  404     -0.111      0.082      2.500
 408  407     -0.110     -0.378      2.500
 402  411     -0.110      0.803      2.500
 407  413     -0.107      0.604      2.500
 413  410     -0.106     -0.197      2.500
 411  414     -0.105     -0.636      2.500
 418  412     -0.102     -0.176      2.500
 412  419     -0.100      0.684      2.500
 419  415     -0.100      0.069      2.500
 414  422     -0.099      0.744      2.500
 416  417     -0.099      0.447      2.500
 415  424     -0.098      0.632      2.500
 417  420     -0.098     -0.588      2.500
 421  416     -0.097     -0.360      2.500
 422  421     -0.096     -0.476      2.500
 420  425     -0.095     -0.540      2.500
 425  418     -0.095     -0.238      2.500
 426  423     -0.093     -0.223      2.500
 423  427     -0.091     -0.891      2.500
 424  426     -0.091      0.497      2.500
 427  428     -0.083      0.252      2.500
 428  429     -0.077     -0.273      2.500
 430  430     -0.072      0.145      2.500
 429  431     -0.069     -0.704      2.500
 431  433     -0.067      0.560      2.500
 432  435     -0.067      0.634      2.500
 433  436     -0.065      0.654      2.500
 435  432     -0.065     -0.217      2.500
 436  434     -0.064     -0.156      2.500
 434  439     -0.061     -0.786      2.500
 437  437     -0.061      0.404      2.500
 440  438     -0.058      0.094      2.500
 438  442     -0.058      0.796      2.500
 439  443     -0.057     -0.711      2.500
 441  440     -0.054     -0.038      2.500
 442  441     -0.054     -0.078      2.500
 443  446     -0.049      0.580      2.500
 444  444     -0.049     -0.490      2.500
 445  445     -0.048     -0.430      2.500
  -1   -2     -0.045      0.340      2.500
 448  447     -0.045      0.251      2.500
 447  449     -0.044      0.350      2.500
 450  450     -0.043     -0.380      2.500
 449  451     -0.042      0.541      2.500
 451  452     -0.036     -0.257      2.500
 452  453     -0.026     -0.053      2.500
 453  454     -0.023     -0.477      2.500
 454  455     -0.020     -0.414      2.500
 455  456     -0.015     -0.191      2.500
 458  457     -0.015      0.127      2.500
 457  459     -0.014      0.425      2.500
 459  458     -0.014     -0.333      2.500
 456  461     -0.014      0.753      2.500
 461  460     -0.013     -0.517      2.500
 460  462     -0.013      0.651      2.500
 462  463     -0.009      0.250      2.500
 463  464     -0.007      0.320      2.500
 464  465     -0.005      0.807      2.500
 465  466     -0.003     -0.078      2.500
 466  468     -0.001     -0.800      2.500
 467  467     -0.001     -0.354      2.500
 470  469      0.002      0.001      2.500
 471  470      0.002     -0.010      2.500
 468  471      0.002     -0.818      2.500
 469  473      0.003     -0.637      2.500
 473  472      0.003     -0.101      2.500
 472  476      0.004     -0.883      2.500
 474  474      0.004     -0.899      2.500
 475  475      0.004      0.304      2.500
 476  478      0.005     -0.658      2.500
 477  477      0.005     -0.383      2.500
 478  480      0.006     -0.468      2.500
 479  479      0.006      0.195      2.500
 480  481      0.007      0.568      2.500
 481  482      0.011     -0.542      2.500
 482  483      0.012      0.109      2.500
 483  484      0.015     -0.787      2.500
 484  485      0.015      0.371      2.500
 486  486      0.016      0.227      2.500
 485  487      0.016      0.740      2.500
 487  488      0.017      0.016      2.500
 488  489      0.018     -0.380      2.500
 489  490      0.018      0.569      2.500
 490  491      0.020     -0.713      2.500
 491  492      0.020      0.131      2.500
 492  493      0.021     -0.230      2.500
 494  495      0.021      0.649      2.500
 493  494      0.021     -0.450      2.500
 495  496      0.022      0.776      2.500
 496  497      0.023      0.042      2.500
 497  498      0.026      0.065      2.500
 498  499      0.027     -0.548      2.500
 499  500      0.028     -0.029      2.500
 500  501      0.029     -0.354      2.500
 501  502      0.029     -0.427      2.500
 502  503      0.029      0.465      2.500
 503  504      0.032     -0.382      2.500
 504  505      0.033     -0.599      2.500
 505  506      0.034      0.808      2.500
  -1   -2      0.035     -0.423      2.500
 507  508      0.035     -0.513      2.500
 508  509      0.036     -0.537      2.500
 509  510      0.037      0.142      2.500
 510  512      0.053     -0.326      2.500
 512  511      0.054      0.608      2.500
 511  513      0.054     -0.008      2.500
 513  514      0.056     -0.604      2.500
 514  515      0.056      0.545      2.500
 515  516      0.057      0.362      2.500
 516  517      0.058     -0.206      2.500
 517  519      0.060      0.129      2.500
 518  518      0.061      0.535      2.500
 519  520      0.062     -0.586      2.500
 520  521      0.069     -0.287      2.500
 521  522      0.072      0.379      2.500
 522  524      0.074      0.002      2.500
 524  523      0.075     -0.866      2.500
 523  525      0.077     -0.120      2.500
 526  527      0.079     -0.180      2.500
 525  528      0.079     -0.105      2.500
 527  526      0.081     -0.681      2.500
 528  529      0.085      0.052      2.500
 530  530      0.088     -0.581      2.500
 529  532      0.088     -0.410      2.500
 534  531      0.089      0.699      2.500
 535  533      0.091     -0.820      2.500
 531  534      0.091      0.214      2.500
 532  535      0.092     -0.182      2.500
 533  538      0.093      0.024      2.500
 539  536      0.097     -0.872      2.500
 536  537      0.097     -0.750      2.500
 537  540      0.097      0.570      2.500
 541  539      0.098      0.772      2.500
 538  541      0.100     -0.338      2.500
 540  543      0.102      0.079      2.500
 543  542      0.103      0.510      2.500
 542  544      0.104      0.184      2.500
 544  545      0.108     -0.798      2.500
 545  546      0.110      0.495      2.500
 546  547      0.112     -0.507      2.500
 547  549      0.115      0.237      2.500
 549  548      0.117     -0.867      2.500
 548  551      0.117     -0.039      2.500
 550  550      0.122      0.668      2.500
 551  552      0.123     -0.773      2.500
 552  553      0.127     -0.874      2.500
 553  554      0.127      0.781      2.500
 556  555      0.131     -0.881      2.500
 555  556      0.131     -0.767      2.500
 554  558      0.133     -0.329      2.500
 558  557      0.134     -0.823      2.500
 557  560      0.137     -0.250      2.500
 561  559      0.138      0.576      2.500
 560  563      0.141     -0.346      2.500
 559  564      0.142     -0.003      2.500
 564  561      0.143      0.612      2.500
 566  562      0.146      0.710      2.500
 562  565      0.146     -0.434      2.500
 565  566      0.147      0.361      2.500
 563  570      0.148      0.113      2.500
 567  568      0.149     -0.550      2.500
 571  567      0.151      0.700      2.500
 569  571      0.153     -0.469      2.500
 568  572      0.154      0.093      2.500
 572  569      0.154     -0.837      2.500
 570  574      0.158      0.110      2.500
 573  573      0.159     -0.412      2.500
 576  575      0.165     -0.830      2.500
 574  577      0.165     -0.400      2.500
 578  578      0.170      0.669      2.500
 579  576      0.170      0.788      2.500
 575  579      0.171      0.169      2.500
 577  580      0.176     -0.003      2.500
 581  582      0.179     -0.166      2.500
 580  583      0.179     -0.078      2.500
 584  581      0.182     -0.564      2.500
 582  585      0.184     -0.184      2.500
 585  584      0.184      0.369      2.500
 583  586      0.186      0.018      2.500
 586  591      0.192     -0.077      2.500
  -1   -2      0.192     -0.415      2.500
 590  590      0.195     -0.424      2.500
 589  592      0.196      0.158      2.500
 593  589      0.196      0.500      2.500
 588  593      0.196     -0.174      2.500
 597  587      0.198      0.810      2.500
 591  596      0.198     -0.028      2.500
 592  595      0.200      0.214      2.500
 594  594      0.201      0.308      2.500
 595  597      0.202      0.244      2.500
 598  599      0.205     -0.379      2.500
 596  600      0.207      0.004      2.500
 599  598      0.208      0.531      2.500
 600  601      0.215     -0.399      2.500
 601  603      0.217     -0.383      2.500
 604  604      0.220      0.396      2.500
 602  606      0.220     -0.434      2.500
 607  605      0.222      0.474      2.500
 605  608      0.222     -0.898      2.500
 609  602      0.223     -0.729      2.500
 606  607      0.223     -0.532      2.500
 603  615      0.224     -0.192      2.500
 610  613      0.227     -0.504      2.500
 612  610      0.228     -0.763      2.500
 616  609      0.228     -0.874      2.500
 613  611      0.229      0.618      2.500
 608  616      0.229      0.045      2.500
 618  612      0.230      0.720      2.500
 615  614      0.230      0.573      2.500
 611  620      0.236      0.000      2.500
 620  617      0.237      0.510      2.500
 614  619      0.237      0.169      2.500
 625  618      0.239     -0.720      2.500
 617  625      0.239     -0.064      2.500
 619  622      0.240      0.246      2.500
 622  621      0.242      0.393      2.500
 629   -2      0.246     -0.766      2.500
 621  629      0.247     -0.051      2.500
 623  626      0.247     -0.305      2.500
 624  628      0.247     -0.265      2.500
 630  624      0.249     -0.711      2.500
  -1  623      0.251     -0.767      2.500
 628  627      0.252     -0.517      2.500
 626  630      0.252     -0.156      2.500
 631  631      0.256     -0.460      2.500
 627  632      0.258      0.018      2.500
 632  635      0.268      0.073      2.500
 634  633      0.271     -0.640      2.500
 633  639      0.274     -0.202      2.500
 638  634      0.274      0.707      2.500
 636  640      0.278      0.258      2.500
 635  641      0.281      0.096      2.500
 642  637      0.281     -0.729      2.500
 644  636      0.282     -0.903      2.500
 637  643      0.284      0.198      2.500
 645  638      0.284      0.645      2.500
 639  648      0.286      0.084      2.500
 641  642      0.286     -0.468      2.500
 640  654      0.291     -0.151      2.500
 646  645      0.292      0.478      2.500
 650  644      0.293      0.557      2.500
 648  646      0.293     -0.579      2.500
 643  655      0.294      0.021      2.500
 652  651      0.296      0.427      2.500
 649  653      0.297      0.371      2.500
 656  647      0.298      0.712      2.500
 653  649      0.297     -0.723      2.500
 657  650      0.300     -0.867      2.500
 647  659      0.301      0.015      2.500
 651  657      0.301     -0.313      2.500
  -1   -2      0.301      0.660      2.500
 655  660      0.307     -0.356      2.500
 665  656      0.309     -0.893      2.500
 654  663      0.310     -0.107      2.500
 666  658      0.312      0.663      2.500
 658  667      0.314     -0.008      2.500
 660  665      0.314     -0.196      2.500
 662  662      0.314      0.320      2.500
 661  668      0.315      0.056      2.500
 663  670      0.319      0.105      2.500
 669  661      0.320     -0.674      2.500
 664  672      0.320     -0.123      2.500
 667  669      0.320      0.334      2.500
 668  666      0.322     -0.546      2.500
 673  664      0.325      0.695      2.500
 672  673      0.329      0.444      2.500
 674  671      0.329      0.489      2.500
 671  674      0.331     -0.400      2.500
 670  676      0.332      0.257      2.500
 675  675      0.334      0.362      2.500
 676  680      0.338     -0.365      2.500
 680  679      0.341     -0.524      2.500
 679  681      0.342     -0.508      2.500
 677  690      0.342     -0.118      2.500
 683  677      0.344      0.624      2.500
 686  678      0.346     -0.814      2.500
 685  683      0.348     -0.637      2.500
 678  694      0.348     -0.035      2.500
 681  692      0.348     -0.227      2.500
 690  682      0.349     -0.692      2.500
 688  687      0.351     -0.608      2.500
 691  685      0.351     -0.677      2.500
 682  696      0.352     -0.054      2.500
 695  684      0.354      0.826      2.500
 689  691      0.355      0.360      2.500
 696  686      0.354     -0.889      2.500
 694  689      0.355     -0.751      2.500
 697  688      0.356      0.786      2.500
 684  699      0.358     -0.251      2.500
 687  700      0.358      0.179      2.500
 692  698      0.360      0.348      2.500
 699  693      0.362      0.681      2.500
 698  695      0.363     -0.660      2.500
 693  702      0.365     -0.290      2.500
 702  697      0.368      0.716      2.500
 701  701      0.369     -0.704      2.500
 700  703      0.377      0.322      2.500
 704  704      0.381     -0.410      2.500
 703  706      0.382      0.247      2.500
 706  707      0.386      0.392      2.500
 711  705      0.391      0.560      2.500
 705  710      0.394     -0.104      2.500
 709  709      0.394      0.360      2.500
 713  708      0.396      0.660      2.500
 707  711      0.397      0.089      2.500
 710  712      0.399      0.150      2.500
 708  714      0.400      0.047      2.500
 712  716      0.405     -0.273      2.500
 714  715      0.407      0.288      2.500
 719  713      0.410      0.507      2.500
 715  717      0.411     -0.368      2.500
 716  721      0.415      0.112      2.500
 720  720      0.415      0.320      2.500
 718  724      0.418      0.091      2.500
 717  726      0.419     -0.003      2.500
 726  718      0.419     -0.657      2.500
 727  719      0.421     -0.648      2.500
 721  728      0.421     -0.179      2.500
 723  722      0.422     -0.426      2.500
 725  725      0.425      0.339      2.500
 722  730      0.425     -0.014      2.500
 729  727      0.428     -0.502      2.500
 724  733      0.431      0.048      2.500
 731  723      0.431      0.615      2.500
 728  736      0.433      0.079      2.500
 735  735      0.439     -0.899      2.500
 736  729      0.440     -0.769      2.500
 732  737      0.442      0.227      2.500
 730  739      0.442      0.026      2.500
 738  731      0.445      0.777      2.500
 733  740      0.446      0.033      2.500
 739  732      0.447      0.764      2.500
 740  734      0.447     -0.835      2.500
 734  742      0.447     -0.032      2.500
 737  738      0.448      0.422      2.500
 741  741      0.457     -0.549      2.500
 742  743      0.462      0.545      2.500
 747  745      0.465     -0.739      2.500
 744  746      0.465     -0.641      2.500
 748  744      0.466      0.725      2.500
 745  748      0.469      0.462      2.500
 751  747      0.471     -0.904      2.500
 749  750      0.473      0.487      2.500
 743  753      0.475      0.082      2.500
 756  749      0.477      0.711      2.500
 754  751      0.478     -0.612      2.500
 746  758      0.479     -0.206      2.500
 750  756      0.481      0.319      2.500
 760  752      0.483      0.510      2.500
 755  757      0.484      0.341      2.500
 752  760      0.484      0.234      2.500
 761  755      0.484     -0.552      2.500
 758  761      0.488     -0.412      2.500
 762  759      0.488     -0.515      2.500
 764  754      0.489     -0.731      2.500
 753  762      0.490      0.003      2.500
 757  763      0.492     -0.184      2.500
 759  764      0.493     -0.138      2.500
 763  766      0.501      0.127      2.500
 765  769      0.505     -0.180      2.500
 766  768      0.506     -0.275      2.500
 771  767      0.512     -0.541      2.500
 767  771      0.512     -0.330      2.500
 775  765      0.514     -0.833      2.500
 770  772      0.517      0.239      2.500
 768  776      0.518      0.084      2.500
 769  782      0.521     -0.103      2.500
 772  783      0.523      0.007      2.500
 773  784      0.523     -0.002      2.500
 774  779      0.523     -0.400      2.500
 780  770      0.523     -0.838      2.500
 776  775      0.525     -0.540      2.500
 778  778      0.527     -0.533      2.500
 777  781      0.528     -0.484      2.500
 785  773      0.530      0.748      2.500
 781  777      0.530      0.544      2.500
 787  774      0.531     -0.827      2.500
 784  780      0.532      0.565      2.500
 786  785      0.535     -0.571      2.500
 783  787      0.537      0.366      2.500
 779  793      0.539     -0.109      2.500
 789  786      0.539      0.625      2.500
 788  788      0.541     -0.595      2.500
 782  794      0.543     -0.152      2.500
 790  790      0.543     -0.616      2.500
 793  789      0.546      0.789      2.500
 794  792      0.548      0.630      2.500
 796  791      0.549      0.684      2.500
 797  796      0.557      0.393      2.500
 791  801      0.558     -0.012      2.500
 792  802      0.559     -0.162      2.500
 799  798      0.561      0.404      2.500
 795  805      0.562      0.027      2.500
 803  795      0.563      0.803      2.500
 800  799      0.563     -0.581      2.500
 802  797      0.564      0.526      2.500
 798  804      0.564      0.200      2.500
 805  800      0.566     -0.700      2.500
 801  807      0.569      0.296      2.500
 813  803      0.574     -0.841      2.500
 812  806      0.576      0.596      2.500
 807  808      0.578      0.252      2.500
 804  811      0.579     -0.033      2.500
 806  810      0.580     -0.215      2.500
 809  812      0.584      0.173      2.500
 808  814      0.585     -0.166      2.500
 811  813      0.586      0.182      2.500
 810  817      0.587     -0.154      2.500
 814  819      0.590     -0.018      2.500
 816  809      0.591      0.640      2.500
 818  816      0.599      0.672      2.500
 817  825      0.599     -0.404      2.500
 815  827      0.600      0.079      2.500
 821  815      0.600     -0.856      2.500
 819  821      0.602     -0.603      2.500
 823  818      0.603      0.714      2.500
 822  822      0.604     -0.666      2.500
 825  823      0.605     -0.722      2.500
 828  820      0.606     -0.811      2.500
 824  824      0.607      0.582      2.500
 827  828      0.611      0.389      2.500
 829  826      0.613     -0.821      2.500
 820  832      0.614     -0.133      2.500
 826  835      0.618      0.052      2.500
 830  829      0.621      0.738      2.500
 831  831      0.624      0.676      2.500
 833  830      0.623     -0.792      2.500
 832  834      0.626      0.559      2.500
 835  833      0.627      0.645      2.500
 836  836      0.632     -0.691      2.500
 838  837      0.635      0.758      2.500
 834  842      0.637      0.162      2.500
 839  838      0.637     -0.702      2.500
 837  841      0.639     -0.488      2.500
 842  839      0.641     -0.820      2.500
 846  840      0.645     -0.867      2.500
 840  847      0.650     -0.283      2.500
 841  849      0.651     -0.249      2.500
 847  844      0.651      0.453      2.500
 852  843      0.652     -0.822      2.500
 844  848      0.652     -0.350      2.500
 843  854      0.656      0.011      2.500
 857  845      0.656     -0.778      2.500
 851  846      0.657      0.474      2.500
 849  851      0.657     -0.898      2.500
  -1   -2      0.658     -0.353      2.500
 845  856      0.658     -0.141      2.500
 854  850      0.659      0.450      2.500
 853  852      0.659      0.420      2.500
 850  858      0.663     -0.230      2.500
 856  857      0.665      0.252      2.500
 855  861      0.667      0.022      2.500
 859  855      0.668      0.646      2.500
 858  862      0.673     -0.389      2.500
 860  859      0.676     -0.770      2.500
 861  860      0.677      0.715      2.500
 865  863      0.686     -0.871      2.500
 866  864      0.688      0.818      2.500
 863  868      0.689      0.321      2.500
 862  871      0.689     -0.111      2.500
 864  865      0.690     -0.567      2.500
 868  866      0.694      0.623      2.500
 871  867      0.694     -0.902      2.500
  -1   -2      0.696     -0.681      2.500
 867  873      0.696     -0.507      2.500
 874  870      0.698      0.753      2.500
 873  872      0.699     -0.672      2.500
 877  874      0.705      0.776      2.500
 869  877      0.705      0.025      2.500
 872  878      0.706     -0.223      2.500
 875  879      0.708     -0.172      2.500
 876  880      0.709     -0.095      2.500
 878  875      0.713      0.697      2.500
 879  876      0.713     -0.771      2.500
 885  881      0.724      0.765      2.500
 882  885      0.724      0.155      2.500
 880  887      0.724      0.032      2.500
 883  884      0.724      0.225      2.500
 884  882      0.724     -0.519      2.500
 881  888      0.725      0.016      2.500
 887  883      0.730     -0.903      2.500
 886  889      0.732      0.491      2.500
 890  886      0.733      0.804      2.500
 888  890      0.734      0.569      2.500
 889  891      0.736      0.452      2.500
 891  892      0.737      0.508      2.500
 892  899      0.742     -0.273      2.500
 894  897      0.743      0.268      2.500
 895  893      0.743      0.588      2.500
 896  895      0.744     -0.588      2.500
 893  901      0.745      0.000      2.500
 900  894      0.747      0.631      2.500
 902  896      0.748      0.669      2.500
 898  903      0.748     -0.432      2.500
 905  898      0.750      0.737      2.500
 897  906      0.750     -0.303      2.500
 901  905      0.750     -0.475      2.500
 903  902      0.750     -0.569      2.500
 899  908      0.752      0.126      2.500
 910  900      0.753      0.769      2.500
 907  904      0.753      0.534      2.500
 904  909      0.756     -0.243      2.500
 906  910      0.757     -0.206      2.500
 911  907      0.758     -0.786      2.500
 908  911      0.759      0.115      2.500
 909  912      0.760      0.089      2.500
 912  915      0.765      0.250      2.500
 913  914      0.767      0.427      2.500
  -1   -2      0.769      0.649      2.500
 915  917      0.773      0.301      2.500
  -1   -2      0.774      0.313      2.500
 919  919      0.775      0.397      2.500
 917  921      0.776     -0.257      2.500
 921  916      0.776      0.643      2.500
 916  922      0.776      0.062      2.500
 922  920      0.779     -0.582      2.500
 920  925      0.781     -0.165      2.500
 923  923      0.782     -0.516      2.500
 924  926      0.787      0.125      2.500
 925  924      0.787     -0.737      2.500
 927  927      0.793      0.592      2.500
 928  928      0.793      0.755      2.500
 926  931      0.794      0.078      2.500
 930  929      0.795     -0.727      2.500
 931  930      0.798      0.632      2.500
 929  933      0.800     -0.125      2.500
 932  934      0.802     -0.358      2.500
 935  932      0.804      0.411      2.500
 933  937      0.803     -0.286      2.500
 934  938      0.806      0.027      2.500
 937  935      0.807      0.571      2.500
 938  936      0.807     -0.732      2.500
 936  939      0.809      0.251      2.500
 940  940      0.812     -0.606      2.500
 939  942      0.814      0.309      2.500
 943  941      0.815     -0.689      2.500
 941  945      0.817     -0.111      2.500
 944  943      0.819      0.477      2.500
 942  946      0.819      0.009      2.500
 945  948      0.820     -0.374      2.500
 946  944      0.821     -0.871      2.500
 947  947      0.823     -0.879      2.500
 949  949      0.826     -0.852      2.500
 948  951      0.828      0.351      2.500
 952  950      0.827     -0.745      2.500
  -1   -2      0.830      0.361      2.500
 954  953      0.830     -0.600      2.500
 951  955      0.832     -0.059      2.500
 953  956      0.833     -0.005      2.500
 956  954      0.835     -0.891      2.500
 955  957      0.836      0.011      2.500
 958  958      0.844      0.339      2.500
 957  961      0.845     -0.045      2.500
 959  959      0.845      0.532      2.500
 960  960      0.847     -0.506      2.500
 962  962      0.850     -0.661      2.500
 961  963      0.851      0.198      2.500
 963  964      0.856      0.341      2.500
 964  965      0.856     -0.349      2.500
 965  966      0.859     -0.077      2.500
 966  968      0.863     -0.175      2.500
 969  967      0.865      0.793      2.500
 968  970      0.865     -0.473      2.500
 970  969      0.866      0.523      2.500
 971  971      0.867      0.763      2.500
 967  972      0.867      0.022      2.500
 972  975      0.869      0.068      2.500
 974  974      0.869     -0.431      2.500
 973  977      0.870     -0.090      2.500
 975  973      0.869     -0.827      2.500
 976  976      0.872      0.698      2.500
 977  978      0.874     -0.898      2.500
 978  979      0.875     -0.643      2.500
 979  980      0.877     -0.283      2.500
 980  981      0.881     -0.746      2.500
 982  982      0.883      0.741      2.500
 981  983      0.884     -0.228      2.500
 983  985      0.885      0.288      2.500
 984  984      0.885     -0.706      2.500
 985  986      0.889      0.498      2.500
 986  987      0.895     -0.837      2.500
 987  988      0.897      0.825      2.500
 988  989      0.898      0.665      2.500
 989  990      0.898      0.466      2.500
 990  991      0.897     -0.575      2.500
 991  992      0.898     -0.795      2.500
 992  993      0.900      0.686      2.500
 993  994      0.901      0.611      2.500
  -1   -2      0.909      0.415      2.500
 995  997      0.910     -0.291      2.500
 996  996      0.911      0.405      2.500
 997  998      0.911     -0.430      2.500
 998  999      0.912     -0.633      2.500
