996
   0    0     -0.823     -0.001      2.500
   1    1     -0.823      0.152      2.500
   2    2     -0.819     -0.151      2.500
   4    4     -0.817      0.620      2.500
   3    5     -0.816     -0.700      2.500
  -1   -2     -0.817      0.626      2.500
   6    3     -0.815     -0.234      2.500
   7    7     -0.815     -0.080      2.500
   8    8     -0.816      0.793      2.500
   9   10     -0.815      0.356      2.500
  10    9     -0.815     -0.516      2.500
  12   11     -0.815      0.574      2.500
  11   12     -0.814     -0.298      2.500
  13   13     -0.814     -0.734      2.500
  14   14     -0.814      0.138      2.500
  15   15     -0.812     -0.286      2.500
  16   16     -0.809      0.192      2.500
  17   17     -0.805     -0.203      2.500
  18   18     -0.802      0.467      2.500
  20   19     -0.800     -0.053      2.500
  21   20     -0.800      0.291      2.500
  22   21     -0.799     -0.210      2.500
  19   23     -0.800      0.800      2.500
  25   22     -0.799      0.269      2.500
  24   24     -0.798      0.564      2.500
  23   25     -0.797     -0.890      2.500
  26   26     -0.795     -0.438      2.500
  27   27     -0.793     -0.135      2.500
  28   28     -0.791     -0.229      2.500
  29   29     -0.790      0.481      2.500
  30   30     -0.788     -0.411      2.500
  31   31     -0.786      0.128      2.500
  32   32     -0.783      0.687      2.500
  33   33     -0.781     -0.605      2.500
  34   34     -0.778      0.049      2.500
  35   38     -0.776      0.588      2.500
  37   36     -0.776      0.462      2.500
  39   35     -0.775      0.123      2.500
  36   39     -0.774     -0.644      2.500
  40   37     -0.773     -0.283      2.500
  38   41     -0.772     -0.851      2.500
  41   40     -0.772      0.331      2.500
  44   42     -0.768      0.140      2.500
  42   45     -0.767     -0.673      2.500
  43   43     -0.768      0.382      2.500
  45   44     -0.767      0.238      2.500
  46   47     -0.762     -0.851      2.500
  48   46     -0.763      0.289      2.500
  47   48     -0.762      0.628      2.500
  50   49     -0.758     -0.188      2.500
  49   50     -0.758      0.782      2.500
  51   51     -0.752      0.537      2.500
  52   52     -0.748     -0.225      2.500
  53   53     -0.742     -0.488      2.500
  54   54     -0.741     -0.249      2.500
  55   57     -0.736      0.340      2.500
  59   55     -0.735     -0.066      2.500
  60   56     -0.735      0.033      2.500
  61   58     -0.734      0.116      2.500
  57   60     -0.733     -0.631      2.500
  58   61     -0.732      0.525      2.500
  56   67     -0.731     -0.839      2.500
  62   64     -0.730      0.512      2.500
  67   59     -0.729     -0.193      2.500
  64   63     -0.729     -0.459      2.500
  65   66     -0.729      0.391      2.500
  68   62     -0.728     -0.325      2.500
  63   68     -0.727     -0.599      2.500
  69   65     -0.726     -0.270      2.500
  66   72     -0.725      0.765      2.500
  70   69     -0.722     -0.003      2.500
  72   70     -0.719     -0.155      2.500
  73   71     -0.719     -0.041      2.500
  71   75     -0.718      0.452      2.500
  75   74     -0.715      0.142      2.500
  77   73     -0.715     -0.119      2.500
  74   77     -0.714      0.487      2.500
  79   76     -0.712      0.080      2.500
  76   80     -0.709     -0.667      2.500
  81   78     -0.708     -0.095      2.500
  78   82     -0.708      0.667      2.500
  82   79     -0.706     -0.193      2.500
  84   81     -0.704      0.210      2.500
  80   86     -0.701     -0.798      2.500
  85   83     -0.700      0.092      2.500
  83   87     -0.699     -0.765      2.500
  86   84     -0.698     -0.329      2.500
  90   85     -0.695      0.173      2.500
  87   91     -0.692      0.703      2.500
  92   89     -0.688     -0.517      2.500
  89   94     -0.688     -0.898      2.500
  96   88     -0.688     -0.199      2.500
  88   95     -0.688     -0.842      2.500
  91   92     -0.688     -0.664      2.500
  93   93     -0.687      0.513      2.500
  99   90     -0.686      0.196      2.500
  94   -2     -0.685      0.570      2.500
  95   99     -0.682      0.733      2.500
  98   96     -0.682      0.566      2.500
  97  101     -0.680     -0.795      2.500
 101   97     -0.676     -0.039      2.500
 100  100     -0.674     -0.338      2.500
 102   98     -0.674      0.065      2.500
 103  102     -0.670      0.291      2.500
 106  104     -0.664      0.429      2.500
 105  105     -0.664      0.537      2.500
 104  107     -0.662     -0.854      2.500
 107  103     -0.660     -0.254      2.500
 109  106     -0.656     -0.396      2.500
 108  109     -0.654      0.398      2.500
 111  108     -0.652     -0.081      2.500
 110  111     -0.649     -0.899      2.500
 114  110     -0.648     -0.196      2.500
 112  112     -0.647     -0.404      2.500
 113  113     -0.642      0.453      2.500
 117  114     -0.637     -0.294      2.500
 118  115     -0.634     -0.264      2.500
 115  118     -0.633     -0.770      2.500
 120  116     -0.632      0.070      2.500
 116  121     -0.630     -0.877      2.500
 123  117     -0.629      0.040      2.500
 119  120     -0.627      0.440      2.500
 121  122     -0.624     -0.564      2.500
 126  119     -0.622     -0.191      2.500
 122  123     -0.620      0.587      2.500
 125  124     -0.617      0.461      2.500
 124  128     -0.615     -0.799      2.500
 128  126     -0.611     -0.427      2.500
 130  129     -0.608     -0.455      2.500
 134  125     -0.608      0.143      2.500
 131  130     -0.608      0.362      2.500
 129  131     -0.608      0.425      2.500
 127  134     -0.607      0.656      2.500
 137  127     -0.606     -0.246      2.500
 138  132     -0.603      0.263      2.500
 136  133     -0.602     -0.474      2.500
 135  136     -0.602      0.456      2.500
 132  139     -0.601     -0.905      2.500
 139  137     -0.600      0.400      2.500
 133  142     -0.598     -0.751      2.500
 140  138     -0.598     -0.501      2.500
 142  135     -0.598     -0.298      2.500
 141  141     -0.594      0.355      2.500
 143  140     -0.591     -0.229      2.500
 147  145     -0.579     -0.413      2.500
 148  144     -0.580      0.225      2.500
 152  143     -0.577     -0.197      2.500
 145  149     -0.576     -0.774      2.500
 144  153     -0.575     -0.818      2.500
 146  152     -0.576      0.769      2.500
 149  147     -0.574     -0.514      2.500
 151  148     -0.572      0.403      2.500
 150  156     -0.570      0.558      2.500
 155  146     -0.569     -0.007      2.500
 153  158     -0.565     -0.687      2.500
 156  151     -0.565     -0.335      2.500
 158  150     -0.565      0.122      2.500
 159  155     -0.562     -0.239      2.500
 160  154     -0.561      0.014      2.500
 154  163     -0.560      0.805      2.500
 162  157     -0.556      0.095      2.500
 157  164     -0.556     -0.649      2.500
 164  161     -0.554      0.177      2.500
 165  160     -0.552     -0.216      2.500
 167  159     -0.552     -0.006      2.500
 163  162     -0.551     -0.397      2.500
 161  165     -0.551      0.423      2.500
 166  166     -0.546     -0.475      2.500
 168  171     -0.537      0.726      2.500
 170  170     -0.534      0.493      2.500
 174  167     -0.532      0.149      2.500
 169  176     -0.531     -0.893      2.500
 171  173     -0.530      0.465      2.500
 172  175     -0.529      0.509      2.500
 176  168     -0.526     -0.112      2.500
 173  177     -0.525      0.550      2.500
 179  169     -0.523     -0.015      2.500
 180  172     -0.522      0.018      2.500
 175  178     -0.521      0.492      2.500
 181  174     -0.519     -0.087      2.500
 184  179     -0.513      0.191      2.500
 177  184     -0.512      0.676      2.500
 178  185     -0.511      0.739      2.500
 186  181     -0.507     -0.421      2.500
 185  183     -0.507      0.398      2.500
 191  180     -0.506     -0.163      2.500
 182  187     -0.505      0.582      2.500
 190  182     -0.504      0.243      2.500
 183  188     -0.503      0.651      2.500
 189  191     -0.498     -0.680      2.500
 187  192     -0.497     -0.744      2.500
 195  186     -0.496     -0.209      2.500
 188  193     -0.497      0.705      2.500
 193  189     -0.495     -0.545      2.500
 192  190     -0.496      0.468      2.500
  -1   -2     -0.490     -0.679      2.500
 196  196     -0.483      0.461      2.500
 200  195     -0.476     -0.062      2.500
 203  197     -0.472     -0.189      2.500
 197  203     -0.471      0.775      2.500
 206  198     -0.470     -0.025      2.500
 198  201     -0.470      0.603      2.500
 199  200     -0.469      0.431      2.500
 201  202     -0.464      0.425      2.500
 209  199     -0.460     -0.105      2.500
 202  206     -0.459     -0.702      2.500
 204  211     -0.458      0.680      2.500
 205  207     -0.457     -0.667      2.500
 207  205     -0.457      0.389      2.500
 208  210     -0.452      0.417      2.500
 210  209     -0.452      0.384      2.500
  -1  213     -0.451     -0.074      2.500
 211  214     -0.448     -0.580      2.500
 213  212     -0.448      0.363      2.500
 217  208     -0.448      0.206      2.500
 212  216     -0.442      0.572      2.500
 221  215     -0.440     -0.460      2.500
 216  229     -0.438     -0.073      2.500
 214  222     -0.438      0.654      2.500
 215  223     -0.437      0.686      2.500
 218  221     -0.436     -0.690      2.500
 223  218     -0.435     -0.498      2.500
 219  224     -0.434     -0.727      2.500
 220  228     -0.434      0.721      2.500
 227  219     -0.432     -0.899      2.500
 222  227     -0.432      0.538      2.500
 224  225     -0.431     -0.614      2.500
 225  226     -0.430     -0.577      2.500
 231  217     -0.429     -0.186      2.500
 226  230     -0.429      0.524      2.500
 233  220     -0.425     -0.196      2.500
 230  231     -0.423     -0.469      2.500
 228   -2     -0.417     -0.071      2.500
 238  232     -0.416     -0.225      2.500
 229  240     -0.417      0.696      2.500
 232  241     -0.416      0.665      2.500
 235  238     -0.414      0.479      2.500
 242  235     -0.413      0.229      2.500
 244  233     -0.412     -0.184      2.500
 237  236     -0.412      0.327      2.500
 234  242     -0.412      0.645      2.500
 245  234     -0.411      0.117      2.500
 243  239     -0.408     -0.445      2.500
 236  245     -0.408      0.761      2.500
 239  243     -0.407      0.487      2.500
 249  237     -0.405     -0.067      2.500
 241  248     -0.401      0.753      2.500
 246  250     -0.398     -0.665      2.500
 252  244     -0.397     -0.369      2.500
 248  253     -0.395      0.593      2.500
 247  255     -0.394     -0.833      2.500
 257  246     -0.392      0.036      2.500
 256  249     -0.390      0.263      2.500
 250  259     -0.389     -0.774      2.500
 251  262     -0.387      0.827      2.500
 262  247     -0.386     -0.087      2.500
 261  251     -0.386      0.100      2.500
 254  260     -0.386      0.533      2.500
 253  264     -0.385     -0.894      2.500
 255  263     -0.383      0.587      2.500
  -1   -2     -0.382     -0.026      2.500
 259  258     -0.383      0.332      2.500
 258  261     -0.380     -0.557      2.500
 267  254     -0.380     -0.164      2.500
 269  256     -0.379      0.085      2.500
 271  257     -0.377     -0.022      2.500
 260  268     -0.376      0.580      2.500
 263  267     -0.375      0.499      2.500
 270  266     -0.371      0.348      2.500
 274  265     -0.369     -0.250      2.500
 264  274     -0.367     -0.818      2.500
 265  275     -0.367      0.825      2.500
  -1   -2     -0.367      0.580      2.500
 272  272     -0.365      0.465      2.500
 273  276     -0.362      0.590      2.500
 276  271     -0.358     -0.302      2.500
 279  269     -0.358     -0.128      2.500
 280  270     -0.357     -0.121      2.500
 275  279     -0.352      0.458      2.500
 283  277     -0.350     -0.238      2.500
 281  278     -0.350      0.290      2.500
 278  280     -0.346     -0.669      2.500
 277  282     -0.345      0.786      2.500
 282  283     -0.337      0.770      2.500
 286  281     -0.336     -0.306      2.500
 284  285     -0.332     -0.772      2.500
 285  288     -0.330      0.659      2.500
 291  284     -0.326     -0.363      2.500
 288  293     -0.325      0.602      2.500
 287  297     -0.323      0.795      2.500
 289  294     -0.322     -0.666      2.500
 293  286     -0.321     -0.398      2.500
 290  299     -0.320      0.620      2.500
 297  287     -0.319      0.188      2.500
 292  298     -0.317     -0.584      2.500
 303  289     -0.316     -0.123      2.500
 304  290     -0.316     -0.091      2.500
 295  296     -0.315      0.375      2.500
 298  295     -0.314     -0.432      2.500
 305  291     -0.314     -0.249      2.500
 299  300     -0.313     -0.478      2.500
 306  292     -0.313      0.073      2.500
 294  305     -0.311      0.625      2.500
 301  303     -0.309      0.455      2.500
 308  301     -0.309      0.231      2.500
 302  302     -0.309      0.378      2.500
 296  306     -0.307      0.791      2.500
 300  307     -0.305      0.671      2.500
 310  304     -0.300      0.071      2.500
 307  308     -0.297     -0.904      2.500
 309  313     -0.293     -0.704      2.500
 311  312     -0.290     -0.546      2.500
 312  315     -0.288      0.491      2.500
 314  318     -0.284      0.479      2.500
 317  309     -0.284      0.115      2.500
 319  310     -0.283      0.077      2.500
 313  323     -0.283      0.769      2.500
 315  322     -0.281     -0.631      2.500
 323  311     -0.281     -0.050      2.500
 318  317     -0.280      0.269      2.500
 324  314     -0.280      0.036      2.500
 326  316     -0.278      0.091      2.500
 316  326     -0.275      0.566      2.500
 328  319     -0.274     -0.253      2.500
 327  321     -0.274      0.192      2.500
 321  327     -0.272      0.620      2.500
 332  320     -0.272     -0.080      2.500
 320  329     -0.272      0.651      2.500
 322  328     -0.271     -0.728      2.500
 333  324     -0.267     -0.144      2.500
 334  325     -0.266      0.080      2.500
 325  330     -0.266      0.716      2.500
 329  332     -0.262     -0.819      2.500
 331  333     -0.260     -0.747      2.500
 330  334     -0.260      0.817      2.500
 337  331     -0.254      0.229      2.500
 336  335     -0.251     -0.525      2.500
 335  337     -0.250     -0.773      2.500
 338  336     -0.242     -0.219      2.500
 339  342     -0.230      0.727      2.500
 340  340     -0.230      0.581      2.500
 342  338     -0.230      0.333      2.500
 341  339     -0.230      0.393      2.500
 343  343     -0.220      0.379      2.500
 347  341     -0.219      0.004      2.500
 346  345     -0.216     -0.545      2.500
 345  348     -0.216      0.531      2.500
 344  350     -0.214      0.688      2.500
 348  347     -0.213     -0.899      2.500
 352  344     -0.213     -0.081      2.500
 350  346     -0.213     -0.423      2.500
 349  352     -0.211     -0.583      2.500
 351  351     -0.209      0.411      2.500
 357  349     -0.206     -0.232      2.500
 356  354     -0.202     -0.536      2.500
 358  356     -0.201      0.414      2.500
 362  353     -0.200      0.093      2.500
 353  360     -0.199     -0.807      2.500
 361  355     -0.198      0.240      2.500
 354  363     -0.198     -0.830      2.500
 355  364     -0.198      0.780      2.500
 360  357     -0.197      0.300      2.500
 359  358     -0.197     -0.571      2.500
 363  366     -0.192     -0.596      2.500
 366  359     -0.192     -0.289      2.500
 367  361     -0.190     -0.305      2.500
 365  370     -0.190      0.537      2.500
 368  365     -0.189     -0.386      2.500
 364  373     -0.189      0.825      2.500
 370  362     -0.187     -0.086      2.500
 369  371     -0.185      0.464      2.500
 372  368     -0.184     -0.149      2.500
 373  367     -0.184     -0.070      2.500
 374  369     -0.183     -0.126      2.500
 375  374     -0.180     -0.358      2.500
 376  372     -0.179     -0.244      2.500
 371  376     -0.176     -0.783      2.500
 378  375     -0.172     -0.141      2.500
 377  377     -0.170     -0.529      2.500
 380  379     -0.167     -0.372      2.500
 382  378     -0.165     -0.243      2.500
 379  380     -0.162      0.581      2.500
 383  384     -0.157      0.522      2.500
 381  387     -0.157      0.808      2.500
 384  383     -0.154     -0.502      2.500
 386  382     -0.154      0.251      2.500
 389  381     -0.153     -0.066      2.500
 387  385     -0.152      0.270      2.500
 385  388     -0.151      0.466      2.500
 388  390     -0.150      0.382      2.500
 392  386     -0.149      0.064      2.500
 391  389     -0.147     -0.337      2.500
 390  391     -0.146     -0.502      2.500
 393  392     -0.138      0.568      2.500
 394  393     -0.135      0.450      2.500
  -1  395     -0.133     -0.415      2.500
 396  396     -0.133     -0.472      2.500
 397   -2     -0.132     -0.422      2.500
 395  397     -0.131      0.806      2.500
 399  399     -0.122      0.627      2.500
 401  400     -0.119      0.508      2.500
 403  401     -0.118     -0.590      2.500
 400  403     -0.118      0.752      2.500
 406  398     -0.118      0.069      2.500
 402  404     -0.118      0.700      2.500
 404  402     -0.116     -0.666      2.500
 405  405     -0.113      0.653      2.500
 407  409     -0.110     -0.895      2.500
 408  406     -0.109      0.344      2.500
  -1  408     -0.106      0.275      2.500
 411   -2     -0.105      0.281      2.500
 409  412     -0.105     -0.621      2.500
 412  410     -0.105     -0.412      2.500
 410  413     -0.104      0.482      2.500
 416  411     -0.101     -0.075      2.500
 415  416     -0.100     -0.576      2.500
 414  417     -0.099      0.529      2.500
 418  414     -0.098      0.117      2.500
 419  415     -0.097      0.101      2.500
 417  418     -0.096     -0.513      2.500
 421  419     -0.092     -0.216      2.500
 420  420     -0.091     -0.393      2.500
 422  421     -0.088     -0.192      2.500
 423  422     -0.087      0.086      2.500
 425  423     -0.084     -0.262      2.500
 427  424     -0.081     -0.245      2.500
 424  426     -0.080     -0.730      2.500
 426  427     -0.079      0.656      2.500
 430  425     -0.078      0.286      2.500
 428  429     -0.077      0.674      2.500
 429  428     -0.077      0.590      2.500
 431  431     -0.073     -0.804      2.500
 432  432     -0.072      0.800      2.500
 434  430     -0.069     -0.301      2.500
 433  434     -0.067     -0.736      2.500
 436  433     -0.064      0.171      2.500
 435  435     -0.063      0.442      2.500
 437  438     -0.057      0.608      2.500
 438  436     -0.056     -0.239      2.500
 439  437     -0.054     -0.170      2.500
 440  440     -0.050     -0.529      2.500
 442  439     -0.050      0.115      2.500
 441  442     -0.049      0.572      2.500
 443  441     -0.047     -0.469      2.500
 444  446     -0.045      0.389      2.500
  -1   -2     -0.045      0.379      2.500
 446  443     -0.045     -0.035      2.500
 447  444     -0.044     -0.080      2.500
 448  447     -0.042      0.287      2.500
 449  448     -0.041     -0.416      2.500
 450  449     -0.031     -0.284      2.500
 451  450     -0.024     -0.517      2.500
 453  451     -0.020     -0.052      2.500
 452  453     -0.020      0.762      2.500
 454  452     -0.019     -0.453      2.500
 455  454     -0.018      0.672      2.500
 456  455     -0.016      0.464      2.500
 457  456     -0.015     -0.556      2.500
 458  457     -0.013     -0.368      2.500
 459  458     -0.012     -0.211      2.500
 461  459     -0.012      0.152      2.500
 460  460     -0.010      0.810      2.500
 462  461     -0.008      0.286      2.500
 463  462     -0.008      0.359      2.500
 464  463     -0.005     -0.817      2.500
 465  464     -0.002     -0.833      2.500
 467  466     -0.001     -0.391      2.500
 468  465     -0.000     -0.081      2.500
 466  467     -0.000     -0.671      2.500
 469  469      0.002     -0.690      2.500
 470  470      0.003      0.011      2.500
 473  471      0.003     -0.003      2.500
 471  472      0.004      0.344      2.500
 472  476      0.004      0.598      2.500
 474  475      0.005     -0.420      2.500
 476  474      0.005     -0.108      2.500
 475  477      0.005     -0.508      2.500
 477  478      0.006      0.228      2.500
 478  479      0.010     -0.581      2.500
 479  480      0.013      0.133      2.500
 480  481      0.013     -0.805      2.500
 481  482      0.014      0.751      2.500
 482  483      0.015      0.411      2.500
 483  484      0.016      0.263      2.500
 484  485      0.017      0.028      2.500
 485  486      0.017     -0.418      2.500
 486  487      0.017      0.599      2.500
 487  488      0.019     -0.741      2.500
 488  489      0.019      0.158      2.500
 489  490      0.020     -0.255      2.500
 490  491      0.020      0.671      2.500
 491  492      0.021     -0.490      2.500
 492  493      0.022      0.781      2.500
 493  494      0.022      0.057      2.500
 494  495      0.025      0.083      2.500
 495  496      0.026     -0.024      2.500
 496  497      0.027     -0.586      2.500
 497  498      0.028     -0.391      2.500
 498  499      0.028     -0.466      2.500
 499  500      0.029      0.503      2.500
 500  501      0.031     -0.420      2.500
 501  502      0.032     -0.635      2.500
  -1   -2      0.034     -0.462      2.500
 504  505      0.035     -0.552      2.500
 505  504      0.035      0.811      2.500
 503  507      0.035      0.169      2.500
 506  506      0.035     -0.576      2.500
 507  508      0.049      0.000      2.500
 508  509      0.051     -0.361      2.500
 509  510      0.053     -0.227      2.500
 510  513      0.056      0.156      2.500
 511  512      0.056      0.402      2.500
 512  511      0.057      0.634      2.500
 513  514      0.057     -0.640      2.500
 514  515      0.058      0.578      2.500
 516  516      0.063     -0.623      2.500
 517  517      0.064      0.567      2.500
 515  518      0.064     -0.318      2.500
 518  519      0.066      0.011      2.500
 519  520      0.069     -0.130      2.500
 520  522      0.071     -0.112      2.500
 521  523      0.071     -0.199      2.500
 522  521      0.072      0.418      2.500
 523  524      0.076      0.068      2.500
 526  525      0.082     -0.875      2.500
 525  526      0.083     -0.200      2.500
 524  528      0.083      0.036      2.500
 528  529      0.085     -0.448      2.500
 527  530      0.085      0.247      2.500
 529  527      0.086     -0.711      2.500
 531  531      0.091     -0.617      2.500
 530  532      0.092      0.099      2.500
 532  533      0.094     -0.372      2.500
 533  535      0.096      0.214      2.500
 534  534      0.098      0.714      2.500
 536  536      0.100     -0.835      2.500
 535  540      0.104     -0.036      2.500
 537  537      0.104      0.599      2.500
 538  538      0.105     -0.772      2.500
 541  539      0.108     -0.879      2.500
 540  542      0.108      0.543      2.500
 542  541      0.109      0.778      2.500
 539  543      0.109      0.271      2.500
 543  544      0.112     -0.545      2.500
 544  545      0.115      0.528      2.500
 545  546      0.119     -0.814      2.500
 548  547      0.125     -0.361      2.500
 547  548      0.125     -0.276      2.500
 546  550      0.126      0.005      2.500
 551  549      0.131     -0.875      2.500
 550  553      0.133     -0.379      2.500
 549  554      0.134      0.135      2.500
 553  551      0.135      0.686      2.500
 554  552      0.136     -0.792      2.500
 552  557      0.138      0.113      2.500
 556  559      0.142     -0.470      2.500
 557  555      0.142     -0.881      2.500
 555  561      0.143      0.132      2.500
 558  556      0.143      0.786      2.500
 560  558      0.144     -0.787      2.500
 559  562      0.146      0.397      2.500
 561  560      0.147     -0.886      2.500
 562  563      0.149      0.603      2.500
 565  564      0.150     -0.836      2.500
 563  565      0.152     -0.506      2.500
 568  566      0.153     -0.585      2.500
 566  568      0.154     -0.447      2.500
 572  567      0.156      0.636      2.500
 564  572      0.156      0.004      2.500
 569  570      0.157      0.196      2.500
 567  573      0.157     -0.081      2.500
 571  571      0.159     -0.434      2.500
 570  574      0.159     -0.179      2.500
 576  569      0.162      0.723      2.500
 573  576      0.164     -0.200      2.500
 574  578      0.165      0.027      2.500
 579  575      0.169      0.714      2.500
 575  579      0.169     -0.079      2.500
 580  577      0.172     -0.848      2.500
 577  581      0.175     -0.025      2.500
 578  580      0.175     -0.189      2.500
 581  583      0.179      0.182      2.500
 582  589      0.184      0.011      2.500
 583  584      0.184      0.404      2.500
 587  582      0.184     -0.842      2.500
  -1   -2      0.186     -0.448      2.500
 584  590      0.187      0.242      2.500
 590  585      0.188      0.686      2.500
 589  586      0.188     -0.597      2.500
 586  591      0.189     -0.457      2.500
 588  592      0.191      0.274      2.500
 593  588      0.192      0.792      2.500
 591  593      0.195      0.340      2.500
 592  594      0.195     -0.410      2.500
 594  596      0.201     -0.208      2.500
 595  598      0.204      0.057      2.500
 600  595      0.206      0.529      2.500
 597  597      0.207     -0.429      2.500
 598  599      0.208     -0.413      2.500
 596  600      0.209      0.007      2.500
 599  602      0.212     -0.065      2.500
 602  601      0.215     -0.465      2.500
 601  608      0.218     -0.050      2.500
 603  606      0.218      0.191      2.500
 609  604      0.222      0.557      2.500
 606  605      0.222      0.427      2.500
 605  607      0.222     -0.898      2.500
 613  603      0.223      0.813      2.500
 604  613      0.224     -0.167      2.500
 607  614      0.226     -0.286      2.500
 610  612      0.227      0.273      2.500
 612  609      0.227     -0.562      2.500
 614  610      0.228     -0.534      2.500
 608  616      0.229      0.026      2.500
 611  615      0.229     -0.329      2.500
 615  611      0.231      0.502      2.500
 616  621      0.241      0.086      2.500
 618  618      0.243      0.421      2.500
 619  617      0.244     -0.748      2.500
 617  626      0.247     -0.216      2.500
 621  619      0.248      0.595      2.500
 626  620      0.250      0.637      2.500
 624  623      0.250      0.535      2.500
 629  622      0.252     -0.779      2.500
 623  627      0.254     -0.488      2.500
 620  630      0.254      0.110      2.500
 627  628      0.255     -0.545      2.500
 633  624      0.256     -0.879      2.500
 634  625      0.257      0.730      2.500
 622  631      0.258      0.096      2.500
 625  632      0.260     -0.160      2.500
 635  629      0.261     -0.738      2.500
 628  635      0.263      0.028      2.500
 630  637      0.265      0.218      2.500
 631  634      0.265      0.282      2.500
 632  638      0.269      0.022      2.500
 638  633      0.271     -0.730      2.500
 644  636      0.274     -0.781      2.500
 636  639      0.276     -0.111      2.500
 637  643      0.279     -0.004      2.500
 640  642      0.281     -0.333      2.500
 645  640      0.283     -0.493      2.500
 641  645      0.283      0.065      2.500
 642  644      0.283     -0.208      2.500
 643  646      0.286     -0.129      2.500
 648  641      0.288     -0.661      2.500
 646  648      0.290      0.117      2.500
 647  647      0.291     -0.377      2.500
 649  649      0.296      0.394      2.500
 651  651      0.302      0.449      2.500
 654  652      0.304      0.499      2.500
 655  653      0.304     -0.601      2.500
 657  650      0.305      0.716      2.500
 650  659      0.306     -0.123      2.500
 653  656      0.307      0.341      2.500
 659  654      0.307     -0.744      2.500
 652  662      0.311     -0.034      2.500
 662  655      0.312      0.658      2.500
 664  657      0.313      0.574      2.500
 660  660      0.315      0.354      2.500
 656  665      0.315     -0.054      2.500
 661  663      0.317      0.275      2.500
  -1  658      0.317     -0.904      2.500
 658  667      0.318     -0.239      2.500
 663  664      0.319     -0.419      2.500
 665  668      0.322     -0.383      2.500
 668  661      0.324     -0.737      2.500
 666  673      0.328     -0.263      2.500
 669  671      0.329     -0.566      2.500
 672  666      0.330      0.719      2.500
  -1   -2      0.331      0.671      2.500
 670  672      0.332      0.380      2.500
 667  678      0.333      0.191      2.500
 675  670      0.335     -0.871      2.500
 674  674      0.337      0.462      2.500
 671  681      0.339     -0.302      2.500
 681  675      0.342      0.673      2.500
 678  676      0.342     -0.688      2.500
 677  679      0.343      0.506      2.500
 676  680      0.344     -0.526      2.500
 683  677      0.345     -0.895      2.500
 680  682      0.346     -0.542      2.500
 682  684      0.352      0.376      2.500
 679  686      0.355     -0.107      2.500
 684  685      0.356      0.364      2.500
 689  683      0.358      0.702      2.500
 686  691      0.362      0.095      2.500
 685  694      0.363      0.051      2.500
 687  690      0.364      0.259      2.500
 692  687      0.366     -0.623      2.500
 690  692      0.368      0.335      2.500
 695  688      0.368     -0.651      2.500
 691  696      0.369     -0.424      2.500
 688  698      0.370      0.157      2.500
 700  689      0.373      0.634      2.500
 701  693      0.375     -0.704      2.500
 702  695      0.375     -0.689      2.500
 693  701      0.376     -0.282      2.500
 694  704      0.379     -0.002      2.500
 705  697      0.381     -0.819      2.500
 696  707      0.382      0.117      2.500
 697  709      0.383      0.096      2.500
 698  711      0.384     -0.184      2.500
 699  713      0.385     -0.013      2.500
 710  700      0.386     -0.671      2.500
 711  699      0.387     -0.759      2.500
 704  706      0.388      0.403      2.500
 708  710      0.391      0.370      2.500
 707  715      0.393     -0.377      2.500
 703  717      0.393      0.050      2.500
 715  702      0.393      0.828      2.500
 709  714      0.393      0.296      2.500
 716  703      0.393     -0.889      2.500
 719  705      0.395      0.789      2.500
 717  708      0.396      0.687      2.500
 706  718      0.397      0.082      2.500
 718  712      0.397     -0.713      2.500
 712  721      0.403      0.027      2.500
 722  716      0.405      0.721      2.500
 720  719      0.406      0.327      2.500
 713  723      0.406     -0.032      2.500
 714  724      0.407      0.035      2.500
 721  722      0.412     -0.434      2.500
 725  720      0.414      0.567      2.500
 724  725      0.418      0.345      2.500
 723  728      0.420      0.232      2.500
 727  727      0.427      0.513      2.500
 726  729      0.429     -0.509      2.500
 730  726      0.430      0.664      2.500
 728  733      0.438      0.082      2.500
 731  732      0.439     -0.898      2.500
 736  730      0.442     -0.662      2.500
 729  734      0.443     -0.207      2.500
 735  731      0.443     -0.653      2.500
 732  737      0.448      0.002      2.500
 737  735      0.453      0.424      2.500
 733  738      0.453     -0.139      2.500
 734  739      0.454     -0.185      2.500
 741  736      0.461      0.617      2.500
 738  741      0.462      0.233      2.500
 742  740      0.465     -0.551      2.500
 739  745      0.467     -0.180      2.500
 740  746      0.468      0.125      2.500
 743  744      0.471      0.317      2.500
 746  748      0.475     -0.412      2.500
 752  742      0.475     -0.904      2.500
 744  754      0.475     -0.274      2.500
 750  750      0.476      0.338      2.500
 754  743      0.476     -0.770      2.500
 745  757      0.479     -0.104      2.500
 751  751      0.480      0.461      2.500
 748  758      0.481      0.081      2.500
 747  761      0.482     -0.004      2.500
 749  760      0.482      0.005      2.500
 755  752      0.483      0.544      2.500
 761  747      0.484      0.777      2.500
 762  749      0.486      0.765      2.500
 759  755      0.486     -0.641      2.500
 757  756      0.487      0.484      2.500
 764  753      0.488     -0.834      2.500
 753  765      0.488     -0.327      2.500
 758  759      0.490     -0.512      2.500
 763  762      0.492     -0.550      2.500
 766  764      0.495     -0.611      2.500
 760  768      0.496      0.234      2.500
 756  771      0.498     -0.108      2.500
 768  763      0.498     -0.738      2.500
 767  767      0.500      0.506      2.500
 771  766      0.503      0.724      2.500
 765  773      0.505     -0.150      2.500
 769  772      0.508     -0.394      2.500
 774  769      0.510     -0.903      2.500
 776  770      0.513      0.709      2.500
 770  776      0.517     -0.015      2.500
 775  775      0.518     -0.535      2.500
 778  774      0.520     -0.728      2.500
 772  778      0.521     -0.160      2.500
 773  781      0.524      0.024      2.500
 777  777      0.525     -0.477      2.500
 781  779      0.531     -0.533      2.500
 782  780      0.532     -0.525      2.500
 780  782      0.533      0.355      2.500
 779  786      0.539     -0.035      2.500
 783  784      0.539      0.189      2.500
 788  783      0.545     -0.562      2.500
 784  790      0.546     -0.209      2.500
 785  791      0.548     -0.162      2.500
 786  794      0.549     -0.150      2.500
 791  785      0.550      0.535      2.500
 787  798      0.551     -0.021      2.500
 797  788      0.555      0.556      2.500
 800  787      0.555     -0.829      2.500
 795  789      0.555     -0.586      2.500
 790  796      0.556      0.282      2.500
 789  799      0.556      0.162      2.500
 794  795      0.557      0.379      2.500
 793  802      0.560      0.239      2.500
 792  804      0.560      0.170      2.500
 799  793      0.560     -0.606      2.500
 798  800      0.562      0.390      2.500
 802  792      0.564     -0.835      2.500
 796  807      0.565      0.072      2.500
 804  797      0.566      0.744      2.500
 803  801      0.568      0.616      2.500
 807  803      0.571     -0.823      2.500
 806  806      0.574     -0.568      2.500
 808  805      0.577      0.621      2.500
 801  811      0.577     -0.130      2.500
 810  810      0.581      0.511      2.500
 811  808      0.582      0.677      2.500
 812  809      0.583      0.788      2.500
 805  814      0.583      0.044      2.500
 809  813      0.585     -0.389      2.500
 813  812      0.592     -0.689      2.500
 814  815      0.598      0.801      2.500
 816  816      0.600      0.582      2.500
 817  818      0.610      0.368      2.500
 815  821      0.610      0.146      2.500
 823  817      0.613     -0.836      2.500
 819  819      0.615     -0.586      2.500
 824  820      0.618      0.627      2.500
 818  827      0.622      0.005      2.500
 820  828      0.623     -0.237      2.500
 826  822      0.624     -0.650      2.500
 821  831      0.625     -0.136      2.500
 822  830      0.625     -0.268      2.500
 830  823      0.628      0.660      2.500
 829  824      0.628      0.565      2.500
 833  825      0.632     -0.708      2.500
 834  826      0.633      0.705      2.500
 828  834      0.634     -0.331      2.500
 825  838      0.635      0.014      2.500
 827  836      0.635     -0.218      2.500
 831  833      0.636     -0.466      2.500
 835  829      0.637     -0.852      2.500
  -1   -2      0.640     -0.334      2.500
 837  832      0.640     -0.803      2.500
 838  835      0.644      0.539      2.500
 840  837      0.648     -0.814      2.500
 836  845      0.649      0.229      2.500
 844  840      0.651      0.730      2.500
 841  841      0.652      0.663      2.500
 843  842      0.652      0.629      2.500
 847  844      0.654     -0.674      2.500
 848  843      0.655     -0.782      2.500
 846  847      0.657      0.427      2.500
 839  854      0.657     -0.108      2.500
 845  848      0.657     -0.898      2.500
 842  851      0.659     -0.367      2.500
 850  846      0.659     -0.684      2.500
 849  850      0.661      0.393      2.500
 851  852      0.664      0.424      2.500
 852  853      0.665      0.448      2.500
 854  849      0.665      0.751      2.500
 859  855      0.673     -0.812      2.500
 853  860      0.676      0.016      2.500
 860  856      0.678     -0.863      2.500
 858  859      0.680      0.293      2.500
 855  863      0.680     -0.093      2.500
 857  862      0.680     -0.208      2.500
 856  864      0.681     -0.162      2.500
 861  857      0.683     -0.814      2.500
 862  858      0.684     -0.765      2.500
 865  861      0.690      0.627      2.500
 866  866      0.696     -0.478      2.500
 867  865      0.696     -0.539      2.500
 863  869      0.697      0.022      2.500
 864  870      0.698      0.008      2.500
 870  867      0.702     -0.755      2.500
 871  868      0.703      0.702      2.500
 868  871      0.703      0.133      2.500
 869  877      0.708      0.198      2.500
 873  873      0.713      0.601      2.500
  -1   -2      0.713     -0.658      2.500
 876  872      0.714      0.813      2.500
 875  876      0.714     -0.649      2.500
 878  874      0.715     -0.868      2.500
 880  878      0.719     -0.903      2.500
 872  882      0.720     -0.007      2.500
 881  879      0.722      0.742      2.500
 877  883      0.723     -0.252      2.500
 879  881      0.724     -0.488      2.500
 887  880      0.729      0.768      2.500
 883  886      0.732      0.237      2.500
 882  887      0.732      0.106      2.500
 890  884      0.734      0.680      2.500
 884  888      0.734     -0.280      2.500
 891  885      0.735     -0.754      2.500
 885  892      0.736     -0.191      2.500
 886  891      0.737     -0.225      2.500
 894  889      0.740      0.458      2.500
 888  896      0.739      0.095      2.500
 889  897      0.739      0.072      2.500
 892  890      0.740      0.418      2.500
 893  894      0.741     -0.401      2.500
 895  895      0.745      0.476      2.500
 898  893      0.746      0.755      2.500
 897  898      0.747      0.539      2.500
 896  900      0.747     -0.442      2.500
 901  901      0.751     -0.556      2.500
 903  899      0.751     -0.904      2.500
 899  905      0.754      0.219      2.500
 906  902      0.755      0.798      2.500
 904  904      0.755     -0.536      2.500
 907  903      0.756      0.559      2.500
 900  908      0.756      0.048      2.500
 902  910      0.759     -0.237      2.500
 910  906      0.762      0.606      2.500
 908  907      0.762      0.502      2.500
 905  912      0.762     -0.154      2.500
 913  909      0.764      0.648      2.500
 909  914      0.766      0.267      2.500
  -1   -2      0.768      0.278      2.500
 915  911      0.768      0.724      2.500
 914  915      0.768      0.390      2.500
 917  913      0.771      0.759      2.500
 912  918      0.771      0.103      2.500
 918  919      0.775      0.360      2.500
 916  921      0.777      0.060      2.500
 920  917      0.777     -0.769      2.500
 919  924      0.782     -0.118      2.500
  -1   -2      0.782      0.624      2.500
 921  922      0.782     -0.481      2.500
 923  923      0.784     -0.548      2.500
 926  925      0.789      0.618      2.500
 924  926      0.789      0.016      2.500
 925  927      0.791     -0.262      2.500
 927  928      0.793     -0.328      2.500
 931  929      0.799     -0.713      2.500
 929  931      0.801      0.218      2.500
 928  934      0.801     -0.106      2.500
 932  930      0.802      0.561      2.500
 930  936      0.803     -0.001      2.500
 933  932      0.804      0.372      2.500
 936  933      0.807      0.742      2.500
 935  935      0.807     -0.702      2.500
 937  937      0.809      0.604      2.500
 934  938      0.809      0.272      2.500
 938  940      0.813     -0.343      2.500
 940  939      0.815      0.537      2.500
 942  942      0.817     -0.570      2.500
 939  943      0.818     -0.060      2.500
 943  941      0.817     -0.706      2.500
 941  946      0.819     -0.013      2.500
 945  944      0.822      0.437      2.500
 946  945      0.823     -0.659      2.500
 944  948      0.823      0.001      2.500
 947  947      0.825      0.312      2.500
  -1   -2      0.828      0.321      2.500
 949  954      0.832     -0.048      2.500
 950  950      0.832     -0.867      2.500
 952  951      0.834     -0.876      2.500
 951  952      0.834     -0.563      2.500
 953  955      0.836     -0.721      2.500
 954  953      0.836     -0.845      2.500
 955  956      0.842      0.299      2.500
 956  958      0.844      0.167      2.500
 957  957      0.844     -0.890      2.500
 959  959      0.847     -0.468      2.500
 958  961      0.849     -0.075      2.500
 960  960      0.849      0.493      2.500
 961  962      0.851     -0.318      2.500
 962  965      0.854     -0.162      2.500
 963  964      0.854      0.302      2.500
 964  963      0.854     -0.627      2.500
 965  966      0.858      0.010      2.500
 966  967      0.861      0.051      2.500
 967  968      0.861     -0.087      2.500
 968  969      0.864     -0.435      2.500
 969  971      0.867     -0.395      2.500
 970  970      0.868      0.484      2.500
 971  972      0.870      0.786      2.500
 973  973      0.871      0.751      2.500
 972  974      0.872     -0.258      2.500
 975  975      0.874     -0.814      2.500
 974  977      0.874     -0.898      2.500
 976  976      0.875      0.677      2.500
 977  979      0.878     -0.208      2.500
 978  978      0.878     -0.607      2.500
 979  980      0.883      0.251      2.500
 980  981      0.884     -0.721      2.500
 981  982      0.886      0.725      2.500
 982  983      0.888     -0.676      2.500
 983  984      0.891      0.457      2.500
 985  985      0.898     -0.826      2.500
 986  987      0.899     -0.536      2.500
 984  986      0.900      0.425      2.500
 987  988      0.901      0.639      2.500
 988  989      0.901      0.817      2.500
 989  990      0.902     -0.777      2.500
 990  991      0.904      0.662      2.500
 991  992      0.904      0.579      2.500
 992  993      0.905     -0.265      2.500
  -1   -2      0.910      0.373      2.500
 993  995      0.910     -0.395      2.500
 995  996      0.912      0.364      2.500
