1000
   1    0     -0.823      0.164      2.500
   0    1     -0.823      0.003      2.500
   2    2     -0.819     -0.156      2.500
  -1   14     -0.817     -0.299      2.500
   3    3     -0.815     -0.243      2.500
   7    4     -0.815     -0.080      2.500
   8    6     -0.816      0.793      2.500
   5   11     -0.814     -0.712      2.500
  10    5     -0.815      0.356      2.500
   9    7     -0.815     -0.516      2.500
   4   12     -0.816      0.631      2.500
  -1   -2     -0.815      0.637      2.500
  11    8     -0.815      0.574      2.500
  13   10     -0.814     -0.734      2.500
  14   13     -0.814      0.138      2.500
  12   -2     -0.812     -0.298      2.500
  16   15     -0.809      0.205      2.500
  17   16     -0.806     -0.210      2.500
  18   18     -0.802      0.484      2.500
  19   17     -0.801     -0.052      2.500
  20   19     -0.800      0.308      2.500
  21   20     -0.800     -0.218      2.500
  22   21     -0.799      0.285      2.500
  23   24     -0.797      0.803      2.500
  24   23     -0.796      0.578      2.500
  26   22     -0.795     -0.454      2.500
  25   27     -0.794     -0.891      2.500
  27   25     -0.793     -0.139      2.500
  28   26     -0.793     -0.239      2.500
  30   28     -0.789     -0.427      2.500
  29   29     -0.789      0.497      2.500
  31   30     -0.787      0.140      2.500
  33   32     -0.780     -0.619      2.500
  32   33     -0.780      0.695      2.500
  34   31     -0.780      0.057      2.500
  35   34     -0.777      0.134      2.500
  37   35     -0.775     -0.296      2.500
  36   36     -0.775      0.478      2.500
  38   39     -0.773      0.601      2.500
  39   38     -0.772     -0.657      2.500
  40   37     -0.773      0.349      2.500
  42   40     -0.770      0.152      2.500
  44   41     -0.769      0.254      2.500
  43   42     -0.769      0.400      2.500
  41   43     -0.768     -0.854      2.500
  45   45     -0.764     -0.685      2.500
  46   44     -0.764      0.306      2.500
  49   46     -0.761     -0.196      2.500
  48   47     -0.758      0.639      2.500
  47   48     -0.757     -0.854      2.500
  50   50     -0.753      0.785      2.500
  52   49     -0.751     -0.235      2.500
  51   51     -0.749      0.551      2.500
  54   52     -0.744     -0.260      2.500
  53   53     -0.743     -0.504      2.500
  55   54     -0.740     -0.066      2.500
  56   55     -0.739      0.040      2.500
  58   56     -0.738      0.127      2.500
  57   57     -0.737      0.357      2.500
  59   58     -0.734     -0.200      2.500
  62   59     -0.731     -0.339      2.500
  65   60     -0.730     -0.281      2.500
  60   63     -0.730     -0.644      2.500
  63   61     -0.730     -0.475      2.500
  61   67     -0.729      0.539      2.500
  66   64     -0.728      0.408      2.500
  69   62     -0.727      0.001      2.500
  64   68     -0.728      0.526      2.500
  68   69     -0.724     -0.613      2.500
  71   65     -0.725     -0.040      2.500
  70   66     -0.724     -0.160      2.500
  67   72     -0.724     -0.842      2.500
  73   70     -0.721     -0.122      2.500
  74   71     -0.720      0.154      2.500
  76   73     -0.718      0.089      2.500
  72   77     -0.718      0.769      2.500
  75   75     -0.716      0.467      2.500
  78   74     -0.715     -0.097      2.500
  79   76     -0.712     -0.200      2.500
  77   78     -0.711      0.501      2.500
  81   79     -0.708      0.224      2.500
  83   80     -0.705      0.101      2.500
  80   83     -0.704     -0.678      2.500
  84   81     -0.702     -0.342      2.500
  82   85     -0.701      0.676      2.500
  85   82     -0.701      0.185      2.500
  88   84     -0.695     -0.207      2.500
  86   87     -0.693     -0.803      2.500
  87   90     -0.690     -0.772      2.500
  90   86     -0.690      0.209      2.500
  89   89     -0.688     -0.531      2.500
  97   88     -0.684     -0.037      2.500
  91   95     -0.684      0.709      2.500
  92   94     -0.682     -0.674      2.500
  93   93     -0.683      0.526      2.500
  98   91     -0.681      0.072      2.500
  94   96     -0.679     -0.899      2.500
 100   92     -0.679     -0.350      2.500
  95   98     -0.678     -0.845      2.500
  96   97     -0.679      0.581      2.500
  -1  100     -0.676      0.577      2.500
  99  102     -0.673      0.738      2.500
 102   99     -0.672      0.305      2.500
 101  103     -0.670     -0.800      2.500
 103  101     -0.667     -0.262      2.500
 104  105     -0.662      0.443      2.500
 108  104     -0.661     -0.081      2.500
 106  106     -0.659     -0.409      2.500
 105  108     -0.658      0.549      2.500
 110  107     -0.656     -0.202      2.500
 109  109     -0.653      0.411      2.500
 107  114     -0.650     -0.856      2.500
 112  110     -0.650     -0.416      2.500
 111  111     -0.649     -0.899      2.500
 114  112     -0.644     -0.303      2.500
 115  113     -0.642     -0.273      2.500
 116  115     -0.641      0.077      2.500
 113  117     -0.640      0.466      2.500
 117  116     -0.638      0.045      2.500
 119  118     -0.632     -0.196      2.500
 120  119     -0.624      0.452      2.500
 118  123     -0.623     -0.775      2.500
 122  121     -0.621     -0.575      2.500
 121  126     -0.617     -0.878      2.500
 125  120     -0.617      0.151      2.500
 127  122     -0.615     -0.254      2.500
 124  125     -0.614      0.472      2.500
 126  124     -0.613     -0.437      2.500
 123  131     -0.612      0.596      2.500
 129  127     -0.610     -0.466      2.500
 130  130     -0.609      0.374      2.500
 132  128     -0.608      0.274      2.500
 131  133     -0.606      0.436      2.500
 135  129     -0.605     -0.306      2.500
 133  134     -0.603     -0.484      2.500
 128  137     -0.602     -0.803      2.500
 140  132     -0.600     -0.235      2.500
 136  136     -0.599      0.466      2.500
 137  135     -0.598      0.412      2.500
 138  138     -0.597     -0.511      2.500
 134  141     -0.597      0.662      2.500
 141  139     -0.595      0.366      2.500
 139  145     -0.589     -0.905      2.500
 143  140     -0.588     -0.201      2.500
 142  146     -0.586     -0.757      2.500
 144  142     -0.586      0.234      2.500
 145  144     -0.583     -0.422      2.500
 146  143     -0.582     -0.005      2.500
 150  147     -0.575      0.128      2.500
 154  148     -0.573      0.017      2.500
 147  152     -0.573     -0.524      2.500
 151  150     -0.572     -0.343      2.500
 155  149     -0.572     -0.244      2.500
 148  154     -0.571      0.412      2.500
 157  151     -0.568      0.101      2.500
 159  153     -0.565     -0.004      2.500
 149  158     -0.563     -0.779      2.500
 160  155     -0.563     -0.220      2.500
 152  160     -0.563      0.771      2.500
 161  156     -0.562      0.184      2.500
 153  161     -0.561     -0.820      2.500
 156  159     -0.561      0.565      2.500
 158  162     -0.556     -0.693      2.500
 162  157     -0.556     -0.404      2.500
 165  165     -0.549      0.432      2.500
 164  168     -0.547     -0.655      2.500
 166  166     -0.547     -0.483      2.500
 163  171     -0.546      0.807      2.500
 167  163     -0.543      0.155      2.500
 168  164     -0.540     -0.113      2.500
 169  167     -0.537     -0.013      2.500
 172  169     -0.536      0.020      2.500
 174  170     -0.533     -0.087      2.500
 170  174     -0.528      0.500      2.500
 173  175     -0.526      0.472      2.500
 171  177     -0.523      0.729      2.500
 175  176     -0.523      0.516      2.500
 179  173     -0.521      0.196      2.500
 180  172     -0.519     -0.165      2.500
 176  183     -0.516     -0.893      2.500
 177  181     -0.517      0.555      2.500
 178  182     -0.515      0.499      2.500
 181  180     -0.511     -0.426      2.500
 182  179     -0.511      0.248      2.500
 186  178     -0.509     -0.211      2.500
 183  184     -0.506      0.404      2.500
 184  188     -0.498      0.679      2.500
 185  191     -0.496      0.741      2.500
 187  190     -0.495      0.586      2.500
 189  189     -0.492     -0.549      2.500
 195  185     -0.491     -0.061      2.500
 190  192     -0.491      0.474      2.500
 188  193     -0.491      0.654      2.500
 191  195     -0.487     -0.683      2.500
 197  187     -0.486     -0.191      2.500
 198  186     -0.485     -0.024      2.500
 192  196     -0.484     -0.747      2.500
 193  198     -0.483      0.707      2.500
  -1   -2     -0.480     -0.682      2.500
 196  197     -0.478      0.465      2.500
 199  194     -0.476     -0.106      2.500
  -1  202     -0.467     -0.074      2.500
 200  201     -0.466      0.434      2.500
 202  204     -0.462      0.428      2.500
 201  206     -0.459      0.605      2.500
 208  203     -0.457      0.208      2.500
 205  205     -0.456      0.393      2.500
 203  211     -0.455      0.775      2.500
 204  216     -0.454     -0.073      2.500
 209  207     -0.452      0.387      2.500
 210  210     -0.450      0.420      2.500
 212  209     -0.449      0.366      2.500
 206  215     -0.448     -0.704      2.500
 207  214     -0.447     -0.669      2.500
 211  218     -0.444      0.681      2.500
 217  208     -0.443     -0.186      2.500
 214  217     -0.442     -0.582      2.500
 215  213     -0.442     -0.462      2.500
 220  212     -0.439     -0.196      2.500
 218  220     -0.435     -0.499      2.500
 213   -2     -0.433     -0.071      2.500
 219  222     -0.432     -0.899      2.500
 216  225     -0.432      0.574      2.500
 232  219     -0.429     -0.225      2.500
 233  221     -0.427     -0.184      2.500
 221  230     -0.425     -0.690      2.500
 226  228     -0.424     -0.578      2.500
 231  226     -0.424     -0.469      2.500
 222  232     -0.424      0.655      2.500
 225  229     -0.424     -0.615      2.500
 234  223     -0.424      0.117      2.500
 227  231     -0.423      0.539      2.500
 223  235     -0.423      0.686      2.500
 224  236     -0.421     -0.728      2.500
 235  227     -0.421      0.230      2.500
 237  224     -0.421     -0.067      2.500
 230  234     -0.421      0.525      2.500
 228  239     -0.419      0.722      2.500
 236  233     -0.415      0.327      2.500
 239  238     -0.410     -0.444      2.500
 238  244     -0.408      0.479      2.500
 246  237     -0.407      0.036      2.500
 244  241     -0.404     -0.368      2.500
 240  251     -0.402      0.696      2.500
 247  240     -0.402     -0.087      2.500
 241  250     -0.402      0.665      2.500
 243  249     -0.401      0.487      2.500
 251  243     -0.399      0.100      2.500
 242  252     -0.399      0.645      2.500
  -1   -2     -0.398     -0.026      2.500
 249  247     -0.396      0.262      2.500
 254  245     -0.395     -0.163      2.500
 257  246     -0.392     -0.022      2.500
 256  248     -0.392      0.084      2.500
 245  255     -0.392      0.761      2.500
 250  256     -0.387     -0.663      2.500
 248  260     -0.386      0.752      2.500
 258  254     -0.385      0.331      2.500
 253  259     -0.384      0.592      2.500
 265  253     -0.381     -0.248      2.500
 255  265     -0.378     -0.833      2.500
 260  264     -0.377      0.532      2.500
 261  261     -0.376     -0.554      2.500
 259  267     -0.374     -0.772      2.500
 269  257     -0.373     -0.127      2.500
 266  263     -0.372      0.346      2.500
 270  258     -0.372     -0.120      2.500
 263  268     -0.372      0.585      2.500
 262  270     -0.370      0.827      2.500
 264  271     -0.368     -0.895      2.500
 271  262     -0.368     -0.300      2.500
 267  269     -0.368      0.497      2.500
 268  272     -0.365      0.578      2.500
 277  266     -0.362     -0.236      2.500
 272  273     -0.360      0.462      2.500
  -1   -2     -0.356      0.578      2.500
 278  274     -0.355      0.287      2.500
 274  279     -0.351     -0.817      2.500
 276  277     -0.351      0.587      2.500
 275  280     -0.351      0.824      2.500
 279  278     -0.347      0.455      2.500
 281  276     -0.346     -0.303      2.500
 280  286     -0.337     -0.665      2.500
  -1  289     -0.337      0.833      2.500
 284  283     -0.333     -0.359      2.500
 290  281     -0.330     -0.090      2.500
 289  282     -0.330     -0.122      2.500
 287  284     -0.328      0.184      2.500
 282  290     -0.329      0.785      2.500
 286  288     -0.326     -0.393      2.500
 292  285     -0.326      0.070      2.500
 291  287     -0.325     -0.245      2.500
 283  296     -0.322      0.768      2.500
 285  297     -0.319     -0.769      2.500
 295  292     -0.317     -0.427      2.500
 288  298     -0.317      0.657      2.500
 301  291     -0.316      0.226      2.500
 296  294     -0.316      0.369      2.500
 300  295     -0.313     -0.472      2.500
 293  302     -0.314      0.598      2.500
 294  301     -0.313     -0.661      2.500
 304  293     -0.312      0.069      2.500
 298  299     -0.312     -0.579      2.500
 302  300     -0.309      0.372      2.500
 299  305     -0.308      0.616      2.500
 297  308     -0.307      0.794      2.500
 303  303     -0.305      0.449      2.500
 305  311     -0.299      0.620      2.500
 310  306     -0.296      0.075      2.500
 311  304     -0.295     -0.050      2.500
 309  307     -0.295      0.111      2.500
 314  309     -0.293      0.034      2.500
 307  318     -0.292      0.668      2.500
 306  320     -0.292      0.790      2.500
 316  310     -0.289      0.088      2.500
 312  317     -0.287     -0.539      2.500
 317  314     -0.286      0.263      2.500
 320  312     -0.285     -0.079      2.500
 319  313     -0.285     -0.248      2.500
 321  315     -0.283      0.186      2.500
 313  322     -0.282     -0.699      2.500
 315  321     -0.282      0.484      2.500
 308  324     -0.282     -0.904      2.500
 324  316     -0.280     -0.141      2.500
 318  323     -0.279      0.472      2.500
 325  319     -0.278      0.077      2.500
 322  325     -0.274     -0.624      2.500
 323  328     -0.268      0.767      2.500
 326  327     -0.266      0.560      2.500
 327  330     -0.261      0.615      2.500
 331  326     -0.261      0.221      2.500
 328  331     -0.260     -0.722      2.500
 329  332     -0.260      0.646      2.500
 336  329     -0.254     -0.214      2.500
 330  334     -0.253      0.713      2.500
 335  333     -0.250     -0.516      2.500
 333  335     -0.249     -0.742      2.500
 332  336     -0.249     -0.816      2.500
 334  337     -0.246      0.816      2.500
 337  339     -0.238     -0.768      2.500
 338  340     -0.232      0.324      2.500
 341  338     -0.231      0.002      2.500
 339  342     -0.229      0.383      2.500
 344  341     -0.225     -0.080      2.500
 340  346     -0.222      0.573      2.500
 343  344     -0.220      0.369      2.500
 342  350     -0.218      0.724      2.500
 346  345     -0.216     -0.413      2.500
 349  343     -0.216     -0.225      2.500
 345  349     -0.213     -0.534      2.500
 347  348     -0.213     -0.899      2.500
 353  347     -0.210      0.088      2.500
 348  353     -0.210      0.521      2.500
 351  351     -0.208      0.400      2.500
 352  354     -0.207     -0.572      2.500
 355  352     -0.204      0.230      2.500
 350  364     -0.204      0.682      2.500
 354  360     -0.200     -0.525      2.500
 357  357     -0.201      0.289      2.500
 356  362     -0.200      0.402      2.500
 359  356     -0.199     -0.280      2.500
 362  355     -0.198     -0.085      2.500
 361  358     -0.197     -0.296      2.500
 367  359     -0.195     -0.069      2.500
 368  361     -0.194     -0.145      2.500
 358  366     -0.194     -0.560      2.500
 369  363     -0.193     -0.123      2.500
 365  365     -0.193     -0.375      2.500
 360  371     -0.189     -0.802      2.500
 366  370     -0.188     -0.585      2.500
 363  372     -0.187     -0.826      2.500
 372  367     -0.187     -0.236      2.500
 364  374     -0.186      0.778      2.500
 374  368     -0.184     -0.347      2.500
 370  373     -0.184      0.527      2.500
 375  369     -0.182     -0.138      2.500
 371  375     -0.182      0.453      2.500
 373  378     -0.177      0.824      2.500
 378  376     -0.173     -0.235      2.500
 379  377     -0.171     -0.361      2.500
 377  379     -0.169     -0.517      2.500
 376  381     -0.167     -0.777      2.500
 381  380     -0.162     -0.066      2.500
 382  383     -0.158      0.239      2.500
 386  382     -0.157      0.058      2.500
 385  384     -0.156      0.258      2.500
 380  387     -0.156      0.571      2.500
 383  386     -0.154     -0.488      2.500
 384  388     -0.153      0.510      2.500
 389  385     -0.152     -0.326      2.500
 390  389     -0.149      0.369      2.500
 388  390     -0.148      0.453      2.500
 387  392     -0.147      0.807      2.500
 391  391     -0.145     -0.489      2.500
  -1   -2     -0.135     -0.402      2.500
 395  394     -0.134     -0.410      2.500
 396  395     -0.133     -0.459      2.500
 393  396     -0.133      0.437      2.500
 392  397     -0.133      0.557      2.500
 398  398     -0.124      0.064      2.500
 397  399     -0.122      0.804      2.500
 400  401     -0.116      0.495      2.500
 401  400     -0.116     -0.577      2.500
 399  402     -0.116      0.618      2.500
 402  406     -0.111     -0.654      2.500
 404  409     -0.110      0.694      2.500
 403  410     -0.110      0.749      2.500
 406  404     -0.110      0.329      2.500
  -1  407     -0.109      0.261      2.500
 411  403     -0.108     -0.074      2.500
 407   -2     -0.107      0.268      2.500
 410  408     -0.107     -0.398      2.500
 405  413     -0.107      0.645      2.500
 414  411     -0.103      0.109      2.500
 409  417     -0.102     -0.894      2.500
 415  412     -0.102      0.093      2.500
 413  414     -0.102      0.468      2.500
 412  415     -0.102     -0.608      2.500
 416  418     -0.098     -0.562      2.500
 419  416     -0.098     -0.208      2.500
 418  419     -0.096     -0.498      2.500
 417  423     -0.096      0.517      2.500
 420  421     -0.093     -0.380      2.500
 421  420     -0.093     -0.185      2.500
 422  422     -0.092      0.078      2.500
 423  424     -0.088     -0.252      2.500
 424  425     -0.085     -0.236      2.500
 425  426     -0.080      0.272      2.500
 426  428     -0.075     -0.720      2.500
 427  429     -0.074      0.648      2.500
 428  430     -0.073      0.578      2.500
 430  427     -0.072     -0.289      2.500
 429  431     -0.072      0.667      2.500
 431  433     -0.068     -0.797      2.500
 433  432     -0.067      0.160      2.500
 432  434     -0.067      0.798      2.500
 434  436     -0.063     -0.726      2.500
 435  435     -0.062      0.427      2.500
 436  437     -0.059     -0.230      2.500
 437  438     -0.058     -0.165      2.500
 438  440     -0.054      0.597      2.500
 439  439     -0.053      0.107      2.500
 440  443     -0.049     -0.514      2.500
 443  441     -0.048     -0.036      2.500
 444  442     -0.048     -0.079      2.500
 441  444     -0.047     -0.453      2.500
 442  447     -0.046      0.560      2.500
  -1   -2     -0.045      0.364      2.500
 446  446     -0.045      0.374      2.500
 447  448     -0.043      0.272      2.500
 448  449     -0.041     -0.401      2.500
 449  450     -0.034     -0.273      2.500
 450  452     -0.023     -0.501      2.500
 451  451     -0.023     -0.052      2.500
 452  453     -0.019     -0.437      2.500
 453  454     -0.018      0.758      2.500
 454  456     -0.016      0.664      2.500
 455  455     -0.015      0.449      2.500
 456  458     -0.014     -0.541      2.500
 458  457     -0.013     -0.203      2.500
 457  459     -0.013     -0.353      2.500
 459  460     -0.013      0.142      2.500
 461  461     -0.008      0.272      2.500
 460  463     -0.008      0.809      2.500
 462  462     -0.007      0.343      2.500
 463  464     -0.003     -0.810      2.500
 465  465     -0.001     -0.080      2.500
 466  466     -0.000     -0.376      2.500
 464  467     -0.000     -0.827      2.500
 467  468      0.001     -0.657      2.500
 468  471      0.002     -0.887      2.500
 471  470      0.003     -0.006      2.500
 470  469      0.003      0.007      2.500
 469  472      0.003     -0.677      2.500
 473  474      0.004     -0.899      2.500
 472  475      0.004      0.328      2.500
 474  473      0.004     -0.105      2.500
 475  476      0.005     -0.405      2.500
 477  477      0.005     -0.492      2.500
 476  478      0.005      0.587      2.500
 478  479      0.006      0.214      2.500
 479  480      0.010     -0.566      2.500
 480  481      0.013      0.123      2.500
 481  482      0.014     -0.798      2.500
 483  483      0.015      0.395      2.500
 482  484      0.015      0.747      2.500
 484  485      0.016      0.248      2.500
 485  486      0.017      0.023      2.500
 486  487      0.017     -0.403      2.500
 487  488      0.018      0.587      2.500
 488  489      0.019     -0.730      2.500
 489  490      0.019      0.147      2.500
 490  491      0.020     -0.245      2.500
 491  492      0.020      0.662      2.500
 492  493      0.021     -0.474      2.500
 493  494      0.022      0.779      2.500
 494  495      0.022      0.051      2.500
 495  496      0.025      0.075      2.500
 497  497      0.027     -0.571      2.500
 496  498      0.027     -0.026      2.500
 498  499      0.028     -0.376      2.500
 499  500      0.028     -0.450      2.500
 500  501      0.029      0.488      2.500
 501  502      0.031     -0.405      2.500
 502  503      0.033     -0.621      2.500
  -1   -2      0.034     -0.446      2.500
 504  505      0.034      0.810      2.500
 505  506      0.035     -0.537      2.500
 506  507      0.035     -0.561      2.500
 507  508      0.036      0.158      2.500
 508  509      0.051     -0.003      2.500
 509  510      0.052     -0.347      2.500
 510  512      0.055     -0.218      2.500
 511  511      0.055      0.624      2.500
 512  514      0.057      0.386      2.500
 514  513      0.057     -0.625      2.500
 513  516      0.057      0.145      2.500
 515  515      0.057      0.565      2.500
 516  518      0.063     -0.608      2.500
 517  517      0.062      0.555      2.500
 518  519      0.066     -0.305      2.500
 519  520      0.069      0.007      2.500
 521  521      0.072      0.402      2.500
 520  522      0.072     -0.126      2.500
 522  523      0.073     -0.109      2.500
 523  524      0.074     -0.191      2.500
 525  525      0.079     -0.871      2.500
 524  526      0.079      0.061      2.500
 527  527      0.084     -0.699      2.500
 529  528      0.086     -0.433      2.500
 526  529      0.087     -0.192      2.500
 528  532      0.087      0.031      2.500
 530  530      0.087      0.233      2.500
 531  531      0.089     -0.603      2.500
 534  533      0.095      0.709      2.500
 532  536      0.095      0.091      2.500
 536  534      0.096     -0.829      2.500
 533  535      0.096     -0.358      2.500
 535  539      0.099      0.202      2.500
 537  537      0.101      0.587      2.500
 538  538      0.101     -0.763      2.500
 539  540      0.103     -0.877      2.500
 541  541      0.104      0.776      2.500
 542  542      0.106      0.530      2.500
 540  543      0.109     -0.038      2.500
 543  547      0.111      0.257      2.500
 544  544      0.112     -0.530      2.500
 545  545      0.112      0.515      2.500
 546  546      0.115     -0.808      2.500
 549  548      0.125     -0.872      2.500
 547  551      0.128     -0.347      2.500
 551  549      0.130      0.679      2.500
 548  552      0.130     -0.265      2.500
 552  550      0.130     -0.785      2.500
 550  555      0.132      0.002      2.500
 555  553      0.136     -0.878      2.500
 553  558      0.136     -0.366      2.500
 556  554      0.137      0.784      2.500
 558  556      0.139     -0.779      2.500
 554  561      0.140      0.126      2.500
 560  557      0.140     -0.884      2.500
 564  559      0.143     -0.831      2.500
 559  562      0.143     -0.455      2.500
 563  560      0.144      0.593      2.500
 557  564      0.144      0.104      2.500
 562  563      0.147      0.383      2.500
 561  567      0.149      0.123      2.500
 567  565      0.151      0.627      2.500
 566  566      0.151     -0.571      2.500
 565  569      0.152     -0.491      2.500
 569  568      0.156      0.718      2.500
 568  570      0.156     -0.433      2.500
 571  573      0.161     -0.420      2.500
 575  571      0.161      0.709      2.500
 570  574      0.162      0.185      2.500
 572  575      0.164      0.001      2.500
 577  572      0.165     -0.844      2.500
 573  576      0.166     -0.080      2.500
 574  577      0.167     -0.173      2.500
 576  579      0.171     -0.193      2.500
 578  581      0.173      0.023      2.500
 582  578      0.176     -0.837      2.500
 579  583      0.178     -0.078      2.500
 585  580      0.180      0.679      2.500
 588  582      0.183      0.790      2.500
 580  586      0.183     -0.183      2.500
 584  584      0.184      0.390      2.500
 581  587      0.184     -0.026      2.500
 586  585      0.185     -0.584      2.500
 583  588      0.185      0.172      2.500
  -1   -2      0.188     -0.434      2.500
 591  590      0.191     -0.443      2.500
 590  591      0.192      0.230      2.500
 589  593      0.193      0.008      2.500
 592  592      0.195      0.261      2.500
 593  594      0.197      0.327      2.500
 594  596      0.199     -0.397      2.500
 595  595      0.202      0.517      2.500
 597  598      0.210     -0.417      2.500
 596  601      0.210     -0.201      2.500
 599  600      0.211     -0.401      2.500
 603  597      0.213      0.812      2.500
 598  603      0.214      0.052      2.500
 604  599      0.216      0.547      2.500
 601  602      0.217     -0.452      2.500
 600  607      0.219      0.004      2.500
 605  604      0.221      0.415      2.500
 607  605      0.222     -0.898      2.500
 602  610      0.223     -0.064      2.500
 609  606      0.225     -0.550      2.500
 606  611      0.226      0.182      2.500
 611  608      0.227      0.491      2.500
 610  609      0.228     -0.522      2.500
 608  614      0.230     -0.050      2.500
 612  613      0.232      0.262      2.500
 614  618      0.235     -0.278      2.500
 613  621      0.235     -0.162      2.500
 617  612      0.235     -0.740      2.500
 615  620      0.236     -0.319      2.500
 616  625      0.240      0.022      2.500
 619  617      0.241      0.587      2.500
 620  615      0.241      0.630      2.500
 622  616      0.242     -0.773      2.500
 618  624      0.242      0.410      2.500
 623  623      0.245      0.526      2.500
 624  619      0.245     -0.877      2.500
 625  622      0.246      0.726      2.500
 621  629      0.252      0.080      2.500
 629  626      0.252     -0.731      2.500
 628  627      0.253     -0.534      2.500
 627  628      0.254     -0.477      2.500
 626  632      0.257     -0.210      2.500
 633  630      0.262     -0.723      2.500
 636  631      0.263     -0.775      2.500
 630  633      0.264      0.104      2.500
 631  635      0.269      0.091      2.500
 634  634      0.270      0.272      2.500
 637  636      0.272      0.210      2.500
 632  638      0.272     -0.156      2.500
 635  639      0.275      0.025      2.500
 641  637      0.280     -0.653      2.500
 638  642      0.281      0.019      2.500
 640  640      0.284     -0.483      2.500
 642  644      0.289     -0.325      2.500
 639  649      0.290     -0.109      2.500
 650  641      0.292      0.713      2.500
 643  652      0.293     -0.005      2.500
 644  655      0.295     -0.203      2.500
 645  656      0.296      0.061      2.500
 649  648      0.296      0.384      2.500
 654  643      0.296     -0.739      2.500
 647  653      0.297     -0.368      2.500
 652  647      0.299      0.491      2.500
 646  657      0.299     -0.126      2.500
 653  650      0.299     -0.592      2.500
 651  651      0.300      0.440      2.500
 655  645      0.300      0.653      2.500
 648  658      0.301      0.112      2.500
 658  646      0.303     -0.904      2.500
 657  654      0.305      0.567      2.500
 656  661      0.309      0.333      2.500
 661  659      0.313     -0.732      2.500
 666  660      0.316      0.716      2.500
 660  664      0.317      0.346      2.500
  -1   -2      0.319      0.667      2.500
 659  670      0.320     -0.121      2.500
 670  663      0.320     -0.870      2.500
 663  668      0.322      0.267      2.500
 664  669      0.324     -0.411      2.500
 671  667      0.326     -0.558      2.500
 662  675      0.326     -0.034      2.500
 668  672      0.328     -0.376      2.500
 675  666      0.329      0.669      2.500
 665  678      0.330     -0.054      2.500
 667  677      0.330     -0.234      2.500
 677  665      0.330     -0.894      2.500
 672  674      0.333      0.373      2.500
 676  671      0.333     -0.683      2.500
 674  673      0.333      0.455      2.500
 679  676      0.337      0.500      2.500
 673  682      0.340     -0.258      2.500
 680  680      0.343     -0.519      2.500
 678  683      0.343      0.186      2.500
 682  681      0.344     -0.534      2.500
 683  679      0.345      0.699      2.500
 681  685      0.349     -0.297      2.500
 684  684      0.353      0.370      2.500
 685  689      0.357      0.357      2.500
 687  688      0.360     -0.617      2.500
 688  687      0.360     -0.646      2.500
 689  686      0.361      0.631      2.500
 693  690      0.364     -0.699      2.500
 695  692      0.365     -0.685      2.500
 697  691      0.367     -0.818      2.500
 686  702      0.370     -0.105      2.500
 690  699      0.371      0.254      2.500
 692  698      0.371      0.329      2.500
 696  701      0.373     -0.418      2.500
 699  693      0.374     -0.756      2.500
 691  705      0.376      0.092      2.500
 700  697      0.377     -0.667      2.500
 702  694      0.377      0.827      2.500
 703  695      0.377     -0.889      2.500
 694  706      0.377      0.049      2.500
 705  696      0.379      0.788      2.500
 698  708      0.381      0.154      2.500
 708  700      0.382      0.685      2.500
 712  703      0.386     -0.710      2.500
 706  707      0.387      0.399      2.500
 701  710      0.388     -0.278      2.500
 716  704      0.390      0.719      2.500
 710  709      0.392      0.366      2.500
 704  714      0.395     -0.002      2.500
 707  713      0.395      0.114      2.500
 709  716      0.397      0.094      2.500
 714  712      0.399      0.293      2.500
 711  717      0.399     -0.182      2.500
 715  715      0.400     -0.373      2.500
 713  718      0.401     -0.014      2.500
 720  711      0.404      0.564      2.500
 717  721      0.408      0.049      2.500
 719  720      0.410      0.324      2.500
 718  724      0.411      0.081      2.500
 726  719      0.416      0.663      2.500
 722  723      0.416     -0.431      2.500
 721  726      0.419      0.026      2.500
 727  722      0.420      0.511      2.500
 725  725      0.421      0.343      2.500
 724  730      0.423      0.034      2.500
 723  731      0.423     -0.033      2.500
 729  727      0.428     -0.506      2.500
 728  732      0.428      0.229      2.500
 730  728      0.433     -0.660      2.500
 731  729      0.434     -0.651      2.500
 732  733      0.439     -0.898      2.500
 736  734      0.449      0.617      2.500
 735  735      0.451      0.423      2.500
 733  738      0.453      0.082      2.500
 734  743      0.457     -0.206      2.500
 742  736      0.459     -0.904      2.500
 740  739      0.462     -0.551      2.500
 743  737      0.462     -0.770      2.500
 737  745      0.465      0.002      2.500
 747  740      0.469      0.777      2.500
 739  749      0.469     -0.184      2.500
 738  751      0.469     -0.138      2.500
 749  741      0.470      0.765      2.500
 741  748      0.471      0.233      2.500
 753  742      0.471     -0.835      2.500
 752  744      0.474      0.545      2.500
 744  750      0.475      0.318      2.500
 751  746      0.476      0.462      2.500
 755  747      0.478     -0.641      2.500
 750  754      0.479      0.339      2.500
 748  756      0.480     -0.412      2.500
 746  760      0.481      0.125      2.500
 756  753      0.482      0.486      2.500
 745  762      0.482     -0.180      2.500
 763  752      0.485     -0.739      2.500
 754  765      0.488     -0.274      2.500
 764  757      0.488     -0.612      2.500
 766  755      0.489      0.725      2.500
 762  759      0.489     -0.551      2.500
 759  761      0.489     -0.513      2.500
 767  763      0.493      0.508      2.500
 769  758      0.495     -0.904      2.500
 757  769      0.496     -0.103      2.500
 758  768      0.496      0.082      2.500
 765  767      0.498     -0.328      2.500
 770  764      0.499      0.710      2.500
 760  770      0.499      0.006      2.500
 761  771      0.499     -0.004      2.500
 768  772      0.504      0.236      2.500
 774  766      0.508     -0.730      2.500
 771  775      0.514     -0.108      2.500
 772  774      0.515     -0.396      2.500
 775  773      0.516     -0.538      2.500
 773  778      0.520     -0.151      2.500
 777  776      0.526     -0.479      2.500
 779  777      0.528     -0.536      2.500
 780  779      0.530     -0.528      2.500
 776  786      0.534     -0.014      2.500
 782  781      0.535      0.359      2.500
 778  788      0.537     -0.160      2.500
 787  780      0.539     -0.831      2.500
 781  790      0.539      0.025      2.500
 783  783      0.541     -0.566      2.500
 785  782      0.542      0.539      2.500
 788  785      0.546      0.560      2.500
 792  784      0.548     -0.836      2.500
 784  794      0.549      0.193      2.500
 789  789      0.549     -0.590      2.500
 797  787      0.552      0.746      2.500
 793  792      0.553     -0.610      2.500
 786  800      0.555     -0.034      2.500
 803  791      0.555     -0.825      2.500
 801  793      0.557      0.620      2.500
 795  795      0.557      0.385      2.500
 790  802      0.560     -0.211      2.500
 796  801      0.561      0.287      2.500
 800  798      0.562      0.396      2.500
 791  804      0.563     -0.163      2.500
 794  807      0.564     -0.151      2.500
 805  796      0.566      0.625      2.500
 798  809      0.567     -0.020      2.500
 802  806      0.567      0.244      2.500
 799  808      0.568      0.166      2.500
 809  797      0.568      0.788      2.500
 808  799      0.569      0.680      2.500
 806  803      0.569     -0.573      2.500
 804  810      0.570      0.174      2.500
 810  805      0.575      0.517      2.500
 807  813      0.579      0.074      2.500
 812  812      0.582     -0.694      2.500
 815  811      0.584      0.802      2.500
 816  814      0.591      0.588      2.500
 813  816      0.591     -0.394      2.500
 811  817      0.592     -0.131      2.500
 814  819      0.597      0.047      2.500
 817  815      0.598     -0.838      2.500
 820  818      0.608      0.632      2.500
 819  820      0.610     -0.593      2.500
 818  822      0.611      0.377      2.500
 823  821      0.616      0.665      2.500
 822  823      0.616     -0.657      2.500
 824  825      0.620      0.572      2.500
 821  829      0.621      0.152      2.500
 826  824      0.622      0.709      2.500
 825  827      0.621     -0.714      2.500
 829  826      0.622     -0.854      2.500
 832  828      0.627     -0.807      2.500
 837  830      0.634     -0.817      2.500
 828  838      0.635     -0.241      2.500
 830  837      0.635     -0.274      2.500
 827  840      0.636      0.007      2.500
 835  832      0.637      0.548      2.500
 833  836      0.638     -0.474      2.500
 831  842      0.638     -0.138      2.500
 840  831      0.639      0.733      2.500
 841  833      0.641      0.669      2.500
 834  841      0.642     -0.338      2.500
 842  835      0.642      0.636      2.500
 843  834      0.643     -0.787      2.500
 844  839      0.645     -0.681      2.500
 836  846      0.647     -0.222      2.500
  -1   -2      0.647     -0.341      2.500
 838  849      0.648      0.017      2.500
 846  843      0.651     -0.691      2.500
 849  844      0.653      0.754      2.500
 847  847      0.655      0.438      2.500
 845  852      0.656      0.238      2.500
 848  851      0.657     -0.898      2.500
 850  850      0.660      0.404      2.500
 855  848      0.661     -0.816      2.500
 853  854      0.662      0.458      2.500
 852  855      0.662      0.434      2.500
 851  858      0.665     -0.376      2.500
 856  853      0.666     -0.865      2.500
 854  860      0.670     -0.109      2.500
 857  857      0.671     -0.818      2.500
 858  859      0.673     -0.771      2.500
 861  861      0.682      0.635      2.500
 859  862      0.684      0.304      2.500
 860  866      0.688      0.019      2.500
 862  867      0.691     -0.214      2.500
 867  863      0.691     -0.761      2.500
 863  870      0.692     -0.094      2.500
 864  869      0.692     -0.166      2.500
 868  864      0.693      0.707      2.500
 865  865      0.694     -0.551      2.500
 866  868      0.696     -0.490      2.500
 872  871      0.704      0.815      2.500
 874  872      0.703     -0.870      2.500
 873  873      0.705      0.610      2.500
  -1   -2      0.706     -0.668      2.500
 869  878      0.708      0.026      2.500
 876  876      0.708     -0.658      2.500
 870  879      0.709      0.011      2.500
 878  875      0.710     -0.903      2.500
 871  881      0.712      0.142      2.500
 879  877      0.713      0.747      2.500
 877  882      0.715      0.208      2.500
 880  880      0.720      0.771      2.500
 881  885      0.724     -0.501      2.500
 884  883      0.726      0.687      2.500
 885  884      0.727     -0.761      2.500
 882  888      0.730     -0.004      2.500
 883  887      0.731     -0.260      2.500
 886  891      0.736      0.249      2.500
 889  889      0.737      0.471      2.500
 893  886      0.737      0.759      2.500
 890  890      0.739      0.431      2.500
 887  897      0.741      0.114      2.500
 888  896      0.741     -0.289      2.500
 895  894      0.742      0.489      2.500
 898  892      0.742      0.551      2.500
 899  893      0.743     -0.904      2.500
 894  898      0.744     -0.413      2.500
 891  901      0.744     -0.232      2.500
 892  903      0.745     -0.197      2.500
 902  895      0.746      0.800      2.500
 896  904      0.748      0.102      2.500
 897  905      0.748      0.078      2.500
 900  902      0.748     -0.455      2.500
 901  899      0.748     -0.569      2.500
 903  900      0.751      0.571      2.500
 904  907      0.753     -0.549      2.500
 906  906      0.756      0.616      2.500
 909  908      0.758      0.657      2.500
 907  909      0.759      0.515      2.500
 905  912      0.759      0.231      2.500
 911  910      0.761      0.729      2.500
 913  911      0.764      0.763      2.500
 908  915      0.764      0.053      2.500
 910  916      0.766     -0.245      2.500
 915  914      0.768      0.405      2.500
 914  917      0.769      0.280      2.500
 917  913      0.769     -0.776      2.500
 912  920      0.770     -0.159      2.500
  -1   -2      0.771      0.292      2.500
 919  921      0.776      0.375      2.500
  -1   -2      0.777      0.635      2.500
 918  922      0.777      0.112      2.500
 923  924      0.782     -0.562      2.500
 922  925      0.782     -0.495      2.500
 925  923      0.784      0.628      2.500
 921  926      0.784      0.067      2.500
 924  928      0.790     -0.121      2.500
 929  927      0.795     -0.723      2.500
 926  933      0.796      0.020      2.500
 927  932      0.796     -0.272      2.500
 928  930      0.797     -0.339      2.500
 930  929      0.799      0.573      2.500
 933  931      0.802      0.748      2.500
 935  934      0.802     -0.712      2.500
 932  936      0.804      0.387      2.500
 931  937      0.804      0.231      2.500
 937  935      0.805      0.616      2.500
 934  939      0.808     -0.108      2.500
 936  942      0.809      0.003      2.500
 938  941      0.811      0.286      2.500
 939  938      0.812      0.551      2.500
 941  940      0.814     -0.717      2.500
 942  943      0.815     -0.585      2.500
 940  944      0.816     -0.355      2.500
 945  945      0.820     -0.671      2.500
 944  946      0.821      0.453      2.500
 943  948      0.824     -0.060      2.500
 946  950      0.825     -0.010      2.500
 947  949      0.827      0.328      2.500
 948  954      0.828      0.005      2.500
 950  947      0.828     -0.868      2.500
  -1   -2      0.829      0.337      2.500
 951  951      0.830     -0.877      2.500
 953  953      0.832     -0.848      2.500
 952  956      0.833     -0.578      2.500
 955  955      0.833     -0.731      2.500
 954  958      0.838     -0.047      2.500
 957  957      0.841     -0.891      2.500
 956  959      0.843      0.315      2.500
 958  962      0.847      0.179      2.500
 959  961      0.847     -0.483      2.500
 960  960      0.848      0.509      2.500
 961  965      0.853     -0.076      2.500
 963  963      0.853     -0.641      2.500
 962  964      0.853     -0.330      2.500
 964  966      0.855      0.317      2.500
 965  967      0.858     -0.167      2.500
 966  968      0.861      0.015      2.500
 967  970      0.864      0.058      2.500
 969  969      0.865     -0.450      2.500
 968  972      0.865     -0.089      2.500
 970  971      0.867      0.500      2.500
 972  973      0.868      0.789      2.500
 971  975      0.868     -0.410      2.500
 973  974      0.869      0.756      2.500
 975  976      0.872     -0.819      2.500
 976  977      0.874      0.686      2.500
 974  979      0.874     -0.267      2.500
 977  978      0.874     -0.898      2.500
 978  980      0.877     -0.621      2.500
 979  981      0.880     -0.216      2.500
 981  982      0.883     -0.731      2.500
 980  984      0.884      0.265      2.500
 982  983      0.885      0.732      2.500
 983  985      0.887     -0.688      2.500
 984  986      0.890      0.474      2.500
 985  987      0.897     -0.831      2.500
 986  989      0.899      0.442      2.500
 988  990      0.899      0.650      2.500
 989  988      0.900      0.820      2.500
 987  991      0.899     -0.552      2.500
 990  992      0.900     -0.785      2.500
 991  993      0.902      0.672      2.500
 992  994      0.903      0.593      2.500
 993  995      0.907     -0.275      2.500
  -1   -2      0.910      0.390      2.500
 995  998      0.910     -0.409      2.500
 996  997      0.911      0.380      2.500
  -1  999      0.913     -0.612      2.500
