994
   0    0     -0.823      0.438      2.500
   1    1     -0.820     -0.136      2.500
  -1   -2     -0.820      0.582      2.500
   3    4     -0.819     -0.655      2.500
   2    3     -0.819      0.574      2.500
   5    5     -0.816     -0.205      2.500
   7    6     -0.815     -0.080      2.500
   6    7     -0.815      0.356      2.500
  -1   11     -0.815      0.138      2.500
  10    8     -0.814     -0.734      2.500
   9   10     -0.814     -0.298      2.500
  11    9     -0.814     -0.516      2.500
  12   13     -0.811     -0.249      2.500
  -1   14     -0.807      0.148      2.500
   8   15     -0.808      0.789      2.500
  14   16     -0.806     -0.888      2.500
  15   17     -0.803     -0.177      2.500
  16   18     -0.802      0.512      2.500
  17   19     -0.801      0.408      2.500
  19   20     -0.797     -0.055      2.500
  18   21     -0.797      0.235      2.500
  20   22     -0.796     -0.183      2.500
  21   23     -0.795      0.214      2.500
  22   25     -0.793      0.653      2.500
  23   24     -0.792     -0.381      2.500
  24   26     -0.790      0.422      2.500
  25   30     -0.786     -0.839      2.500
  26   27     -0.787     -0.121      2.500
  27   28     -0.786     -0.198      2.500
  28   29     -0.784     -0.355      2.500
  30   31     -0.783     -0.551      2.500
  29   32     -0.783      0.540      2.500
  32   34     -0.780     -0.594      2.500
  -1   33     -0.780      0.090      2.500
  31   35     -0.779     -0.839      2.500
  34   37     -0.775     -0.626      2.500
  36   36     -0.776      0.402      2.500
  35   38     -0.774      0.769      2.500
  37   39     -0.773      0.586      2.500
  38   40     -0.769      0.027      2.500
  39   42     -0.767      0.269      2.500
  40   41     -0.767      0.086      2.500
  41   43     -0.765     -0.242      2.500
  42   44     -0.765      0.320      2.500
  44   45     -0.759      0.185      2.500
  43   47     -0.759      0.484      2.500
  46   46     -0.758      0.101      2.500
  47   48     -0.756      0.232      2.500
  45   49     -0.753     -0.825      2.500
  48   51     -0.746      0.749      2.500
  49   50     -0.744     -0.164      2.500
  50   52     -0.741     -0.582      2.500
  51   54     -0.740      0.473      2.500
  52   53     -0.739     -0.432      2.500
  53   55     -0.737      0.458      2.500
  55   56     -0.733     -0.195      2.500
  54   57     -0.733     -0.548      2.500
  58   58     -0.731      0.282      2.500
  56   63     -0.727     -0.776      2.500
  57   61     -0.728      0.634      2.500
  62   59     -0.725     -0.215      2.500
  60   60     -0.726      0.333      2.500
  64   62     -0.723     -0.405      2.500
  61   64     -0.723     -0.624      2.500
  59   66     -0.722     -0.737      2.500
  66   65     -0.720      0.396      2.500
  67   68     -0.720      0.433      2.500
  63   72     -0.718     -0.829      2.500
  65   74     -0.716     -0.898      2.500
  69   67     -0.717      0.083      2.500
  68   75     -0.716      0.677      2.500
  71   69     -0.716      0.015      2.500
  74   70     -0.715     -0.066      2.500
  72   71     -0.714     -0.282      2.500
  75   73     -0.710     -0.169      2.500
  70   77     -0.709     -0.773      2.500
  76   76     -0.709     -0.234      2.500
  73   78     -0.709      0.713      2.500
  77   80     -0.703     -0.622      2.500
  79   84     -0.700      0.526      2.500
  82   79     -0.699     -0.015      2.500
  78   89     -0.697     -0.844      2.500
  80   86     -0.697      0.522      2.500
  81   85     -0.697      0.464      2.500
  84   81     -0.696     -0.138      2.500
  83   82     -0.696      0.107      2.500
  85   83     -0.695     -0.046      2.500
  88   87     -0.690     -0.109      2.500
  87   88     -0.690      0.054      2.500
  86   91     -0.688     -0.467      2.500
  89   90     -0.687      0.166      2.500
  93   92     -0.682     -0.090      2.500
  92   93     -0.682     -0.171      2.500
  91   94     -0.681     -0.289      2.500
  90   97     -0.679      0.493      2.500
  97   95     -0.676      0.066      2.500
  96   96     -0.675      0.135      2.500
  94  101     -0.670     -0.873      2.500
  95  102     -0.667     -0.747      2.500
  98   99     -0.666      0.379      2.500
  99   98     -0.665      0.156      2.500
 101  100     -0.662     -0.178      2.500
 102  103     -0.657      0.244      2.500
 104  104     -0.655     -0.299      2.500
 100  107     -0.654     -0.782      2.500
 103  105     -0.653      0.350      2.500
 105  106     -0.649     -0.899      2.500
 106  110     -0.649      0.407      2.500
 110  108     -0.644      0.044      2.500
 107  112     -0.644      0.552      2.500
 112  109     -0.643     -0.043      2.500
 111  111     -0.641     -0.355      2.500
 108  115     -0.640      0.630      2.500
 109  118     -0.634     -0.728      2.500
 115  114     -0.633     -0.363      2.500
 117  113     -0.632     -0.226      2.500
 113  116     -0.632     -0.524      2.500
 114  117     -0.632      0.396      2.500
 118  119     -0.626      0.419      2.500
 116  122     -0.622     -0.805      2.500
 120  124     -0.618     -0.756      2.500
 119  125     -0.619      0.760      2.500
 124  121     -0.614     -0.177      2.500
 125  120     -0.614     -0.078      2.500
 121  126     -0.611      0.383      2.500
 122  127     -0.611      0.416      2.500
 126  123     -0.610     -0.264      2.500
 129  128     -0.604     -0.239      2.500
 123  135     -0.604      0.800      2.500
 127  129     -0.602      0.322      2.500
 131  130     -0.600     -0.418      2.500
 130  133     -0.600      0.361      2.500
 134  132     -0.598     -0.391      2.500
 133  134     -0.597     -0.437      2.500
 135  136     -0.596     -0.465      2.500
 128  138     -0.596     -0.662      2.500
 136  131     -0.595      0.052      2.500
 132  139     -0.595      0.528      2.500
 141  137     -0.590      0.026      2.500
 139  141     -0.587      0.318      2.500
 143  140     -0.585     -0.175      2.500
 142  142     -0.583      0.229      2.500
 137  148     -0.581     -0.892      2.500
 140  144     -0.581     -0.623      2.500
 138  147     -0.582      0.715      2.500
 144  145     -0.576     -0.482      2.500
 146  143     -0.575      0.118      2.500
 145  149     -0.573      0.369      2.500
 148  146     -0.571     -0.226      2.500
 149  150     -0.567     -0.273      2.500
 150  151     -0.564     -0.383      2.500
 147  155     -0.559      0.731      2.500
 152  154     -0.556      0.393      2.500
 151  156     -0.556      0.663      2.500
 158  153     -0.553      0.197      2.500
 160  152     -0.552     -0.212      2.500
 153  158     -0.552      0.526      2.500
 154  157     -0.551      0.467      2.500
 155  159     -0.549      0.484      2.500
 156  164     -0.545      0.636      2.500
 157  165     -0.544      0.695      2.500
 161  163     -0.543      0.438      2.500
 159  167     -0.541     -0.731      2.500
 164  160     -0.541     -0.450      2.500
 163  166     -0.539      0.468      2.500
 166  161     -0.538     -0.313      2.500
 162  169     -0.538      0.564      2.500
 170  162     -0.535     -0.184      2.500
 168  168     -0.532     -0.373      2.500
 165  173     -0.532     -0.664      2.500
 171  170     -0.526      0.105      2.500
  -1   -2     -0.525     -0.664      2.500
 167  179     -0.523      0.772      2.500
 172  172     -0.522     -0.224      2.500
 174  171     -0.521     -0.013      2.500
 173  174     -0.519      0.157      2.500
 179  176     -0.513      0.081      2.500
 181  177     -0.512      0.006      2.500
 176  181     -0.511      0.449      2.500
 183  178     -0.510     -0.204      2.500
 178  182     -0.508      0.376      2.500
 175  184     -0.508      0.590      2.500
 180  183     -0.505     -0.527      2.500
 177  186     -0.505      0.672      2.500
 186  180     -0.502     -0.012      2.500
 182  189     -0.499     -0.693      2.500
 184  187     -0.497      0.443      2.500
 191  185     -0.493      0.134      2.500
 189  188     -0.492     -0.404      2.500
 185  190     -0.491     -0.658      2.500
 188  195     -0.486      0.681      2.500
 187  197     -0.486      0.718      2.500
 190  199     -0.484      0.648      2.500
 192  201     -0.479     -0.722      2.500
 195  198     -0.478      0.417      2.500
 199  191     -0.478      0.176      2.500
 197  193     -0.478      0.227      2.500
 193  202     -0.478      0.564      2.500
 194  204     -0.475     -0.683      2.500
 203  192     -0.475     -0.109      2.500
 198  203     -0.472      0.412      2.500
 207  194     -0.471     -0.018      2.500
 208  196     -0.471      0.012      2.500
 196  207     -0.467      0.693      2.500
 213  200     -0.466     -0.087      2.500
 202  205     -0.466     -0.572      2.500
 201  211     -0.464      0.662      2.500
 200  213     -0.463      0.761      2.500
 204  210     -0.462      0.531      2.500
 211  208     -0.459      0.407      2.500
 214  209     -0.458      0.378      2.500
 206  217     -0.457      0.642      2.500
 205  218     -0.457      0.752      2.500
 210  214     -0.456     -0.609      2.500
 220  206     -0.456     -0.159      2.500
 212  215     -0.456      0.518      2.500
 209  220     -0.453     -0.831      2.500
 216  216     -0.452      0.374      2.500
 222  212     -0.449     -0.203      2.500
 218  219     -0.448     -0.573      2.500
 221  221     -0.444      0.355      2.500
 215   -2     -0.443     -0.892      2.500
 217  224     -0.443      0.828      2.500
 219  225     -0.441     -0.773      2.500
 225  222     -0.437     -0.493      2.500
 223  229     -0.434      0.592      2.500
 227  223     -0.434     -0.456      2.500
 226  226     -0.434      0.476      2.500
 224  230     -0.433     -0.665      2.500
 228   -2     -0.432     -0.899      2.500
 231  231     -0.428      0.485      2.500
 229  235     -0.424      0.827      2.500
 230  237     -0.423     -0.818      2.500
 236  227     -0.423     -0.186      2.500
 237  228     -0.421     -0.063      2.500
 232  236     -0.421      0.588      2.500
 235  234     -0.418     -0.468      2.500
 233  239     -0.416      0.535      2.500
 241  232     -0.415     -0.026      2.500
 238  233     -0.415      0.201      2.500
 234  240     -0.413      0.582      2.500
 246  238     -0.406     -0.106      2.500
  -1   -2     -0.404      0.584      2.500
 245  242     -0.402      0.327      2.500
 239  247     -0.402      0.789      2.500
 242  246     -0.401      0.594      2.500
 247  243     -0.399     -0.448      2.500
 243  245     -0.399      0.504      2.500
  -1  249     -0.396     -0.075      2.500
 248  248     -0.395     -0.563      2.500
 244  252     -0.393      0.772      2.500
 255  250     -0.384      0.231      2.500
 252  265     -0.383     -0.074      2.500
 249  258     -0.382     -0.777      2.500
 251  255     -0.382     -0.677      2.500
 253  254     -0.383      0.472      2.500
 250  261     -0.381      0.798      2.500
 257  251     -0.379     -0.188      2.500
 254  263     -0.378      0.666      2.500
 263  253     -0.376     -0.198      2.500
 262  257     -0.374     -0.375      2.500
 258  259     -0.374      0.339      2.500
 268  256     -0.371     -0.228      2.500
 260  267     -0.368      0.468      2.500
 267  262     -0.368      0.268      2.500
 271  260     -0.366      0.119      2.500
 266  266     -0.365      0.357      2.500
 261  268     -0.365      0.612      2.500
 259  271     -0.364      0.794      2.500
 274  264     -0.363     -0.187      2.500
 264  270     -0.362      0.629      2.500
 256   -2     -0.362     -0.072      2.500
 269  272     -0.357     -0.678      2.500
 270  276     -0.354     -0.903      2.500
 272  274     -0.354      0.635      2.500
 273  277     -0.353      0.680      2.500
 277  269     -0.350     -0.068      2.500
 280  275     -0.340      0.105      2.500
 281  273     -0.340      0.038      2.500
 278  283     -0.337     -0.601      2.500
 276  287     -0.337      0.774      2.500
 282  282     -0.334      0.304      2.500
 279  288     -0.332     -0.718      2.500
 285  278     -0.332     -0.089      2.500
 284  279     -0.331      0.090      2.500
 286  280     -0.330     -0.169      2.500
  -1   -2     -0.328     -0.026      2.500
 288  284     -0.328     -0.259      2.500
 283  289     -0.326      0.473      2.500
 292  286     -0.325     -0.315      2.500
 297  285     -0.323     -0.021      2.500
 296  290     -0.316      0.394      2.500
 290  297     -0.315      0.664      2.500
 287  299     -0.315      0.726      2.500
 289  305     -0.314      0.821      2.500
 301  294     -0.312     -0.499      2.500
 294  303     -0.312     -0.743      2.500
 295  304     -0.312      0.636      2.500
 293  307     -0.311     -0.828      2.500
 298  301     -0.311      0.512      2.500
 302  295     -0.310      0.399      2.500
 300  306     -0.309     -0.652      2.500
 299  308     -0.309      0.585      2.500
 308  291     -0.308     -0.249      2.500
 312  292     -0.306     -0.133      2.500
 307  298     -0.305     -0.418      2.500
 313  293     -0.305     -0.126      2.500
 306  302     -0.305     -0.453      2.500
 311  296     -0.304     -0.322      2.500
 304  310     -0.304      0.501      2.500
 310  300     -0.304     -0.382      2.500
 305  309     -0.303     -0.570      2.500
 303  311     -0.303     -0.762      2.500
 309  313     -0.295     -0.787      2.500
 315  312     -0.288      0.205      2.500
 316  314     -0.285      0.251      2.500
 314  319     -0.277      0.737      2.500
 317  315     -0.276     -0.265      2.500
 321  316     -0.268      0.083      2.500
 323  317     -0.267     -0.130      2.500
 324  318     -0.266     -0.094      2.500
 322  320     -0.264      0.295      2.500
 318  323     -0.263      0.605      2.500
 320  322     -0.260     -0.556      2.500
 319  325     -0.257      0.703      2.500
 325  321     -0.256      0.083      2.500
 331  324     -0.246      0.132      2.500
 330  326     -0.246      0.215      2.500
 326  333     -0.244      0.785      2.500
 333  327     -0.242      0.092      2.500
 327  335     -0.241     -0.821      2.500
 328  336     -0.241     -0.841      2.500
 329  332     -0.241      0.560      2.500
 335  328     -0.240     -0.274      2.500
 336  329     -0.238      0.107      2.500
 340  330     -0.235      0.046      2.500
 334  337     -0.235      0.427      2.500
 341  331     -0.234     -0.050      2.500
 338  334     -0.233      0.257      2.500
 332  341     -0.233      0.829      2.500
 337  344     -0.228     -0.618      2.500
 339  343     -0.227     -0.580      2.500
 344  338     -0.227      0.096      2.500
 345  339     -0.226     -0.083      2.500
 342  342     -0.226      0.369      2.500
 349  340     -0.224     -0.154      2.500
 343  345     -0.223      0.415      2.500
 347  346     -0.217      0.448      2.500
 348  350     -0.214      0.569      2.500
 353  347     -0.213     -0.899      2.500
 346  354     -0.213     -0.802      2.500
 351  349     -0.212     -0.574      2.500
 350  351     -0.212     -0.608      2.500
 352  353     -0.210     -0.632      2.500
 354  352     -0.209      0.452      2.500
 356  348     -0.207     -0.240      2.500
 355  355     -0.206     -0.461      2.500
 357  356     -0.200      0.502      2.500
 358  358     -0.196      0.812      2.500
 360  357     -0.190      0.339      2.500
 359  361     -0.189      0.612      2.500
 361  360     -0.183      0.277      2.500
 365  359     -0.181      0.012      2.500
 363  365     -0.179     -0.572      2.500
 364  364     -0.178     -0.426      2.500
 362  366     -0.177      0.559      2.500
 366  362     -0.176     -0.257      2.500
 368  363     -0.174     -0.085      2.500
 370  368     -0.169     -0.339      2.500
 372  367     -0.169      0.115      2.500
 371  369     -0.168     -0.322      2.500
 374  370     -0.165     -0.398      2.500
 367  372     -0.165      0.811      2.500
 369  371     -0.165      0.508      2.500
 373  374     -0.161      0.602      2.500
 375  373     -0.159     -0.547      2.500
 376  375     -0.155     -0.414      2.500
 378  381     -0.153      0.428      2.500
 382  377     -0.153     -0.273      2.500
 384  376     -0.152     -0.091      2.500
 385  378     -0.151     -0.164      2.500
 380  382     -0.150     -0.549      2.500
 387  379     -0.149     -0.138      2.500
 388  380     -0.149     -0.072      2.500
 377  385     -0.149      0.763      2.500
 379  389     -0.147      0.656      2.500
 383  384     -0.146      0.495      2.500
 381  390     -0.147      0.718      2.500
 390  387     -0.143      0.313      2.500
 391  388     -0.142      0.293      2.500
 393  386     -0.141     -0.273      2.500
 395  383     -0.141     -0.156      2.500
 386  391     -0.140     -0.900      2.500
 389  393     -0.139      0.679      2.500
 392  395     -0.135     -0.704      2.500
 394  396     -0.135      0.550      2.500
 396  394     -0.134     -0.521      2.500
 398  392     -0.133     -0.379      2.500
 397  397     -0.131     -0.635      2.500
 399  399     -0.128     -0.470      2.500
  -1   -2     -0.128     -0.462      2.500
 402  400     -0.123     -0.068      2.500
 403  401     -0.123      0.085      2.500
 401  402     -0.119     -0.665      2.500
 404  403     -0.116      0.527      2.500
 405  404     -0.115      0.571      2.500
 406  406     -0.110     -0.623      2.500
 407  405     -0.109      0.394      2.500
 408  409     -0.101     -0.564      2.500
 412  407     -0.100     -0.462      2.500
  -1  410     -0.100      0.323      2.500
 413   -2     -0.099      0.330      2.500
 409  412     -0.099      0.683      2.500
 410  413     -0.098     -0.763      2.500
 411  414     -0.097      0.699      2.500
 418  411     -0.096      0.093      2.500
 415  415     -0.095      0.805      2.500
 416  417     -0.094     -0.825      2.500
 417  416     -0.093      0.626      2.500
 420  418     -0.086     -0.444      2.500
 419  422     -0.083     -0.768      2.500
 421  419     -0.081      0.149      2.500
 423  420     -0.080     -0.079      2.500
 422  421     -0.080      0.131      2.500
 425  423     -0.076     -0.247      2.500
 424  424     -0.074      0.337      2.500
 426  429     -0.072      0.643      2.500
 429  425     -0.071     -0.219      2.500
 428  426     -0.071     -0.300      2.500
 430  427     -0.070      0.114      2.500
 427  430     -0.069      0.493      2.500
 431  428     -0.067     -0.281      2.500
 432  432     -0.060      0.612      2.500
 433  431     -0.060     -0.345      2.500
 435  433     -0.054      0.213      2.500
 434  434     -0.054     -0.583      2.500
 436  435     -0.048     -0.524      2.500
 437  436     -0.048      0.444      2.500
  -1   -2     -0.047      0.434      2.500
 439  437     -0.046     -0.275      2.500
 440  439     -0.042     -0.195      2.500
 442  440     -0.041      0.150      2.500
 441  441     -0.040      0.340      2.500
 443  442     -0.039     -0.471      2.500
 445  443     -0.033     -0.030      2.500
 446  444     -0.033     -0.086      2.500
 444  445     -0.032      0.772      2.500
 447  447     -0.027      0.698      2.500
 448  448     -0.026     -0.572      2.500
 449  446     -0.026     -0.328      2.500
 450  450     -0.020      0.516      2.500
 452  449     -0.020     -0.509      2.500
 451  452     -0.019      0.815      2.500
 453  451     -0.018     -0.610      2.500
 455  453     -0.013     -0.051      2.500
 454  454     -0.012     -0.838      2.500
 456  455     -0.011     -0.420      2.500
 457  460     -0.008     -0.850      2.500
 458  457     -0.008      0.416      2.500
 460  456     -0.008      0.194      2.500
 462  458     -0.008     -0.244      2.500
 459  459     -0.008      0.342      2.500
 461  461     -0.006     -0.897      2.500
 463  462     -0.004     -0.714      2.500
 464  463     -0.002     -0.731      2.500
 466  464      0.000     -0.446      2.500
 465  465      0.000      0.636      2.500
 467  467      0.003      0.400      2.500
 469  466      0.003     -0.087      2.500
 468  468      0.004     -0.565      2.500
 470  469      0.004     -0.899      2.500
 471  470      0.005     -0.477      2.500
 473  471      0.006      0.026      2.500
 472  472      0.006      0.009      2.500
 475  474      0.007      0.279      2.500
 476  473      0.007     -0.119      2.500
 474  475      0.007     -0.634      2.500
 477  476      0.010     -0.828      2.500
 478  477      0.011      0.763      2.500
 480  478      0.013      0.172      2.500
 479  479      0.013      0.467      2.500
 482  480      0.015      0.317      2.500
 481  481      0.015      0.637      2.500
 483  482      0.016     -0.474      2.500
 485  483      0.017      0.047      2.500
 484  484      0.017     -0.774      2.500
 486  485      0.019      0.200      2.500
 487  486      0.019      0.697      2.500
 489  487      0.019     -0.295      2.500
 488  488      0.020     -0.546      2.500
 490  489      0.020      0.788      2.500
 491  490      0.021      0.082      2.500
 492  491      0.023      0.113      2.500
 493  492      0.025     -0.017      2.500
 494  493      0.026     -0.639      2.500
 495  494      0.026     -0.445      2.500
 496  495      0.027     -0.523      2.500
 497  496      0.029      0.552      2.500
 498  497      0.029     -0.476      2.500
 500  498      0.033     -0.682      2.500
 499  499      0.033      0.214      2.500
  -1   -2      0.033     -0.519      2.500
 502  501      0.035     -0.607      2.500
 503  502      0.035     -0.629      2.500
 504  503      0.036      0.817      2.500
 505  504      0.043      0.013      2.500
 507  505      0.048     -0.414      2.500
 506  506      0.048     -0.263      2.500
 508  507      0.050      0.198      2.500
 510  508      0.056      0.458      2.500
 509  509      0.058      0.026      2.500
 511  510      0.059     -0.366      2.500
 512  513      0.060     -0.146      2.500
 514  511      0.061     -0.686      2.500
 513  514      0.061     -0.125      2.500
 516  512      0.062      0.666      2.500
 515  516      0.062     -0.229      2.500
 517  515      0.063      0.618      2.500
 518  518      0.066      0.094      2.500
 519  517      0.067     -0.671      2.500
 520  519      0.068      0.609      2.500
 521  521      0.072      0.057      2.500
 522  522      0.073     -0.230      2.500
 523  520      0.073      0.473      2.500
 525  523      0.080      0.299      2.500
 524  524      0.080      0.131      2.500
 526  525      0.083     -0.504      2.500
 527  528      0.088     -0.032      2.500
 528  526      0.088     -0.424      2.500
 529  527      0.088      0.263      2.500
 530  529      0.095     -0.884      2.500
 531  530      0.096     -0.748      2.500
 532  531      0.097     -0.665      2.500
 533  532      0.103      0.323      2.500
 534  533      0.106      0.018      2.500
 535  535      0.112     -0.316      2.500
 537  534      0.114      0.733      2.500
 541  536      0.116     -0.851      2.500
 540  537      0.116      0.635      2.500
 536  540      0.116     -0.410      2.500
 539  538      0.116     -0.597      2.500
 538  542      0.118      0.171      2.500
 543  539      0.119      0.587      2.500
 544  541      0.120     -0.799      2.500
 542  543      0.121      0.145      2.500
 547  545      0.125      0.573      2.500
 546  547      0.125     -0.429      2.500
  -1   -2      0.125      0.167      2.500
 549  544      0.126     -0.888      2.500
 551  546      0.127      0.785      2.500
 548  549      0.132      0.016      2.500
 550  550      0.132     -0.086      2.500
 552  552      0.136     -0.203      2.500
 558  551      0.138     -0.834      2.500
 553  554      0.140      0.044      2.500
 554  556      0.141     -0.227      2.500
 557  553      0.142     -0.522      2.500
 555  557      0.142     -0.084      2.500
 556  555      0.142      0.239      2.500
 559  560      0.147     -0.019      2.500
 561  558      0.149      0.449      2.500
 560  563      0.150     -0.214      2.500
 564   -2      0.151     -0.498      2.500
 566  559      0.154     -0.884      2.500
 565  564      0.154     -0.557      2.500
  -1  566      0.154     -0.484      2.500
 563  567      0.155      0.024      2.500
 568  562      0.156      0.708      2.500
 569  565      0.157     -0.815      2.500
 567  569      0.161      0.221      2.500
 570  568      0.162     -0.632      2.500
 573  570      0.167     -0.810      2.500
  -1  571      0.168     -0.889      2.500
 574  573      0.168      0.636      2.500
 579  572      0.169      0.791      2.500
 575  577      0.173      0.286      2.500
 580  574      0.173     -0.893      2.500
 572  578      0.174     -0.234      2.500
 571  579      0.174      0.077      2.500
 583  575      0.176     -0.851      2.500
 576  580      0.176      0.018      2.500
 578  582      0.178     -0.066      2.500
 584  576      0.178      0.664      2.500
 582  581      0.181      0.319      2.500
  -1   -2      0.183     -0.496      2.500
 581  587      0.183     -0.049      2.500
 587  585      0.186     -0.505      2.500
 586  588      0.187     -0.456      2.500
 589  586      0.188      0.451      2.500
 593  584      0.190      0.738      2.500
 588  591      0.191     -0.186      2.500
 591  589      0.192      0.387      2.500
 590  593      0.194      0.040      2.500
 592  595      0.197      0.228      2.500
 597  590      0.197      0.730      2.500
 594  596      0.199     -0.458      2.500
 596  597      0.201     -0.475      2.500
 599  594      0.201     -0.639      2.500
 595  598      0.202     -0.321      2.500
 601  592      0.203     -0.860      2.500
 598  601      0.208      0.108      2.500
 600  599      0.209     -0.367      2.500
 604  602      0.213     -0.510      2.500
 602  605      0.214     -0.241      2.500
 603  604      0.215      0.315      2.500
 609  600      0.217     -0.855      2.500
 612  603      0.219      0.706      2.500
 605  609      0.221      0.134      2.500
 606  610      0.222     -0.176      2.500
 610  607      0.222     -0.898      2.500
 607  612      0.223      0.041      2.500
 608  611      0.224      0.119      2.500
 614  608      0.226      0.566      2.500
 617  606      0.228      0.796      2.500
 611  614      0.228      0.033      2.500
 616  613      0.230      0.469      2.500
 613  617      0.234     -0.120      2.500
 619  615      0.236     -0.576      2.500
 615  619      0.237      0.004      2.500
 622  616      0.238     -0.603      2.500
 621  620      0.243      0.252      2.500
 618  622      0.243     -0.139      2.500
 620  623      0.244      0.082      2.500
 623  625      0.246     -0.229      2.500
 625  618      0.246      0.589      2.500
 627  621      0.250      0.539      2.500
 628  624      0.251      0.461      2.500
 626  626      0.252      0.319      2.500
 624  629      0.254      0.140      2.500
 631  627      0.254     -0.528      2.500
 630  630      0.257     -0.365      2.500
 629  632      0.260     -0.132      2.500
 632  634      0.264     -0.031      2.500
 635  628      0.265      0.817      2.500
 634  631      0.265     -0.583      2.500
 633  636      0.267     -0.054      2.500
 636  638      0.273     -0.410      2.500
 638  633      0.274      0.567      2.500
 640  635      0.279     -0.770      2.500
 639  637      0.279      0.621      2.500
 637  642      0.280     -0.260      2.500
 641  641      0.285     -0.529      2.500
 643  639      0.285      0.659      2.500
 645  640      0.290     -0.796      2.500
 642  646      0.292     -0.285      2.500
 651  643      0.297     -0.759      2.500
 646  648      0.299      0.304      2.500
 649  647      0.300      0.426      2.500
 655  644      0.301      0.740      2.500
 650  649      0.302      0.373      2.500
 647  652      0.302      0.214      2.500
 656  645      0.302     -0.884      2.500
 648  651      0.303     -0.412      2.500
 644  655      0.303     -0.112      2.500
 652  657      0.307     -0.326      2.500
 653  654      0.307     -0.449      2.500
 659  650      0.308     -0.751      2.500
 657  656      0.311      0.384      2.500
 662  653      0.313     -0.796      2.500
 654  661      0.314      0.061      2.500
 660  660      0.316      0.478      2.500
 663  658      0.317     -0.687      2.500
 658  664      0.317      0.108      2.500
 665  659      0.319     -0.797      2.500
 667  662      0.324     -0.628      2.500
 669  663      0.325      0.526      2.500
 661  666      0.326      0.002      2.500
 664  668      0.331     -0.011      2.500
 666  667      0.332      0.173      2.500
 672  665      0.333      0.407      2.500
 668  671      0.335     -0.194      2.500
 670  673      0.337      0.107      2.500
 671  674      0.338      0.129      2.500
 673  675      0.339     -0.298      2.500
 675  676      0.342      0.280      2.500
 674  679      0.342      0.057      2.500
 679  670      0.344     -0.591      2.500
 681  669      0.346      0.594      2.500
 676  684      0.348      0.091      2.500
 686  672      0.348     -0.760      2.500
 678  686      0.349      0.032      2.500
 677  688      0.350     -0.031      2.500
 682  682      0.352      0.399      2.500
 683  680      0.352     -0.551      2.500
 690  677      0.352      0.726      2.500
 687  681      0.353      0.485      2.500
 684  683      0.353      0.386      2.500
 680  691      0.354      0.040      2.500
 691  678      0.355      0.672      2.500
 685  687      0.355     -0.445      2.500
 688  685      0.357     -0.565      2.500
 689  690      0.360      0.355      2.500
 694  689      0.365     -0.752      2.500
 693  692      0.367      0.526      2.500
 692  696      0.370     -0.394      2.500
 695  697      0.377      0.312      2.500
  -1   -2      0.377      0.683      2.500
 699  695      0.378     -0.705      2.500
 702  694      0.380      0.727      2.500
 696  704      0.387      0.087      2.500
 709  698      0.388     -0.874      2.500
 708  699      0.389      0.683      2.500
 703  700      0.389      0.386      2.500
 701  705      0.390      0.242      2.500
 697  708      0.392      0.003      2.500
 700  709      0.392     -0.213      2.500
 710  701      0.393     -0.639      2.500
 707  702      0.393      0.419      2.500
 705  707      0.395      0.340      2.500
 704  712      0.397     -0.142      2.500
 712  706      0.399     -0.665      2.500
 711  710      0.400     -0.448      2.500
 714  703      0.400     -0.894      2.500
 706  714      0.401     -0.190      2.500
 719  711      0.409      0.709      2.500
 715  717      0.410      0.356      2.500
 721  713      0.413     -0.701      2.500
 713  719      0.414     -0.184      2.500
 722  715      0.414     -0.714      2.500
 724  716      0.417      0.643      2.500
 725  718      0.421     -0.682      2.500
 717  720      0.421      0.127      2.500
 716  723      0.421     -0.105      2.500
 718  725      0.424     -0.004      2.500
 720  726      0.425      0.005      2.500
 723  729      0.429      0.082      2.500
 727  728      0.431      0.236      2.500
 729  724      0.432     -0.517      2.500
 726  731      0.433     -0.277      2.500
 732  722      0.435     -0.765      2.500
 733  721      0.436     -0.822      2.500
 734  727      0.439     -0.720      2.500
 730  732      0.439     -0.899      2.500
 728  737      0.440     -0.109      2.500
 737  730      0.446      0.691      2.500
 731  740      0.449     -0.151      2.500
 740  735      0.449      0.572      2.500
 742  733      0.450      0.831      2.500
 745  734      0.451     -0.887      2.500
 746  736      0.452      0.791      2.500
 741  738      0.453      0.518      2.500
 735  743      0.454     -0.328      2.500
 739  741      0.456      0.317      2.500
 738  742      0.456     -0.413      2.500
 750  739      0.458      0.724      2.500
 736  746      0.459     -0.016      2.500
 748  744      0.461      0.425      2.500
 747  747      0.465      0.231      2.500
 749  745      0.466      0.337      2.500
 743  751      0.466     -0.159      2.500
 744  753      0.467      0.021      2.500
 753  748      0.475     -0.655      2.500
 754  750      0.476     -0.664      2.500
 752  752      0.477     -0.552      2.500
 756  749      0.478      0.666      2.500
 751  754      0.481     -0.037      2.500
 755  755      0.486     -0.390      2.500
 761  757      0.493     -0.508      2.500
 757  762      0.494     -0.024      2.500
 758  760      0.494     -0.159      2.500
 759  761      0.494     -0.148      2.500
 763  756      0.495      0.456      2.500
 760  763      0.495     -0.205      2.500
 762  765      0.501      0.181      2.500
 767  758      0.503      0.615      2.500
 764  759      0.503     -0.545      2.500
 768  764      0.507      0.478      2.500
 771  766      0.513      0.538      2.500
 765  773      0.514      0.064      2.500
 766  772      0.514      0.151      2.500
 773  767      0.516     -0.636      2.500
 775  768      0.518     -0.605      2.500
 769  776      0.519      0.159      2.500
 772  771      0.519     -0.467      2.500
 770  778      0.522     -0.127      2.500
 778  769      0.523      0.497      2.500
 776  777      0.525      0.342      2.500
 779  775      0.525     -0.525      2.500
 781  770      0.527     -0.766      2.500
 777  781      0.530      0.225      2.500
 774  786      0.530      0.037      2.500
 784  774      0.530     -0.902      2.500
 780  784      0.534      0.267      2.500
 782  782      0.536     -0.513      2.500
 783  783      0.537     -0.521      2.500
 785  779      0.539      0.777      2.500
 786  780      0.540      0.764      2.500
 787  785      0.544     -0.731      2.500
 789  787      0.546     -0.830      2.500
 788  789      0.554      0.361      2.500
 794  788      0.555      0.719      2.500
 791  791      0.557     -0.547      2.500
 792  794      0.561      0.370      2.500
 790  795      0.562     -0.371      2.500
 797  790      0.563      0.703      2.500
 798  793      0.564     -0.719      2.500
 799  792      0.565     -0.902      2.500
 795  798      0.569      0.130      2.500
 793  800      0.570     -0.002      2.500
 800  796      0.571     -0.568      2.500
 796  802      0.573     -0.131      2.500
 803  797      0.576      0.517      2.500
 805  799      0.580     -0.588      2.500
 801  804      0.580     -0.223      2.500
 808  801      0.584      0.538      2.500
 802  805      0.584      0.006      2.500
 804  806      0.585     -0.252      2.500
 807  803      0.586     -0.547      2.500
 806  807      0.591     -0.205      2.500
 812  808      0.602      0.488      2.500
 809  812      0.603     -0.309      2.500
 811  811      0.604      0.340      2.500
 814  809      0.605      0.599      2.500
 810  817      0.608     -0.104      2.500
 816  810      0.609     -0.822      2.500
  -1   -2      0.610     -0.311      2.500
 817  814      0.613      0.602      2.500
 818  813      0.615      0.736      2.500
 821  815      0.618     -0.828      2.500
 815  822      0.621      0.201      2.500
 823  819      0.624      0.662      2.500
 827  818      0.624     -0.814      2.500
 824  820      0.625     -0.669      2.500
 822  825      0.628     -0.436      2.500
 826  824      0.628     -0.558      2.500
 819  826      0.630      0.006      2.500
 831  821      0.631      0.783      2.500
 830  823      0.631      0.558      2.500
 820  829      0.633     -0.090      2.500
 828  828      0.635     -0.339      2.500
 825  830      0.637     -0.152      2.500
 829  832      0.640     -0.193      2.500
 834  827      0.644      0.796      2.500
 835  831      0.648     -0.623      2.500
 837  833      0.652      0.603      2.500
 836  834      0.654      0.536      2.500
 832  839      0.654      0.010      2.500
 833  842      0.654     -0.002      2.500
 838  836      0.657     -0.898      2.500
 839  838      0.659      0.355      2.500
 841  841      0.661      0.389      2.500
 840  844      0.663      0.256      2.500
 847  835      0.662     -0.827      2.500
 845  837      0.664      0.639      2.500
 846  840      0.665     -0.684      2.500
 844  843      0.665      0.506      2.500
 843  845      0.667      0.385      2.500
 842  848      0.668      0.108      2.500
 848  847      0.671      0.409      2.500
 851  846      0.673      0.688      2.500
 849  856      0.679     -0.015      2.500
 852  849      0.680     -0.645      2.500
 850  857      0.681      0.166      2.500
 854  852      0.683      0.602      2.500
 856  850      0.684     -0.788      2.500
 859  851      0.685     -0.844      2.500
 857  853      0.686      0.639      2.500
 858  854      0.687     -0.655      2.500
 861  855      0.690      0.715      2.500
 855  860      0.690     -0.439      2.500
 853  861      0.691     -0.228      2.500
 863  858      0.691     -0.800      2.500
 867  859      0.695     -0.764      2.500
 860  864      0.699      0.082      2.500
 866  863      0.700     -0.499      2.500
 862  865      0.702     -0.174      2.500
 871  862      0.703      0.737      2.500
 864  867      0.704     -0.203      2.500
 865  869      0.705      0.052      2.500
 869  868      0.706     -0.252      2.500
 868  870      0.706      0.072      2.500
 870  873      0.711      0.199      2.500
 873  866      0.713     -0.796      2.500
 875  871      0.717      0.596      2.500
 876  872      0.718     -0.742      2.500
 874  876      0.720     -0.445      2.500
 880  874      0.721     -0.857      2.500
 881  875      0.722     -0.798      2.500
 872  878      0.724      0.030      2.500
 877  881      0.727     -0.360      2.500
 878  884      0.730     -0.141      2.500
 879  885      0.731     -0.212      2.500
  -1   -2      0.731     -0.620      2.500
 884  882      0.732     -0.610      2.500
 886  877      0.732     -0.729      2.500
 887  880      0.733      0.679      2.500
 882  886      0.733      0.180      2.500
 888  883      0.735      0.564      2.500
 885  887      0.738     -0.398      2.500
 890  888      0.741      0.368      2.500
 889  894      0.743      0.077      2.500
 892  890      0.745      0.409      2.500
 895  889      0.746      0.805      2.500
 891  896      0.748      0.041      2.500
 898  891      0.750     -0.904      2.500
 894  897      0.751      0.222      2.500
 899  893      0.752      0.725      2.500
 901  892      0.751     -0.862      2.500
 893  902      0.752     -0.110      2.500
 897  895      0.753      0.427      2.500
  -1   -2      0.754      0.233      2.500
 900  899      0.755     -0.509      2.500
 903  903      0.757     -0.488      2.500
 905  898      0.758      0.755      2.500
 906  900      0.759      0.652      2.500
 904  904      0.760      0.493      2.500
 902  906      0.761      0.002      2.500
 907  905      0.761     -0.726      2.500
 908  907      0.766      0.338      2.500
 909  912      0.769     -0.232      2.500
 910  911      0.770      0.308      2.500
 913  909      0.771      0.514      2.500
 912  910      0.771      0.452      2.500
 916  908      0.772      0.739      2.500
 911  915      0.775     -0.100      2.500
 915  916      0.776     -0.290      2.500
 914  918      0.777     -0.012      2.500
 918  913      0.779      0.565      2.500
 917  917      0.779     -0.432      2.500
 920  914      0.780      0.789      2.500
 921  919      0.784      0.612      2.500
 919  922      0.785      0.175      2.500
 922  920      0.787     -0.498      2.500
 925  921      0.790      0.701      2.500
 926  923      0.794      0.742      2.500
 923  926      0.794     -0.062      2.500
 924  927      0.796     -0.022      2.500
 932  924      0.797     -0.741      2.500
  -1   -2      0.799      0.584      2.500
 927  928      0.799      0.223      2.500
 929  931      0.800     -0.302      2.500
 931  930      0.801      0.317      2.500
 928  932      0.801     -0.011      2.500
 933  929      0.804      0.576      2.500
 935  933      0.812      0.512      2.500
 934  935      0.812     -0.052      2.500
 936  934      0.813     -0.674      2.500
 937  938      0.819      0.259      2.500
 938  936      0.819     -0.661      2.500
 941  937      0.820      0.560      2.500
 940  940      0.821     -0.518      2.500
  -1   -2      0.823      0.267      2.500
 942  941      0.823      0.485      2.500
 944  939      0.823      0.722      2.500
 943  943      0.824      0.380      2.500
 947  944      0.829     -0.665      2.500
 948  945      0.831     -0.612      2.500
 946  946      0.832      0.129      2.500
 945  947      0.832     -0.074      2.500
 949  948      0.836      0.247      2.500
 951  949      0.838     -0.509      2.500
 950  950      0.839     -0.145      2.500
 952  951      0.842     -0.279      2.500
 953  954      0.843     -0.003      2.500
 954  955      0.845     -0.415      2.500
 957  952      0.845     -0.682      2.500
 958  953      0.846     -0.860      2.500
 955  958      0.847     -0.084      2.500
 960  956      0.847     -0.871      2.500
 956  959      0.848      0.031      2.500
 961  957      0.849     -0.831      2.500
 959  960      0.850      0.249      2.500
 962  961      0.853      0.436      2.500
 963  962      0.855     -0.889      2.500
 964  963      0.859     -0.575      2.500
 965  964      0.862     -0.384      2.500
 966  966      0.863     -0.226      2.500
 967  965      0.864     -0.348      2.500
 968  967      0.869     -0.184      2.500
 969  968      0.871      0.425      2.500
 970  970      0.874     -0.898      2.500
 971  969      0.876      0.773      2.500
 972  971      0.876      0.731      2.500
 974  974      0.879      0.202      2.500
 975  972      0.880      0.641      2.500
 976  973      0.879     -0.792      2.500
 977  975      0.881     -0.552      2.500
 978  976      0.888     -0.680      2.500
 979  977      0.891      0.699      2.500
 980  978      0.892     -0.628      2.500
 981  979      0.893      0.397      2.500
 982  980      0.898     -0.232      2.500
 983  981      0.901      0.366      2.500
 984  982      0.901     -0.481      2.500
 985  983      0.905      0.597      2.500
 986  984      0.904     -0.808      2.500
 988  985      0.907      0.807      2.500
 987  989      0.906     -0.347      2.500
 989  986      0.907      0.528      2.500
 990  987      0.908      0.624      2.500
 991  988      0.907     -0.747      2.500
  -1   -2      0.910      0.316      2.500
 992  992      0.910     -0.013      2.500
 994  991      0.911      0.307      2.500
