997
   0   11     -0.823     -0.526      2.500
   1    0     -0.823      0.420      2.500
   3    1     -0.820     -0.132      2.500
  -1   -2     -0.821      0.568      2.500
   4    2     -0.821      0.560      2.500
   5    3     -0.819     -0.641      2.500
   6    5     -0.816     -0.197      2.500
   7    6     -0.815      0.356      2.500
   9    7     -0.815     -0.080      2.500
   8    8     -0.816      0.793      2.500
  10   33     -0.815      0.138      2.500
  11   10     -0.814     -0.734      2.500
  12    9     -0.814     -0.298      2.500
  13   -2     -0.814     -0.516      2.500
  14    4     -0.814      0.574      2.500
  15   12     -0.811     -0.239      2.500
  16   13     -0.810      0.786      2.500
  17   14     -0.808     -0.887      2.500
  18   -2     -0.807      0.136      2.500
  20   15     -0.802     -0.171      2.500
  19   16     -0.803      0.496      2.500
  21   17     -0.800      0.390      2.500
  23   18     -0.796      0.219      2.500
  24   19     -0.795     -0.056      2.500
  22   22     -0.796      0.643      2.500
  25   20     -0.795     -0.176      2.500
  26   21     -0.794      0.199      2.500
  28   23     -0.791     -0.365      2.500
  27   25     -0.790     -0.835      2.500
  29   24     -0.790      0.404      2.500
  32   27     -0.785     -0.190      2.500
  33   26     -0.785     -0.117      2.500
  31   29     -0.785      0.525      2.500
  30   31     -0.783     -0.835      2.500
  35   28     -0.783     -0.339      2.500
  34   30     -0.783     -0.535      2.500
  36   32     -0.780     -0.578      2.500
  39   -2     -0.778      0.081      2.500
  37   35     -0.778      0.765      2.500
  38   34     -0.777     -0.611      2.500
  40   37     -0.776      0.572      2.500
  41   36     -0.775      0.383      2.500
  43   38     -0.766      0.021      2.500
  42   39     -0.765      0.252      2.500
  46   40     -0.764      0.077      2.500
  44   42     -0.763      0.302      2.500
  47   41     -0.762     -0.232      2.500
  45   45     -0.759     -0.819      2.500
  48   43     -0.760      0.468      2.500
  49   44     -0.756      0.171      2.500
  51   46     -0.755      0.091      2.500
  52   47     -0.754      0.216      2.500
  50   48     -0.752      0.744      2.500
  53   50     -0.742     -0.567      2.500
  54   51     -0.741      0.456      2.500
  56   49     -0.740     -0.159      2.500
  55   53     -0.738      0.442      2.500
  58   52     -0.737     -0.416      2.500
  60   54     -0.734     -0.533      2.500
  57   56     -0.733     -0.768      2.500
  59   57     -0.733      0.624      2.500
  61   59     -0.728     -0.728      2.500
  66   55     -0.729     -0.188      2.500
  65   58     -0.728      0.266      2.500
  62   63     -0.726     -0.825      2.500
  64   61     -0.726     -0.610      2.500
  63   65     -0.724     -0.899      2.500
  68   60     -0.724      0.317      2.500
  67   68     -0.723      0.668      2.500
  71   64     -0.721     -0.390      2.500
  74   62     -0.720     -0.207      2.500
  69   67     -0.720      0.417      2.500
  72   66     -0.720      0.380      2.500
  70   70     -0.716     -0.766      2.500
  73   73     -0.716      0.706      2.500
  77   69     -0.711      0.075      2.500
  78   72     -0.709     -0.271      2.500
  79   71     -0.709      0.010      2.500
  81   74     -0.709     -0.066      2.500
  76   77     -0.707     -0.609      2.500
  75   78     -0.706     -0.841      2.500
  83   76     -0.704     -0.225      2.500
  84   75     -0.704     -0.164      2.500
  80   79     -0.704      0.513      2.500
  82   80     -0.701      0.508      2.500
  85   81     -0.699      0.449      2.500
  86   82     -0.692     -0.017      2.500
  87   83     -0.689      0.098      2.500
  90   84     -0.689     -0.135      2.500
  92   85     -0.687     -0.047      2.500
  88   86     -0.687     -0.452      2.500
  94   87     -0.683      0.048      2.500
  95   88     -0.682     -0.107      2.500
  91   90     -0.682      0.480      2.500
  89   94     -0.681     -0.871      2.500
  96   89     -0.681      0.155      2.500
  93   95     -0.676     -0.739      2.500
  97   91     -0.675     -0.278      2.500
  98   92     -0.674     -0.166      2.500
 100   93     -0.674     -0.089      2.500
 102   96     -0.668      0.125      2.500
 103   97     -0.668      0.059      2.500
 101   98     -0.666      0.365      2.500
  99  100     -0.664     -0.776      2.500
 104   99     -0.658      0.146      2.500
 111  101     -0.653     -0.172      2.500
 110  102     -0.652      0.232      2.500
 107  103     -0.651      0.336      2.500
 105  107     -0.650      0.541      2.500
 108  105     -0.649     -0.900      2.500
 109  106     -0.649      0.394      2.500
 113  104     -0.648     -0.289      2.500
 106  108     -0.648      0.621      2.500
 112  109     -0.643     -0.720      2.500
 118  111     -0.636     -0.345      2.500
 120  110     -0.634      0.039      2.500
 114  116     -0.633     -0.800      2.500
 117  113     -0.633     -0.512      2.500
 122  112     -0.632     -0.044      2.500
 119  114     -0.632      0.384      2.500
 115  119     -0.630      0.757      2.500
 116  120     -0.628     -0.750      2.500
 123  115     -0.627     -0.353      2.500
 121  118     -0.627      0.406      2.500
 125  117     -0.623     -0.220      2.500
 124  123     -0.617      0.799      2.500
 126  122     -0.612      0.404      2.500
 127  121     -0.611      0.372      2.500
 128  128     -0.604     -0.654      2.500
 133  124     -0.603     -0.173      2.500
 136  125     -0.602     -0.078      2.500
 135  126     -0.601     -0.257      2.500
 129  132     -0.601      0.518      2.500
 132  127     -0.600      0.311      2.500
 134  130     -0.598      0.350      2.500
 137  131     -0.596     -0.408      2.500
 138  135     -0.595     -0.455      2.500
 130  137     -0.595     -0.891      2.500
 139  133     -0.594     -0.427      2.500
 142  129     -0.594     -0.232      2.500
 131  138     -0.594      0.711      2.500
 140  134     -0.593     -0.381      2.500
 141  140     -0.587     -0.614      2.500
 143  139     -0.585      0.307      2.500
 145  136     -0.583      0.047      2.500
 150  141     -0.578      0.022      2.500
 148  142     -0.576      0.220      2.500
 146  144     -0.575     -0.473      2.500
 151  143     -0.573     -0.172      2.500
 149  145     -0.572      0.359      2.500
 144  147     -0.572      0.728      2.500
 147  151     -0.567      0.658      2.500
 156  146     -0.564      0.112      2.500
 161  148     -0.559     -0.221      2.500
 153  153     -0.559      0.519      2.500
 160  150     -0.558     -0.375      2.500
 162  149     -0.557     -0.267      2.500
 159  152     -0.556      0.384      2.500
 152  157     -0.557      0.691      2.500
 154  156     -0.556      0.631      2.500
 157  154     -0.555      0.458      2.500
 158  155     -0.554      0.476      2.500
 155  159     -0.554     -0.727      2.500
 163  162     -0.547      0.557      2.500
 164  161     -0.546      0.430      2.500
 168  158     -0.544      0.190      2.500
 166  163     -0.543      0.461      2.500
 165  165     -0.541     -0.658      2.500
 171  160     -0.540     -0.208      2.500
 170  164     -0.538     -0.442      2.500
 167  167     -0.538      0.770      2.500
  -1   -2     -0.534     -0.659      2.500
 173  166     -0.529     -0.307      2.500
 174  168     -0.526     -0.367      2.500
 178  170     -0.522     -0.181      2.500
 172  177     -0.519      0.669      2.500
 175  175     -0.518      0.586      2.500
 177  176     -0.514      0.443      2.500
 182  171     -0.513      0.101      2.500
 176  182     -0.510     -0.689      2.500
 185  172     -0.509     -0.221      2.500
 186  173     -0.508      0.152      2.500
 181  178     -0.508      0.370      2.500
 179  180     -0.507     -0.522      2.500
 189  174     -0.506     -0.014      2.500
 184  185     -0.500     -0.654      2.500
 180  187     -0.501      0.717      2.500
 191  179     -0.500      0.078      2.500
 188  184     -0.500      0.438      2.500
 183  188     -0.500      0.678      2.500
 194  181     -0.498      0.005      2.500
 195  183     -0.496     -0.202      2.500
 187  190     -0.496      0.645      2.500
 190  192     -0.491     -0.719      2.500
 198  189     -0.487     -0.400      2.500
 193  193     -0.487      0.560      2.500
 202  186     -0.487     -0.013      2.500
 192  194     -0.486     -0.681      2.500
 205  191     -0.482      0.131      2.500
 196  196     -0.482      0.692      2.500
 200  195     -0.480      0.413      2.500
 197  200     -0.479      0.760      2.500
 199  201     -0.477      0.661      2.500
 206  198     -0.474      0.408      2.500
 201  205     -0.473      0.752      2.500
 208  202     -0.470     -0.569      2.500
 204  206     -0.470      0.640      2.500
 203  209     -0.469     -0.830      2.500
 207  204     -0.470      0.528      2.500
 213  197     -0.469      0.224      2.500
 215  199     -0.467      0.173      2.500
 212  210     -0.463     -0.607      2.500
 210  212     -0.464      0.515      2.500
 209  215     -0.460     -0.891      2.500
 216  211     -0.461      0.404      2.500
 219  203     -0.459     -0.109      2.500
 211  217     -0.459      0.828      2.500
 217  214     -0.458      0.375      2.500
 214  219     -0.456     -0.772      2.500
 226  207     -0.455     -0.019      2.500
 225  208     -0.455      0.011      2.500
 218  218     -0.453     -0.571      2.500
 220  216     -0.452      0.371      2.500
 227  213     -0.450     -0.086      2.500
 221  223     -0.446      0.590      2.500
 223  224     -0.442     -0.664      2.500
 229  221     -0.442      0.352      2.500
 233  220     -0.440     -0.159      2.500
 222  229     -0.440      0.827      2.500
 224  230     -0.439     -0.817      2.500
 228  226     -0.439      0.474      2.500
 231  225     -0.437     -0.492      2.500
 237  222     -0.436     -0.203      2.500
 232  231     -0.434      0.484      2.500
 234  228     -0.432     -0.899      2.500
 235  227     -0.431     -0.455      2.500
 230  232     -0.432      0.587      2.500
 236  234     -0.425      0.582      2.500
 238  233     -0.424      0.534      2.500
 239  239     -0.418      0.789      2.500
 243  235     -0.417     -0.468      2.500
  -1   -2     -0.415      0.584      2.500
 242  242     -0.412      0.594      2.500
 241  244     -0.410      0.773      2.500
 248  236     -0.408     -0.187      2.500
 244  243     -0.406      0.504      2.500
 249  238     -0.405      0.201      2.500
 253  237     -0.405     -0.063      2.500
 247  248     -0.399     -0.564      2.500
 255  241     -0.399     -0.026      2.500
 252  245     -0.399      0.328      2.500
 245  249     -0.397     -0.777      2.500
 246  250     -0.397      0.798      2.500
 254  247     -0.396     -0.449      2.500
 250  251     -0.393     -0.678      2.500
 251  254     -0.392      0.667      2.500
 259  246     -0.390     -0.106      2.500
 256  253     -0.388      0.474      2.500
 257  259     -0.380      0.795      2.500
  -1  256     -0.380     -0.075      2.500
 258  261     -0.377      0.613      2.500
 266  255     -0.376      0.232      2.500
 260  264     -0.375      0.631      2.500
 262  260     -0.373      0.471      2.500
 268  258     -0.372      0.341      2.500
 261  270     -0.370     -0.902      2.500
 264  269     -0.367     -0.681      2.500
 269  262     -0.367     -0.377      2.500
 263  273     -0.367      0.682      2.500
 267  275     -0.367     -0.074      2.500
 265  272     -0.366      0.637      2.500
 274  257     -0.365     -0.189      2.500
 270  266     -0.364      0.360      2.500
 275  263     -0.362     -0.199      2.500
 273  267     -0.361      0.271      2.500
 278  265     -0.358     -0.230      2.500
 279  271     -0.354      0.120      2.500
 271  276     -0.353      0.775      2.500
 281  274     -0.349     -0.189      2.500
 272   -2     -0.346     -0.072      2.500
 277  279     -0.344     -0.721      2.500
 280  278     -0.343     -0.605      2.500
 291  277     -0.334     -0.068      2.500
 287  283     -0.331      0.478      2.500
 282  289     -0.330      0.821      2.500
 284  287     -0.330      0.727      2.500
 290  282     -0.330      0.308      2.500
 285  290     -0.329      0.668      2.500
 296  280     -0.327      0.107      2.500
 286  293     -0.326     -0.829      2.500
 297  281     -0.326      0.040      2.500
 288  294     -0.325     -0.747      2.500
 289  295     -0.325      0.639      2.500
 292  299     -0.319      0.589      2.500
 303  284     -0.318      0.092      2.500
 294  300     -0.318     -0.657      2.500
 295  298     -0.318      0.517      2.500
 298  296     -0.317      0.400      2.500
 307  285     -0.317     -0.090      2.500
 305  288     -0.316     -0.263      2.500
 293  303     -0.316     -0.765      2.500
 308  286     -0.316     -0.171      2.500
 304  292     -0.316     -0.319      2.500
  -1   -2     -0.313     -0.025      2.500
 301  301     -0.313     -0.505      2.500
 302  302     -0.311      0.405      2.500
 300  304     -0.311      0.506      2.500
 299  309     -0.308     -0.790      2.500
 311  297     -0.308     -0.020      2.500
 306  305     -0.307     -0.576      2.500
 310  306     -0.303     -0.460      2.500
 312  307     -0.302     -0.424      2.500
 314  310     -0.298     -0.388      2.500
 316  308     -0.297     -0.254      2.500
 315  311     -0.296     -0.328      2.500
 317  312     -0.292     -0.135      2.500
 313  314     -0.291      0.740      2.500
 318  313     -0.291     -0.128      2.500
 322  315     -0.279      0.211      2.500
 321  316     -0.278      0.258      2.500
 319  318     -0.274      0.610      2.500
 320  319     -0.270      0.706      2.500
 327  317     -0.265     -0.271      2.500
 323  320     -0.264     -0.564      2.500
 328  322     -0.260      0.303      2.500
 324  326     -0.258      0.786      2.500
  -1  321     -0.256      0.087      2.500
 325  328     -0.255     -0.844      2.500
 326  327     -0.254     -0.825      2.500
 332  323     -0.254     -0.132      2.500
 333  324     -0.252     -0.095      2.500
 330  329     -0.250      0.567      2.500
 329  332     -0.247      0.830      2.500
 335  325     -0.244      0.087      2.500
 337  330     -0.239      0.223      2.500
 334  334     -0.238      0.437      2.500
 339  331     -0.236      0.138      2.500
 336  337     -0.234     -0.627      2.500
 338  339     -0.232     -0.590      2.500
 344  333     -0.231      0.097      2.500
 342  335     -0.231     -0.281      2.500
 346  338     -0.228      0.266      2.500
 347  336     -0.227      0.112      2.500
 345  342     -0.226      0.379      2.500
 343  343     -0.225      0.426      2.500
 340  346     -0.225     -0.807      2.500
 352  340     -0.224      0.050      2.500
 341  348     -0.223      0.577      2.500
 353  341     -0.222     -0.050      2.500
 348  347     -0.221      0.458      2.500
 349  350     -0.217     -0.618      2.500
 350  352     -0.217     -0.641      2.500
 351  351     -0.216     -0.584      2.500
 357  344     -0.217      0.101      2.500
 356  353     -0.213     -0.899      2.500
 359  345     -0.213     -0.084      2.500
 355  354     -0.213      0.462      2.500
 360  349     -0.212     -0.158      2.500
 354  358     -0.209      0.813      2.500
 358  357     -0.205      0.512      2.500
 361  355     -0.205     -0.473      2.500
 363  356     -0.198     -0.247      2.500
 362  359     -0.198      0.620      2.500
 364  360     -0.188      0.351      2.500
 365  362     -0.184      0.569      2.500
 366  363     -0.182     -0.584      2.500
 368  361     -0.179      0.288      2.500
 367  367     -0.177      0.812      2.500
 369  364     -0.175     -0.438      2.500
 372  365     -0.171      0.016      2.500
 371  369     -0.170      0.519      2.500
 373  366     -0.169     -0.265      2.500
 370  373     -0.169      0.611      2.500
 376  370     -0.164     -0.350      2.500
 381  368     -0.164     -0.087      2.500
 379  371     -0.163     -0.332      2.500
 378  374     -0.162     -0.410      2.500
 375  375     -0.161     -0.560      2.500
 382  372     -0.161      0.123      2.500
 374  377     -0.159      0.765      2.500
 377  381     -0.156      0.723      2.500
 380  379     -0.156      0.663      2.500
 383  378     -0.155      0.441      2.500
 387  376     -0.153     -0.427      2.500
 385  380     -0.152     -0.562      2.500
 384  386     -0.150     -0.902      2.500
 386  383     -0.150      0.507      2.500
 388  389     -0.147      0.685      2.500
 390  382     -0.146     -0.282      2.500
 393  385     -0.143     -0.170      2.500
 395  384     -0.143     -0.093      2.500
 389  392     -0.142     -0.714      2.500
 392  390     -0.141      0.327      2.500
 397  387     -0.141     -0.142      2.500
 399  388     -0.140     -0.073      2.500
 391  394     -0.140      0.561      2.500
 394  391     -0.140      0.306      2.500
 396  397     -0.136     -0.647      2.500
 398  396     -0.135     -0.535      2.500
 400  393     -0.135     -0.283      2.500
 401  395     -0.133     -0.161      2.500
 402  398     -0.130     -0.392      2.500
 403  399     -0.127     -0.485      2.500
  -1   -2     -0.127     -0.477      2.500
 404  401     -0.124     -0.676      2.500
 406  404     -0.121      0.540      2.500
 407  405     -0.120      0.582      2.500
 409  403     -0.116      0.092      2.500
 410  402     -0.115     -0.069      2.500
 408  406     -0.113     -0.636      2.500
 411  407     -0.109      0.408      2.500
 412  409     -0.105      0.690      2.500
 413  410     -0.105     -0.771      2.500
 414  411     -0.104      0.705      2.500
 416  408     -0.103     -0.578      2.500
 415  415     -0.103      0.806      2.500
 417  416     -0.100     -0.831      2.500
 419  412     -0.100     -0.477      2.500
  -1  414     -0.099      0.338      2.500
 418  417     -0.099      0.635      2.500
 420   -2     -0.098      0.345      2.500
 423  418     -0.091      0.101      2.500
 422  419     -0.089     -0.777      2.500
 424  420     -0.085     -0.459      2.500
 426  421     -0.078      0.160      2.500
 425  426     -0.076      0.652      2.500
 428  422     -0.076      0.141      2.500
 430  423     -0.074     -0.081      2.500
 427  424     -0.074      0.353      2.500
 429  427     -0.072      0.507      2.500
 431  425     -0.072     -0.257      2.500
 432  428     -0.067     -0.312      2.500
 434  429     -0.067     -0.227      2.500
 435  430     -0.066      0.123      2.500
 436  431     -0.064     -0.292      2.500
 433  432     -0.064      0.622      2.500
 438  433     -0.058     -0.359      2.500
 437  434     -0.056     -0.597      2.500
 439  435     -0.052      0.226      2.500
 440  437     -0.049      0.460      2.500
 441  436     -0.049     -0.540      2.500
  -1   -2     -0.048      0.450      2.500
 443  439     -0.043     -0.287      2.500
 444  441     -0.039      0.357      2.500
 445  443     -0.039     -0.487      2.500
 446  440     -0.039     -0.203      2.500
 448  442     -0.038      0.161      2.500
 447  444     -0.035      0.774      2.500
 449  447     -0.030      0.705      2.500
 450  445     -0.030     -0.028      2.500
 451  446     -0.030     -0.087      2.500
 452  448     -0.027     -0.587      2.500
 453  449     -0.024     -0.341      2.500
 454  451     -0.022      0.817      2.500
 455  450     -0.021      0.530      2.500
 456  452     -0.020     -0.525      2.500
 457  453     -0.020     -0.625      2.500
 458  454     -0.015     -0.843      2.500
 461  455     -0.012     -0.051      2.500
 459  457     -0.011     -0.855      2.500
 460  456     -0.011     -0.436      2.500
 463  458     -0.009      0.432      2.500
 462  461     -0.008     -0.898      2.500
 464  459     -0.008      0.358      2.500
 465  460     -0.007      0.207      2.500
 467  462     -0.006     -0.254      2.500
 466  463     -0.006     -0.725      2.500
 468  464     -0.004     -0.741      2.500
 469  465     -0.001      0.646      2.500
 470  466      0.000     -0.462      2.500
 471  467      0.003      0.417      2.500
 472  468      0.003     -0.581      2.500
 473  470      0.004     -0.899      2.500
 475  469      0.004     -0.088      2.500
 474  471      0.004     -0.493      2.500
 476  474      0.007     -0.648      2.500
 478  473      0.007      0.031      2.500
 479  472      0.007      0.013      2.500
 477  475      0.007      0.294      2.500
 480  476      0.008     -0.123      2.500
 481  477      0.009     -0.834      2.500
 482  478      0.010      0.767      2.500
 483  479      0.013      0.482      2.500
 484  480      0.013      0.184      2.500
 485  481      0.015      0.647      2.500
 486  482      0.015      0.333      2.500
 487  484      0.016     -0.782      2.500
 488  483      0.016     -0.490      2.500
 489  485      0.017      0.053      2.500
 490  487      0.018      0.704      2.500
 491  486      0.018      0.213      2.500
 492  488      0.019     -0.562      2.500
 493  489      0.019     -0.308      2.500
 494  490      0.019      0.789      2.500
 495  491      0.021      0.090      2.500
 496  492      0.023      0.123      2.500
 497  493      0.025     -0.014      2.500
 498  494      0.026     -0.653      2.500
 499  495      0.026     -0.462      2.500
 500  496      0.027     -0.540      2.500
 501  497      0.029      0.565      2.500
 502  498      0.029     -0.493      2.500
 503  499      0.032      0.228      2.500
  -1   -2      0.033     -0.536      2.500
 505  500      0.033     -0.695      2.500
 506  502      0.035     -0.622      2.500
 507  503      0.036     -0.644      2.500
 508  504      0.037      0.818      2.500
 509  505      0.042      0.018      2.500
 510  506      0.047     -0.274      2.500
 511  507      0.047     -0.430      2.500
 512  508      0.049      0.211      2.500
 513  509      0.056      0.030      2.500
 515  510      0.057      0.473      2.500
 514  512      0.057     -0.151      2.500
 517  511      0.058     -0.381      2.500
 516  513      0.059     -0.129      2.500
 518  515      0.060     -0.238      2.500
 519  514      0.062     -0.699      2.500
 521  516      0.064      0.675      2.500
 520  518      0.064      0.103      2.500
 522  517      0.065      0.629      2.500
 525  519      0.068     -0.684      2.500
 523  521      0.069      0.063      2.500
 524  522      0.070     -0.239      2.500
 526  520      0.070      0.620      2.500
 527  523      0.074      0.488      2.500
 528  524      0.077      0.142      2.500
 529  525      0.079      0.314      2.500
 531  526      0.083     -0.520      2.500
 530  527      0.084     -0.031      2.500
 532  529      0.087      0.277      2.500
 533  528      0.087     -0.440      2.500
 535  531      0.099     -0.757      2.500
 537  530      0.099     -0.887      2.500
 536  532      0.099     -0.678      2.500
 534  534      0.102      0.022      2.500
 538  533      0.102      0.339      2.500
 539  535      0.108     -0.329      2.500
 541  536      0.114     -0.425      2.500
 540  538      0.114      0.183      2.500
 542  542      0.116      0.156      2.500
 543  539      0.118     -0.612      2.500
 545  537      0.119      0.738      2.500
 546  540      0.120      0.645      2.500
 550  541      0.121     -0.855      2.500
  -1   -2      0.121      0.178      2.500
 551  543      0.122      0.598      2.500
 549  546      0.124     -0.445      2.500
 552  544      0.125     -0.806      2.500
 547  548      0.126      0.021      2.500
 548  550      0.126     -0.087      2.500
 554  547      0.129      0.585      2.500
 553  552      0.131     -0.212      2.500
 558  549      0.132     -0.890      2.500
 560  551      0.134      0.787      2.500
 555  553      0.134      0.049      2.500
 556  555      0.135     -0.085      2.500
 557  554      0.136     -0.236      2.500
 561  556      0.139      0.252      2.500
 559  559      0.140     -0.016      2.500
 563  557      0.142     -0.537      2.500
 562  560      0.144     -0.222      2.500
 565  558      0.145     -0.839      2.500
 564  563      0.148      0.029      2.500
 567  561      0.150      0.463      2.500
 568   -2      0.151     -0.513      2.500
  -1  562      0.154     -0.499      2.500
 570  565      0.156     -0.571      2.500
 569  567      0.157      0.234      2.500
 575  566      0.161     -0.886      2.500
 576  568      0.163      0.714      2.500
 577  569      0.164     -0.820      2.500
 578  570      0.166     -0.645      2.500
 571  571      0.167      0.083      2.500
 572  572      0.167     -0.243      2.500
 573  576      0.167      0.022      2.500
 574  578      0.169     -0.067      2.500
 579  575      0.171      0.300      2.500
 580  581      0.174     -0.048      2.500
 582  574      0.175      0.645      2.500
 584  573      0.175     -0.816      2.500
  -1   -2      0.176     -0.890      2.500
 587  579      0.178      0.793      2.500
 581  582      0.178      0.333      2.500
 590  580      0.182     -0.895      2.500
  -1   -2      0.183     -0.510      2.500
 583  588      0.183     -0.192      2.500
 592  583      0.184     -0.855      2.500
 586  590      0.185      0.044      2.500
 589  586      0.186     -0.470      2.500
 593  584      0.186      0.672      2.500
 591  587      0.187     -0.518      2.500
 595  589      0.190      0.464      2.500
 594  592      0.192      0.240      2.500
 596  591      0.192      0.401      2.500
 597  595      0.197     -0.332      2.500
 599  594      0.198     -0.471      2.500
 598  598      0.200      0.115      2.500
 603  593      0.200      0.742      2.500
 600  596      0.200     -0.488      2.500
 602  600      0.205     -0.379      2.500
 601  602      0.206     -0.249      2.500
 607  599      0.206     -0.651      2.500
 610  597      0.207      0.734      2.500
 609  603      0.212      0.328      2.500
 604  606      0.212     -0.182      2.500
 606  605      0.213      0.143      2.500
 614  601      0.213     -0.864      2.500
 605  607      0.213      0.045      2.500
 612  604      0.214     -0.523      2.500
 608  608      0.215      0.126      2.500
 611  611      0.218      0.037      2.500
 616  610      0.222     -0.898      2.500
 613  613      0.223     -0.122      2.500
 615  615      0.225      0.006      2.500
 620  609      0.227     -0.858      2.500
 621  612      0.229      0.711      2.500
 617  618      0.231     -0.143      2.500
 624  614      0.232      0.575      2.500
 618  620      0.233      0.087      2.500
 623  616      0.234      0.481      2.500
 619  623      0.236     -0.236      2.500
 622  621      0.237      0.263      2.500
 629  617      0.239      0.797      2.500
 626  619      0.239     -0.587      2.500
 628  622      0.243     -0.613      2.500
 625  624      0.245      0.147      2.500
 627  629      0.248     -0.136      2.500
 631  626      0.249      0.330      2.500
 630  632      0.251     -0.031      2.500
 633  630      0.252     -0.376      2.500
 636  625      0.254      0.598      2.500
 632  633      0.254     -0.054      2.500
 634  628      0.254      0.472      2.500
 635  631      0.256     -0.539      2.500
 637  627      0.256      0.548      2.500
 640  634      0.269     -0.594      2.500
 639  636      0.269     -0.421      2.500
 638  637      0.270     -0.267      2.500
 643  635      0.278      0.818      2.500
 644  638      0.282      0.575      2.500
 641  642      0.283     -0.292      2.500
 645  641      0.287     -0.538      2.500
 649  639      0.289      0.628      2.500
 642  644      0.289     -0.114      2.500
 651  640      0.290     -0.775      2.500
 646  647      0.294      0.222      2.500
 647  646      0.296      0.313      2.500
 655  643      0.297      0.664      2.500
 650  652      0.299     -0.333      2.500
 652  648      0.299     -0.422      2.500
 648  654      0.301      0.065      2.500
 654  650      0.301      0.382      2.500
 656  649      0.302      0.435      2.500
 659  645      0.302     -0.800      2.500
 653  658      0.305      0.112      2.500
 657  653      0.305     -0.458      2.500
 662  651      0.309     -0.765      2.500
 658  661      0.311      0.004      2.500
 661  657      0.311      0.393      2.500
 668  655      0.315      0.743      2.500
 670  656      0.316     -0.886      2.500
 660  664      0.317     -0.009      2.500
 672  659      0.319     -0.756      2.500
 669  660      0.320      0.486      2.500
 664  666      0.322      0.179      2.500
 663  668      0.322     -0.198      2.500
 665  670      0.324      0.111      2.500
 666  671      0.326      0.134      2.500
 676  663      0.326     -0.693      2.500
 667  674      0.328      0.060      2.500
 683  662      0.328     -0.800      2.500
 671  673      0.329     -0.304      2.500
 681  667      0.331     -0.636      2.500
 682  669      0.333      0.533      2.500
 680  672      0.334      0.414      2.500
 674  676      0.335      0.094      2.500
 673  677      0.335     -0.031      2.500
 675  678      0.335      0.035      2.500
 679  675      0.336      0.286      2.500
 678  680      0.340      0.042      2.500
 685  679      0.349     -0.598      2.500
 686  682      0.352      0.406      2.500
 684  685      0.353     -0.452      2.500
 687  684      0.353      0.393      2.500
 688  683      0.355     -0.557      2.500
 692  681      0.357      0.599      2.500
 689  689      0.358      0.361      2.500
 690  687      0.359      0.491      2.500
 693  688      0.360     -0.571      2.500
 696  686      0.361     -0.764      2.500
 691  692      0.364     -0.400      2.500
 700  690      0.367      0.728      2.500
 701  691      0.368      0.675      2.500
 697  695      0.373      0.318      2.500
 694  696      0.373      0.089      2.500
 703  693      0.375      0.531      2.500
 695  697      0.375      0.005      2.500
 705  694      0.378     -0.755      2.500
 698  700      0.379     -0.216      2.500
 699  704      0.382     -0.144      2.500
 702  701      0.382      0.246      2.500
 704  706      0.386     -0.192      2.500
 706  703      0.389      0.391      2.500
 710  699      0.390     -0.708      2.500
  -1   -2      0.391      0.685      2.500
 707  705      0.392      0.345      2.500
 711  707      0.395      0.423      2.500
 717  702      0.395      0.729      2.500
 709  711      0.396     -0.452      2.500
 708  713      0.399     -0.185      2.500
 718  710      0.401     -0.643      2.500
 713  708      0.403      0.685      2.500
 722  709      0.404     -0.874      2.500
 712  716      0.405     -0.106      2.500
 716  717      0.408      0.128      2.500
 714  718      0.408     -0.004      2.500
 715  720      0.408      0.005      2.500
 720  715      0.409      0.359      2.500
 723  712      0.409     -0.669      2.500
 719  723      0.415      0.083      2.500
 728  714      0.417     -0.894      2.500
 725  726      0.421     -0.279      2.500
 726  727      0.423      0.238      2.500
 724  728      0.423     -0.110      2.500
 730  719      0.424      0.711      2.500
 729  721      0.424     -0.703      2.500
 731  722      0.427     -0.716      2.500
 734  724      0.430      0.645      2.500
 735  725      0.431     -0.684      2.500
 727  731      0.433     -0.151      2.500
 732  729      0.433     -0.520      2.500
 737  730      0.439     -0.899      2.500
 733  736      0.443     -0.016      2.500
 736  735      0.444     -0.329      2.500
 744  732      0.449     -0.765      2.500
 738  743      0.450     -0.159      2.500
 740  738      0.451     -0.414      2.500
 739  744      0.451      0.021      2.500
 745  734      0.452     -0.721      2.500
 741  739      0.452      0.318      2.500
 746  733      0.452     -0.822      2.500
 742  747      0.456      0.231      2.500
 750  740      0.460      0.573      2.500
 748  741      0.460      0.518      2.500
 751  737      0.461      0.692      2.500
 747  749      0.463      0.337      2.500
 749  748      0.463      0.426      2.500
 743  751      0.464     -0.037      2.500
 756  742      0.467      0.831      2.500
 758  745      0.468     -0.887      2.500
 759  746      0.469      0.791      2.500
 760  750      0.473      0.724      2.500
 752  757      0.477     -0.024      2.500
 753  758      0.478     -0.159      2.500
 754  759      0.478     -0.148      2.500
 757  755      0.479     -0.389      2.500
 761  752      0.480     -0.552      2.500
 755  760      0.481     -0.205      2.500
 763  753      0.484     -0.655      2.500
 765  754      0.486     -0.663      2.500
 762  762      0.490      0.179      2.500
 769  756      0.492      0.665      2.500
 766  761      0.494     -0.507      2.500
 764  765      0.498      0.063      2.500
 771  763      0.499      0.454      2.500
 767  766      0.502      0.150      2.500
 768  770      0.506     -0.127      2.500
 773  764      0.506     -0.543      2.500
 770  769      0.507      0.157      2.500
 774  768      0.512      0.475      2.500
 772  774      0.514      0.036      2.500
 778  767      0.515      0.613      2.500
 776  772      0.517     -0.464      2.500
 775  777      0.520      0.222      2.500
 780  771      0.522      0.535      2.500
 777  776      0.522      0.338      2.500
 781  773      0.524     -0.634      2.500
 783  775      0.525     -0.602      2.500
 779  780      0.526      0.263      2.500
 782  779      0.527     -0.522      2.500
 784  778      0.530      0.494      2.500
 785  782      0.537     -0.509      2.500
 786  783      0.538     -0.517      2.500
 788  781      0.542     -0.764      2.500
 793  784      0.546     -0.901      2.500
 791  788      0.552      0.355      2.500
 787  793      0.554     -0.003      2.500
 798  785      0.554      0.776      2.500
 792  790      0.555     -0.366      2.500
 799  786      0.555      0.763      2.500
 789  795      0.556      0.126      2.500
 800  787      0.556     -0.729      2.500
 790  796      0.558     -0.130      2.500
 794  792      0.560      0.364      2.500
 797  791      0.560     -0.542      2.500
 803  789      0.562     -0.828      2.500
 795  801      0.567     -0.220      2.500
 796  802      0.569      0.005      2.500
 804  794      0.569      0.718      2.500
 801  804      0.573     -0.248      2.500
 805  800      0.575     -0.563      2.500
 806  798      0.576     -0.715      2.500
 807  797      0.576      0.701      2.500
 802  806      0.577     -0.202      2.500
 811  799      0.580     -0.902      2.500
 809  803      0.583      0.511      2.500
 810  805      0.584     -0.582      2.500
 813  807      0.588     -0.541      2.500
 814  808      0.592      0.532      2.500
 808  810      0.593     -0.103      2.500
 812  809      0.593     -0.304      2.500
  -1   -2      0.600     -0.305      2.500
 816  811      0.601      0.332      2.500
 819  812      0.607      0.480      2.500
 817  815      0.612      0.195      2.500
 822  814      0.614      0.593      2.500
 818  819      0.616      0.004      2.500
 820  820      0.618     -0.090      2.500
 821  825      0.623     -0.149      2.500
 826  817      0.623      0.596      2.500
 827  816      0.624     -0.819      2.500
 824  822      0.624     -0.428      2.500
 823  829      0.627     -0.189      2.500
 825  828      0.627     -0.331      2.500
 831  818      0.628      0.733      2.500
 828  826      0.631     -0.550      2.500
 833  821      0.633     -0.825      2.500
 832  824      0.634     -0.661      2.500
 834  823      0.635      0.656      2.500
 836  827      0.637     -0.811      2.500
 835  830      0.638      0.550      2.500
 829  832      0.640      0.008      2.500
 830  833      0.641     -0.004      2.500
 837  831      0.643      0.781      2.500
 841  835      0.654     -0.614      2.500
 839  840      0.657      0.246      2.500
 845  834      0.657      0.795      2.500
 838  842      0.657      0.102      2.500
 840  839      0.658      0.345      2.500
 842  838      0.657     -0.898      2.500
 846  836      0.660      0.526      2.500
 844  841      0.661      0.378      2.500
 847  837      0.661      0.595      2.500
 843  849      0.666     -0.017      2.500
 848  843      0.667      0.373      2.500
 850  844      0.670      0.495      2.500
 849  850      0.672      0.158      2.500
 851  848      0.672      0.397      2.500
 853  846      0.673     -0.676      2.500
 854  845      0.674      0.631      2.500
 855  847      0.675     -0.824      2.500
 852  853      0.681     -0.222      2.500
 859  851      0.683      0.682      2.500
 862  852      0.686     -0.635      2.500
 858  855      0.687     -0.429      2.500
 856  860      0.689      0.076      2.500
 865  854      0.691      0.593      2.500
 857  862      0.691     -0.170      2.500
 866  858      0.693     -0.645      2.500
 861  864      0.694     -0.198      2.500
 860  865      0.694      0.047      2.500
 867  857      0.695      0.632      2.500
 870  856      0.695     -0.783      2.500
 863  868      0.696      0.066      2.500
 864  869      0.697     -0.245      2.500
 871  859      0.697     -0.841      2.500
 868  866      0.700     -0.488      2.500
 872  861      0.700      0.709      2.500
 874  863      0.702     -0.795      2.500
 869  870      0.703      0.189      2.500
 875  867      0.705     -0.757      2.500
 879  871      0.713      0.733      2.500
 873  872      0.713      0.026      2.500
 878  874      0.718     -0.433      2.500
 876  878      0.720     -0.138      2.500
 877  879      0.722     -0.206      2.500
 880  877      0.722     -0.350      2.500
 883  873      0.723     -0.791      2.500
 882  875      0.724      0.585      2.500
 881  882      0.726      0.170      2.500
 885  876      0.726     -0.734      2.500
 888  881      0.732     -0.793      2.500
 889  880      0.732     -0.854      2.500
 884  889      0.734      0.071      2.500
 886  885      0.734     -0.386      2.500
  -1   -2      0.735     -0.609      2.500
 890  884      0.736     -0.598      2.500
 887  891      0.739      0.036      2.500
 893  890      0.740      0.354      2.500
 896  886      0.740     -0.721      2.500
 894  888      0.740      0.552      2.500
 897  887      0.741      0.671      2.500
 892  893      0.743     -0.108      2.500
 898  892      0.746      0.394      2.500
 895  894      0.746      0.210      2.500
  -1   -2      0.749      0.221      2.500
 900  902      0.752     -0.001      2.500
 901  897      0.753      0.412      2.500
 904  895      0.754      0.802      2.500
 902  900      0.755     -0.495      2.500
 903  903      0.757     -0.475      2.500
 907  899      0.759      0.719      2.500
 911  901      0.760     -0.860      2.500
 905  909      0.762     -0.225      2.500
 909  904      0.763      0.479      2.500
 908  908      0.765      0.324      2.500
 914  906      0.765      0.643      2.500
 915  905      0.766      0.751      2.500
 906  911      0.766     -0.098      2.500
 916  907      0.767     -0.717      2.500
 912  910      0.768      0.294      2.500
 910  914      0.769     -0.015      2.500
 913  915      0.771     -0.280      2.500
 917  912      0.773      0.437      2.500
 918  913      0.774      0.500      2.500
 919  917      0.777     -0.419      2.500
 921  916      0.779      0.734      2.500
 920  919      0.780      0.164      2.500
 923  918      0.783      0.552      2.500
 926  920      0.787      0.786      2.500
 925  922      0.786     -0.483      2.500
 922  923      0.787     -0.062      2.500
 927  921      0.789      0.601      2.500
 924  924      0.789     -0.024      2.500
 928  928      0.794     -0.014      2.500
 929  927      0.795      0.211      2.500
 931  925      0.796      0.693      2.500
 930  929      0.796     -0.291      2.500
 933  926      0.799      0.737      2.500
 932  931      0.799      0.302      2.500
  -1   -2      0.802      0.572      2.500
 936  932      0.802     -0.732      2.500
 934  934      0.805     -0.052      2.500
 937  933      0.807      0.564      2.500
 939  935      0.814      0.497      2.500
 938  937      0.817      0.244      2.500
 940  936      0.817     -0.661      2.500
  -1   -2      0.820      0.253      2.500
 942  940      0.821     -0.502      2.500
 943  938      0.822     -0.647      2.500
 946  941      0.823      0.546      2.500
 944  943      0.824      0.364      2.500
 947  942      0.824      0.469      2.500
 945  945      0.826     -0.074      2.500
 949  944      0.827      0.715      2.500
 948  946      0.828      0.119      2.500
 952  947      0.831     -0.652      2.500
 953  948      0.833     -0.597      2.500
 951  949      0.834      0.232      2.500
 950  950      0.835     -0.141      2.500
 956  951      0.838     -0.493      2.500
 955  952      0.838     -0.268      2.500
 954  953      0.839     -0.007      2.500
 957  955      0.843     -0.083      2.500
 958  956      0.844      0.026      2.500
 959  954      0.844     -0.401      2.500
 960  959      0.848      0.234      2.500
 961  957      0.848     -0.669      2.500
 962  958      0.849     -0.857      2.500
 963  960      0.851     -0.869      2.500
 964  961      0.852     -0.827      2.500
 965  962      0.854      0.419      2.500
 966  963      0.858     -0.888      2.500
 969  964      0.860     -0.559      2.500
 967  966      0.861     -0.218      2.500
 968  965      0.860     -0.370      2.500
 970  967      0.862     -0.334      2.500
 971  968      0.866     -0.178      2.500
 972  969      0.872      0.408      2.500
 973  970      0.874     -0.898      2.500
 975  971      0.877      0.769      2.500
 976  972      0.878      0.724      2.500
 977  973      0.878      0.830      2.500
 974  974      0.877      0.189      2.500
 978  975      0.881      0.629      2.500
 979  976      0.881     -0.785      2.500
 980  977      0.882     -0.536      2.500
 981  978      0.890     -0.666      2.500
 982  979      0.892      0.691      2.500
 983  981      0.894      0.381      2.500
 984  980      0.893     -0.613      2.500
 985  982      0.895     -0.223      2.500
 986  983      0.901      0.349      2.500
 987  984      0.901     -0.466      2.500
 989  985      0.906      0.583      2.500
 988  987      0.905     -0.334      2.500
 991  986      0.906     -0.801      2.500
 992  988      0.908      0.804      2.500
 990  992      0.908     -0.016      2.500
 993  989      0.908      0.512      2.500
 994  990      0.909      0.611      2.500
 996  991      0.908     -0.737      2.500
  -1   -2      0.910      0.300      2.500
 997  994      0.911      0.291      2.500
 998   -2      0.914      0.106      2.500
