1000
   1    -0.823     0.169     2.500  385   -1   -1   -1
   2    -0.822     0.005     2.500  484   -1   -1   -1
   3    -0.819    -0.158     2.500  581   -1   -1   -1
   4    -0.815    -0.248     2.500  648   -1   -1   -1
   5    -0.815    -0.080     2.500  543   -1   -1   -1
   6    -0.815     0.356     2.500  297   -1   -1   -1
   7    -0.816     0.793     2.500   19   -1   -1   -1
   8    -0.815    -0.516     2.500  783   -1   -1   -1
   9    -0.815     0.574     2.500  157   -1   -1   -1
  10    -0.815     0.643     2.500  110   -1   -1   -1
  11    -0.814    -0.734     2.500  898   -1   -1   -1
  12    -0.814    -0.717     2.500  885   -1   -1   -1
  13    -0.815     0.637     2.500  115   -1   -1   -1
  14    -0.814     0.138     2.500  401   -1   -1   -1
  15    -0.813    -0.303     2.500  675   -1   -1   -1
  16    -0.809     0.212     2.500  369   -1   -1   -1
  17    -0.806    -0.214     2.500  623   -1   -1   -1
  18    -0.802    -0.052     2.500  522   -1   -1   -1
  19    -0.802     0.492     2.500  207   -1   -1   -1
  20    -0.801     0.317     2.500  319   -1   -1   -1
  21    -0.800    -0.222     2.500  626   -1   -1   -1
  22    -0.800     0.294     2.500  325   -1   -1   -1
  23    -0.796    -0.462     2.500  751   -1   -1   -1
  24    -0.796     0.584     2.500  145   -1   -1   -1
  25    -0.796     0.804     2.500   14   -1   -1   -1
  26    -0.794    -0.141     2.500  576   -1   -1   -1
  27    -0.793    -0.244     2.500  643   -1   -1   -1
  28    -0.792    -0.891     2.500  978   -1   -1   -1
  29    -0.790    -0.436     2.500  740   -1   -1   -1
  30    -0.789     0.505     2.500  200   -1   -1   -1
  31    -0.788     0.146     2.500  397   -1   -1   -1
  32    -0.780     0.061     2.500  448   -1   -1   -1
  33    -0.779    -0.626     2.500  843   -1   -1   -1
  34    -0.779     0.699     2.500   74   -1   -1   -1
  35    -0.778     0.141     2.500  399   -1   -1   -1
  36    -0.776    -0.302     2.500  674   -1   -1   -1
  37    -0.775     0.486     2.500  213   -1   -1   -1
  38    -0.773     0.358     2.500  296   -1   -1   -1
  39    -0.771    -0.663     2.500  858   -1   -1   -1
  40    -0.772     0.607     2.500  132   -1   -1   -1
  41    -0.771     0.158     2.500  389   -1   -1   -1
  42    -0.770     0.262     2.500  339   -1   -1   -1
  43    -0.769     0.409     2.500  261   -1   -1   -1
  44    -0.765    -0.855     2.500  960   -1   -1   -1
  45    -0.765     0.315     2.500  320   -1   -1   -1
  46    -0.763    -0.690     2.500  873   -1   -1   -1
  47    -0.762    -0.200     2.500  608   -1   -1   -1
  48    -0.756     0.644     2.500  109   -1   -1   -1
  49    -0.754    -0.855     2.500  961   -1   -1   -1
  50    -0.753    -0.239     2.500  639   -1   -1   -1
  51    -0.751     0.787     2.500   25   -1   -1   -1
  52    -0.747     0.558     2.500  169   -1   -1   -1
  53    -0.746    -0.265     2.500  654   -1   -1   -1
  54    -0.743    -0.512     2.500  780   -1   -1   -1
  55    -0.743    -0.066     2.500  529   -1   -1   -1
  56    -0.741     0.043     2.500  460   -1   -1   -1
  57    -0.739     0.132     2.500  403   -1   -1   -1
  58    -0.738     0.365     2.500  291   -1   -1   -1
  59    -0.736    -0.205     2.500  614   -1   -1   -1
  60    -0.733    -0.346     2.500  689   -1   -1   -1
  61    -0.732    -0.287     2.500  667   -1   -1   -1
  62    -0.730    -0.483     2.500  763   -1   -1   -1
  63    -0.730     0.003     2.500  488   -1   -1   -1
  64    -0.728    -0.650     2.500  850   -1   -1   -1
  65    -0.728     0.416     2.500  256   -1   -1   -1
  66    -0.727    -0.039     2.500  518   -1   -1   -1
  67    -0.727    -0.163     2.500  587   -1   -1   -1
  68    -0.727     0.546     2.500  177   -1   -1   -1
  69    -0.726     0.533     2.500  181   -1   -1   -1
  70    -0.723    -0.620     2.500  841   -1   -1   -1
  71    -0.723    -0.124     2.500  567   -1   -1   -1
  72    -0.722     0.160     2.500  388   -1   -1   -1
  73    -0.720    -0.844     2.500  957   -1   -1   -1
  74    -0.720     0.093     2.500  423   -1   -1   -1
  75    -0.718    -0.098     2.500  551   -1   -1   -1
  76    -0.715     0.474     2.500  222   -1   -1   -1
  77    -0.714    -0.204     2.500  612   -1   -1   -1
  78    -0.715     0.771     2.500   35   -1   -1   -1
  79    -0.710     0.508     2.500  199   -1   -1   -1
  80    -0.709     0.231     2.500  359   -1   -1   -1
  81    -0.708     0.106     2.500  416   -1   -1   -1
  82    -0.704    -0.348     2.500  692   -1   -1   -1
  83    -0.703     0.191     2.500  376   -1   -1   -1
  84    -0.701    -0.683     2.500  870   -1   -1   -1
  85    -0.698    -0.210     2.500  618   -1   -1   -1
  86    -0.698     0.680     2.500   85   -1   -1   -1
  87    -0.692     0.216     2.500  367   -1   -1   -1
  88    -0.688    -0.806     2.500  933   -1   -1   -1
  89    -0.688    -0.036     2.500  515   -1   -1   -1
  90    -0.687    -0.537     2.500  796   -1   -1   -1
  91    -0.687    -0.775     2.500  919   -1   -1   -1
  92    -0.685     0.076     2.500  439   -1   -1   -1
  93    -0.681    -0.356     2.500  695   -1   -1   -1
  94    -0.680     0.532     2.500  182   -1   -1   -1
  95    -0.679    -0.680     2.500  866   -1   -1   -1
  96    -0.680     0.712     2.500   64   -1   -1   -1
  97    -0.675    -0.899     2.500  984   -1   -1   -1
  98    -0.676     0.587     2.500  142   -1   -1   -1
  99    -0.673    -0.846     2.500  958   -1   -1   -1
 100    -0.674     0.312     2.500  321   -1   -1   -1
 101    -0.673     0.582     2.500  147   -1   -1   -1
 102    -0.670    -0.267     2.500  655   -1   -1   -1
 103    -0.669     0.740     2.500   52   -1   -1   -1
 104    -0.665    -0.803     2.500  930   -1   -1   -1
 105    -0.666    -0.081     2.500  544   -1   -1   -1
 106    -0.661     0.450     2.500  236   -1   -1   -1
 107    -0.660    -0.415     2.500  726   -1   -1   -1
 108    -0.660    -0.205     2.500  615   -1   -1   -1
 109    -0.656     0.555     2.500  171   -1   -1   -1
 110    -0.653     0.418     2.500  253   -1   -1   -1
 111    -0.651    -0.422     2.500  731   -1   -1   -1
 112    -0.649    -0.899     2.500  991   -1   -1   -1
 113    -0.647    -0.308     2.500  676   -1   -1   -1
 114    -0.645    -0.277     2.500  664   -1   -1   -1
 115    -0.644    -0.857     2.500  963   -1   -1   -1
 116    -0.645     0.080     2.500  436   -1   -1   -1
 117    -0.643     0.048     2.500  458   -1   -1   -1
 118    -0.638     0.472     2.500  223   -1   -1   -1
 119    -0.636    -0.199     2.500  607   -1   -1   -1
 120    -0.623     0.458     2.500  232   -1   -1   -1
 121    -0.621     0.155     2.500  391   -1   -1   -1
 122    -0.619    -0.580     2.500  824   -1   -1   -1
 123    -0.619    -0.257     2.500  651   -1   -1   -1
 124    -0.617    -0.778     2.500  921   -1   -1   -1
 125    -0.614    -0.443     2.500  744   -1   -1   -1
 126    -0.612     0.478     2.500  219   -1   -1   -1
 127    -0.611    -0.879     2.500  973   -1   -1   -1
 128    -0.610    -0.471     2.500  757   -1   -1   -1
 129    -0.610     0.280     2.500  331   -1   -1   -1
 130    -0.609    -0.310     2.500  677   -1   -1   -1
 131    -0.609     0.380     2.500  280   -1   -1   -1
 132    -0.608     0.600     2.500  135   -1   -1   -1
 133    -0.605    -0.237     2.500  638   -1   -1   -1
 134    -0.605     0.442     2.500  242   -1   -1   -1
 135    -0.603    -0.490     2.500  768   -1   -1   -1
 136    -0.598     0.417     2.500  254   -1   -1   -1
 137    -0.597     0.471     2.500  224   -1   -1   -1
 138    -0.596    -0.805     2.500  932   -1   -1   -1
 139    -0.596    -0.516     2.500  785   -1   -1   -1
 140    -0.596     0.372     2.500  284   -1   -1   -1
 141    -0.593    -0.203     2.500  611   -1   -1   -1
 142    -0.592     0.665     2.500   95   -1   -1   -1
 143    -0.589     0.238     2.500  353   -1   -1   -1
 144    -0.588    -0.004     2.500  498   -1   -1   -1
 145    -0.584    -0.427     2.500  735   -1   -1   -1
 146    -0.583    -0.905     2.500  998   -1   -1   -1
 147    -0.581    -0.759     2.500  907   -1   -1   -1
 148    -0.580     0.132     2.500  404   -1   -1   -1
 149    -0.580     0.018     2.500  476   -1   -1   -1
 150    -0.577    -0.247     2.500  645   -1   -1   -1
 151    -0.576    -0.346     2.500  691   -1   -1   -1
 152    -0.573     0.103     2.500  418   -1   -1   -1
 153    -0.572    -0.528     2.500  788   -1   -1   -1
 154    -0.571    -0.003     2.500  496   -1   -1   -1
 155    -0.570     0.417     2.500  255   -1   -1   -1
 156    -0.569    -0.222     2.500  628   -1   -1   -1
 157    -0.566     0.188     2.500  377   -1   -1   -1
 158    -0.558    -0.408     2.500  721   -1   -1   -1
 159    -0.557    -0.781     2.500  923   -1   -1   -1
 160    -0.557     0.569     2.500  160   -1   -1   -1
 161    -0.556     0.772     2.500   34   -1   -1   -1
 162    -0.554    -0.822     2.500  942   -1   -1   -1
 163    -0.551    -0.696     2.500  878   -1   -1   -1
 164    -0.547     0.158     2.500  390   -1   -1   -1
 165    -0.547    -0.114     2.500  561   -1   -1   -1
 166    -0.547     0.436     2.500  247   -1   -1   -1
 167    -0.547    -0.487     2.500  767   -1   -1   -1
 168    -0.544    -0.012     2.500  503   -1   -1   -1
 169    -0.543    -0.658     2.500  853   -1   -1   -1
 170    -0.542     0.021     2.500  472   -1   -1   -1
 171    -0.541    -0.087     2.500  547   -1   -1   -1
 172    -0.539     0.807     2.500   11   -1   -1   -1
 173    -0.526    -0.166     2.500  589   -1   -1   -1
 174    -0.526     0.199     2.500  373   -1   -1   -1
 175    -0.525     0.503     2.500  202   -1   -1   -1
 176    -0.523     0.475     2.500  221   -1   -1   -1
 177    -0.519     0.519     2.500  190   -1   -1   -1
 178    -0.516     0.730     2.500   56   -1   -1   -1
 179    -0.515    -0.213     2.500  621   -1   -1   -1
 180    -0.514     0.252     2.500  348   -1   -1   -1
 181    -0.513    -0.429     2.500  737   -1   -1   -1
 182    -0.512     0.558     2.500  168   -1   -1   -1
 183    -0.511     0.502     2.500  203   -1   -1   -1
 184    -0.508    -0.893     2.500  981   -1   -1   -1
 185    -0.505     0.407     2.500  262   -1   -1   -1
 186    -0.499    -0.061     2.500  526   -1   -1   -1
 187    -0.493    -0.024     2.500  508   -1   -1   -1
 188    -0.492    -0.191     2.500  603   -1   -1   -1
 189    -0.492     0.680     2.500   83   -1   -1   -1
 190    -0.490    -0.551     2.500  801   -1   -1   -1
 191    -0.490     0.588     2.500  140   -1   -1   -1
 192    -0.489     0.741     2.500   51   -1   -1   -1
 193    -0.488     0.476     2.500  220   -1   -1   -1
 194    -0.484     0.655     2.500  104   -1   -1   -1
 195    -0.483    -0.106     2.500  555   -1   -1   -1
 196    -0.482    -0.685     2.500  871   -1   -1   -1
 197    -0.477    -0.748     2.500  905   -1   -1   -1
 198    -0.475     0.467     2.500  226   -1   -1   -1
 199    -0.475     0.708     2.500   70   -1   -1   -1
 200    -0.474    -0.683     2.500  868   -1   -1   -1
 201    -0.474    -0.074     2.500  534   -1   -1   -1
 202    -0.464     0.436     2.500  245   -1   -1   -1
 203    -0.461    -0.073     2.500  533   -1   -1   -1
 204    -0.461     0.210     2.500  370   -1   -1   -1
 205    -0.460     0.430     2.500  249   -1   -1   -1
 206    -0.456     0.394     2.500  271   -1   -1   -1
 207    -0.453     0.606     2.500  133   -1   -1   -1
 208    -0.451     0.388     2.500  274   -1   -1   -1
 209    -0.450    -0.187     2.500  599   -1   -1   -1
 210    -0.449     0.367     2.500  287   -1   -1   -1
 211    -0.449     0.421     2.500  251   -1   -1   -1
 212    -0.448     0.775     2.500   32   -1   -1   -1
 213    -0.445    -0.196     2.500  604   -1   -1   -1
 214    -0.443    -0.462     2.500  753   -1   -1   -1
 215    -0.442    -0.670     2.500  862   -1   -1   -1
 216    -0.441    -0.704     2.500  882   -1   -1   -1
 217    -0.441    -0.070     2.500  532   -1   -1   -1
 218    -0.440    -0.582     2.500  825   -1   -1   -1
 219    -0.437     0.681     2.500   82   -1   -1   -1
 220    -0.436    -0.226     2.500  631   -1   -1   -1
 221    -0.435    -0.499     2.500  773   -1   -1   -1
 222    -0.434    -0.184     2.500  597   -1   -1   -1
 223    -0.432    -0.899     2.500  990   -1   -1   -1
 224    -0.430     0.118     2.500  410   -1   -1   -1
 225    -0.429    -0.066     2.500  530   -1   -1   -1
 226    -0.427     0.574     2.500  156   -1   -1   -1
 227    -0.425    -0.469     2.500  756   -1   -1   -1
 228    -0.425     0.230     2.500  360   -1   -1   -1
 229    -0.422    -0.578     2.500  822   -1   -1   -1
 230    -0.420    -0.615     2.500  838   -1   -1   -1
 231    -0.419    -0.690     2.500  874   -1   -1   -1
 232    -0.419     0.539     2.500  180   -1   -1   -1
 233    -0.417     0.655     2.500  102   -1   -1   -1
 234    -0.417     0.328     2.500  309   -1   -1   -1
 235    -0.417     0.525     2.500  184   -1   -1   -1
 236    -0.416     0.686     2.500   79   -1   -1   -1
 237    -0.415    -0.728     2.500  893   -1   -1   -1
 238    -0.414     0.036     2.500  461   -1   -1   -1
 239    -0.412    -0.444     2.500  745   -1   -1   -1
 240    -0.411     0.722     2.500   60   -1   -1   -1
 241    -0.410    -0.087     2.500  546   -1   -1   -1
 242    -0.408    -0.368     2.500  700   -1   -1   -1
 243    -0.406    -0.026     2.500  509   -1   -1   -1
 244    -0.406     0.100     2.500  422   -1   -1   -1
 245    -0.405     0.479     2.500  217   -1   -1   -1
 246    -0.402    -0.163     2.500  586   -1   -1   -1
 247    -0.400    -0.022     2.500  507   -1   -1   -1
 248    -0.399     0.262     2.500  338   -1   -1   -1
 249    -0.399     0.084     2.500  431   -1   -1   -1
 250    -0.397     0.486     2.500  211   -1   -1   -1
 251    -0.395     0.665     2.500   93   -1   -1   -1
 252    -0.395     0.696     2.500   75   -1   -1   -1
 253    -0.392     0.644     2.500  106   -1   -1   -1
 254    -0.387    -0.248     2.500  647   -1   -1   -1
 255    -0.386     0.330     2.500  307   -1   -1   -1
 256    -0.384     0.760     2.500   41   -1   -1   -1
 257    -0.383    -0.662     2.500  857   -1   -1   -1
 258    -0.380    -0.126     2.500  570   -1   -1   -1
 259    -0.380    -0.120     2.500  562   -1   -1   -1
 260    -0.379     0.591     2.500  139   -1   -1   -1
 261    -0.378     0.752     2.500   45   -1   -1   -1
 262    -0.374    -0.553     2.500  803   -1   -1   -1
 263    -0.373    -0.299     2.500  671   -1   -1   -1
 264    -0.373     0.345     2.500  301   -1   -1   -1
 265    -0.373     0.531     2.500  183   -1   -1   -1
 266    -0.370    -0.833     2.500  950   -1   -1   -1
 267    -0.368    -0.235     2.500  636   -1   -1   -1
 268    -0.367    -0.772     2.500  915   -1   -1   -1
 269    -0.366     0.584     2.500  144   -1   -1   -1
 270    -0.365     0.496     2.500  206   -1   -1   -1
 271    -0.363     0.826     2.500    2   -1   -1   -1
 272    -0.360    -0.895     2.500  983   -1   -1   -1
 273    -0.360     0.577     2.500  153   -1   -1   -1
 274    -0.357     0.461     2.500  231   -1   -1   -1
 275    -0.357     0.285     2.500  329   -1   -1   -1
 276    -0.351     0.576     2.500  155   -1   -1   -1
 277    -0.350    -0.301     2.500  673   -1   -1   -1
 278    -0.346     0.586     2.500  143   -1   -1   -1
 279    -0.345     0.453     2.500  233   -1   -1   -1
 280    -0.344    -0.816     2.500  937   -1   -1   -1
 281    -0.343     0.824     2.500    3   -1   -1   -1
 282    -0.338    -0.089     2.500  549   -1   -1   -1
 283    -0.337    -0.121     2.500  564   -1   -1   -1
 284    -0.336    -0.357     2.500  696   -1   -1   -1
 285    -0.333     0.183     2.500  381   -1   -1   -1
 286    -0.332     0.069     2.500  445   -1   -1   -1
 287    -0.332    -0.663     2.500  859   -1   -1   -1
 288    -0.331    -0.244     2.500  642   -1   -1   -1
 289    -0.329    -0.391     2.500  708   -1   -1   -1
 290    -0.328     0.832     2.500    0   -1   -1   -1
 291    -0.321     0.785     2.500   26   -1   -1   -1
 292    -0.320     0.224     2.500  365   -1   -1   -1
 293    -0.319    -0.424     2.500  732   -1   -1   -1
 294    -0.319     0.068     2.500  446   -1   -1   -1
 295    -0.316     0.366     2.500  289   -1   -1   -1
 296    -0.314    -0.469     2.500  755   -1   -1   -1
 297    -0.314     0.768     2.500   36   -1   -1   -1
 298    -0.312    -0.767     2.500  912   -1   -1   -1
 299    -0.311     0.655     2.500  103   -1   -1   -1
 300    -0.310    -0.576     2.500  818   -1   -1   -1
 301    -0.309     0.369     2.500  286   -1   -1   -1
 302    -0.308    -0.659     2.500  854   -1   -1   -1
 303    -0.308     0.596     2.500  136   -1   -1   -1
 304    -0.303     0.446     2.500  239   -1   -1   -1
 305    -0.303    -0.050     2.500  520   -1   -1   -1
 306    -0.303     0.614     2.500  130   -1   -1   -1
 307    -0.302     0.073     2.500  442   -1   -1   -1
 308    -0.301     0.110     2.500  414   -1   -1   -1
 309    -0.300     0.793     2.500   18   -1   -1   -1
 310    -0.300     0.033     2.500  463   -1   -1   -1
 311    -0.296     0.086     2.500  429   -1   -1   -1
 312    -0.294     0.618     2.500  126   -1   -1   -1
 313    -0.292    -0.079     2.500  539   -1   -1   -1
 314    -0.290    -0.245     2.500  644   -1   -1   -1
 315    -0.289     0.259     2.500  341   -1   -1   -1
 316    -0.287     0.183     2.500  380   -1   -1   -1
 317    -0.287    -0.140     2.500  575   -1   -1   -1
 318    -0.285    -0.536     2.500  795   -1   -1   -1
 319    -0.286     0.666     2.500   92   -1   -1   -1
 320    -0.285     0.075     2.500  441   -1   -1   -1
 321    -0.284     0.789     2.500   23   -1   -1   -1
 322    -0.280     0.481     2.500  215   -1   -1   -1
 323    -0.278    -0.696     2.500  879   -1   -1   -1
 324    -0.277     0.468     2.500  225   -1   -1   -1
 325    -0.275    -0.904     2.500  994   -1   -1   -1
 326    -0.271    -0.620     2.500  842   -1   -1   -1
 327    -0.265     0.218     2.500  366   -1   -1   -1
 328    -0.262     0.557     2.500  170   -1   -1   -1
 329    -0.261     0.767     2.500   37   -1   -1   -1
 330    -0.259    -0.212     2.500  619   -1   -1   -1
 331    -0.256     0.612     2.500  131   -1   -1   -1
 332    -0.255    -0.720     2.500  889   -1   -1   -1
 333    -0.254     0.644     2.500  107   -1   -1   -1
 334    -0.249    -0.511     2.500  779   -1   -1   -1
 335    -0.246     0.711     2.500   68   -1   -1   -1
 336    -0.244    -0.739     2.500  903   -1   -1   -1
 337    -0.242    -0.814     2.500  936   -1   -1   -1
 338    -0.239     0.816     2.500    7   -1   -1   -1
 339    -0.237     0.001     2.500  491   -1   -1   -1
 340    -0.233    -0.766     2.500  911   -1   -1   -1
 341    -0.233     0.319     2.500  317   -1   -1   -1
 342    -0.231    -0.080     2.500  542   -1   -1   -1
 343    -0.229     0.378     2.500  282   -1   -1   -1
 344    -0.221    -0.222     2.500  627   -1   -1   -1
 345    -0.220     0.364     2.500  293   -1   -1   -1
 346    -0.218    -0.408     2.500  722   -1   -1   -1
 347    -0.218     0.569     2.500  159   -1   -1   -1
 348    -0.215     0.085     2.500  430   -1   -1   -1
 349    -0.213    -0.899     2.500  988   -1   -1   -1
 350    -0.212    -0.528     2.500  789   -1   -1   -1
 351    -0.212     0.722     2.500   59   -1   -1   -1
 352    -0.208     0.395     2.500  270   -1   -1   -1
 353    -0.207     0.226     2.500  363   -1   -1   -1
 354    -0.207     0.516     2.500  192   -1   -1   -1
 355    -0.205    -0.567     2.500  814   -1   -1   -1
 356    -0.203    -0.084     2.500  545   -1   -1   -1
 357    -0.203    -0.276     2.500  660   -1   -1   -1
 358    -0.202     0.284     2.500  330   -1   -1   -1
 359    -0.201    -0.291     2.500  668   -1   -1   -1
 360    -0.200    -0.069     2.500  531   -1   -1   -1
 361    -0.200    -0.519     2.500  786   -1   -1   -1
 362    -0.199    -0.144     2.500  577   -1   -1   -1
 363    -0.199     0.397     2.500  267   -1   -1   -1
 364    -0.199    -0.122     2.500  565   -1   -1   -1
 365    -0.199     0.680     2.500   84   -1   -1   -1
 366    -0.195    -0.370     2.500  703   -1   -1   -1
 367    -0.192    -0.554     2.500  806   -1   -1   -1
 368    -0.191    -0.233     2.500  635   -1   -1   -1
 369    -0.187    -0.342     2.500  686   -1   -1   -1
 370    -0.187    -0.136     2.500  572   -1   -1   -1
 371    -0.186    -0.579     2.500  823   -1   -1   -1
 372    -0.184    -0.799     2.500  929   -1   -1   -1
 373    -0.182    -0.824     2.500  944   -1   -1   -1
 374    -0.181     0.521     2.500  187   -1   -1   -1
 375    -0.181     0.777     2.500   30   -1   -1   -1
 376    -0.180     0.447     2.500  237   -1   -1   -1
 377    -0.177    -0.232     2.500  634   -1   -1   -1
 378    -0.173    -0.355     2.500  694   -1   -1   -1
 379    -0.172     0.823     2.500    4   -1   -1   -1
 380    -0.168    -0.510     2.500  778   -1   -1   -1
 381    -0.167    -0.066     2.500  528   -1   -1   -1
 382    -0.162    -0.773     2.500  917   -1   -1   -1
 383    -0.161     0.056     2.500  453   -1   -1   -1
 384    -0.160     0.234     2.500  357   -1   -1   -1
 385    -0.158     0.252     2.500  346   -1   -1   -1
 386    -0.155    -0.321     2.500  679   -1   -1   -1
 387    -0.154    -0.482     2.500  762   -1   -1   -1
 388    -0.153     0.566     2.500  161   -1   -1   -1
 389    -0.150     0.504     2.500  201   -1   -1   -1
 390    -0.150     0.363     2.500  294   -1   -1   -1
 391    -0.147     0.447     2.500  238   -1   -1   -1
 392    -0.145    -0.482     2.500  764   -1   -1   -1
 393    -0.142     0.806     2.500   12   -1   -1   -1
 394    -0.136    -0.396     2.500  714   -1   -1   -1
 395    -0.135    -0.403     2.500  719   -1   -1   -1
 396    -0.134    -0.452     2.500  749   -1   -1   -1
 397    -0.132     0.430     2.500  248   -1   -1   -1
 398    -0.130     0.551     2.500  174   -1   -1   -1
 399    -0.128     0.060     2.500  449   -1   -1   -1
 400    -0.118     0.804     2.500   13   -1   -1   -1
 401    -0.114    -0.570     2.500  817   -1   -1   -1
 402    -0.114     0.488     2.500  208   -1   -1   -1
 403    -0.113     0.614     2.500  129   -1   -1   -1
 404    -0.112    -0.074     2.500  535   -1   -1   -1
 405    -0.110     0.323     2.500  314   -1   -1   -1
 406    -0.110     0.255     2.500  345   -1   -1   -1
 407    -0.109    -0.648     2.500  847   -1   -1   -1
 408    -0.109     0.261     2.500  340   -1   -1   -1
 409    -0.108    -0.391     2.500  710   -1   -1   -1
 410    -0.107     0.690     2.500   78   -1   -1   -1
 411    -0.106     0.747     2.500   49   -1   -1   -1
 412    -0.106     0.105     2.500  417   -1   -1   -1
 413    -0.105     0.090     2.500  426   -1   -1   -1
 414    -0.104     0.640     2.500  111   -1   -1   -1
 415    -0.101     0.461     2.500  230   -1   -1   -1
 416    -0.100    -0.602     2.500  833   -1   -1   -1
 417    -0.100    -0.204     2.500  613   -1   -1   -1
 418    -0.098    -0.893     2.500  980   -1   -1   -1
 419    -0.097    -0.554     2.500  807   -1   -1   -1
 420    -0.096    -0.491     2.500  769   -1   -1   -1
 421    -0.096    -0.182     2.500  596   -1   -1   -1
 422    -0.095    -0.373     2.500  706   -1   -1   -1
 423    -0.094     0.075     2.500  440   -1   -1   -1
 424    -0.094     0.510     2.500  194   -1   -1   -1
 425    -0.090    -0.247     2.500  646   -1   -1   -1
 426    -0.088    -0.231     2.500  632   -1   -1   -1
 427    -0.081     0.265     2.500  334   -1   -1   -1
 428    -0.074    -0.284     2.500  666   -1   -1   -1
 429    -0.073    -0.715     2.500  884   -1   -1   -1
 430    -0.071     0.643     2.500  108   -1   -1   -1
 431    -0.071     0.573     2.500  158   -1   -1   -1
 432    -0.069     0.663     2.500   96   -1   -1   -1
 433    -0.068     0.155     2.500  393   -1   -1   -1
 434    -0.065    -0.794     2.500  927   -1   -1   -1
 435    -0.064     0.798     2.500   17   -1   -1   -1
 436    -0.061     0.419     2.500  252   -1   -1   -1
 437    -0.061    -0.721     2.500  890   -1   -1   -1
 438    -0.061    -0.225     2.500  630   -1   -1   -1
 439    -0.059    -0.162     2.500  585   -1   -1   -1
 440    -0.055     0.102     2.500  419   -1   -1   -1
 441    -0.052     0.592     2.500  137   -1   -1   -1
 442    -0.050    -0.037     2.500  516   -1   -1   -1
 443    -0.050    -0.078     2.500  538   -1   -1   -1
 444    -0.049    -0.506     2.500  776   -1   -1   -1
 445    -0.047    -0.445     2.500  746   -1   -1   -1
 446    -0.045     0.356     2.500  298   -1   -1   -1
 447    -0.045     0.366     2.500  290   -1   -1   -1
 448    -0.044     0.554     2.500  172   -1   -1   -1
 449    -0.043     0.265     2.500  335   -1   -1   -1
 450    -0.042    -0.394     2.500  711   -1   -1   -1
 451    -0.034    -0.267     2.500  656   -1   -1   -1
 452    -0.024    -0.053     2.500  523   -1   -1   -1
 453    -0.023    -0.493     2.500  771   -1   -1   -1
 454    -0.019    -0.430     2.500  739   -1   -1   -1
 455    -0.016     0.757     2.500   43   -1   -1   -1
 456    -0.015     0.441     2.500  241   -1   -1   -1
 457    -0.015     0.660     2.500   99   -1   -1   -1
 458    -0.014    -0.199     2.500  606   -1   -1   -1
 459    -0.014    -0.533     2.500  794   -1   -1   -1
 460    -0.013    -0.346     2.500  690   -1   -1   -1
 461    -0.013     0.136     2.500  402   -1   -1   -1
 462    -0.009     0.264     2.500  336   -1   -1   -1
 463    -0.007     0.335     2.500  306   -1   -1   -1
 464    -0.007     0.808     2.500   10   -1   -1   -1
 465    -0.002    -0.807     2.500  934   -1   -1   -1
 466    -0.002    -0.079     2.500  541   -1   -1   -1
 467    -0.001    -0.369     2.500  702   -1   -1   -1
 468     0.001    -0.824     2.500  945   -1   -1   -1
 469     0.002    -0.651     2.500  852   -1   -1   -1
 470     0.002     0.005     2.500  487   -1   -1   -1
 471     0.002    -0.008     2.500  501   -1   -1   -1
 472     0.003    -0.886     2.500  976   -1   -1   -1
 473     0.004    -0.671     2.500  863   -1   -1   -1
 474     0.004    -0.103     2.500  553   -1   -1   -1
 475     0.004    -0.899     2.500  992   -1   -1   -1
 476     0.004     0.320     2.500  316   -1   -1   -1
 477     0.005    -0.397     2.500  716   -1   -1   -1
 478     0.005    -0.485     2.500  766   -1   -1   -1
 479     0.005     0.581     2.500  150   -1   -1   -1
 480     0.006     0.208     2.500  371   -1   -1   -1
 481     0.010    -0.558     2.500  810   -1   -1   -1
 482     0.013     0.118     2.500  408   -1   -1   -1
 483     0.014    -0.794     2.500  928   -1   -1   -1
 484     0.015     0.387     2.500  275   -1   -1   -1
 485     0.015     0.745     2.500   50   -1   -1   -1
 486     0.016     0.241     2.500  352   -1   -1   -1
 487     0.017     0.020     2.500  474   -1   -1   -1
 488     0.018    -0.395     2.500  713   -1   -1   -1
 489     0.018     0.581     2.500  149   -1   -1   -1
 490     0.019    -0.724     2.500  892   -1   -1   -1
 491     0.020     0.141     2.500  398   -1   -1   -1
 492     0.020    -0.240     2.500  640   -1   -1   -1
 493     0.021     0.658     2.500  100   -1   -1   -1
 494     0.021    -0.466     2.500  754   -1   -1   -1
 495     0.022     0.778     2.500   28   -1   -1   -1
 496     0.022     0.047     2.500  459   -1   -1   -1
 497     0.026     0.072     2.500  443   -1   -1   -1
 498     0.027    -0.563     2.500  812   -1   -1   -1
 499     0.027    -0.027     2.500  511   -1   -1   -1
 500     0.028    -0.369     2.500  701   -1   -1   -1
 501     0.029    -0.442     2.500  743   -1   -1   -1
 502     0.029     0.481     2.500  216   -1   -1   -1
 503     0.031    -0.397     2.500  715   -1   -1   -1
 504     0.033    -0.614     2.500  836   -1   -1   -1
 505     0.034    -0.438     2.500  742   -1   -1   -1
 506     0.034     0.809     2.500    9   -1   -1   -1
 507     0.035    -0.529     2.500  790   -1   -1   -1
 508     0.036    -0.553     2.500  804   -1   -1   -1
 509     0.036     0.152     2.500  394   -1   -1   -1
 510     0.052    -0.004     2.500  499   -1   -1   -1
 511     0.052    -0.340     2.500  683   -1   -1   -1
 512     0.055     0.619     2.500  125   -1   -1   -1
 513     0.056    -0.214     2.500  622   -1   -1   -1
 514     0.056    -0.618     2.500  839   -1   -1   -1
 515     0.057     0.378     2.500  281   -1   -1   -1
 516     0.057     0.559     2.500  165   -1   -1   -1
 517     0.058     0.140     2.500  400   -1   -1   -1
 518     0.062     0.548     2.500  175   -1   -1   -1
 519     0.062    -0.601     2.500  832   -1   -1   -1
 520     0.067    -0.299     2.500  672   -1   -1   -1
 521     0.071     0.005     2.500  485   -1   -1   -1
 522     0.072     0.394     2.500  269   -1   -1   -1
 523     0.074    -0.124     2.500  568   -1   -1   -1
 524     0.075    -0.108     2.500  556   -1   -1   -1
 525     0.075    -0.187     2.500  600   -1   -1   -1
 526     0.078    -0.870     2.500  967   -1   -1   -1
 527     0.081     0.058     2.500  451   -1   -1   -1
 528     0.083    -0.693     2.500  875   -1   -1   -1
 529     0.087    -0.425     2.500  733   -1   -1   -1
 530     0.088    -0.189     2.500  601   -1   -1   -1
 531     0.088     0.227     2.500  362   -1   -1   -1
 532     0.089    -0.595     2.500  830   -1   -1   -1
 533     0.089     0.029     2.500  464   -1   -1   -1
 534     0.093     0.706     2.500   72   -1   -1   -1
 535     0.094    -0.826     2.500  947   -1   -1   -1
 536     0.097    -0.351     2.500  693   -1   -1   -1
 537     0.097     0.087     2.500  428   -1   -1   -1
 538     0.099     0.582     2.500  148   -1   -1   -1
 539     0.100    -0.759     2.500  908   -1   -1   -1
 540     0.101     0.195     2.500  374   -1   -1   -1
 541     0.101    -0.875     2.500  970   -1   -1   -1
 542     0.102     0.775     2.500   31   -1   -1   -1
 543     0.105     0.524     2.500  185   -1   -1   -1
 544     0.112    -0.038     2.500  517   -1   -1   -1
 545     0.112    -0.522     2.500  787   -1   -1   -1
 546     0.112     0.509     2.500  197   -1   -1   -1
 547     0.112    -0.805     2.500  931   -1   -1   -1
 548     0.112     0.250     2.500  349   -1   -1   -1
 549     0.122    -0.871     2.500  968   -1   -1   -1
 550     0.127     0.675     2.500   88   -1   -1   -1
 551     0.128    -0.781     2.500  924   -1   -1   -1
 552     0.130    -0.341     2.500  684   -1   -1   -1
 553     0.132    -0.260     2.500  652   -1   -1   -1
 554     0.133    -0.877     2.500  972   -1   -1   -1
 555     0.134     0.783     2.500   27   -1   -1   -1
 556     0.135     0.000     2.500  492   -1   -1   -1
 557     0.136    -0.775     2.500  920   -1   -1   -1
 558     0.137    -0.883     2.500  975   -1   -1   -1
 559     0.138    -0.359     2.500  697   -1   -1   -1
 560     0.141    -0.829     2.500  948   -1   -1   -1
 561     0.142     0.587     2.500  141   -1   -1   -1
 562     0.143     0.121     2.500  406   -1   -1   -1
 563     0.144    -0.448     2.500  748   -1   -1   -1
 564     0.147     0.375     2.500  283   -1   -1   -1
 565     0.147     0.100     2.500  421   -1   -1   -1
 566     0.148     0.622     2.500  122   -1   -1   -1
 567     0.150    -0.564     2.500  813   -1   -1   -1
 568     0.151     0.119     2.500  407   -1   -1   -1
 569     0.152     0.715     2.500   62   -1   -1   -1
 570     0.152    -0.484     2.500  765   -1   -1   -1
 571     0.157    -0.426     2.500  734   -1   -1   -1
 572     0.158     0.706     2.500   71   -1   -1   -1
 573     0.161    -0.842     2.500  956   -1   -1   -1
 574     0.162    -0.413     2.500  725   -1   -1   -1
 575     0.165     0.180     2.500  382   -1   -1   -1
 576     0.168    -0.000     2.500  493   -1   -1   -1
 577     0.170    -0.079     2.500  540   -1   -1   -1
 578     0.171    -0.171     2.500  592   -1   -1   -1
 579     0.172    -0.835     2.500  952   -1   -1   -1
 580     0.175    -0.190     2.500  602   -1   -1   -1
 581     0.177     0.676     2.500   87   -1   -1   -1
 582     0.178     0.021     2.500  470   -1   -1   -1
 583     0.178     0.790     2.500   21   -1   -1   -1
 584     0.183    -0.078     2.500  537   -1   -1   -1
 585     0.184     0.383     2.500  276   -1   -1   -1
 586     0.184    -0.577     2.500  821   -1   -1   -1
 587     0.188    -0.180     2.500  593   -1   -1   -1
 588     0.189    -0.027     2.500  510   -1   -1   -1
 589     0.189     0.167     2.500  387   -1   -1   -1
 590     0.190    -0.428     2.500  736   -1   -1   -1
 591     0.192    -0.437     2.500  741   -1   -1   -1
 592     0.194     0.225     2.500  364   -1   -1   -1
 593     0.197     0.255     2.500  344   -1   -1   -1
 594     0.198     0.007     2.500  482   -1   -1   -1
 595     0.198     0.321     2.500  315   -1   -1   -1
 596     0.200     0.512     2.500  193   -1   -1   -1
 597     0.201    -0.391     2.500  709   -1   -1   -1
 598     0.208     0.811     2.500    8   -1   -1   -1
 599     0.212    -0.411     2.500  723   -1   -1   -1
 600     0.213     0.541     2.500  178   -1   -1   -1
 601     0.213    -0.395     2.500  712   -1   -1   -1
 602     0.215    -0.198     2.500  605   -1   -1   -1
 603     0.218    -0.446     2.500  747   -1   -1   -1
 604     0.219     0.049     2.500  454   -1   -1   -1
 605     0.221     0.409     2.500  260   -1   -1   -1
 606     0.222    -0.898     2.500  989   -1   -1   -1
 607     0.224    -0.544     2.500  799   -1   -1   -1
 608     0.225     0.003     2.500  489   -1   -1   -1
 609     0.225     0.486     2.500  212   -1   -1   -1
 610     0.227    -0.516     2.500  784   -1   -1   -1
 611     0.228    -0.064     2.500  527   -1   -1   -1
 612     0.230     0.177     2.500  383   -1   -1   -1
 613     0.231    -0.737     2.500  901   -1   -1   -1
 614     0.234     0.257     2.500  342   -1   -1   -1
 615     0.235    -0.050     2.500  521   -1   -1   -1
 616     0.237     0.626     2.500  120   -1   -1   -1
 617     0.237    -0.770     2.500  913   -1   -1   -1
 618     0.237     0.582     2.500  146   -1   -1   -1
 619     0.239    -0.273     2.500  658   -1   -1   -1
 620     0.239    -0.876     2.500  971   -1   -1   -1
 621     0.239    -0.314     2.500  678   -1   -1   -1
 622     0.240    -0.160     2.500  582   -1   -1   -1
 623     0.241     0.724     2.500   58   -1   -1   -1
 624     0.242     0.521     2.500  188   -1   -1   -1
 625     0.242     0.404     2.500  263   -1   -1   -1
 626     0.246     0.021     2.500  473   -1   -1   -1
 627     0.248    -0.727     2.500  894   -1   -1   -1
 628     0.252    -0.529     2.500  791   -1   -1   -1
 629     0.255    -0.471     2.500  758   -1   -1   -1
 630     0.257     0.078     2.500  437   -1   -1   -1
 631     0.258    -0.719     2.500  888   -1   -1   -1
 632     0.258    -0.773     2.500  916   -1   -1   -1
 633     0.263    -0.207     2.500  617   -1   -1   -1
 634     0.270     0.101     2.500  420   -1   -1   -1
 635     0.272     0.268     2.500  333   -1   -1   -1
 636     0.275     0.088     2.500  427   -1   -1   -1
 637     0.276     0.205     2.500  372   -1   -1   -1
 638     0.277    -0.649     2.500  849   -1   -1   -1
 639     0.279    -0.154     2.500  580   -1   -1   -1
 640     0.281     0.024     2.500  468   -1   -1   -1
 641     0.285    -0.478     2.500  759   -1   -1   -1
 642     0.286     0.711     2.500   65   -1   -1   -1
 643     0.288     0.018     2.500  477   -1   -1   -1
 644     0.291    -0.736     2.500  899   -1   -1   -1
 645     0.293    -0.321     2.500  680   -1   -1   -1
 646     0.295     0.651     2.500  105   -1   -1   -1
 647     0.296    -0.904     2.500  995   -1   -1   -1
 648     0.296     0.487     2.500  209   -1   -1   -1
 649     0.296     0.380     2.500  279   -1   -1   -1
 650     0.296    -0.108     2.500  557   -1   -1   -1
 651     0.297    -0.588     2.500  827   -1   -1   -1
 652     0.298     0.436     2.500  246   -1   -1   -1
 653     0.300    -0.006     2.500  500   -1   -1   -1
 654     0.300    -0.364     2.500  699   -1   -1   -1
 655     0.301     0.564     2.500  162   -1   -1   -1
 656     0.301    -0.201     2.500  610   -1   -1   -1
 657     0.302     0.059     2.500  450   -1   -1   -1
 658     0.306    -0.125     2.500  569   -1   -1   -1
 659     0.307     0.110     2.500  413   -1   -1   -1
 660     0.308    -0.729     2.500  896   -1   -1   -1
 661     0.310     0.715     2.500   63   -1   -1   -1
 662     0.311     0.328     2.500  308   -1   -1   -1
 663     0.313     0.665     2.500   94   -1   -1   -1
 664     0.313    -0.869     2.500  965   -1   -1   -1
 665     0.318     0.342     2.500  302   -1   -1   -1
 666     0.323    -0.894     2.500  982   -1   -1   -1
 667     0.324     0.667     2.500   91   -1   -1   -1
 668     0.324    -0.554     2.500  805   -1   -1   -1
 669     0.325     0.264     2.500  337   -1   -1   -1
 670     0.326    -0.407     2.500  720   -1   -1   -1
 671     0.327    -0.120     2.500  563   -1   -1   -1
 672     0.328    -0.680     2.500  867   -1   -1   -1
 673     0.331    -0.372     2.500  705   -1   -1   -1
 674     0.332     0.451     2.500  234   -1   -1   -1
 675     0.333     0.369     2.500  285   -1   -1   -1
 676     0.333    -0.035     2.500  514   -1   -1   -1
 677     0.334     0.496     2.500  204   -1   -1   -1
 678     0.336    -0.232     2.500  633   -1   -1   -1
 679     0.337    -0.054     2.500  524   -1   -1   -1
 680     0.338     0.698     2.500   73   -1   -1   -1
 681     0.342    -0.515     2.500  782   -1   -1   -1
 682     0.343    -0.531     2.500  793   -1   -1   -1
 683     0.346    -0.255     2.500  650   -1   -1   -1
 684     0.348     0.183     2.500  379   -1   -1   -1
 685     0.353     0.366     2.500  288   -1   -1   -1
 686     0.355    -0.295     2.500  670   -1   -1   -1
 687     0.355     0.629     2.500  118   -1   -1   -1
 688     0.356    -0.643     2.500  846   -1   -1   -1
 689     0.357    -0.615     2.500  837   -1   -1   -1
 690     0.358     0.354     2.500  299   -1   -1   -1
 691     0.359    -0.697     2.500  881   -1   -1   -1
 692     0.359    -0.817     2.500  938   -1   -1   -1
 693     0.360    -0.682     2.500  869   -1   -1   -1
 694     0.368    -0.754     2.500  906   -1   -1   -1
 695     0.370     0.827     2.500    1   -1   -1   -1
 696     0.370    -0.890     2.500  977   -1   -1   -1
 697     0.371     0.787     2.500   24   -1   -1   -1
 698     0.372    -0.665     2.500  861   -1   -1   -1
 699     0.373     0.327     2.500  310   -1   -1   -1
 700     0.375     0.251     2.500  347   -1   -1   -1
 701     0.376     0.683     2.500   80   -1   -1   -1
 702     0.375    -0.415     2.500  727   -1   -1   -1
 703     0.378    -0.105     2.500  554   -1   -1   -1
 704     0.380    -0.708     2.500  883   -1   -1   -1
 705     0.383     0.718     2.500   61   -1   -1   -1
 706     0.383     0.091     2.500  425   -1   -1   -1
 707     0.385     0.048     2.500  456   -1   -1   -1
 708     0.387     0.396     2.500  266   -1   -1   -1
 709     0.387     0.152     2.500  395   -1   -1   -1
 710     0.393     0.364     2.500  292   -1   -1   -1
 711     0.393    -0.276     2.500  661   -1   -1   -1
 712     0.400     0.563     2.500  163   -1   -1   -1
 713     0.401     0.291     2.500  326   -1   -1   -1
 714     0.401     0.113     2.500  412   -1   -1   -1
 715     0.403    -0.002     2.500  494   -1   -1   -1
 716     0.404    -0.371     2.500  704   -1   -1   -1
 717     0.404     0.093     2.500  424   -1   -1   -1
 718     0.406    -0.181     2.500  595   -1   -1   -1
 719     0.409    -0.014     2.500  505   -1   -1   -1
 720     0.409     0.662     2.500   97   -1   -1   -1
 721     0.411     0.322     2.500  313   -1   -1   -1
 722     0.416     0.048     2.500  457   -1   -1   -1
 723     0.416     0.510     2.500  195   -1   -1   -1
 724     0.418    -0.429     2.500  738   -1   -1   -1
 725     0.418     0.080     2.500  435   -1   -1   -1
 726     0.422     0.342     2.500  303   -1   -1   -1
 727     0.426     0.026     2.500  466   -1   -1   -1
 728     0.428    -0.505     2.500  775   -1   -1   -1
 729     0.429    -0.659     2.500  855   -1   -1   -1
 730     0.429    -0.650     2.500  851   -1   -1   -1
 731     0.431     0.034     2.500  462   -1   -1   -1
 732     0.431    -0.032     2.500  512   -1   -1   -1
 733     0.433     0.229     2.500  361   -1   -1   -1
 734     0.439    -0.898     2.500  985   -1   -1   -1
 735     0.443     0.617     2.500  127   -1   -1   -1
 736     0.450     0.423     2.500  250   -1   -1   -1
 737     0.450    -0.904     2.500  999   -1   -1   -1
 738     0.455    -0.770     2.500  914   -1   -1   -1
 739     0.460     0.081     2.500  434   -1   -1   -1
 740     0.460    -0.551     2.500  800   -1   -1   -1
 741     0.461     0.777     2.500   29   -1   -1   -1
 742     0.462     0.765     2.500   39   -1   -1   -1
 743     0.463    -0.835     2.500  953   -1   -1   -1
 744     0.464    -0.206     2.500  616   -1   -1   -1
 745     0.470     0.545     2.500  176   -1   -1   -1
 746     0.473     0.002     2.500  490   -1   -1   -1
 747     0.473     0.462     2.500  228   -1   -1   -1
 748     0.474    -0.641     2.500  845   -1   -1   -1
 749     0.475     0.233     2.500  358   -1   -1   -1
 750     0.476    -0.184     2.500  598   -1   -1   -1
 751     0.477     0.318     2.500  318   -1   -1   -1
 752     0.477    -0.138     2.500  573   -1   -1   -1
 753     0.478    -0.739     2.500  904   -1   -1   -1
 754     0.479     0.486     2.500  210   -1   -1   -1
 755     0.481     0.339     2.500  304   -1   -1   -1
 756     0.481     0.725     2.500   57   -1   -1   -1
 757     0.483    -0.412     2.500  724   -1   -1   -1
 758     0.485    -0.612     2.500  835   -1   -1   -1
 759     0.487    -0.904     2.500  996   -1   -1   -1
 760     0.488    -0.551     2.500  802   -1   -1   -1
 761     0.488     0.125     2.500  405   -1   -1   -1
 762     0.489    -0.514     2.500  781   -1   -1   -1
 763     0.490    -0.180     2.500  594   -1   -1   -1
 764     0.490     0.509     2.500  196   -1   -1   -1
 765     0.491     0.711     2.500   67   -1   -1   -1
 766     0.494    -0.274     2.500  659   -1   -1   -1
 767     0.501    -0.730     2.500  897   -1   -1   -1
 768     0.503    -0.329     2.500  681   -1   -1   -1
 769     0.503     0.083     2.500  432   -1   -1   -1
 770     0.504    -0.103     2.500  552   -1   -1   -1
 771     0.506     0.006     2.500  483   -1   -1   -1
 772     0.507    -0.003     2.500  497   -1   -1   -1
 773     0.509     0.237     2.500  355   -1   -1   -1
 774     0.515    -0.539     2.500  798   -1   -1   -1
 775     0.517    -0.397     2.500  717   -1   -1   -1
 776     0.522    -0.108     2.500  558   -1   -1   -1
 777     0.527    -0.481     2.500  761   -1   -1   -1
 778     0.528    -0.537     2.500  797   -1   -1   -1
 779     0.528    -0.151     2.500  578   -1   -1   -1
 780     0.529    -0.530     2.500  792   -1   -1   -1
 781     0.531    -0.831     2.500  949   -1   -1   -1
 782     0.535     0.361     2.500  295   -1   -1   -1
 783     0.538     0.541     2.500  179   -1   -1   -1
 784     0.539    -0.568     2.500  815   -1   -1   -1
 785     0.540    -0.837     2.500  954   -1   -1   -1
 786     0.541     0.562     2.500  164   -1   -1   -1
 787     0.542    -0.013     2.500  504   -1   -1   -1
 788     0.544     0.747     2.500   48   -1   -1   -1
 789     0.544    -0.161     2.500  584   -1   -1   -1
 790     0.547    -0.592     2.500  828   -1   -1   -1
 791     0.547     0.026     2.500  467   -1   -1   -1
 792     0.547    -0.826     2.500  946   -1   -1   -1
 793     0.550    -0.612     2.500  834   -1   -1   -1
 794     0.551     0.622     2.500  121   -1   -1   -1
 795     0.555     0.195     2.500  375   -1   -1   -1
 796     0.557     0.388     2.500  273   -1   -1   -1
 797     0.560     0.627     2.500  119   -1   -1   -1
 798     0.561     0.789     2.500   22   -1   -1   -1
 799     0.562     0.399     2.500  264   -1   -1   -1
 800     0.562     0.681     2.500   81   -1   -1   -1
 801     0.563    -0.034     2.500  513   -1   -1   -1
 802     0.564     0.290     2.500  327   -1   -1   -1
 803     0.566    -0.212     2.500  620   -1   -1   -1
 804     0.567    -0.576     2.500  820   -1   -1   -1
 805     0.570    -0.164     2.500  588   -1   -1   -1
 806     0.571     0.520     2.500  189   -1   -1   -1
 807     0.571     0.247     2.500  350   -1   -1   -1
 808     0.572    -0.152     2.500  579   -1   -1   -1
 809     0.573     0.168     2.500  386   -1   -1   -1
 810     0.575    -0.020     2.500  506   -1   -1   -1
 811     0.576     0.177     2.500  384   -1   -1   -1
 812     0.577     0.802     2.500   15   -1   -1   -1
 813     0.577    -0.696     2.500  880   -1   -1   -1
 814     0.586     0.076     2.500  438   -1   -1   -1
 815     0.586     0.591     2.500  138   -1   -1   -1
 816     0.590    -0.839     2.500  955   -1   -1   -1
 817     0.594    -0.398     2.500  718   -1   -1   -1
 818     0.600    -0.132     2.500  571   -1   -1   -1
 819     0.602     0.635     2.500  116   -1   -1   -1
 820     0.604     0.049     2.500  455   -1   -1   -1
 821     0.607    -0.596     2.500  831   -1   -1   -1
 822     0.610     0.668     2.500   90   -1   -1   -1
 823     0.611     0.381     2.500  278   -1   -1   -1
 824     0.612    -0.660     2.500  856   -1   -1   -1
 825     0.615     0.711     2.500   66   -1   -1   -1
 826     0.615     0.576     2.500  154   -1   -1   -1
 827     0.615    -0.854     2.500  962   -1   -1   -1
 828     0.616    -0.717     2.500  886   -1   -1   -1
 829     0.620    -0.808     2.500  935   -1   -1   -1
 830     0.626     0.155     2.500  392   -1   -1   -1
 831     0.627    -0.819     2.500  940   -1   -1   -1
 832     0.633     0.735     2.500   54   -1   -1   -1
 833     0.634     0.552     2.500  173   -1   -1   -1
 834     0.635     0.671     2.500   89   -1   -1   -1
 835     0.636    -0.788     2.500  925   -1   -1   -1
 836     0.637     0.639     2.500  114   -1   -1   -1
 837     0.638    -0.479     2.500  760   -1   -1   -1
 838     0.640    -0.276     2.500  662   -1   -1   -1
 839     0.640    -0.244     2.500  641   -1   -1   -1
 840     0.641    -0.685     2.500  872   -1   -1   -1
 841     0.643     0.008     2.500  480   -1   -1   -1
 842     0.645    -0.342     2.500  685   -1   -1   -1
 843     0.645    -0.139     2.500  574   -1   -1   -1
 844     0.646    -0.695     2.500  877   -1   -1   -1
 845     0.647     0.755     2.500   44   -1   -1   -1
 846     0.651    -0.345     2.500  687   -1   -1   -1
 847     0.652    -0.224     2.500  629   -1   -1   -1
 848     0.654     0.443     2.500  240   -1   -1   -1
 849     0.654    -0.817     2.500  939   -1   -1   -1
 850     0.655     0.018     2.500  475   -1   -1   -1
 851     0.658     0.409     2.500  259   -1   -1   -1
 852     0.657    -0.898     2.500  987   -1   -1   -1
 853     0.659     0.243     2.500  351   -1   -1   -1
 854     0.659    -0.866     2.500  964   -1   -1   -1
 855     0.660     0.464     2.500  227   -1   -1   -1
 856     0.661     0.440     2.500  243   -1   -1   -1
 857     0.662     0.410     2.500  258   -1   -1   -1
 858     0.665    -0.819     2.500  941   -1   -1   -1
 859     0.668    -0.380     2.500  707   -1   -1   -1
 860     0.667    -0.773     2.500  918   -1   -1   -1
 861     0.676    -0.110     2.500  560   -1   -1   -1
 862     0.677     0.639     2.500  113   -1   -1   -1
 863     0.685     0.309     2.500  322   -1   -1   -1
 864     0.687    -0.764     2.500  909   -1   -1   -1
 865     0.688     0.710     2.500   69   -1   -1   -1
 866     0.693    -0.556     2.500  809   -1   -1   -1
 867     0.694     0.021     2.500  471   -1   -1   -1
 868     0.696    -0.216     2.500  624   -1   -1   -1
 869     0.696    -0.495     2.500  772   -1   -1   -1
 870     0.698    -0.168     2.500  590   -1   -1   -1
 871     0.698    -0.094     2.500  550   -1   -1   -1
 872     0.699     0.816     2.500    6   -1   -1   -1
 873     0.698    -0.870     2.500  969   -1   -1   -1
 874     0.701     0.615     2.500  128   -1   -1   -1
 875     0.703    -0.672     2.500  864   -1   -1   -1
 876     0.704    -0.903     2.500  993   -1   -1   -1
 877     0.705    -0.663     2.500  860   -1   -1   -1
 878     0.708     0.749     2.500   47   -1   -1   -1
 879     0.713     0.028     2.500  465   -1   -1   -1
 880     0.714     0.013     2.500  479   -1   -1   -1
 881     0.715     0.773     2.500   33   -1   -1   -1
 882     0.716     0.146     2.500  396   -1   -1   -1
 883     0.718     0.214     2.500  368   -1   -1   -1
 884     0.722     0.691     2.500   76   -1   -1   -1
 885     0.722    -0.765     2.500  910   -1   -1   -1
 886     0.724    -0.507     2.500  777   -1   -1   -1
 887     0.733     0.761     2.500   40   -1   -1   -1
 888     0.735    -0.264     2.500  653   -1   -1   -1
 889     0.735    -0.003     2.500  495   -1   -1   -1
 890     0.735     0.478     2.500  218   -1   -1   -1
 891     0.738     0.438     2.500  244   -1   -1   -1
 892     0.739     0.255     2.500  343   -1   -1   -1
 893     0.739     0.557     2.500  167   -1   -1   -1
 894     0.739    -0.904     2.500  997   -1   -1   -1
 895     0.740     0.496     2.500  205   -1   -1   -1
 896     0.742     0.802     2.500   16   -1   -1   -1
 897     0.744    -0.293     2.500  669   -1   -1   -1
 898     0.744     0.118     2.500  409   -1   -1   -1
 899     0.746    -0.420     2.500  730   -1   -1   -1
 900     0.747    -0.575     2.500  819   -1   -1   -1
 901     0.749     0.577     2.500  152   -1   -1   -1
 902     0.749    -0.236     2.500  637   -1   -1   -1
 903     0.749    -0.462     2.500  752   -1   -1   -1
 904     0.749    -0.200     2.500  609   -1   -1   -1
 905     0.751     0.107     2.500  415   -1   -1   -1
 906     0.752     0.082     2.500  433   -1   -1   -1
 907     0.753     0.621     2.500  124   -1   -1   -1
 908     0.752    -0.556     2.500  808   -1   -1   -1
 909     0.755     0.661     2.500   98   -1   -1   -1
 910     0.757     0.522     2.500  186   -1   -1   -1
 911     0.758     0.732     2.500   55   -1   -1   -1
 912     0.760     0.765     2.500   38   -1   -1   -1
 913     0.761     0.237     2.500  356   -1   -1   -1
 914     0.766    -0.780     2.500  922   -1   -1   -1
 915     0.767     0.412     2.500  257   -1   -1   -1
 916     0.768     0.056     2.500  452   -1   -1   -1
 917     0.769    -0.249     2.500  649   -1   -1   -1
 918     0.771     0.287     2.500  328   -1   -1   -1
 919     0.772     0.299     2.500  323   -1   -1   -1
 920     0.775     0.640     2.500  112   -1   -1   -1
 921     0.774    -0.161     2.500  583   -1   -1   -1
 922     0.776     0.382     2.500  277   -1   -1   -1
 923     0.781     0.116     2.500  411   -1   -1   -1
 924     0.782     0.634     2.500  117   -1   -1   -1
 925     0.781    -0.569     2.500  816   -1   -1   -1
 926     0.782    -0.502     2.500  774   -1   -1   -1
 927     0.788     0.071     2.500  444   -1   -1   -1
 928     0.792    -0.727     2.500  895   -1   -1   -1
 929     0.793    -0.123     2.500  566   -1   -1   -1
 930     0.797     0.580     2.500  151   -1   -1   -1
 931     0.799    -0.346     2.500  688   -1   -1   -1
 932     0.799     0.750     2.500   46   -1   -1   -1
 933     0.799    -0.276     2.500  663   -1   -1   -1
 934     0.800     0.023     2.500  469   -1   -1   -1
 935     0.800    -0.717     2.500  887   -1   -1   -1
 936     0.803     0.621     2.500  123   -1   -1   -1
 937     0.804     0.395     2.500  268   -1   -1   -1
 938     0.806     0.238     2.500  354   -1   -1   -1
 939     0.810     0.557     2.500  166   -1   -1   -1
 940     0.811    -0.109     2.500  559   -1   -1   -1
 941     0.812    -0.722     2.500  891   -1   -1   -1
 942     0.812     0.294     2.500  324   -1   -1   -1
 943     0.812     0.005     2.500  486   -1   -1   -1
 944     0.814    -0.592     2.500  829   -1   -1   -1
 945     0.818    -0.361     2.500  698   -1   -1   -1
 946     0.818    -0.677     2.500  865   -1   -1   -1
 947     0.820     0.461     2.500  229   -1   -1   -1
 948     0.826    -0.869     2.500  966   -1   -1   -1
 949     0.827    -0.060     2.500  525   -1   -1   -1
 950     0.827     0.335     2.500  305   -1   -1   -1
 951     0.827    -0.008     2.500  502   -1   -1   -1
 952     0.827    -0.878     2.500  974   -1   -1   -1
 953     0.829     0.345     2.500  300   -1   -1   -1
 954     0.830    -0.849     2.500  959   -1   -1   -1
 955     0.831     0.007     2.500  481   -1   -1   -1
 956     0.831    -0.736     2.500  902   -1   -1   -1
 957     0.832    -0.586     2.500  826   -1   -1   -1
 958     0.839    -0.891     2.500  979   -1   -1   -1
 959     0.840    -0.046     2.500  519   -1   -1   -1
 960     0.843     0.323     2.500  312   -1   -1   -1
 961     0.847     0.517     2.500  191   -1   -1   -1
 962     0.847    -0.491     2.500  770   -1   -1   -1
 963     0.849     0.185     2.500  378   -1   -1   -1
 964     0.852    -0.648     2.500  848   -1   -1   -1
 965     0.854    -0.336     2.500  682   -1   -1   -1
 966     0.855    -0.076     2.500  536   -1   -1   -1
 967     0.855     0.325     2.500  311   -1   -1   -1
 968     0.859    -0.169     2.500  591   -1   -1   -1
 969     0.863     0.017     2.500  478   -1   -1   -1
 970     0.865    -0.458     2.500  750   -1   -1   -1
 971     0.866     0.061     2.500  447   -1   -1   -1
 972     0.867     0.508     2.500  198   -1   -1   -1
 973     0.867    -0.089     2.500  548   -1   -1   -1
 974     0.867     0.790     2.500   20   -1   -1   -1
 975     0.868     0.759     2.500   42   -1   -1   -1
 976     0.869    -0.417     2.500  729   -1   -1   -1
 977     0.871    -0.822     2.500  943   -1   -1   -1
 978     0.873     0.690     2.500   77   -1   -1   -1
 979     0.874    -0.898     2.500  986   -1   -1   -1
 980     0.875    -0.273     2.500  657   -1   -1   -1
 981     0.876    -0.629     2.500  844   -1   -1   -1
 982     0.881    -0.220     2.500  625   -1   -1   -1
 983     0.882    -0.736     2.500  900   -1   -1   -1
 984     0.884     0.735     2.500   53   -1   -1   -1
 985     0.885     0.273     2.500  332   -1   -1   -1
 986     0.887    -0.694     2.500  876   -1   -1   -1
 987     0.890     0.482     2.500  214   -1   -1   -1
 988     0.896    -0.833     2.500  951   -1   -1   -1
 989     0.899     0.822     2.500    5   -1   -1   -1
 990     0.899     0.450     2.500  235   -1   -1   -1
 991     0.899     0.655     2.500  101   -1   -1   -1
 992     0.898    -0.560     2.500  811   -1   -1   -1
 993     0.900    -0.788     2.500  926   -1   -1   -1
 994     0.902     0.676     2.500   86   -1   -1   -1
 995     0.902     0.599     2.500  134   -1   -1   -1
 996     0.908    -0.280     2.500  665   -1   -1   -1
 997     0.910     0.398     2.500  265   -1   -1   -1
 998     0.911     0.388     2.500  272   -1   -1   -1
 999     0.911    -0.416     2.500  728   -1   -1   -1
1000     0.913    -0.619     2.500  840   -1   -1   -1
